1.762438157019347784e+02 2.931976685025873621e+02
1.759759062667304192e+02 2.922015760625160397e+02
1.757392841384089763e+02 2.911918445938791820e+02
1.755344534142552106e+02 2.901692793541046740e+02
1.753617435553179860e+02 2.891347576775995663e+02
1.752213097758865104e+02 2.880893219503435603e+02
1.751131680830328037e+02 2.870340918234513197e+02
1.750371783792279814e+02 2.859702956078942861e+02
1.749930745623883297e+02 2.848991901084619371e+02
1.749804853895927579e+02 2.838220467630488884e+02
1.749989550209222386e+02 2.827401315976113096e+02
1.750479902157204322e+02 2.816547075317650410e+02
1.751271374532547611e+02 2.805669846660044300e+02
1.752358724982981926e+02 2.794782262489172808e+02
1.753736905857105910e+02 2.783895742085763345e+02
1.755400598258759715e+02 2.773021829610123632e+02
1.757344320712520869e+02 2.762171328977710800e+02
1.759562374579112713e+02 2.751354508341340761e+02
1.762048865163872335e+02 2.740581720936772854e+02
1.764798849099112203e+02 2.729861845904234201e+02
1.767807087942828446e+02 2.719204371764021744e+02
1.771067560759342712e+02 2.708617931819451883e+02
1.774574507191170483e+02 2.698109409084889307e+02
1.778321620687841573e+02 2.687686663511519782e+02
1.782303879472138703e+02 2.677355965342429158e+02
1.786515458739252153e+02 2.667124627898235758e+02
1.790950601241149229e+02 2.656997363212094001e+02
1.795602509960283442e+02 2.646979033135530699e+02
1.800464735203166526e+02 2.637074172581405946e+02
1.805531651978181173e+02 2.627286570073330267e+02
1.810797411904494822e+02 2.617620166205753094e+02
1.816255620393343690e+02 2.608077421715378819e+02
1.821899489658186440e+02 2.598660554366779252e+02
1.827722876366782714e+02 2.589371267523555389e+02
1.833719772021039489e+02 2.580211323984261753e+02
1.839884674319870612e+02 2.571181859532970293e+02
1.846211083881375430e+02 2.562283892312113380e+02
1.852693416229939203e+02 2.553517369284477923e+02
1.859325759242994138e+02 2.544882744610039822e+02
1.866102687687059927e+02 2.536380111082480084e+02
1.873019237517938791e+02 2.528009226214055616e+02
1.880070481322037779e+02 2.519769778336994648e+02
1.887251240057810264e+02 2.511661729437086024e+02
1.894557258415235026e+02 2.503684353817725992e+02
1.901984094549378312e+02 2.495837248630352008e+02
1.909527346826360485e+02 2.488120313261077854e+02
1.917184214980811419e+02 2.480532816934506286e+02
1.924950417029806999e+02 2.473075369292677976e+02
1.932823226594230732e+02 2.465747400591310168e+02
1.940799436148079451e+02 2.458548839758076952e+02
1.948875344378311638e+02 2.451478861022733042e+02
1.957046629982948218e+02 2.444535674682114177e+02
1.965309090086029187e+02 2.437717369395808475e+02
1.973658714218656769e+02 2.431021956524900816e+02
1.982092303418818062e+02 2.424447066103577697e+02
1.990605585675044438e+02 2.417992036903752364e+02
1.999196917558830080e+02 2.411655305032188892e+02
2.007863203271429313e+02 2.405436417997410672e+02
2.016602017736864241e+02 2.399334482222492397e+02
2.025411128392747457e+02 2.393348613404991738e+02
2.034288507219345092e+02 2.387478454271591772e+02
2.043232352863454935e+02 2.381723901026267924e+02
2.052240911868296678e+02 2.376084866709888956e+02
2.061312473170208079e+02 2.370561278409748809e+02
2.070445868036395041e+02 2.365152883968356718e+02
2.079638832056359092e+02 2.359860372873510528e+02
2.088890574625016825e+02 2.354683744131654919e+02
2.098199713423443882e+02 2.349623417306055444e+02
2.107564757412512790e+02 2.344679880257072284e+02
2.116984333379957377e+02 2.339853560053550723e+02
2.126457702713364881e+02 2.335144615608767253e+02
2.135982753432548407e+02 2.330553899173862931e+02
2.145558610803377348e+02 2.326081631347984739e+02
2.155183971005900219e+02 2.321728312463865507e+02
2.164857473739379543e+02 2.317494351177713554e+02
2.174577597253117460e+02 2.313379864689512146e+02
2.184342803854271153e+02 2.309384927657840763e+02
2.194151568237741969e+02 2.305509624838052787e+02
2.204002374341920643e+02 2.301754048259399781e+02
2.213893561715676412e+02 2.298117996583667093e+02
2.223823202230644824e+02 2.294600702817412810e+02
2.233789368069434147e+02 2.291201334447578404e+02
2.243790381722998006e+02 2.287918995080237607e+02
2.253824119539137882e+02 2.284752947885762921e+02
2.263888398739856598e+02 2.281701809815355944e+02
2.273981229881601678e+02 2.278763355895011671e+02
2.284100016576859389e+02 2.275935539457627499e+02
2.294242413918358068e+02 2.273216187207679297e+02
2.304406660824392361e+02 2.270602944854167333e+02
2.314589628089831024e+02 2.268093090935695955e+02
2.324789478789513169e+02 2.265682834384860769e+02
2.335002945360942306e+02 2.263368786032370394e+02
2.345228211127298437e+02 2.261147125727308946e+02
2.355462554896979555e+02 2.259014249438820627e+02
2.365703569243263189e+02 2.256965753374828410e+02
2.375949066578941995e+02 2.254996828610679813e+02
2.386196183331617249e+02 2.253102779643345173e+02
2.396442993848687593e+02 2.251278670462257026e+02
2.406687592951109593e+02 2.249519841442498489e+02
2.416928162672960809e+02 2.247822965694235791e+02
2.427163715672764681e+02 2.246185120992537350e+02
2.437393228552991218e+02 2.244603453855368684e+02
2.447615587342333754e+02 2.243075126247495916e+02
2.457829796742487929e+02 2.241597321274538785e+02
2.468035171881227257e+02 2.240167490468832909e+02
2.478231048040739495e+02 2.238783186842100292e+02
2.488416908406163941e+02 2.237441981382155518e+02
2.498592097398303906e+02 2.236141434556711260e+02
2.508756242665684795e+02 2.234879189687907228e+02
2.518909095624432268e+02 2.233653226134007355e+02
2.529050471014562618e+02 2.232461590542160934e+02
2.539180247390589216e+02 2.231302337485359146e+02
2.549298386998741250e+02 2.230173542477998296e+02
2.559404918969217135e+02 2.229073432218820585e+02
2.569499985052531770e+02 2.228000501708446563e+02
2.579583834911891245e+02 2.226953302559904841e+02
2.589656754107636516e+02 2.225930406282482465e+02
2.599719086296937576e+02 2.224930403671136219e+02
2.609771257992434812e+02 2.223952034568628164e+02
2.619813781959926473e+02 2.222994232105634751e+02
2.629847224251811895e+02 2.222055961951919301e+02
2.639872210710258287e+02 2.221136231263857042e+02
2.649889401977270609e+02 2.220234043134321098e+02
2.659899536630938428e+02 2.219348504493316057e+02
2.669903410898479592e+02 2.218478801723863683e+02
2.679901787728804265e+02 2.217623558114105435e+02
2.689895501364583197e+02 2.216780814550420473e+02
2.699885481568866794e+02 2.215948612806528786e+02
2.709872692130221594e+02 2.215125045046306980e+02
2.719858127422242546e+02 2.214308248868196358e+02
2.729842810934891304e+02 2.213496408739118237e+02
2.739827795011557896e+02 2.212687746957467994e+02
2.749814159357314338e+02 2.211880489812386656e+02
2.759803009897163406e+02 2.211072920825598089e+02
2.769795481078156172e+02 2.210263360061151729e+02
2.779792734446266991e+02 2.209450164885626009e+02
2.789795958465177250e+02 2.208631730163602072e+02
2.799806368972037944e+02 2.207806509059385860e+02
2.809825217562133162e+02 2.206973119235620402e+02
2.819853761377645469e+02 2.206130185312572110e+02
2.829893291379676725e+02 2.205276386761184142e+02
2.839945122032915492e+02 2.204410449579760325e+02
2.850010587811491405e+02 2.203531270631295911e+02
2.860091047133690836e+02 2.202638194795002278e+02
2.870187859811383646e+02 2.201730680084847620e+02
2.880302344821893143e+02 2.200808167900547971e+02
2.890435891450271697e+02 2.199870192123231902e+02
2.900589783200381930e+02 2.198918519582051943e+02
2.910765049013323278e+02 2.197959316795078450e+02
2.920962332575178948e+02 2.196999178131669908e+02
2.931182272739015957e+02 2.196044786067993755e+02
2.941425369169660939e+02 2.195102923535915522e+02
2.951691602817793409e+02 2.194180534284697046e+02
2.961980971772309204e+02 2.193285009663865708e+02
2.972293439421897006e+02 2.192423900166306794e+02
2.982628145982603769e+02 2.191604525590209960e+02
2.992984786692352372e+02 2.190834430943623090e+02
3.003362307420628099e+02 2.190120898654643895e+02
3.013759776248988373e+02 2.189471162967826103e+02
3.024175957366543344e+02 2.188892429793954193e+02
3.034609471180489209e+02 2.188391911976512745e+02
3.045058630693237660e+02 2.187976695363670672e+02
3.055522089823659826e+02 2.187653199825007277e+02
3.065997680657649198e+02 2.187427086253504740e+02
3.076483949732956376e+02 2.187304240571313017e+02
3.086978758806393444e+02 2.187290421045058224e+02
3.097479807172949791e+02 2.187391137483064938e+02
3.107985247924660825e+02 2.187610672749688945e+02
3.118493108423613762e+02 2.187952712390698764e+02
3.129001306555189785e+02 2.188420934745211355e+02
3.139507438155225145e+02 2.189018919675777113e+02
3.150009416954011954e+02 2.189750053641994612e+02
3.160505229311709741e+02 2.190616354436977247e+02
3.170992900435700221e+02 2.191619453023102437e+02
3.181470411612885414e+02 2.192760982272306762e+02
3.191935778600744698e+02 2.194042611709623429e+02
3.202386995369768101e+02 2.195465709507162444e+02
3.212821994460989004e+02 2.197030630949432179e+02
3.223239100807705881e+02 2.198737685431604802e+02
3.233636844219637965e+02 2.200587321044172882e+02
3.244012946222004530e+02 2.202579699934584596e+02
3.254365823439503629e+02 2.204715055089932321e+02
3.264693843404374434e+02 2.206993277173536967e+02
3.274995285179588791e+02 2.209414206454557643e+02
3.285268221295098670e+02 2.211977604070975190e+02
3.295511334858849182e+02 2.214683524673294528e+02
3.305722761774360379e+02 2.217531962740252993e+02
3.315900440218873086e+02 2.220522973320214533e+02
3.326042719354733777e+02 2.223656830847196204e+02
3.336147695650297464e+02 2.226933758619570654e+02
3.346213475188947655e+02 2.230354054401076951e+02
3.356238126044518708e+02 2.233918611903862370e+02
3.366218717876776623e+02 2.237628401476348188e+02
3.376153189720191676e+02 2.241484865398525699e+02
3.386039163775904512e+02 2.245489412362940982e+02
3.395873634823626617e+02 2.249643022870937443e+02
3.405654783335902493e+02 2.253945414111726961e+02
3.415381236745574256e+02 2.258395374040477179e+02
3.425051345721789744e+02 2.262991605899863714e+02
3.434663409393299958e+02 2.267732840683238180e+02
3.444215944974014292e+02 2.272618122448651263e+02
3.453706740329646436e+02 2.277646949963894940e+02
3.463133729897332955e+02 2.282819346012705068e+02
3.472495103243345511e+02 2.288135662083522561e+02
3.481787822193732609e+02 2.293595600433959021e+02
3.491009819967384260e+02 2.299199582035019773e+02
3.500158515668961172e+02 2.304948041863213746e+02
3.509231060981819610e+02 2.310841432147464332e+02
3.518224470499932863e+02 2.316880253220954842e+02
3.527135980001126541e+02 2.323065358166758188e+02
3.535962088308502302e+02 2.329397141423541768e+02
3.544700107365382564e+02 2.335876403808582609e+02
3.553346213434136303e+02 2.342503246952216784e+02
3.561897180469973136e+02 2.349278422725327573e+02
3.570349556252232333e+02 2.356202852297585366e+02
3.578698992645346948e+02 2.363276565906128326e+02
3.586942524540709201e+02 2.370500182167268974e+02
3.595075841749062988e+02 2.377873429656795565e+02
3.603095122772423338e+02 2.385396774837356872e+02
3.610996166271625611e+02 2.393070803864202958e+02
3.618774278317080189e+02 2.400895292545162363e+02
3.626425783230160960e+02 2.408870409496631453e+02
3.633945765428286450e+02 2.416995519140425586e+02
3.641330005650033854e+02 2.425271299850916193e+02
3.648572568909767710e+02 2.433697130275052132e+02
3.655669037735728466e+02 2.442273792094660791e+02
3.662613960614355619e+02 2.451000802392866262e+02
3.669401479373096890e+02 2.459877812131430233e+02
3.676025834124990297e+02 2.468905549460019984e+02
3.682480040180541891e+02 2.478084101812097231e+02
3.688757343255319370e+02 2.487414120062285008e+02
3.694850246048114855e+02 2.496895818775380747e+02
3.700750850278949997e+02 2.506530118679142731e+02
3.706450204460416558e+02 2.516317695554485567e+02
3.711938513237346911e+02 2.526259088024372375e+02
3.717205687424068401e+02 2.536355853580337225e+02
3.722240209279612486e+02 2.546608440337925856e+02
3.727029995779905107e+02 2.557017779829543542e+02
3.731561870676528088e+02 2.567584046108710822e+02
3.735821833614211869e+02 2.578307148410702325e+02
3.739794770889338906e+02 2.589187116164816302e+02
3.743464368731309833e+02 2.600221478160923425e+02
3.746814364168818656e+02 2.611407958851905278e+02
3.749828152268006534e+02 2.622742496579209615e+02
3.752487270330018418e+02 2.634218993084986664e+02
3.754767392536319335e+02 2.645831779486675259e+02
3.756643686514977389e+02 2.657570200998140422e+02
3.758093360096120819e+02 2.669420041037125202e+02
3.759100556709578882e+02 2.681340375789080781e+02
3.759662071612888781e+02 2.693286399996096634e+02
3.759781333485706227e+02 2.705234961030583349e+02
3.759465252546855822e+02 2.717164674855195585e+02
3.758723667489276181e+02 2.729055586545877645e+02
3.757568676689213021e+02 2.740889657778136552e+02
3.756014372726506849e+02 2.752649882041454248e+02
3.754075875058609313e+02 2.764321941203652955e+02
3.751768951647339918e+02 2.775893443055944658e+02
3.749109847396592841e+02 2.787353349641329601e+02
3.746114487098103041e+02 2.798692922144854265e+02
3.742798788153740475e+02 2.809904620960745660e+02
3.739178747547455259e+02 2.820981721428441347e+02
3.735268710240410996e+02 2.831920299641645897e+02
3.731082956079779365e+02 2.842715779519537023e+02
3.726634705613433880e+02 2.853364904236697157e+02
3.721936550648280218e+02 2.863865626475339923e+02
3.717000849587853963e+02 2.874216084404054072e+02
3.711838731298327616e+02 2.884415271958808376e+02
3.706460780712210976e+02 2.894462001578357899e+02
3.700876582206930152e+02 2.904355705083052612e+02
3.695095493328603879e+02 2.914096492002790342e+02
3.689126902165675119e+02 2.923684276380993765e+02
3.682978910597833533e+02 2.933119722356353236e+02
3.676659521599959817e+02 2.942402886963931223e+02
3.670175247401141405e+02 2.951534924600258591e+02
3.663534144713346450e+02 2.960515928581267531e+02
3.656742687003742844e+02 2.969347482802197078e+02
3.649806852221501572e+02 2.978030969237926229e+02
3.642733315475691143e+02 2.986566695987892786e+02
3.635526907365209581e+02 2.994956461027209116e+02
3.628193357771537535e+02 3.003201453250380837e+02
3.620738100354275275e+02 3.011302955433621946e+02
3.613165918306871731e+02 3.019262462452075511e+02
3.605481242366760739e+02 3.027081394198871749e+02
3.597688265426273801e+02 3.034761124867059721e+02
3.589791396295059940e+02 3.042302821456037805e+02
3.581794325153133514e+02 3.049707981253193907e+02
3.573701171524294864e+02 3.056977562272099362e+02
3.565514506818623204e+02 3.064113378520534638e+02
3.557238413891669211e+02 3.071115813914680643e+02
3.548875299495268223e+02 3.077986092819222108e+02
3.540428005800329174e+02 3.084724888355160601e+02
3.531899228125589616e+02 3.091332829619316840e+02
3.523291082100951144e+02 3.097810792142416858e+02
3.514607148995614807e+02 3.104159877774928873e+02
3.505850282629972412e+02 3.110382846624230524e+02
3.497024435869756758e+02 3.116481711145671625e+02
3.488132441549879559e+02 3.122459074312992584e+02
3.479177393526352375e+02 3.128317199611287833e+02
3.470161980111411708e+02 3.134057939594849245e+02
3.461088582459423151e+02 3.139682837328729192e+02
3.451958929120376638e+02 3.145193654333468203e+02
3.442776008295006704e+02 3.150591415537182911e+02
3.433540934449418955e+02 3.155878026807544074e+02
3.424256274259170709e+02 3.161054219647277250e+02
3.414923216058173239e+02 3.166121238887841969e+02
3.405543344084749720e+02 3.171080009790456984e+02
3.396118376152330143e+02 3.175931344684959754e+02
3.386649706642699016e+02 3.180676136597751906e+02
3.377138681534354419e+02 3.185315102183785143e+02
3.367586748909016592e+02 3.189848824197953832e+02
3.357995169794220942e+02 3.194277930738007854e+02
3.348364848725227603e+02 3.198603125949916262e+02
3.338697381670176583e+02 3.202824792817442585e+02
3.328993791428160876e+02 3.206943612141030258e+02
3.319255437532536348e+02 3.210960095702383228e+02
3.309483023574533718e+02 3.214874957446029953e+02
3.299678330322462898e+02 3.218688460507725608e+02
3.289842137816851846e+02 3.222401369030064870e+02
3.279975693430086494e+02 3.226014461812260379e+02
3.270080227867111944e+02 3.229528532513387518e+02
3.260156942048956807e+02 3.232944358872981638e+02
3.250207010329427249e+02 3.236262706605037351e+02
3.240231674992751323e+02 3.239484549508275677e+02
3.230232291812628205e+02 3.242611195981439209e+02
3.220210190357326496e+02 3.245643975217248567e+02
3.210166662415790029e+02 3.248584207435518465e+02
3.200102738064933305e+02 3.251433266863917879e+02
3.190020042171322530e+02 3.254192732279514644e+02
3.179920146684775091e+02 3.256864649390339537e+02
3.169803904217116610e+02 3.259451226569886444e+02
3.159673439800602068e+02 3.261954315287498503e+02
3.149529412382112241e+02 3.264376195615823804e+02
3.139373839200579823e+02 3.266719240873779881e+02
3.129207575182076653e+02 3.268986456202200088e+02
3.119032745157593922e+02 3.271180532475610221e+02
3.108850132158103179e+02 3.273304482472438508e+02
3.098661308748476131e+02 3.275361139645328876e+02
3.088467746453688960e+02 3.277353853011645128e+02
3.078270646679112019e+02 3.279286239774643832e+02
3.068071182048931291e+02 3.281161875829499195e+02
3.057870920791104368e+02 3.282984278521615238e+02
3.047670715613471089e+02 3.284756812516905029e+02
3.037471111001751751e+02 3.286481261805503209e+02
3.027272470184756230e+02 3.288158886709353510e+02
3.017075128477011390e+02 3.289790933903224186e+02
3.006879332771901545e+02 3.291378636519541487e+02
2.996685500388016976e+02 3.292923144132780067e+02
2.986493749374218396e+02 3.294425443159109932e+02
2.976304247689195108e+02 3.295886441415774470e+02
2.966117143699282224e+02 3.297307031534043062e+02
2.955932565993213643e+02 3.298688090713916381e+02
2.945750609582145216e+02 3.300030420294922919e+02
2.935571319612589605e+02 3.301334663448092783e+02
2.925394721636087638e+02 3.302601426406375253e+02
2.915220826314442775e+02 3.303831298781970531e+02
2.905049629011372190e+02 3.305024852333427248e+02
2.894881075181567098e+02 3.306182562876360862e+02
2.884715102983419115e+02 3.307304764696286270e+02
2.874551664046392716e+02 3.308391771520521161e+02
2.864390640626540403e+02 3.309443881523014852e+02
2.854231927488024212e+02 3.310461367376498174e+02
2.844075396184299507e+02 3.311444406675379355e+02
2.833920896183718128e+02 3.312393073975069342e+02
2.823768269302444196e+02 3.313307420383890758e+02
2.813617350330314935e+02 3.314187477734760705e+02
2.803467966253263057e+02 3.315033253606642347e+02
2.793319916483176826e+02 3.315844661748353133e+02
2.783172984636390197e+02 3.316621535584670255e+02
2.773027646715161154e+02 3.317363917236760358e+02
2.762884640214470551e+02 3.318072259639772597e+02
2.752743833009106424e+02 3.318747143811785918e+02
2.742604988110341537e+02 3.319389079879778706e+02
2.732467862959104536e+02 3.319998523978754292e+02
2.722332212956561079e+02 3.320575908728632726e+02
2.712197791515643530e+02 3.321121643658662492e+02
2.702064349462413588e+02 3.321636106581391914e+02
2.691931632766621192e+02 3.322119603374751478e+02
2.681799385899183221e+02 3.322572400032761948e+02
2.671667344159123445e+02 3.322994735522004817e+02
2.661535266644865487e+02 3.323386832767567967e+02
2.651402899358192258e+02 3.323748882922396888e+02
2.641269976538765718e+02 3.324081009387840595e+02
2.631136241053604294e+02 3.324383303154852456e+02
2.621001436869348140e+02 3.324655832639164714e+02
2.610865301246273020e+02 3.324898639628095225e+02
2.600727577034488149e+02 3.325111723503912344e+02
2.590588032425399660e+02 3.325295028340826207e+02
2.580446405793554163e+02 3.325448463478495000e+02
2.570302448731658274e+02 3.325571915195223482e+02
2.560155915194952740e+02 3.325665236398494926e+02
2.550006578728458635e+02 3.325727537344617986e+02
2.539854268344485035e+02 3.325756728424079824e+02
2.529698803468217534e+02 3.325750556480222144e+02
2.519540196751107430e+02 3.325706790403240234e+02
2.509378450486828172e+02 3.325623185391102083e+02
2.499213566169230489e+02 3.325497466901799157e+02
2.489045476063630531e+02 3.325327272219273596e+02
2.478874613235184086e+02 3.325110380247611488e+02
2.468700965884478649e+02 3.324844430563533138e+02
2.458524751753418514e+02 3.324527045345346323e+02
2.448346447465215192e+02 3.324155960796344971e+02
2.438166106152191617e+02 3.323728761796814410e+02
2.427984433692793687e+02 3.323243197866785863e+02
2.417801609908111971e+02 3.322696839212907776e+02
2.407618259976688933e+02 3.322087333643690386e+02
2.397434960737568872e+02 3.321412381828750995e+02
2.387252147367494501e+02 3.320669617842166872e+02
2.377070555745783338e+02 3.319856720470357914e+02
2.366890932969172070e+02 3.318971364098667891e+02
2.356713959705615196e+02 3.318011176149208268e+02
2.346540433911145556e+02 3.316973857149049536e+02
2.336371205596451261e+02 3.315857118521290658e+02
2.326207182329625311e+02 3.314658653112913385e+02
2.316049330994682691e+02 3.313376135274705234e+02
2.305898676415878583e+02 3.312007239280875979e+02
2.295756280918238303e+02 3.310549683244539665e+02
2.285623118778118794e+02 3.309001099004671005e+02
2.275500715582310249e+02 3.307359300679538023e+02
2.265390064082047843e+02 3.305621878436310794e+02
2.255292534786975693e+02 3.303786484345347390e+02
2.245209578755536199e+02 3.301850800092300346e+02
2.235142698321856471e+02 3.299812497758929339e+02
2.225093187913060149e+02 3.297669077426069748e+02
2.215062987551892491e+02 3.295418245782359463e+02
2.205053679098441819e+02 3.293057516649682270e+02
2.195067075369613576e+02 3.290584370011889632e+02
2.185105110704305957e+02 3.287996269970727781e+02
2.175169823133576585e+02 3.285290664008340400e+02
2.165263167244391411e+02 3.282464860341106601e+02
2.155387747019153153e+02 3.279516317383515229e+02
2.145545747341612071e+02 3.276442141726648174e+02
2.135739783434346180e+02 3.273239516685754324e+02
2.125972481490032351e+02 3.269905539633537614e+02
2.116246877013032019e+02 3.266437419839820109e+02
2.106565917212503791e+02 3.262832010937167979e+02
2.096932953346857005e+02 3.259086066324772446e+02
2.087351534777023687e+02 3.255196341520839383e+02
2.077825322040941103e+02 3.251159529141484654e+02
2.068358163649697019e+02 3.246972677749762397e+02
2.058953035071612305e+02 3.242635902462343438e+02
2.049612176365818357e+02 3.238150805238881276e+02
2.040337917510915702e+02 3.233518919966278418e+02
2.031132770239688057e+02 3.228741768250720838e+02
2.021999313140700281e+02 3.223820849738186780e+02
2.012940123995674355e+02 3.218757800925504853e+02
2.003957633029055785e+02 3.213554065226030048e+02
1.995054745774084495e+02 3.208211260704160281e+02
1.986234129488689746e+02 3.202730666182832238e+02
1.977498773848473945e+02 3.197113672683243522e+02
1.968851649935370176e+02 3.191361879960610963e+02
1.960295750395098366e+02 3.185476788723723303e+02
1.951834208878747177e+02 3.179459738285672756e+02
1.943470412103607998e+02 3.173312001674908061e+02
1.935207892709482280e+02 3.167034853205285003e+02
1.927050171873729312e+02 3.160629590299534470e+02
1.919001075707629980e+02 3.154097554753588497e+02
1.911064483950213457e+02 3.147439735376027556e+02
1.903244679135488582e+02 3.140657088435919491e+02
1.895546189856291903e+02 3.133750560657335882e+02
1.887973647307421743e+02 3.126720846788481936e+02
1.880532141125252679e+02 3.119568704776499999e+02
1.873226993749976543e+02 3.112294618717972980e+02
1.866063928575525210e+02 3.104898882184710942e+02
1.859049123651640514e+02 3.097381810661666464e+02
1.852189096863455973e+02 3.089743398507160350e+02
1.845490860150705430e+02 3.081983682271165321e+02
1.838961853525812842e+02 3.074102374290419561e+02
1.832610034570939206e+02 3.066099355780556834e+02
1.826443852180463523e+02 3.057974192620643521e+02
1.820472279348953180e+02 3.049726567248700349e+02
1.814704751461809735e+02 3.041356028867311352e+02
1.809151139347020774e+02 3.032862275394763856e+02
1.803821729085742618e+02 3.024245029814414352e+02
1.798727172834154828e+02 3.015504181544766311e+02
1.793878383283506821e+02 3.006639790340485661e+02
1.789286320302797435e+02 2.997652236973322033e+02
1.784961995499731131e+02 2.988542132651076599e+02
1.780916185460584700e+02 2.979310514909945482e+02
1.777159198960996775e+02 2.969958864264594354e+02
1.773700922629315073e+02 2.960488997819024917e+02
1.770550141362561760e+02 2.950903399253751331e+02
1.767714710436132464e+02 2.941204922287307681e+02
