1.761911929848335774e+02 2.932087094240077931e+02
1.759219702706062662e+02 2.922103864095943209e+02
1.756847331780074910e+02 2.911982897238923442e+02
1.754799678680036266e+02 2.901733316685428576e+02
1.753079743725641890e+02 2.891364771224809829e+02
1.751688707557831322e+02 2.880888464282132873e+02
1.750626298538034007e+02 2.870316241128666093e+02
1.749890642006896542e+02 2.859660932804955564e+02
1.749478577577455383e+02 2.848935534430910366e+02
1.749385882290437735e+02 2.838153080610187544e+02
1.749607487111817079e+02 2.827326454666796849e+02
1.750137911600774032e+02 2.816468413367194330e+02
1.750972009745441369e+02 2.805591075206711480e+02
1.752103941843630821e+02 2.794707019948839957e+02
1.753528094344952422e+02 2.783827532378183491e+02
1.755238610792981433e+02 2.772963970117670556e+02
1.757229504050908702e+02 2.762126899691651829e+02
1.759494600514109663e+02 2.751326312402541134e+02
1.762027559091230842e+02 2.740572252024541626e+02
1.764823018263888343e+02 2.729873258865656567e+02
1.767875350109218289e+02 2.719238463531372076e+02
1.771178229588303736e+02 2.708676153508835114e+02
1.774725660943271350e+02 2.698192886745263195e+02
1.778511121789179583e+02 2.687796190986475153e+02
1.782529386012222687e+02 2.677492006667971509e+02
1.786774451630680289e+02 2.667287314621343626e+02
1.791240489674379148e+02 2.657186566761834001e+02
1.795920697398829020e+02 2.647194404257355131e+02
1.800808623402957664e+02 2.637315150944853599e+02
1.805898640621250877e+02 2.627552396945895907e+02
1.811184916172746284e+02 2.617909898251989489e+02
1.816661151400073493e+02 2.608390004808438221e+02
1.822320685410413716e+02 2.598994857294930512e+02
1.828157495523913383e+02 2.589726096959184929e+02
1.834165691386409094e+02 2.580585433312973009e+02
1.840339890915081185e+02 2.571573969715807380e+02
1.846673752124111445e+02 2.562692727399559658e+02
1.853161844921942816e+02 2.553941682520441248e+02
1.859798410906553272e+02 2.545321321927038127e+02
1.866578170817494140e+02 2.536831782090535512e+02
1.873496298472969102e+02 2.528472873799624381e+02
1.880547998618039287e+02 2.520244343535213432e+02
1.887728222925846069e+02 2.512146213828247880e+02
1.895032835650955860e+02 2.504177831716652634e+02
1.902457513197529977e+02 2.496338868793090171e+02
1.909997959283645343e+02 2.488629290159396419e+02
1.917651445749588106e+02 2.481048422898301453e+02
1.925413772163373096e+02 2.473596921932905843e+02
1.933282278261327747e+02 2.466274277092211946e+02
1.941253825109922673e+02 2.459080474220139081e+02
1.949324769908842825e+02 2.452014738164890275e+02
1.957490838440992320e+02 2.445075320807768549e+02
1.965747872489419876e+02 2.438260353244167504e+02
1.974091904200181489e+02 2.431567890907690241e+02
1.982519769113986854e+02 2.424995611727858318e+02
1.991027221409682397e+02 2.418542864433654813e+02
1.999612606883449359e+02 2.412208085535982320e+02
2.008272832250371778e+02 2.405990811315343478e+02
2.017005469928367916e+02 2.399890140779445460e+02
2.025808283325505101e+02 2.393905180815027620e+02
2.034679230472576137e+02 2.388035547431481973e+02
2.043616490048352432e+02 2.382281099592118494e+02
2.052618289675950791e+02 2.376641712177995203e+02
2.061682900508719172e+02 2.371117273366950826e+02
2.070809132292062884e+02 2.365707492585629268e+02
2.079994705271670625e+02 2.360413003874809021e+02
2.089238800586158789e+02 2.355233754171614748e+02
2.098540014694272600e+02 2.350170106451905951e+02
2.107896837913340846e+02 2.345222490548622716e+02
2.117307879444268792e+02 2.340391276117896098e+02
2.126772381391756710e+02 2.335676570279470354e+02
2.136288226145188673e+02 2.331079166722363709e+02
2.145854524223700537e+02 2.326599233182311366e+02
2.155469962396855124e+02 2.322237214228321136e+02
2.165133176582302212e+02 2.317993469703519054e+02
2.174842653958037886e+02 2.313868088641365262e+02
2.184596868394684748e+02 2.309861121131649782e+02
2.194394306742801746e+02 2.305972627356051134e+02
2.204233465806853189e+02 2.302202674961257856e+02
2.214112709163566137e+02 2.298551059053718006e+02
2.224030152246411944e+02 2.295017048600430201e+02
2.233983911853043196e+02 2.291599852234206764e+02
2.243972352418250011e+02 2.288298616307046132e+02
2.253993394938016195e+02 2.285112646885116021e+02
2.264044915567897931e+02 2.282040641865737598e+02
2.274124999928080797e+02 2.279080506950598135e+02
2.284231128908382686e+02 2.276230329058410291e+02
2.294361029727725168e+02 2.273488071009329019e+02
2.304513007742510524e+02 2.270851519821614772e+02
2.314684019936864274e+02 2.268318135179466992e+02
2.324872317746543899e+02 2.265884349059872989e+02
2.335074724147183360e+02 2.263546995842863794e+02
2.345289500386265615e+02 2.261302483995912382e+02
2.355514002322623810e+02 2.259147440966841316e+02
2.365745900865818498e+02 2.257077723118094070e+02
2.375983084930162192e+02 2.255088799950350733e+02
2.386222762011754241e+02 2.253176256255492547e+02
2.396463067382493364e+02 2.251335439536487684e+02
2.406702140760889392e+02 2.249561950090671303e+02
2.416938143960722130e+02 2.247852549651155698e+02
2.427170042418441085e+02 2.246204333276764942e+02
2.437396765318373468e+02 2.244614463820705055e+02
2.447617150890783364e+02 2.243080118948738857e+02
2.457830152303600073e+02 2.241598486632127276e+02
2.468035019506718868e+02 2.240166977516204838e+02
2.478231020130090769e+02 2.238783090264985844e+02
2.488417571126785504e+02 2.237444340347798004e+02
2.498593952121662483e+02 2.236148231554265635e+02
2.508759725240520879e+02 2.234892341176995672e+02
2.518914571981549102e+02 2.233674557681618182e+02
2.529058238547033568e+02 2.232492831250284837e+02
2.539190537548074360e+02 2.231345118664706604e+02
2.549311367827986317e+02 2.230229396342666064e+02
2.559420696954544781e+02 2.229143786484530949e+02
2.569518606411907058e+02 2.228086670341129150e+02
2.579605288257750431e+02 2.227056483675361562e+02
2.589680973791300858e+02 2.226051680900532972e+02
2.599745955709061604e+02 2.225070734572658182e+02
2.609800613151104471e+02 2.224112266415606598e+02
2.619845415188212883e+02 2.223175092018406644e+02
2.629880887605035014e+02 2.222258058610909757e+02
2.639907618988735294e+02 2.221360054024027306e+02
2.649926237451604152e+02 2.220479961095421970e+02
2.659937452422359456e+02 2.219616768973457965e+02
2.669942035570847452e+02 2.218769548325526273e+02
2.679940747205196772e+02 2.217936803870788367e+02
2.689934428127062347e+02 2.217116457286064986e+02
2.699924003098028038e+02 2.216306433042766741e+02
2.709910433697336885e+02 2.215504706052547021e+02
2.719894715589842349e+02 2.214709296626986941e+02
2.729877876556594742e+02 2.213918271926041257e+02
2.739860976921651741e+02 2.213129736913377315e+02
2.749845109183155500e+02 2.212341799565997746e+02
2.759831392639649721e+02 2.211552618826997900e+02
2.769820979320658694e+02 2.210760387484850753e+02
2.779815051851642238e+02 2.209963335860237237e+02
2.789814823226376461e+02 2.209159732073310920e+02
2.799821537151659072e+02 2.208347900514005175e+02
2.809836474452111474e+02 2.207526319726229929e+02
2.819860930205990712e+02 2.206693472512274354e+02
2.829896233060042050e+02 2.205847897171913132e+02
2.839943739362554993e+02 2.204988179098219234e+02
2.850004829622473608e+02 2.204113073900833228e+02
2.860080911037150599e+02 2.203221782070726817e+02
2.870173396976952063e+02 2.202313617297515123e+02
2.880283667069897433e+02 2.201387877599615877e+02
2.890413169801720983e+02 2.200443954660876216e+02
2.900563250635590862e+02 2.199483525644888005e+02
2.910734995892466372e+02 2.198512770477780407e+02
2.920929112702820589e+02 2.197538310194224778e+02
2.931146293654462056e+02 2.196566854273931142e+02
2.941387090817694343e+02 2.195605214175303956e+02
2.951651542732533926e+02 2.194660401353158647e+02
2.961939690493924786e+02 2.193739926101214905e+02
2.972251534214396429e+02 2.192851461643986681e+02
2.982586259731412497e+02 2.192002452065925695e+02
2.992943590031385952e+02 2.191200567531489583e+02
3.003322500405548112e+02 2.190453256121641914e+02
3.013722074595027038e+02 2.189767954029757107e+02
3.024141088417843548e+02 2.189152070580058762e+02
3.034578168028797336e+02 2.188613021757557533e+02
3.045031627490798769e+02 2.188158097026364146e+02
3.055500113137574658e+02 2.187793926880014794e+02
3.065981446487574544e+02 2.187526387798756389e+02
3.076474154549611058e+02 2.187361580244089794e+02
3.086976075956142722e+02 2.187305476627812482e+02
3.097484881748016505e+02 2.187363794515892721e+02
3.107998698872926866e+02 2.187540984103525830e+02
3.118515528073177734e+02 2.187840880297771093e+02
3.129033256938169529e+02 2.188267310048392176e+02
3.139549446420728032e+02 2.188824000898935367e+02
3.150061975852786418e+02 2.189514471727137561e+02
3.160568809210515724e+02 2.190340803833657901e+02
3.171067952632573110e+02 2.191304671547066221e+02
3.181557367509141159e+02 2.192407750834858575e+02
3.192035049422534598e+02 2.193651754167243553e+02
3.202498976803638584e+02 2.195038070658999345e+02
3.212947082217616526e+02 2.196567009842753180e+02
3.223377698346615148e+02 2.198238823888258366e+02
3.233789367093526153e+02 2.200053904881801827e+02
3.244179817647564619e+02 2.202012357562676073e+02
3.254547489555865809e+02 2.204114334624038349e+02
3.264890791169329987e+02 2.206359596102906835e+02
3.275208048107716081e+02 2.208747846768193028e+02
3.285497382084615197e+02 2.211278713297492118e+02
3.295757537181166299e+02 2.213952119333008284e+02
3.305986720097974967e+02 2.216767900334460535e+02
3.316182958026180927e+02 2.219725914656793861e+02
3.326344702767531771e+02 2.222826242129747243e+02
3.336470158707319342e+02 2.226068914176221369e+02
3.346557549403477196e+02 2.229454038316519870e+02
3.356605092102763024e+02 2.232982270335083399e+02
3.366610025484565085e+02 2.236654292961917179e+02
3.376570483919195453e+02 2.240471270360793596e+02
3.386484295191380056e+02 2.244434339277006529e+02
3.396348659413670248e+02 2.248544221048914551e+02
3.406161935890900736e+02 2.252800495305693858e+02
3.415922908833679799e+02 2.257201892569337929e+02
3.425630088078751214e+02 2.261747064433317576e+02
3.435281938612251338e+02 2.266434696646406621e+02
3.444877155640838851e+02 2.271263801179413804e+02
3.454413694174933198e+02 2.276233871262722914e+02
3.463889665569269596e+02 2.281344945957688140e+02
3.473303453498470503e+02 2.286597407135610922e+02
3.482652194784080280e+02 2.291990983166915896e+02
3.491934025660934822e+02 2.297526157042932482e+02
3.501146538055170367e+02 2.303203489585270916e+02
3.510287050125517112e+02 2.309023584983466435e+02
3.519352748687185226e+02 2.314987107121281156e+02
3.528341061092125415e+02 2.321095093470415804e+02
3.537248644443308194e+02 2.327348156565354031e+02
3.546072940863779195e+02 2.333747446646394508e+02
3.554810209089157524e+02 2.340293424464727252e+02
3.563457335406762354e+02 2.346987233969759075e+02
3.572010983546339844e+02 2.353830207667872969e+02
3.580466842165758976e+02 2.360822833202975062e+02
3.588821951694342260e+02 2.367966360167602033e+02
3.597071930734246621e+02 2.375261136451092909e+02
3.605212911409139451e+02 2.382708288839544082e+02
3.613240630361217427e+02 2.390309080712019352e+02
3.621150228097148442e+02 2.398064021709359679e+02
3.628937814194063662e+02 2.405974165911491696e+02
3.636598158907185621e+02 2.414039726482210995e+02
3.644126770468286054e+02 2.422262305203737753e+02
3.651517300368412293e+02 2.430642121803695659e+02
3.658764949556535839e+02 2.439180957814353690e+02
3.665863713418837619e+02 2.447879301477255467e+02
3.672807113359318691e+02 2.456737762891312400e+02
3.679588761282003588e+02 2.465758082166649103e+02
3.686200905544641273e+02 2.474941272527653098e+02
3.692635997475442196e+02 2.484288932600760802e+02
3.698885623009825849e+02 2.493802143834950300e+02
3.704940900058227271e+02 2.503482690641369288e+02
3.710791748134689669e+02 2.513332007038056020e+02
3.716427114014438189e+02 2.523351272899537889e+02
3.721835658359725016e+02 2.533542640845232938e+02
3.727004436674856152e+02 2.543906891850712668e+02
3.731919846667165643e+02 2.554445200317354079e+02
3.736567024610483827e+02 2.565157731301996478e+02
3.740930182882370332e+02 2.576044152087481507e+02
3.744992437532753229e+02 2.587103993617337778e+02
3.748735564413815382e+02 2.598333760179259571e+02
3.752141408946495744e+02 2.609729968033814771e+02
3.755191440195123391e+02 2.621286903446431324e+02
3.757865514498192852e+02 2.632996229818107849e+02
3.760138535416756440e+02 2.644849674066797434e+02
3.761985221762320748e+02 2.656833475740929202e+02
3.763382640923319400e+02 2.668930154528945877e+02
3.764315019121116279e+02 2.681092669378871278e+02
3.764780142548634672e+02 2.693270268357397867e+02
3.764783209597219411e+02 2.705436975740101957e+02
3.764333170707917020e+02 2.717569181324819283e+02
3.763442070558876367e+02 2.729645223351351433e+02
3.762124291340145419e+02 2.741645886045249085e+02
3.760396246613354947e+02 2.753553381601879551e+02
3.758275335352667526e+02 2.765353133678943323e+02
3.755779498967860945e+02 2.777032879202801041e+02
3.752927027127551582e+02 2.788581997491243101e+02
3.749735711936057783e+02 2.799992492688018046e+02
3.746223150729862255e+02 2.811257740539809333e+02
3.742406843615389676e+02 2.822372040455575188e+02
3.738302425431920710e+02 2.833332728359010844e+02
3.733925358911916419e+02 2.844136456502357646e+02
3.729289884842135052e+02 2.854781282795208881e+02
3.724409389170416489e+02 2.865266468867321237e+02
3.719296870953322696e+02 2.875591395706638878e+02
3.713963994766394308e+02 2.885756306415131576e+02
3.708421816672129694e+02 2.895761215885310094e+02
3.702680297959383893e+02 2.905606734567997478e+02
3.696748983210957249e+02 2.915294023271588912e+02
3.690637359475363724e+02 2.924823936002722462e+02
3.684353580605583716e+02 2.934198052155578011e+02
3.677905692628991119e+02 2.943417278628504050e+02
3.671300184381819918e+02 2.952483584232342082e+02
3.664544983199332364e+02 2.961397686941829193e+02
3.657646362914682641e+02 2.970161747451239194e+02
3.650610106558290227e+02 2.978777674586879698e+02
3.643442713290621100e+02 2.987246245162702962e+02
3.636148793037328915e+02 2.995569689981824695e+02
3.628733792313425397e+02 3.003749498309927617e+02
3.621202853346829897e+02 3.011787202601205991e+02
3.613560475949239503e+02 3.019684518338991097e+02
3.605810819099794458e+02 3.027443056267492238e+02
3.597957800468474829e+02 3.035064337570584598e+02
3.590005534004117180e+02 3.042549612117348374e+02
3.581957420970370549e+02 3.049900433760973897e+02
3.573817306987673987e+02 3.057117793687064591e+02
3.565587498300781704e+02 3.064203522571506824e+02
3.557271826641672305e+02 3.071157998075237856e+02
3.548872453686449262e+02 3.077982421472111696e+02
3.540391988260279277e+02 3.084677427139087627e+02
3.531832902438573569e+02 3.091243592457662430e+02
3.523197098604568964e+02 3.097681727886058525e+02
3.514487937744318629e+02 3.103992839385507523e+02
3.505708050381381327e+02 3.110179556817516300e+02
3.496861172557262307e+02 3.116243753341782963e+02
3.487949932908089750e+02 3.122187881319056260e+02
3.478977232415193157e+02 3.128014050661571446e+02
3.469945617080606439e+02 3.133724016988090284e+02
3.460857361665235885e+02 3.139319267185045987e+02
3.451714096567677643e+02 3.144801501398330856e+02
3.442518708711192517e+02 3.150171683934520956e+02
3.433272229083666502e+02 3.155431655488880551e+02
3.423977161358001808e+02 3.160582130912232515e+02
3.414634654189507614e+02 3.165624353729066911e+02
3.405246250814343512e+02 3.170559248208268173e+02
3.395813628025622393e+02 3.175387624992575866e+02
3.386338146574511256e+02 3.180110380242791166e+02
3.376821140544411151e+02 3.184728271688213113e+02
3.367264051436395675e+02 3.189241936204973626e+02
3.357668134467362506e+02 3.193652055056984977e+02
3.348034290860279611e+02 3.197959383776910158e+02
3.338364110238373428e+02 3.202164368283922045e+02
3.328658627925534574e+02 3.206267777979341531e+02
3.318919213826333703e+02 3.210270221526548653e+02
3.309146586612571923e+02 3.214172506976230466e+02
3.299342528763629048e+02 3.217974997586642303e+02
3.289507834128561399e+02 3.221678559000959581e+02
3.279643764264590686e+02 3.225284088462372551e+02
3.269751562623295058e+02 3.228792500640421395e+02
3.259832440476209854e+02 3.232204694829796949e+02
3.249887580105159373e+02 3.235521558771817467e+02
3.239918228217854335e+02 3.238744186203124968e+02
3.229925740984473350e+02 3.241874001888662633e+02
3.219911445950116899e+02 3.244912451406119658e+02
3.209876630588646549e+02 3.247860971698653998e+02
3.199822320800174111e+02 3.250721052190753539e+02
3.189750121267264831e+02 3.253494369794031513e+02
3.179661575946768721e+02 3.256183046382674888e+02
3.169557515691084291e+02 3.258789362321785461e+02
3.159440026422007008e+02 3.261315246953200813e+02
3.149309742680427462e+02 3.263763048874735091e+02
3.139168627174024664e+02 3.266135175696455804e+02
3.129017483642718389e+02 3.268434632164551772e+02
3.118858370842953605e+02 3.270664112538477752e+02
3.108692019734763221e+02 3.272826627460999589e+02
3.098519939852631637e+02 3.274925004487473643e+02
3.088343525455001668e+02 3.276962532841087636e+02
3.078163896117888498e+02 3.278942741633161972e+02
3.067982143602947076e+02 3.280869117531359507e+02
3.057799754182051402e+02 3.282745088351333038e+02
3.047617501447317636e+02 3.284573916237983440e+02
3.037435835076341846e+02 3.286357224411040079e+02
3.027255021659209433e+02 3.288096091392561107e+02
3.017075303897149183e+02 3.289791580379313132e+02
3.006896839980232699e+02 3.291444739454573778e+02
2.996719962043000578e+02 3.293056528482459839e+02
2.986544704166074666e+02 3.294627731907359589e+02
2.976371154133202026e+02 3.296159051665762831e+02
2.966199384593508057e+02 3.297651173040243293e+02
2.956029452901541390e+02 3.299104764472025408e+02
2.945861387326919498e+02 3.300520417094308527e+02
2.935695170778666352e+02 3.301898562351717032e+02
2.925530771164896464e+02 3.303239593476671985e+02
2.915368146153648468e+02 3.304543885894287882e+02
2.905207242830226733e+02 3.305811796105398912e+02
2.895047963308976477e+02 3.307043587603483843e+02
2.884890209012515925e+02 3.308239387418851720e+02
2.874733900614520508e+02 3.309399301479249971e+02
2.864578892215484416e+02 3.310523419662801530e+02
2.854425055978024943e+02 3.311611805643884736e+02
2.844272246778436397e+02 3.312664433894182139e+02
2.834120303308976077e+02 3.313681182454758414e+02
2.823969061346164153e+02 3.314661905719422634e+02
2.813818354406312778e+02 3.315606438294649934e+02
2.803668013137320827e+02 3.316514590599960002e+02
2.793517845784339215e+02 3.317386086516309547e+02
2.783367649948451685e+02 3.318220575083367976e+02
2.773217972418062232e+02 3.319017907959201352e+02
2.763069655218471325e+02 3.319778345707380254e+02
2.752922614598973041e+02 3.320502286055574359e+02
2.742776659160696227e+02 3.321190064140958498e+02
2.732631595705807968e+02 3.321841965242983861e+02
2.722487232349711803e+02 3.322458251713330242e+02
2.712343378569060519e+02 3.323039163408429317e+02
2.702199844687323775e+02 3.323584910250372104e+02
2.692056439911364123e+02 3.324095637329124884e+02
2.681912975261483894e+02 3.324571452809848324e+02
2.671769254782944358e+02 3.325012438644340023e+02
2.661625112023812108e+02 3.325418661407723562e+02
2.651480369408224078e+02 3.325790158683031450e+02
2.641334839868567883e+02 3.326126907992082238e+02
2.631188348920646263e+02 3.326428856872128677e+02
2.621040726247678663e+02 3.326695931248661395e+02
2.610891797118708268e+02 3.326928031446879004e+02
2.600741396143415614e+02 3.327125020739215984e+02
2.590589388940790627e+02 3.327286718637282092e+02
2.580435610808710294e+02 3.327412912639691172e+02
2.570279914403905650e+02 3.327503368347471451e+02
2.560122157747959477e+02 3.327557821404498668e+02
2.549962217857757025e+02 3.327575418669749752e+02
2.539800019075521220e+02 3.327554357988929610e+02
2.529635463335639827e+02 3.327492697567993787e+02
2.519468651019763570e+02 3.327388518956632311e+02
2.509299659134147191e+02 3.327239890761007359e+02
2.499128552758353976e+02 3.327044854112708094e+02
2.488955313101241984e+02 3.326801364018129448e+02
2.478780445880719014e+02 3.326507519529886849e+02
2.468603971313409318e+02 3.326161278816432514e+02
2.458426145107215746e+02 3.325760583331350517e+02
2.448247486014948606e+02 3.325303484623660779e+02
2.438068058996431375e+02 3.324787877174919686e+02
2.427888603676883008e+02 3.324211822549576709e+02
2.417709301563405404e+02 3.323573200680889954e+02
2.407530789471747141e+02 3.322869968839351031e+02
2.397353646613606202e+02 3.322100120977006554e+02
2.387178300564381175e+02 3.321261575343655750e+02
2.377005480571981764e+02 3.320352295361757342e+02
2.366835919087833418e+02 3.319370239503485891e+02
2.356670274681590058e+02 3.318313314260914808e+02
2.346509322530089321e+02 3.317179474047165399e+02
2.336353885854567807e+02 3.315966674790786897e+02
2.326204840186249783e+02 3.314672853309949687e+02
2.316063115047468557e+02 3.313295927323517276e+02
2.305929693765804700e+02 3.311833806650791985e+02
2.295805596956276702e+02 3.310284417398847268e+02
2.285691755643063630e+02 3.308645592776466628e+02
2.275589642366645080e+02 3.306915346551044763e+02
2.265500198719254854e+02 3.305091468971100994e+02
2.255424737987639219e+02 3.303171802529910792e+02
2.245364653124423455e+02 3.301154197872669442e+02
2.235321384842174837e+02 3.299036492013252655e+02
2.225296169235412549e+02 3.296816350774852822e+02
2.215290869742535165e+02 3.294491642295088241e+02
2.205306998923336437e+02 3.292060040237636258e+02
2.195346294157512546e+02 3.289519177470507998e+02
2.185410609191941376e+02 3.286866669028902379e+02
2.175501896555886674e+02 3.284100111867199985e+02
2.165622027948798802e+02 3.281216964644075347e+02
2.155773496747857507e+02 3.278214838863264049e+02
2.145958389632607748e+02 3.275091009826658137e+02
2.136179206093320033e+02 3.271842824807338843e+02
2.126438455642902170e+02 3.268467544426892459e+02
2.116739037572081656e+02 3.264962536942766747e+02
2.107083757343087882e+02 3.261324852327346093e+02
2.097475797690084960e+02 3.257551462604879475e+02
2.087918528057633978e+02 3.253639337880994731e+02
2.078415422940985593e+02 3.249585382075337066e+02
2.068970136250850373e+02 3.245386827912616354e+02
2.059585505409980613e+02 3.241043780007899500e+02
2.050263679254957196e+02 3.236557728323392666e+02
2.041006894825476650e+02 3.231930091128741651e+02
2.031817563194356069e+02 3.227162269242168122e+02
2.022698160491652288e+02 3.222255637055532702e+02
2.013651162696490360e+02 3.217211695298326504e+02
2.004678911924863485e+02 3.212031752305027794e+02
1.995784198902726132e+02 3.206717275913788967e+02
1.986969597163809453e+02 3.201269401563822612e+02
1.978237990437837368e+02 3.195689354914531464e+02
1.969592261851129535e+02 3.189978525407343000e+02
1.961035326135928472e+02 3.184138192232525739e+02
1.952570240594291704e+02 3.178169469666983673e+02
1.944200309287032837e+02 3.172073397231409331e+02
1.935928990576796025e+02 3.165850990728272905e+02
1.927759766100021182e+02 3.159503241313009312e+02
1.919696419055999002e+02 3.153031165578996706e+02
1.911742805815387669e+02 3.146435431949332155e+02
1.903903178190298320e+02 3.139716663122591740e+02
1.896182046546599906e+02 3.132875447019433750e+02
1.888584063798450359e+02 3.125912095418625540e+02
1.881114337124596716e+02 3.118826964512052768e+02
1.873778226395778574e+02 3.111620138530050781e+02
1.866581503955762287e+02 3.104291505996727096e+02
1.859530404348809896e+02 3.096840959778364777e+02
1.852631532873936351e+02 3.089268070935696642e+02
1.845891998197631096e+02 3.081572440561586745e+02
1.839319367713579823e+02 3.073753352047379508e+02
1.832921737716192752e+02 3.065810245058326018e+02
1.826707723747003342e+02 3.057742262053016020e+02
1.820686481363559324e+02 3.049548663510268511e+02
1.814867667465174179e+02 3.041228588418379672e+02
1.809261409361484993e+02 3.032781331116297565e+02
1.803878292543652151e+02 3.024206230551206431e+02
1.798729300954354358e+02 3.015502824010830523e+02
1.793825721648275930e+02 3.006670856987012712e+02
1.789178941507481966e+02 2.997710439658836776e+02
1.784800452136769877e+02 2.988621967070563414e+02
1.780701564008040805e+02 2.979406332159392150e+02
1.776893170142058125e+02 2.970064958263560015e+02
1.773385781180759579e+02 2.960599698558298201e+02
1.770188843852168361e+02 2.951013202647383764e+02
1.767310887534065955e+02 2.941308601917979217e+02
