1.763411811437037500e+02 2.931772399832926794e+02
1.760773413714677531e+02 2.921850068222521486e+02
1.758444430652197070e+02 2.911794201938255355e+02
1.756429598022887717e+02 2.901612092872132393e+02
1.754732012535071419e+02 2.891311934543990105e+02
1.753353092360415246e+02 2.880903557085266584e+02
1.752292922437841582e+02 2.870397620027392236e+02
1.751550075864091127e+02 2.859805868966734579e+02
1.751121905685046727e+02 2.849140389477840358e+02
1.751004743477523675e+02 2.838413456803346548e+02
1.751194096630443369e+02 2.827637334379454614e+02
1.751685145307604046e+02 2.816824295770676940e+02
1.752473523413018484e+02 2.805986166476254198e+02
1.753554174907737035e+02 2.795135302684096246e+02
1.754922222673765475e+02 2.784282933925041448e+02
1.756572520277882177e+02 2.773440422572827515e+02
1.758499800975305902e+02 2.762618451916226832e+02
1.760698634776667575e+02 2.751827224903190086e+02
1.763163392975095292e+02 2.741077042913803439e+02
1.765889365577642138e+02 2.730376800500920922e+02
1.768871550184050250e+02 2.719735989803712641e+02
1.772104192577187121e+02 2.709163292751429140e+02
1.775581806046832014e+02 2.698665709875304515e+02
1.779298362880510354e+02 2.688251199048727358e+02
1.783249085252204793e+02 2.677926179612854867e+02
1.787428398887124956e+02 2.667698092444818485e+02
1.791830768170320312e+02 2.657571828034671739e+02
1.796449621775176695e+02 2.647552416618921143e+02
1.801278723136243229e+02 2.637644571566012246e+02
1.806312642089831400e+02 2.627852277385546245e+02
1.811545716280425324e+02 2.618179663934704990e+02
1.816971692869907145e+02 2.608629370014928099e+02
1.822583910902739603e+02 2.599203779280451840e+02
1.828376343425879895e+02 2.589904767586720595e+02
1.834343094906625993e+02 2.580734268095702078e+02
1.840478756278686774e+02 2.571693584254657594e+02
1.846776882512142777e+02 2.562783858186837733e+02
1.853231921729865235e+02 2.554005159667855764e+02
1.859837998931189986e+02 2.545358055976590776e+02
1.866589721359327427e+02 2.536842754183002171e+02
1.873482141700849013e+02 2.528459115068913547e+02
1.880510317538413005e+02 2.520206895406796548e+02
1.887669053232824012e+02 2.512086113571781425e+02
1.894954071513356268e+02 2.504096102907504360e+02
1.902360912165619879e+02 2.496236513244704724e+02
1.909885145719186994e+02 2.488507280005951827e+02
1.917523916422807417e+02 2.480907689697833689e+02
1.925272897341956195e+02 2.473438353202942324e+02
1.933129309594750964e+02 2.466098707321812924e+02
1.941089898605668225e+02 2.458888680435022707e+02
1.949150905675397496e+02 2.451807429362401933e+02
1.957307939432969590e+02 2.444853126161813179e+02
1.965556728697310689e+02 2.438023816885764177e+02
1.973893197220502600e+02 2.431317467359285160e+02
1.982314080378608310e+02 2.424731661527804931e+02
1.990815053774357466e+02 2.418265687323437589e+02
1.999394417112326323e+02 2.411917938437029818e+02
2.008049027018922175e+02 2.405687912518597216e+02
2.016776410348894331e+02 2.399574666187741627e+02
2.025574288715895648e+02 2.393577264017095558e+02
2.034440594234935986e+02 2.387695299917181444e+02
2.043373489473539451e+02 2.381928622463868805e+02
2.052371186716224258e+02 2.376277095710125309e+02
2.061431942418209644e+02 2.370740596436589271e+02
2.070554556887381921e+02 2.365318823150145704e+02
2.079736745943976928e+02 2.360012422107415091e+02
2.088977699363462932e+02 2.354821354437092964e+02
2.098276018236572611e+02 2.349745999901800815e+02
2.107630196387842147e+02 2.344786805720607958e+02
2.117038849042074560e+02 2.339944162136259251e+02
2.126501237327290141e+02 2.335218209540625480e+02
2.136015254329676623e+02 2.330609785234555602e+02
2.145580029209839097e+02 2.326119095706515338e+02
2.155194263179887741e+02 2.321746626670753813e+02
2.164856607416270720e+02 2.317492782830037754e+02
2.174565568248659986e+02 2.313357707739757529e+02
2.184319638181769392e+02 2.309341508209995766e+02
2.194117321274693495e+02 2.305444301744292375e+02
2.203957130100839379e+02 2.301666213883256660e+02
2.213837442216748173e+02 2.298007097510655399e+02
2.223756384962413222e+02 2.294466278629244584e+02
2.233712085549978497e+02 2.291043023253938031e+02
2.243702919609377489e+02 2.287736534520717555e+02
2.253726812933409462e+02 2.284546177800192481e+02
2.263781641907882829e+02 2.281470699610001986e+02
2.273865490309351856e+02 2.278508038960705164e+02
2.283975828715611271e+02 2.275656318658073474e+02
2.294110375293349193e+02 2.272913536460501973e+02
2.304267431398587860e+02 2.270277510411875994e+02
2.314443925741617818e+02 2.267745714803117778e+02
2.324638091336223340e+02 2.265314568118068905e+02
2.334846713167026451e+02 2.262980898313329021e+02
2.345068032715436459e+02 2.260741099595588253e+02
2.355299371949537601e+02 2.258591787365267010e+02
2.365538363054201909e+02 2.256528772851560234e+02
2.375782854129033410e+02 2.254547459927608770e+02
2.386030001546008350e+02 2.252643371029215871e+02
2.396277903521440464e+02 2.250811785800442522e+02
2.406524661553898454e+02 2.249048236370309439e+02
2.416768391938167895e+02 2.247349414520465700e+02
2.427008025343849340e+02 2.245712339723371542e+02
2.437242456272650486e+02 2.244134099119959842e+02
2.447470487308749796e+02 2.242611794830913254e+02
2.457691038302830862e+02 2.241142538129800812e+02
2.467903330490465521e+02 2.239723660404217185e+02
2.478106603429385473e+02 2.238352580531964122e+02
2.488300249801639552e+02 2.237026733039159296e+02
2.498483522725313151e+02 2.235743541370408138e+02
2.508655964585969969e+02 2.234500502614905031e+02
2.518817240203306369e+02 2.233295430203750698e+02
2.528967081161763133e+02 2.232126199855147490e+02
2.539105287635614729e+02 2.230990693399639042e+02
2.549231748774084281e+02 2.229886811768317898e+02
2.559346424807185088e+02 2.228812605900846506e+02
2.569449393525079017e+02 2.227766394055074670e+02
2.579540846934215779e+02 2.226746549379451210e+02
2.589621017569496644e+02 2.225751463606206642e+02
2.599690201409259771e+02 2.224779546543731783e+02
2.609748783884455747e+02 2.223829362166436567e+02
2.619797243495027033e+02 2.222899675037604652e+02
2.629836117303017886e+02 2.221989281807847476e+02
2.639866007518513129e+02 2.221097019656911584e+02
2.649887556312187371e+02 2.220221721257042020e+02
2.659901490618602224e+02 2.219362329484572172e+02
2.669908601326698658e+02 2.218517872589020214e+02
2.679909655208704748e+02 2.217686814988242361e+02
2.689905501257918559e+02 2.216867037789690471e+02
2.699897088034604735e+02 2.216056423384217453e+02
2.709885402721494643e+02 2.215252907142174763e+02
2.719871467538329171e+02 2.214454471650299752e+02
2.729856337856343202e+02 2.213659146769012978e+02
2.739841102135418964e+02 2.212865000619833609e+02
2.749826880890470306e+02 2.212070105332543051e+02
2.759814823779472590e+02 2.211272587779394030e+02
2.769806113340080742e+02 2.210470610649186369e+02
2.779801963282752126e+02 2.209662374635545348e+02
2.789803618264358533e+02 2.208846118702795707e+02
2.799812354301964206e+02 2.208020140922677399e+02
2.809829486414657822e+02 2.207182904648422834e+02
2.819856341040519396e+02 2.206332881067925769e+02
2.829894280726358033e+02 2.205468597286424881e+02
2.839944695601460012e+02 2.204588628013616187e+02
2.850008999728437971e+02 2.203691729398816221e+02
2.860088633940441696e+02 2.202777134757581905e+02
2.870185043426948823e+02 2.201844196926917618e+02
2.880299635658232091e+02 2.200892253418481630e+02
2.890433889829890290e+02 2.199920736641906558e+02
2.900589175446589820e+02 2.198931461586721525e+02
2.910766590009454831e+02 2.197930938045720666e+02
2.920966833056652945e+02 2.196926138902821890e+02
2.931190588233878884e+02 2.195924125535961764e+02
2.941438390201509492e+02 2.194932060839990413e+02
2.951710238642918966e+02 2.193957301640197102e+02
2.962006136411215493e+02 2.193007697324559047e+02
2.972326041476127898e+02 2.192091259348760843e+02
2.982669067225867252e+02 2.191215766853140963e+02
2.993034880186083342e+02 2.190389223481688248e+02
3.003422378367768601e+02 2.189619353191060895e+02
3.013830576465622357e+02 2.188913816823249476e+02
3.024258171929481023e+02 2.188280244610679972e+02
3.034703707744121175e+02 2.187726272102418079e+02
3.045165406645463122e+02 2.187259397653778308e+02
3.055641843479719455e+02 2.186886360854001907e+02
3.066130757465192573e+02 2.186613078973454094e+02
3.076630612901382733e+02 2.186445694305272696e+02
3.087139171726961990e+02 2.186390217986742073e+02
3.097654028756649041e+02 2.186452391877569141e+02
3.108173259136964361e+02 2.186636596677924160e+02
3.118694818709088281e+02 2.186946555567175210e+02
3.129216552545166223e+02 2.187385983146264437e+02
3.139735977800603450e+02 2.187958493409570053e+02
3.150250940800269746e+02 2.188667484343328908e+02
3.160759381637186038e+02 2.189514876958478169e+02
3.171259289157686112e+02 2.190502174134540212e+02
3.181748611669404454e+02 2.191630880576005609e+02
3.192225336919339043e+02 2.192902538012834839e+02
3.202687436830426577e+02 2.194318372526948906e+02
3.213132831955749680e+02 2.195878553182564588e+02
3.223559849520581224e+02 2.197583197414062113e+02
3.233967030990095282e+02 2.199432563364401005e+02
3.244352099651715662e+02 2.201426619887432992e+02
3.254713490102079732e+02 2.203565415940372247e+02
3.265049587275317435e+02 2.205848668312097800e+02
3.275358690331187290e+02 2.208276045098281770e+02
3.285638893151649995e+02 2.210847135193291706e+02
3.295888915834349859e+02 2.213561826310449590e+02
3.306106918932023859e+02 2.216419968853992088e+02
3.316290855147472598e+02 2.219421507879382887e+02
3.326439097812103682e+02 2.222566613767122874e+02
3.336549766878321748e+02 2.225855405425877223e+02
3.346620995023944261e+02 2.229288079704965355e+02
3.356650864899723388e+02 2.232865477592128798e+02
3.366636432376056405e+02 2.236588556499529545e+02
3.376575637119148041e+02 2.240458753393356517e+02
3.386466098355581948e+02 2.244477470341299465e+02
3.396304797096898938e+02 2.248645681046136815e+02
3.406089889031333655e+02 2.252963144204178434e+02
3.415819962006003720e+02 2.257428718233871905e+02
3.425493319824014407e+02 2.262041174173652962e+02
3.435108211091343833e+02 2.266799308920799092e+02
3.444663100995682044e+02 2.271702237480066628e+02
3.454155698153253411e+02 2.276749560774356098e+02
3.463583849317743102e+02 2.281941419328128120e+02
3.472945655200969099e+02 2.287278281543698597e+02
3.482237966594030922e+02 2.292759954457388858e+02
3.491458612926259093e+02 2.298386969259643706e+02
3.500604892569108415e+02 2.304159873650790189e+02
3.509673825504645492e+02 2.310079229015981923e+02
3.518662286480561079e+02 2.316145638632579562e+02
3.527567367717440447e+02 2.322360054603174717e+02
3.536385412046029728e+02 2.328722950920042081e+02
3.545113590788624833e+02 2.335235183663250780e+02
3.553747922023343904e+02 2.341896889501083194e+02
3.562285022123169256e+02 2.348708852092443919e+02
3.570721271913141095e+02 2.355672014041970215e+02
3.579052156631311732e+02 2.362786382770102023e+02
3.587274589344266360e+02 2.370052496231189139e+02
3.595384125769177786e+02 2.377469976575720239e+02
3.603376811431310216e+02 2.385039177293376440e+02
3.611248305456572893e+02 2.392760556697463983e+02
3.618993805884409767e+02 2.400633695265519236e+02
3.626609592208274648e+02 2.408658487119319034e+02
3.634090704485393530e+02 2.416834000947784205e+02
3.641432886554842412e+02 2.425160611926838214e+02
3.648630167012607330e+02 2.433637375185469409e+02
3.655678158821890520e+02 2.442264680075460035e+02
3.662571506521379092e+02 2.451041581029910503e+02
3.669304467639453264e+02 2.459967258508152668e+02
3.675871414863135556e+02 2.469041962458303487e+02
3.682265522075282433e+02 2.478265294550151623e+02
3.688480265291436808e+02 2.487637372904494555e+02
3.694508444881972196e+02 2.497157856674774052e+02
3.700342495712644109e+02 2.506827115426262367e+02
3.705973843839479400e+02 2.516645289733496043e+02
3.711393122109307683e+02 2.526612404491980328e+02
3.716590726594438365e+02 2.536729509411345589e+02
3.721555697141168935e+02 2.546996591989532135e+02
3.726276564532088287e+02 2.557414164471256868e+02
3.730740835623823273e+02 2.567982053748734188e+02
3.734935253455345219e+02 2.578699903004101088e+02
3.738845483850087135e+02 2.589567571736740774e+02
3.742456060384931220e+02 2.600582573045493859e+02
3.745751606947331993e+02 2.611742721733378403e+02
3.748716449951818390e+02 2.623044211922321551e+02
3.751332981756582399e+02 2.634481424767677140e+02
3.753577374447858688e+02 2.646049372509323803e+02
3.755425194612655559e+02 2.657738260126944851e+02
3.756853980677876734e+02 2.669534830793114111e+02
3.757848148977326446e+02 2.681399869826815348e+02
3.758404509223904597e+02 2.693290363704758192e+02
3.758526225059877106e+02 2.705184269978184943e+02
3.758219825028646710e+02 2.717061184313264448e+02
3.757494682010471365e+02 2.728902005967659647e+02
3.756362367636406816e+02 2.740689411472312713e+02
3.754836376474652866e+02 2.752406990729833183e+02
3.752931173113286150e+02 2.764040855552209450e+02
3.750661869366091992e+02 2.775578910033894999e+02
3.748044066897455764e+02 2.787010303462988645e+02
3.745093077759834728e+02 2.798326362887165146e+02
3.741824224356371928e+02 2.809519526997722210e+02
3.738252928447569161e+02 2.820582977437194927e+02
3.734393015197273371e+02 2.831512595968590631e+02
3.730258273779587626e+02 2.842303590526205426e+02
3.725861480793308260e+02 2.852952435261233290e+02
3.721214842852252787e+02 2.863456785030074343e+02
3.716330375561989285e+02 2.873814472067282964e+02
3.711218900827419134e+02 2.884024160912551338e+02
3.705890721470732387e+02 2.894084329196272165e+02
3.700355174525452640e+02 2.903994064740156205e+02
3.694621439002287957e+02 2.913753160673744560e+02
3.688698759588705798e+02 2.923361237256229401e+02
3.682595114269482792e+02 2.932818661726994947e+02
3.676318390576302022e+02 2.942125203998380130e+02
3.669875013404911783e+02 2.951281737197502935e+02
3.663273006784335166e+02 2.960288136945553106e+02
3.656518840923225753e+02 2.969145784441108162e+02
3.649618492335520159e+02 2.977855869860370035e+02
3.642578633227707314e+02 2.986418522154025368e+02
3.635404112210970311e+02 2.994835375195131064e+02
3.628100719069500428e+02 3.003107509989839627e+02
3.620673955172842398e+02 3.011236119667267417e+02
3.613128669618271260e+02 3.019222617758637739e+02
3.605469356440705724e+02 3.027068351140385971e+02
3.597700281299805738e+02 3.034774642090901580e+02
3.589825949334422717e+02 3.042342643342020096e+02
3.581850146095212040e+02 3.049773849774359178e+02
3.573777082648401802e+02 3.057069223544508532e+02
3.565609416089214960e+02 3.064230590911254239e+02
3.557351324267684163e+02 3.071258365169215949e+02
3.549005318026269151e+02 3.078153828316775957e+02
3.540574340867262322e+02 3.084917717743872458e+02
3.532061184532714151e+02 3.091550732075120322e+02
3.523468054526659330e+02 3.098053822199812544e+02
3.514798617219311154e+02 3.104428162381992138e+02
3.506055799050870974e+02 3.110676587276541909e+02
3.497243626469675064e+02 3.116801183493700478e+02
3.488364997978343922e+02 3.122804634246351156e+02
3.479423070477923829e+02 3.128689283426204497e+02
3.470420579802687939e+02 3.134457047902291720e+02
3.461359943373842043e+02 3.140109523548678112e+02
3.452242920162289579e+02 3.145648528162178650e+02
3.443072535443703828e+02 3.151075138882204669e+02
3.433849925524837090e+02 3.156391320442018582e+02
3.424577678601332877e+02 3.161597839697420795e+02
3.415256989002410251e+02 3.166695974639170004e+02
3.405889449247252401e+02 3.171686682138782203e+02
3.396476786106709369e+02 3.176570805712162837e+02
3.387020397068625925e+02 3.181349266711669088e+02
3.377521617467040187e+02 3.186022785570394262e+02
3.367981881982538539e+02 3.190591939773053127e+02
3.358402436861044862e+02 3.195057352812237923e+02
3.348784168124462894e+02 3.199419726036832685e+02
3.339128656838079223e+02 3.203679425631422646e+02
3.329436888070820828e+02 3.207837086059557805e+02
3.319710186006975619e+02 3.211893162655214837e+02
3.309949211515216803e+02 3.215848316425489202e+02
3.300155719801377927e+02 3.219702749105146040e+02
3.290330443881928772e+02 3.223457153137369460e+02
3.280474574067412163e+02 3.227112193377168978e+02
3.270589284342794940e+02 3.230668542898700366e+02
3.260675721754671486e+02 3.234126857593721525e+02
3.250735009428389048e+02 3.237487779745921443e+02
3.240768331424202984e+02 3.240752135462705610e+02
3.230776973711397204e+02 3.243921048186477947e+02
3.220762199039791085e+02 3.246995657409209457e+02
3.210725236682311561e+02 3.249977092055183334e+02
3.200667052617320678e+02 3.252866534907652181e+02
3.190589215370529814e+02 3.255665345938156179e+02
3.180493233345356430e+02 3.258375329193152083e+02
3.170379882483734377e+02 3.260998455365385098e+02
3.160251252465677112e+02 3.263536323052559283e+02
3.150107932197055334e+02 3.265990972421485026e+02
3.139951908947570018e+02 3.268364516810815417e+02
3.129783974956546331e+02 3.270659709267121684e+02
3.119606240210089254e+02 3.272878972292083404e+02
3.109419437074842563e+02 3.275025063320886716e+02
3.099225122100393151e+02 3.277100552150251929e+02
3.089024757869660789e+02 3.279108546699540057e+02
3.078819535986285700e+02 3.281052436174289824e+02
3.068610626070706644e+02 3.282935567092977749e+02
3.058399617152306860e+02 3.284761221028030604e+02
3.048187376711845786e+02 3.286532568846224649e+02
3.037974531984436908e+02 3.288251393312576738e+02
3.027761547123237165e+02 3.289919020607489983e+02
3.017548856579666108e+02 3.291536764768429748e+02
3.007336802000940565e+02 3.293105928395846149e+02
2.997125906388130261e+02 3.294627742125763348e+02
2.986916392762271357e+02 3.296103322683487704e+02
2.976708537234894152e+02 3.297533718830633802e+02
2.966502593150115104e+02 3.298919965778277401e+02
2.956298790928476024e+02 3.300263084928544117e+02
2.946097326649367574e+02 3.301564033870266712e+02
2.935898348569654672e+02 3.302823638289299311e+02
2.925701982115443229e+02 3.304042692110456301e+02
2.915508333735778024e+02 3.305221974228289810e+02
2.905317490499658675e+02 3.306362247312436011e+02
2.895129485755549581e+02 3.307464185781464039e+02
2.884944344410642998e+02 3.308528333341762959e+02
2.874762101458645702e+02 3.309555215276405988e+02
2.864582715277774128e+02 3.310545343204460664e+02
2.854406153170887137e+02 3.311499204376759167e+02
2.844232354532055638e+02 3.312417192443795670e+02
2.834061231911097707e+02 3.313299599457583327e+02
2.823892685345367681e+02 3.314146695200375348e+02
2.813726602914090336e+02 3.314958731286080820e+02
2.803562859843989372e+02 3.315735935815534958e+02
2.793401297820918785e+02 3.316478439612002944e+02
2.783241737301098055e+02 3.317186290678141063e+02
2.773084701870657796e+02 3.317859744633800005e+02
2.762930968601815493e+02 3.318499469403708417e+02
2.752780413556283747e+02 3.319106263918610580e+02
2.742632799835235460e+02 3.319680849975591173e+02
2.732487879935679302e+02 3.320223891972304386e+02
2.722345399724530353e+02 3.320736030760294284e+02
2.712205098534299168e+02 3.321217884033444534e+02
2.702066708512072069e+02 3.321670036372150321e+02
2.691929952052831823e+02 3.322092993139239070e+02
2.681794545668300316e+02 3.322487217082588700e+02
2.671660192600573964e+02 3.322853143591015055e+02
2.661526615594792133e+02 3.323191191639299973e+02
2.651393520080068242e+02 3.323501746214997752e+02
2.641260595561020068e+02 3.323785117559056062e+02
2.631127536130422868e+02 3.324041581472813505e+02
2.620994033065738904e+02 3.324271390581536139e+02
2.610859767179503024e+02 3.324474770217689752e+02
2.600724420839550817e+02 3.324651899460613436e+02
2.590587697238653959e+02 3.324802893718715495e+02
2.580449266754296787e+02 3.324927831720961535e+02
2.570308808978775801e+02 3.325026768276283633e+02
2.560166002094030659e+02 3.325099722248206149e+02
2.550020542838080360e+02 3.325145853148972606e+02
2.539872188116193570e+02 3.325162930350234092e+02
2.529720691312738268e+02 3.325148541427355440e+02
2.519565998862589993e+02 3.325100295133673285e+02
2.509408052566658114e+02 3.325015785723592785e+02
2.499246799045045293e+02 3.324892572609390413e+02
2.489082123168984708e+02 3.324728121570013286e+02
2.478914402338763523e+02 3.324520038510461859e+02
2.468743586557219203e+02 3.324265790359066273e+02
2.458569854366253082e+02 3.323962825910433594e+02
2.448393642248968263e+02 3.323608705893191768e+02
2.438214978351926447e+02 3.323200839309931212e+02
2.428034533873296539e+02 3.322736798374036766e+02
2.417852470445218955e+02 3.322213976963527102e+02
2.407669390650000025e+02 3.321629846122181675e+02
2.397485854283859226e+02 3.320981934048317612e+02
2.387302286076333075e+02 3.320267704914853653e+02
2.377119410992198993e+02 3.319484667166121312e+02
2.366937969922793741e+02 3.318630325010701654e+02
2.356758642403739827e+02 3.317702137838289786e+02
2.346582226339868953e+02 3.316697648595550731e+02
2.336409574571619601e+02 3.315614415032280817e+02
2.326241600897125181e+02 3.314449976545432150e+02
2.316079281866489623e+02 3.313201854306602741e+02
2.305923654796467304e+02 3.311867573376113114e+02
2.295775795430068342e+02 3.310444716712559625e+02
2.285636694232342734e+02 3.308930784625785577e+02
2.275507894726458176e+02 3.307323459839149677e+02
2.265390412207162854e+02 3.305620201862431600e+02
2.255285640952656934e+02 3.303818537386219987e+02
2.245195056333856769e+02 3.301916035574145667e+02
2.235120187523019410e+02 3.299910258402577483e+02
2.225062357539047468e+02 3.297798596148693946e+02
2.215023539687764185e+02 3.295578646770095474e+02
2.205005349766760787e+02 3.293247819040669810e+02
2.195009636345231172e+02 3.290803494307990036e+02
2.185038372380235216e+02 3.288243039355118640e+02
2.175093637537567588e+02 3.285563805182427473e+02
2.165177429323617844e+02 3.282763003829908257e+02
2.155292403181734642e+02 3.279837997341282971e+02
2.145440794644973153e+02 3.276785792727800981e+02
2.135625275872039026e+02 3.273603475573684136e+02
2.125848532331024501e+02 3.270288046464492027e+02
2.116113666223552059e+02 3.266836619473951941e+02
2.106423697112088291e+02 3.263245938395028247e+02
2.096782059847268158e+02 3.259512637456379025e+02
2.087192393317051256e+02 3.255633355222590808e+02
2.077658452126015618e+02 3.251604669603036655e+02
2.068184182706571050e+02 3.247423527428004491e+02
2.058772631124860197e+02 3.243090034707083760e+02
2.049426088414830929e+02 3.238605833795026001e+02
2.040146936889668154e+02 3.233972501144360763e+02
2.030937743860392857e+02 3.229191603446363956e+02
2.021801145293149773e+02 3.224264687477369762e+02
2.012739778406637754e+02 3.219193438876342270e+02
2.003756130817983774e+02 3.213979350675678575e+02
1.994853174534792402e+02 3.208624096503823466e+02
1.986033639084413380e+02 3.203129010724857721e+02
1.977300581029820137e+02 3.197495549331172811e+02
1.968657032703501102e+02 3.191725396436814322e+02
1.960106046395488590e+02 3.185820143831557516e+02
1.951650816886544817e+02 3.179781225699136371e+02
1.943294795630707199e+02 3.173610015352212486e+02
1.935041577902354675e+02 3.167307900552191882e+02
1.926894735598986586e+02 3.160876316504510442e+02
1.918858146772108455e+02 3.154316752751143440e+02
1.910935740236831748e+02 3.147630349535990035e+02
1.903131850580668640e+02 3.140818222803910089e+02
1.895451053954110705e+02 3.133881493816837747e+02
1.887898017246706956e+02 3.126821050364408734e+02
1.880477865412914298e+02 3.119637854137313298e+02
1.873195952395523989e+02 3.112332600464417283e+02
1.866058030320875218e+02 3.104905803803400772e+02
1.859070300656090637e+02 3.097358012488106169e+02
1.852239297224859627e+02 3.089689466152407817e+02
1.845572040249207930e+02 3.081900457449316946e+02
1.839075970554971491e+02 3.073990967854398946e+02
1.832759033145489695e+02 3.065961156708279987e+02
1.826629658703959933e+02 3.057810877516145638e+02
1.820696786887364169e+02 3.049540104341416509e+02
1.814969803809930227e+02 3.041148692635527482e+02
1.809458504823444969e+02 3.032636652165861619e+02
1.804173075798912578e+02 3.024004026274223520e+02
1.799124039928843501e+02 3.015251018894890080e+02
1.794322149203726156e+02 3.006377999780356163e+02
1.789778160260805748e+02 2.997385644241347222e+02
1.785502843289538362e+02 2.988274846712870385e+02
1.781506683492770833e+02 2.979046888433760500e+02
1.777799652520947120e+02 2.969703447277826740e+02
1.774391264757849740e+02 2.960246499143174788e+02
1.771289882870909480e+02 2.950678581407818797e+02
1.768502924617212102e+02 2.941002552003785127e+02
