1.765135820954042742e+02 2.931410680509904978e+02
1.762451694342746293e+02 2.921575924127843678e+02
1.760064548262842834e+02 2.911602787001463639e+02
1.757980010981924579e+02 2.901496782275996793e+02
1.756202271814847791e+02 2.891264918211148824e+02
1.754733929171554792e+02 2.880916078647659333e+02
1.753576297009416862e+02 2.870460285400966427e+02
1.752729188147826846e+02 2.859908853492433423e+02
1.752191175991931118e+02 2.849273683260065582e+02
1.751959769141254810e+02 2.838567062281491076e+02
1.752031593547466741e+02 2.827801433231667261e+02
1.752402968433300714e+02 2.816989403742485365e+02
1.753070743208572821e+02 2.806143312116894322e+02
1.754031015312542934e+02 2.795276123161787609e+02
1.755279970626654631e+02 2.784399794738902187e+02
1.756813446887852592e+02 2.773526477943250370e+02
1.758627050162346563e+02 2.762667692073991361e+02
1.760716113457748691e+02 2.751834496531681680e+02
1.763075706121283304e+02 2.741038072844727935e+02
1.765701760168666681e+02 2.730288211039305679e+02
1.768589855034240372e+02 2.719595304472159114e+02
1.771734614127590248e+02 2.708968861474825758e+02
1.775130768677813649e+02 2.698416615534055722e+02
1.778772473736715369e+02 2.687947246672621873e+02
1.782655122460593020e+02 2.677567859692450725e+02
1.786773261744973240e+02 2.667286567193082192e+02
1.791121267288279739e+02 2.657108753037404654e+02
1.795692348031227539e+02 2.647039841714933459e+02
1.800480049091190153e+02 2.637084903730878978e+02
1.805478732909236612e+02 2.627248238340558260e+02
1.810682506395318967e+02 2.617534252808082442e+02
1.816084757867340045e+02 2.607945720967520060e+02
1.821678421360032019e+02 2.598485092532220051e+02
1.827457084265915341e+02 2.589154270965538558e+02
1.833414476334057213e+02 2.579955192554713221e+02
1.839544825742774208e+02 2.570889123966859415e+02
1.845841295767251040e+02 2.561957130407987506e+02
1.852297962793051340e+02 2.553159158674532137e+02
1.858908583913035955e+02 2.544495644233510632e+02
1.865667416679750943e+02 2.535966638380579923e+02
1.872569196104155367e+02 2.527571838469981458e+02
1.879608711360908160e+02 2.519310863120792305e+02
1.886780507907365632e+02 2.511183594068728553e+02
1.894080071060613193e+02 2.503189205195239140e+02
1.901502706227398676e+02 2.495327184040892803e+02
1.909043791396392749e+02 2.487597338275821528e+02
1.916700370070036001e+02 2.479998876667257548e+02
1.924467999725868026e+02 2.472532360269286755e+02
1.932343811794385999e+02 2.465197152307015358e+02
1.940324456192036280e+02 2.457993113861045913e+02
1.948406096915404646e+02 2.450919348996146709e+02
1.956584286233024272e+02 2.443973996918333000e+02
1.964854699524480850e+02 2.437155070785242117e+02
1.973213209172969016e+02 2.430460501891782883e+02
1.981656511060911612e+02 2.423887835284060941e+02
1.990180261740605658e+02 2.417436391086833112e+02
1.998782804902603800e+02 2.411104621170038342e+02
2.007461019270283771e+02 2.404892100738923943e+02
2.016212459581858525e+02 2.398797959365959969e+02
2.025034875722508900e+02 2.392821338135514679e+02
2.033926242584929014e+02 2.386961937406433947e+02
2.042884773475236386e+02 2.381219730265797807e+02
2.051908727910534083e+02 2.375594707702904316e+02
2.060996405926436239e+02 2.370086875536623268e+02
2.070146652129820097e+02 2.364696060271496663e+02
2.079357209966454150e+02 2.359423045502874174e+02
2.088627306681521816e+02 2.354267922141682732e+02
2.097955570797180371e+02 2.349231205653443340e+02
2.107340519072484142e+02 2.344313481053395947e+02
2.116780780775754067e+02 2.339515266631708528e+02
2.126275604900489213e+02 2.334836784831737759e+02
2.135822854293942044e+02 2.330278948826195915e+02
2.145421634139730713e+02 2.325842036360079703e+02
2.155070616714172616e+02 2.321526606395454451e+02
2.164768402503159450e+02 2.317333101102659896e+02
2.174513391517582193e+02 2.313261600267776430e+02
2.184303962576769607e+02 2.309312127404682542e+02
2.194138508503155549e+02 2.305484714533869521e+02
2.204015432672276233e+02 2.301779398895698421e+02
2.213932967192646970e+02 2.298195866681424206e+02
2.223889027045984221e+02 2.294733130370911454e+02
2.233881527974154437e+02 2.291390121570783833e+02
2.243908641540782298e+02 2.288165704788343646e+02
2.253968100342478351e+02 2.285058897546675212e+02
2.264057546339261648e+02 2.282067985316359682e+02
2.274174772166554135e+02 2.279190302546811040e+02
2.284316976831844386e+02 2.276423347325961686e+02
2.294481622384026878e+02 2.273764486016918340e+02
2.304666759108015981e+02 2.271210897802207569e+02
2.314869066658575036e+02 2.268759314167467949e+02
2.325086486603225353e+02 2.266405337844603878e+02
2.335315568463908846e+02 2.264144955522730243e+02
2.345554307222905948e+02 2.261973726108282676e+02
2.355799827911497744e+02 2.259887410876953879e+02
2.366049575255452453e+02 2.257880960541820912e+02
2.376301223254064041e+02 2.255948912413195160e+02
2.386551808813142088e+02 2.254085904292161331e+02
2.396799304344113182e+02 2.252286336434768543e+02
2.407041752694952379e+02 2.250544957131802732e+02
2.417277494938417419e+02 2.248858366229615058e+02
2.427505758733223615e+02 2.247223795349255795e+02
2.437725735085017220e+02 2.245638548071679850e+02
2.447936526606966936e+02 2.244099945060051766e+02
2.458137358323266710e+02 2.242605359583796201e+02
2.468327790512437616e+02 2.241152560068352102e+02
2.478507407716910222e+02 2.239739453402230538e+02
2.488675929185726545e+02 2.238363970376912846e+02
2.498832935560731983e+02 2.237024033243791337e+02
2.508978276062486543e+02 2.235717669816191346e+02
2.519111926073443044e+02 2.234443292831200267e+02
2.529233914983341833e+02 2.233199394923052239e+02
2.539344323463177489e+02 2.231984481359064887e+02
2.549443302201561607e+02 2.230797083083441237e+02
2.559531057466756749e+02 2.229635885611179731e+02
2.569607895159571740e+02 2.228499845831984203e+02
2.579674213086441910e+02 2.227387981650258268e+02
2.589730432511519211e+02 2.226299334316944680e+02
2.599777018750348248e+02 2.225232967544768030e+02
2.609814503066751854e+02 2.224188082965046078e+02
2.619843485534530600e+02 2.223164059410749189e+02
2.629864605501093138e+02 2.222160309620005592e+02
2.639878547959011712e+02 2.221176290271775713e+02
2.649886018605824916e+02 2.220211455348423044e+02
2.659887783727716624e+02 2.219265349523977591e+02
2.669884650709980178e+02 2.218337584705869290e+02
2.679877367464543454e+02 2.217427211939438791e+02
2.689866726061053441e+02 2.216532701915806456e+02
2.699853605914747163e+02 2.215652525025604120e+02
2.709838908375833739e+02 2.214785197626979425e+02
2.719823553392963618e+02 2.213929278346732588e+02
2.729808478947089725e+02 2.213083371665091477e+02
2.739794640261651466e+02 2.212246118780907693e+02
2.749783007217512250e+02 2.211416164552196619e+02
2.759774567561987055e+02 2.210592215645484941e+02
2.769770325718284880e+02 2.209773016316573262e+02
2.779771302148159862e+02 2.208957346248204487e+02
2.789778533290939890e+02 2.208144020556384248e+02
2.799793072089971702e+02 2.207331909041243136e+02
2.809815997951701547e+02 2.206520037343217666e+02
2.819848381115416487e+02 2.205707433825350279e+02
2.829891318930617103e+02 2.204893178855333247e+02
2.839945921516715543e+02 2.204076396428746989e+02
2.850013308731224129e+02 2.203256350861981900e+02
2.860094616815118229e+02 2.202432669852451852e+02
2.870190976085746115e+02 2.201605075916489795e+02
2.880303469152766525e+02 2.200773271542977625e+02
2.890433244013874514e+02 2.199937044659136518e+02
2.900581357496132000e+02 2.199097943396607775e+02
2.910748668244495434e+02 2.198260982531439254e+02
2.920935694425543261e+02 2.197431494078004448e+02
2.931142982685033189e+02 2.196614897516029430e+02
2.941370973137323404e+02 2.195816711263427123e+02
2.951619639706719909e+02 2.195042557591053765e+02
2.961889009381305300e+02 2.194298427971695844e+02
2.972179104287523614e+02 2.193590468760508259e+02
2.982489193088979960e+02 2.192924601597916308e+02
2.992819099891562473e+02 2.192306977467369791e+02
3.003167956632521509e+02 2.191743575851486412e+02
3.013535027172738978e+02 2.191240409406618994e+02
3.023919310464809769e+02 2.190803471158903903e+02
3.034319692090770104e+02 2.190438766290398576e+02
3.044734787375784322e+02 2.190152204597090986e+02
3.055163516140032129e+02 2.189949315731864772e+02
3.065604015662765960e+02 2.189835065357078747e+02
3.076055104119787416e+02 2.189814644538741106e+02
3.086514965965193937e+02 2.189893127439229659e+02
3.096981635761100620e+02 2.190075398604600707e+02
3.107453526791470608e+02 2.190365491605147099e+02
3.117928908955536826e+02 2.190767011836553024e+02
3.128405946304919780e+02 2.191283562025913909e+02
3.138882496983280816e+02 2.191918653034807107e+02
3.149356706650127080e+02 2.192675661803907303e+02
3.159826739483411870e+02 2.193556879430642823e+02
3.170290773094271799e+02 2.194564292616203716e+02
3.180746932791467430e+02 2.195699891248643780e+02
3.191193365969550655e+02 2.196965702011759163e+02
3.201628186043379856e+02 2.198363478673869054e+02
3.212049427418037908e+02 2.199894047778483639e+02
3.222455483586897458e+02 2.201558200855201903e+02
3.232844931953584364e+02 2.203356864989453072e+02
3.243215567145512068e+02 2.205290690956851449e+02
3.253565850594054041e+02 2.207360347839313590e+02
3.263894219020312448e+02 2.209566075275143362e+02
3.274199021231129905e+02 2.211908053477763474e+02
3.284478400435837102e+02 2.214386386622335294e+02
3.294731081222537341e+02 2.217001462501846163e+02
3.304955298090675910e+02 2.219753488246570328e+02
3.315149152305178859e+02 2.222642558439607683e+02
3.325311149629777105e+02 2.225668973017344285e+02
3.335439555227592336e+02 2.228832987992831249e+02
3.345532651718786497e+02 2.232134926224692606e+02
3.355588785520388342e+02 2.235575453214869412e+02
3.365605437503247117e+02 2.239155081821168096e+02
3.375580961276833136e+02 2.242874791048156453e+02
3.385513425547057409e+02 2.246735543811361993e+02
3.395400304125083721e+02 2.250737906472500640e+02
3.405240213897270678e+02 2.254881322532217212e+02
3.415032203953484213e+02 2.259164407888309540e+02
3.424775070866398323e+02 2.263585713985374639e+02
3.434467580634051842e+02 2.268143838140221078e+02
3.444108743453419947e+02 2.272837697399146464e+02
3.453696911387040132e+02 2.277666596323476256e+02
3.463230630623197044e+02 2.282630347873247274e+02
3.472708738067394734e+02 2.287729124418622177e+02
3.482128871341802778e+02 2.292962478377551179e+02
3.491489671963983028e+02 2.298330731811292083e+02
3.500789267177655120e+02 2.303834323189763325e+02
3.510025539179044358e+02 2.309473766630917453e+02
3.519196267954566792e+02 2.315249667269990823e+02
3.528299503941149737e+02 2.321163037933289957e+02
3.537332536905371967e+02 2.327214548415787476e+02
3.546293390949909963e+02 2.333405577956330603e+02
3.555178915630428946e+02 2.339736881825142234e+02
3.563986619433629812e+02 2.346209946033628171e+02
3.572713822575312861e+02 2.352826500040364976e+02
3.581356806495456340e+02 2.359587584073902917e+02
3.589913086469315431e+02 2.366495304855836537e+02
3.598378721685768369e+02 2.373550931570812565e+02
3.606750317073896781e+02 2.380756586232872394e+02
3.615024093898376236e+02 2.388114600272573966e+02
3.623195508138184096e+02 2.395626789331886926e+02
3.631260800305084899e+02 2.403295881400236453e+02
3.639214777544233925e+02 2.411123800840611295e+02
3.647053028283817753e+02 2.419113991106772801e+02
3.654769139587303926e+02 2.427268504718158511e+02
3.662358113911703299e+02 2.435591365301496012e+02
3.669813383860527551e+02 2.444085505258942135e+02
3.677127793336429136e+02 2.452754026549178832e+02
3.684294240975614798e+02 2.461601291196025443e+02
3.691304038970815782e+02 2.470630910392825399e+02
3.698148412390942212e+02 2.479847358539515199e+02
3.704817344874874721e+02 2.489254658070516086e+02
3.711300177948884880e+02 2.498857580495940738e+02
3.717584757149111852e+02 2.508660440763934218e+02
3.723657634876898896e+02 2.518667181137221860e+02
3.729504772474082870e+02 2.528882816886657565e+02
3.735110006581765560e+02 2.539310639761260973e+02
3.740456205007948824e+02 2.549954171637231752e+02
3.745524518254597979e+02 2.560815467358360706e+02
3.750294785773932631e+02 2.571895637410907511e+02
3.754745439780026572e+02 2.583195182167754069e+02
3.758853048064995619e+02 2.594710491955523253e+02
3.762594052392961999e+02 2.606437440852244549e+02
3.765944223758770022e+02 2.618368604424228465e+02
3.768878077290738702e+02 2.630492483830410606e+02
3.771367098941724407e+02 2.642796548067211688e+02
3.773383120499531174e+02 2.655261433343002295e+02
3.774900804066386399e+02 2.667863356809721154e+02
3.775902308699484138e+02 2.680542229912825860e+02
3.776385370319998742e+02 2.693233689860582558e+02
3.776357149578132635e+02 2.705904421568648104e+02
3.775829345707047651e+02 2.718524472069079820e+02
3.774817315517603902e+02 2.731066734612683717e+02
3.773339143048910955e+02 2.743507542160501202e+02
3.771415329084043151e+02 2.755825408690208747e+02
3.769067593058205148e+02 2.768003211107485413e+02
3.766318164623761504e+02 2.780027018313571148e+02
3.763189513524724816e+02 2.791885216814240493e+02
3.759703363832455807e+02 2.803569643339725985e+02
3.755881047685244312e+02 2.815074009749744164e+02
3.751743607357353767e+02 2.826393321114242667e+02
3.747309786920895931e+02 2.837526350776277582e+02
3.742597997482945971e+02 2.848471175655770935e+02
3.737625098734163771e+02 2.859227618511330888e+02
3.732406714013641817e+02 2.869796886669594755e+02
3.726957832054620212e+02 2.880180293070460493e+02
3.721291851991903741e+02 2.890380160905683056e+02
3.715421420557577790e+02 2.900398553342063792e+02
3.709357862994340280e+02 2.910238190901959001e+02
3.703111746534127064e+02 2.919902220828028589e+02
3.696693428107540171e+02 2.929393318296574762e+02
3.690111767608432842e+02 2.938714935916534614e+02
3.683375492341884865e+02 2.947869732670830558e+02
3.676491559510255911e+02 2.956861472153119621e+02
3.669468236111038095e+02 2.965692259691325603e+02
3.662311906032823572e+02 2.974365673641695480e+02
3.655028444460932064e+02 2.982884962147354031e+02
3.647624509161852302e+02 2.991252087686763161e+02
3.640104669032509719e+02 2.999470499744567178e+02
3.632474217698859889e+02 3.007542597185380941e+02
3.624738101260005010e+02 3.015470737330596194e+02
3.616900602560185689e+02 3.023257431261757802e+02
3.608965665994555252e+02 3.030905037468766636e+02
3.600936951835794844e+02 3.038415725697785774e+02
3.592818238182928781e+02 3.045791213642914386e+02
3.584612560876053067e+02 3.053033489789102077e+02
3.576323447640833706e+02 3.060143911977454536e+02
3.567952832924677864e+02 3.067124696913998037e+02
3.559504238220026764e+02 3.073976455354055588e+02
3.550979402818402946e+02 3.080700573709696073e+02
3.542380554784068067e+02 3.087297811133379355e+02
3.533709800180033653e+02 3.093768843754701834e+02
3.524968667996309364e+02 3.100114562319058109e+02
3.516160076897689351e+02 3.106335834933574915e+02
3.507286066647675398e+02 3.112434984998843106e+02
3.498349847722103618e+02 3.118413511308325496e+02
3.489353514985465381e+02 3.124273490099363357e+02
3.480299479896665389e+02 3.130016627150836257e+02
3.471189877967395887e+02 3.135644339684891975e+02
3.462026632455339836e+02 3.141157821328315549e+02
3.452811025973591086e+02 3.146558473996240082e+02
3.443545649400467141e+02 3.151846927457881407e+02
3.434231212121428030e+02 3.157024710848764926e+02
3.424869989006073752e+02 3.162092250556384556e+02
3.415462899835762869e+02 3.167050539979342716e+02
3.406011282186853464e+02 3.171900237680792998e+02
3.396516621636619675e+02 3.176641878707106912e+02
3.386980100249766679e+02 3.181276092439089780e+02
3.377402922389547371e+02 3.185803431555154930e+02
3.367786422239373678e+02 3.190224344172522706e+02
3.358131751977589943e+02 3.194539319829677879e+02
3.348439713097176877e+02 3.198748919950270988e+02
3.338711824145457285e+02 3.202853412627272860e+02
3.328949090772870818e+02 3.206853476342656677e+02
3.319152869567624862e+02 3.210749643586856905e+02
3.309323864245367304e+02 3.214542646914827060e+02
3.299463852699142876e+02 3.218232769259084307e+02
3.289573642072467123e+02 3.221820844723540631e+02
3.279654560476013216e+02 3.225307844329353202e+02
3.269707923278281783e+02 3.228694772178257040e+02
3.259735012012209836e+02 3.231982617842638774e+02
3.249737078133774730e+02 3.235172361352435928e+02
3.239715466499103513e+02 3.238265261714901726e+02
3.229671674683906417e+02 3.241263022701039063e+02
3.219607169388798980e+02 3.244167381224381757e+02
3.209523370869040946e+02 3.246980068191856503e+02
3.199421436683705338e+02 3.249702871123218415e+02
3.189303121286870919e+02 3.252337853152949947e+02
3.179170144675386496e+02 3.254887613514990790e+02
3.169023520848929820e+02 3.257354912023374141e+02
3.158865476750879679e+02 3.259742173020981113e+02
3.148696815672726643e+02 3.262052233981217455e+02
3.138519642711058850e+02 3.264288065506054863e+02
3.128334946049503742e+02 3.266453267545141443e+02
3.118144908459500471e+02 3.268551151119996803e+02
3.107950420530625593e+02 3.270585330485783970e+02
3.097753104498953007e+02 3.272559251709767523e+02
3.087554459495112269e+02 3.274476822459845948e+02
3.077355709786666580e+02 3.276342188534763977e+02
3.067158037240568547e+02 3.278159456850873994e+02
3.056962976192795622e+02 3.279932686968128905e+02
3.046771350603761448e+02 3.281665708670720960e+02
3.036583548570733910e+02 3.283360410117395531e+02
3.026399740893158992e+02 3.285018030354915481e+02
3.016220071759334473e+02 3.286639792138875578e+02
3.006044602943377981e+02 3.288226900926857184e+02
2.995873542784800065e+02 3.289780450117541477e+02
2.985706793013215474e+02 3.291301253825903359e+02
2.975544296797356765e+02 3.292790022144374689e+02
2.965385982299381453e+02 3.294247446788461957e+02
2.955231762388971219e+02 3.295674200844613893e+02
2.945081514978355699e+02 3.297070852784207773e+02
2.934935059830306727e+02 3.298437749313049494e+02
2.924792201706035826e+02 3.299775188183256773e+02
2.914652737109925056e+02 3.301083447250443896e+02
2.904516453813784551e+02 3.302362783079849464e+02
2.894383094811321939e+02 3.303613336298902823e+02
2.884252395212362217e+02 3.304835077050647101e+02
2.874124108763265326e+02 3.306027949806856441e+02
2.863997932902432240e+02 3.307191879463739497e+02
2.853873583206528792e+02 3.308326762718580767e+02
2.843750759105309953e+02 3.309432393075231289e+02
2.833629145163953353e+02 3.310508452439950702e+02
2.823508426597847460e+02 3.311554596285881757e+02
2.813388290042680069e+02 3.312570458217235227e+02
2.803268422909109177e+02 3.313555645300680794e+02
2.793148494747874224e+02 3.314509671390635503e+02
2.783028168241795015e+02 3.315431970106549784e+02
2.772907774018671034e+02 3.316322185485101386e+02
2.762787919885346923e+02 3.317180368699011979e+02
2.752668409343443727e+02 3.318006691386647731e+02
2.742548956650873606e+02 3.318801259298360833e+02
2.732429280206898170e+02 3.319564126835011280e+02
2.722309105568371024e+02 3.320295324285808647e+02
2.712188165384023364e+02 3.320994858363805520e+02
2.702066198775381736e+02 3.321662704920187821e+02
2.691942949284813267e+02 3.322298774400888988e+02
2.681818167685651702e+02 3.322902939632926973e+02
2.671691603817503164e+02 3.323475046471186261e+02
2.661563040233045285e+02 3.324014924858283848e+02
2.651432254750876041e+02 3.324522374762206596e+02
2.641299021436341263e+02 3.324997134347673295e+02
2.631163131317664465e+02 3.325438911122108721e+02
2.621024384570101802e+02 3.325847390622208195e+02
2.610882582161208347e+02 3.326222232481162564e+02
2.600737538871921970e+02 3.326563057296070269e+02
2.590589104735800561e+02 3.326869437473116022e+02
2.580437105495252581e+02 3.327140912653899818e+02
2.570281388741314572e+02 3.327377000538032803e+02
2.560121812299845487e+02 3.327577188684277303e+02
2.549958258160675371e+02 3.327740362463120505e+02
2.539790661461710783e+02 3.327864436328473516e+02
2.529618939311416739e+02 3.327947183221288014e+02
2.519443215392369098e+02 3.327986399781373734e+02
2.509263595662749537e+02 3.327979870541552714e+02
2.499080177458436367e+02 3.327925366018355362e+02
2.488892972329254007e+02 3.327820585417777011e+02
2.478702541120383955e+02 3.327663374460280465e+02
2.468508942620541973e+02 3.327451437294358243e+02
2.458312482731283239e+02 3.327182463738921570e+02
2.448113747021887718e+02 3.326854277187484286e+02
2.437912840879760950e+02 3.326464559104664431e+02
2.427710587576371779e+02 3.326011162633691356e+02
2.417507217469893988e+02 3.325491756510364780e+02
2.407303447389693645e+02 3.324904093542165811e+02
2.397099931594633233e+02 3.324245993582463257e+02
2.386897158530225909e+02 3.323515215705676269e+02
2.376695941299334436e+02 3.322709567459005484e+02
2.366497096993498701e+02 3.321826852211958681e+02
2.356301361082733195e+02 3.320864826149212377e+02
2.346109590624820953e+02 3.319821325088463482e+02
2.335922691918177918e+02 3.318694198065581418e+02
2.325741626283534913e+02 3.317481276037851785e+02
2.315567411862588187e+02 3.316180371940332634e+02
2.305401122662715068e+02 3.314789296942970509e+02
2.295243868162609715e+02 3.313305898227969806e+02
2.285096654549642494e+02 3.311727932642852466e+02
2.274961081055032537e+02 3.310053348126027117e+02
2.264838158931831344e+02 3.308279858913630846e+02
2.254729304095362465e+02 3.306405238371671089e+02
2.244636017015034497e+02 3.304427269591388949e+02
2.234559847137383315e+02 3.302343723210186681e+02
2.224502112085332044e+02 3.300152193140128247e+02
2.214464818756680700e+02 3.297850490663177538e+02
2.204449584595224962e+02 3.295436209347169552e+02
2.194458275390845472e+02 3.292906882767770185e+02
2.184492881680132257e+02 3.290260027436999053e+02
2.174555498704010006e+02 3.287493144591965120e+02
2.164648126192375628e+02 3.284603592926987403e+02
2.154773456953304560e+02 3.281588866672379936e+02
2.144933738062889574e+02 3.278446069287189744e+02
2.135131670016329508e+02 3.275172387134634846e+02
2.125369959651111742e+02 3.271764920697768275e+02
2.115651743267561073e+02 3.268220887788468190e+02
2.105980067411468326e+02 3.264537109710986442e+02
2.096358409190056307e+02 3.260710284410985764e+02
2.086790451473129338e+02 3.256737115946736481e+02
2.077279990898754818e+02 3.252614248863970374e+02
2.067831022013559163e+02 3.248338698836731169e+02
2.058446650431645537e+02 3.243910628417013413e+02
2.049129227240677267e+02 3.239331728785720657e+02
2.039881199816589685e+02 3.234603629757722274e+02
2.030705207292855619e+02 3.229727957209021270e+02
2.021603955669073969e+02 3.224706334283457636e+02
2.012580122262008899e+02 3.219540600378720683e+02
2.003636219828422327e+02 3.214232431765171896e+02
1.994775250355321248e+02 3.208783692143845769e+02
1.985999968689689581e+02 3.203195908779227921e+02
1.977313450592987749e+02 3.197470752339656315e+02
1.968718713486335901e+02 3.191610185771190231e+02
1.960218781901265857e+02 3.185616097992658524e+02
1.951816817858461945e+02 3.179490224862877312e+02
1.943516233063820948e+02 3.173234245456342251e+02
1.935320567985550895e+02 3.166849868562463257e+02
1.927233314980194052e+02 3.160338884647329110e+02
1.919258253313227272e+02 3.153703143251415213e+02
1.911399208025681844e+02 3.146944152742989331e+02
1.903660390382155754e+02 3.140063396802582929e+02
1.896046235776767617e+02 3.133062359980586393e+02
1.888561268821589465e+02 3.125942296877847753e+02
1.881210439126442679e+02 3.118704526837552180e+02
1.873998912507479417e+02 3.111350110237594890e+02
1.866932230612100341e+02 3.103879927263106993e+02
1.860016358044410936e+02 3.096294857499474915e+02
1.853257599918163692e+02 3.088595460839192128e+02
1.846662699011400264e+02 3.080782327724728589e+02
1.840238807020902527e+02 3.072855751951043999e+02
1.833993507588799048e+02 3.064816157681754021e+02
1.827934879026556985e+02 3.056663650877563896e+02
1.822071454300023561e+02 3.048398385519290628e+02
1.816412188058536685e+02 3.040020392822256667e+02
1.810966371675420703e+02 3.031529794649344467e+02
1.805743642842975589e+02 3.022926708048272531e+02
1.800753906672219102e+02 3.014211322257855272e+02
1.796007245313616352e+02 3.005383912054416555e+02
1.791513682052170395e+02 2.996444936825797640e+02
1.787283226101598643e+02 2.987394984949069681e+02
1.783325549904265017e+02 2.978234859745132326e+02
1.779649795177720648e+02 2.968965598521829179e+02
1.776264673618199197e+02 2.959588420852451236e+02
1.773177740954888009e+02 2.950104834790822679e+02
1.770395706636766420e+02 2.940516589123213862e+02
