1.755376781632666905e+02 2.933458252209393891e+02
1.752777923160332421e+02 2.923156117093529360e+02
1.750527568943871870e+02 2.912729569576711128e+02
1.748628867729398166e+02 2.902192265306318859e+02
1.747082527007297870e+02 2.891556551777553636e+02
1.745887221750808465e+02 2.880835855845049878e+02
1.745040052465646170e+02 2.870043472597362779e+02
1.744536489781507953e+02 2.859193297249753982e+02
1.744370765116528332e+02 2.848298801476268522e+02
1.744536154259817522e+02 2.837373054668158261e+02
1.745025231355674293e+02 2.826428609080928709e+02
1.745830159549462337e+02 2.815477578468199340e+02
1.746943353098581326e+02 2.804531020207860479e+02
1.748356663444953085e+02 2.793600373933053902e+02
1.750062406448878392e+02 2.782695441740485194e+02
1.752052820506253283e+02 2.771826053624154156e+02
1.754320197075943497e+02 2.761001118554935374e+02
1.756856798139868658e+02 2.750228911585481910e+02
1.759654846499597909e+02 2.739517763585600960e+02
1.762707716148814825e+02 2.728874388542297424e+02
1.766008609313634850e+02 2.718306168289767584e+02
1.769550313655045102e+02 2.707819724316464658e+02
1.773326200753375304e+02 2.697420007072643102e+02
1.777329156056682393e+02 2.687113040750143682e+02
1.781553447464135900e+02 2.676903252241249334e+02
1.785992623427742387e+02 2.666796208214261128e+02
1.790640763855037392e+02 2.656795139437101057e+02
1.795491153160139675e+02 2.646903659201602750e+02
1.800537444537311274e+02 2.637125123374019040e+02
1.805774128213060408e+02 2.627462206841406669e+02
1.811195532839936959e+02 2.617917836199932822e+02
1.816795775984373051e+02 2.608493773369322071e+02
1.822568700405201696e+02 2.599191706713626218e+02
1.828508772262431989e+02 2.590012884425483435e+02
1.834610576068002672e+02 2.580958674581485752e+02
1.840869217610413955e+02 2.572029916158602418e+02
1.847278956782330397e+02 2.563227514265204263e+02
1.853834968260614744e+02 2.554551412767349632e+02
1.860532082852300277e+02 2.546002102083611760e+02
1.867365586714853123e+02 2.537579764320302900e+02
1.874331199416361642e+02 2.529284300101675171e+02
1.881424664882557352e+02 2.521115590091257559e+02
1.888641462974713363e+02 2.513073816429327110e+02
1.895977954965538856e+02 2.505158525195155335e+02
1.903430301349323770e+02 2.497369605864639368e+02
1.910994654842251350e+02 2.489707236580351264e+02
1.918668658936527720e+02 2.482170954248302053e+02
1.926448496732032538e+02 2.474761608134911910e+02
1.934331850270906443e+02 2.467478923251866547e+02
1.942315919941896425e+02 2.460323123716651708e+02
1.950397356221972416e+02 2.453293647459423710e+02
1.958572126123055170e+02 2.446388921883515764e+02
1.966836300682009266e+02 2.439607259875125180e+02
1.975186131538252710e+02 2.432946907856187124e+02
1.983618647644792929e+02 2.426405748299055176e+02
1.992129757104604266e+02 2.419983223880380763e+02
2.000717849461353239e+02 2.413677828713985605e+02
2.009379906158252140e+02 2.407489129082243835e+02
2.018113558380430561e+02 2.401416266658089000e+02
2.026916619833992286e+02 2.395458388213697276e+02
2.035787056175407770e+02 2.389615085163864592e+02
2.044723027639111876e+02 2.383886154199877012e+02
2.053722744359552905e+02 2.378271406804491619e+02
2.062784461322804361e+02 2.372770667147616450e+02
2.071906956102967854e+02 2.367383579721301032e+02
2.081087916375461475e+02 2.362110637528946313e+02
2.090326444015924210e+02 2.356951646784520733e+02
2.099621076435979035e+02 2.351906816746127902e+02
2.108970252154321372e+02 2.346976419529097484e+02
2.118372524610535379e+02 2.342160658817536785e+02
2.127827046154854997e+02 2.337459448768801167e+02
2.137331647873809573e+02 2.332873355043501249e+02
2.146885359509736304e+02 2.328402335705872019e+02
2.156486805392513872e+02 2.324046615528610005e+02
2.166134564273638432e+02 2.319806331489640172e+02
2.175827070823988549e+02 2.315681345516756551e+02
2.185562752052236704e+02 2.311671478033232461e+02
2.195340053839359200e+02 2.307776557420579309e+02
2.205157438089066773e+02 2.303996417701599455e+02
2.215013251499167950e+02 2.300330642124369263e+02
2.224905620237151140e+02 2.296778330931141454e+02
2.234832678457911754e+02 2.293338528137703918e+02
2.244792805353722827e+02 2.290010217999130475e+02
2.254783956716858597e+02 2.286792538249489439e+02
2.264804072663636418e+02 2.283684086590052402e+02
2.274851329123460744e+02 2.280682760526078710e+02
2.284923321002659122e+02 2.277786635995871904e+02
2.295017883041954008e+02 2.274993669438001405e+02
2.305133414034077362e+02 2.272301655626766603e+02
2.315267044340043583e+02 2.269708152326470270e+02
2.325417188162509490e+02 2.267209804965313822e+02
2.335580874666546265e+02 2.264803648300506893e+02
2.345756523782631575e+02 2.262486312083889572e+02
2.355941678630368017e+02 2.260254646239278884e+02
2.366134218609826974e+02 2.258104847416132088e+02
2.376332251057637563e+02 2.256032798567560178e+02
2.386533212872432443e+02 2.254034495918382106e+02
2.396735435446823033e+02 2.252105711627676214e+02
2.406937246343574941e+02 2.250242463406044067e+02
2.417136972705507105e+02 2.248441866496909824e+02
2.427333713954126040e+02 2.246701350894408336e+02
2.437526528226143228e+02 2.245018416291971164e+02
2.447714376824017108e+02 2.243390579451476015e+02
2.457896323324727064e+02 2.241815363278716404e+02
2.468071707249639530e+02 2.240290482913235053e+02
2.478239876220341387e+02 2.238813734326657539e+02
2.488400319410598343e+02 2.237382932562322537e+02
2.498552380248403040e+02 2.235995883270304887e+02
2.508695671579160091e+02 2.234650450889460274e+02
2.518829905477669513e+02 2.233344764076124704e+02
2.528954849820466677e+02 2.232077005884623873e+02
2.539070332324880894e+02 2.230845367206158869e+02
2.549176261031018100e+02 2.229648059310103179e+02
2.559272599165005317e+02 2.228483416290243326e+02
2.569359406076897585e+02 2.227349985391660425e+02
2.579436848475691590e+02 2.226246362740648976e+02
2.589505126203595182e+02 2.225171163659683771e+02
2.599564495324272571e+02 2.224123021266905198e+02
2.609615289126237485e+02 2.223100695974846417e+02
2.619657921123317692e+02 2.222103112898374206e+02
2.629692857403850894e+02 2.221129226459322581e+02
2.639720625471958328e+02 2.220178030868452481e+02
2.649741782082158466e+02 2.219248515344038992e+02
2.659756963909905494e+02 2.218339763927519073e+02
2.669766862059922801e+02 2.217450932532031516e+02
2.679772073806073536e+02 2.216580619665224106e+02
2.689773264575454164e+02 2.215726838116550539e+02
2.699771256189659994e+02 2.214887591786289818e+02
2.709766910831161226e+02 2.214060938876046976e+02
2.719761124329437507e+02 2.213244985099684641e+02
2.729754825244257859e+02 2.212437881268300544e+02
2.739748972484551359e+02 2.211637814475045332e+02
2.749744551308987752e+02 2.210842976005761500e+02
2.759742581819269276e+02 2.210051623175880593e+02
2.769744112553968876e+02 2.209262053197230955e+02
2.779750220879826088e+02 2.208472599261035043e+02
2.789762012758118317e+02 2.207681630771153607e+02
2.799780623146037328e+02 2.206887574122125670e+02
2.809807227297279155e+02 2.206089018621453590e+02
2.819842999289766112e+02 2.205284559493065331e+02
2.829889155389397501e+02 2.204472845516053496e+02
2.839946935851060630e+02 2.203652570974951743e+02
2.850017601734180630e+02 2.202822588936405737e+02
2.860102441425846678e+02 2.201982166718397025e+02
2.870202746035017753e+02 2.201130677799405646e+02
2.880319765387264965e+02 2.200267478062092152e+02
2.890454827831697457e+02 2.199392014396097181e+02
2.900609161377825558e+02 2.198505864875343150e+02
2.910783756283194634e+02 2.197614806570895496e+02
2.920979225438544518e+02 2.196725020417567293e+02
2.931196194565463315e+02 2.195842775843260029e+02
2.941435160414154097e+02 2.194974442287264935e+02
2.951696111948716066e+02 2.194126520834073801e+02
2.961979074154290856e+02 2.193305921265008465e+02
2.972284049064034548e+02 2.192519710580409082e+02
2.982610230414026660e+02 2.191774726523970003e+02
2.992957377090965565e+02 2.191078034616620869e+02
3.003324511200859206e+02 2.190436467552220563e+02
3.013710783658554533e+02 2.189856837372363145e+02
3.024115053592631170e+02 2.189345930812054348e+02
3.034536047004258421e+02 2.188910543572763459e+02
3.044972194338520808e+02 2.188557356064868031e+02
3.055422254854161679e+02 2.188292490079679169e+02
3.065884174934613497e+02 2.188121380673274814e+02
3.076356606801030580e+02 2.188049688797231340e+02
3.086837532804895545e+02 2.188082951210402882e+02
3.097324776483055189e+02 2.188226478178314949e+02
3.107816587337753163e+02 2.188484494262476119e+02
3.118311080728132083e+02 2.188860689926145824e+02
3.128806262690064841e+02 2.189358749940274720e+02
3.139299821564040940e+02 2.189982262758891522e+02
3.149789752138077574e+02 2.190734645388986337e+02
3.160274100351780930e+02 2.191618050343216737e+02
3.170750940496013186e+02 2.192634273509776506e+02
3.181218298730745460e+02 2.193785112890143694e+02
3.191674230061378807e+02 2.195072402915799614e+02
3.202116761986703750e+02 2.196497686761561567e+02
3.212543852850398594e+02 2.198061525777123961e+02
3.222953840231097615e+02 2.199764439099981530e+02
3.233345257591228687e+02 2.201607082974695970e+02
3.243715838190236127e+02 2.203589830787667836e+02
3.254063998311157206e+02 2.205713108746550688e+02
3.264388111625260649e+02 2.207976971713850958e+02
3.274686461984321113e+02 2.210381420665002850e+02
3.284957125787473728e+02 2.212926377988232218e+02
3.295198777161706403e+02 2.215612055187085900e+02
3.305409560698118980e+02 2.218438564830056237e+02
3.315587442427050178e+02 2.221406024211700583e+02
3.325730794041789409e+02 2.224514764212534601e+02
3.335837737055596222e+02 2.227765066152195175e+02
3.345906402818523588e+02 2.231157282486280167e+02
3.355934912781529533e+02 2.234692283408253672e+02
3.365920431367384253e+02 2.238370946274241078e+02
3.375860987441387806e+02 2.242194615930683881e+02
3.385754301285894030e+02 2.246164607902850037e+02
3.395597477400415869e+02 2.250281815653771673e+02
3.405388805197779902e+02 2.254545871250961966e+02
3.415127026800012118e+02 2.258955482021800378e+02
3.424810616327573598e+02 2.263509276171815259e+02
3.434438002938122168e+02 2.268205914608749936e+02
3.444007840649412060e+02 2.273044371036536972e+02
3.453518080969496964e+02 2.278024047458138739e+02
3.462966836135777839e+02 2.283144860709727197e+02
3.472352482213649409e+02 2.288407063624148350e+02
3.481672183509390948e+02 2.293810271551142819e+02
3.490924079888068263e+02 2.299354828418538261e+02
3.500105802695414923e+02 2.305041117221991840e+02
3.509214725118376919e+02 2.310869553746259726e+02
3.518248094632516541e+02 2.316840614118679866e+02
3.527203392511470383e+02 2.322955141111479804e+02
3.536077362037144098e+02 2.329213555089339991e+02
3.544867531160538761e+02 2.335616767014874426e+02
3.553570290149153266e+02 2.342165015235429166e+02
3.562182639784060711e+02 2.348859207200518426e+02
3.570701366687479776e+02 2.355700440219231382e+02
3.579122326950074466e+02 2.362688988051857848e+02
3.587442700492863423e+02 2.369825850720677636e+02
3.595658301453880767e+02 2.377111161270573518e+02
3.603765443374508095e+02 2.384545817607015010e+02
3.611760060663197578e+02 2.392130862415902754e+02
3.619637517663405220e+02 2.399866624175960794e+02
3.627394112318413590e+02 2.407753975443685306e+02
3.635024858033343662e+02 2.415792992432025699e+02
3.642525477466742245e+02 2.423985110796386948e+02
3.649889913144004367e+02 2.432330452922021777e+02
3.657113572966504194e+02 2.440830692827159965e+02
3.664190685231316706e+02 2.449486303404290481e+02
3.671115021244324339e+02 2.458297899001474036e+02
3.677880431294984760e+02 2.467267210061627907e+02
3.684479449599517125e+02 2.476395300455784536e+02
3.690904749441452282e+02 2.485683868664033298e+02
3.697148130049574206e+02 2.495134172659346916e+02
3.703200921268955312e+02 2.504748179221906526e+02
3.709053284022402295e+02 2.514527552384527951e+02
3.714694418064501633e+02 2.524473751761030655e+02
3.720113157232983667e+02 2.534589248302023350e+02
3.725296735092259155e+02 2.544875241646879260e+02
3.730231711355406787e+02 2.555333338302941684e+02
3.734903391622611366e+02 2.565964199475538408e+02
3.739296132678495610e+02 2.576768035559267105e+02
3.743393114122476959e+02 2.587744970979916275e+02
3.747176153487715737e+02 2.598892215646160935e+02
3.750627071340323369e+02 2.610206976338549794e+02
3.753727264763882090e+02 2.621684279781966325e+02
3.756456455388657218e+02 2.633316584503787112e+02
3.758789309897190947e+02 2.645096377929438631e+02
3.760700231662381157e+02 2.657010706559046866e+02
3.762165871132378925e+02 2.669042850209817175e+02
3.763169966621168214e+02 2.681147063642724220e+02
3.763709634168885714e+02 2.693273642490859743e+02
3.763789315688716215e+02 2.705396834564122628e+02
3.763417201328886108e+02 2.717493067567862681e+02
3.762604593134859670e+02 2.729540567707128389e+02
3.761365169603304253e+02 2.741519872464301670e+02
3.759714709568938247e+02 2.753412855325691453e+02
3.757670067966781176e+02 2.765204508110379606e+02
3.755248710617816528e+02 2.776882076984541072e+02
3.752468516703580121e+02 2.788434415274454636e+02
3.749346935334471027e+02 2.799852970111568879e+02
3.745901308033915598e+02 2.811130566023797996e+02
3.742148958811455373e+02 2.822260971223999491e+02
3.738105396427056348e+02 2.833240996140573316e+02
3.733785991232643369e+02 2.844066798376544511e+02
3.729204927563751539e+02 2.854735963192603094e+02
3.724375598169619366e+02 2.865247326547286661e+02
3.719311052643118956e+02 2.875599890504884115e+02
3.714023019590280228e+02 2.885793550890369374e+02
3.708522628423606307e+02 2.895828005109223113e+02
3.702819924739440580e+02 2.905703577553651371e+02
3.696924577982316578e+02 2.915421196852500429e+02
3.690846218680118795e+02 2.924981522980360751e+02
3.684593139951572880e+02 2.934385969241138241e+02
3.678173525675616702e+02 2.943635296543914137e+02
3.671593999331925033e+02 2.952731358451924848e+02
3.664862653062214122e+02 2.961674791604322650e+02
3.657985921181607978e+02 2.970467709234329732e+02
3.650969739680555222e+02 2.979111989589933955e+02
3.643820760850852594e+02 2.987608385984379993e+02
3.636543735602429592e+02 2.995959134902632286e+02
3.629144266984457659e+02 3.004165753375235681e+02
3.621627649488893894e+02 3.012229816918683696e+02
3.613998525269620359e+02 3.020153097006777898e+02
3.606261188066799832e+02 3.027937270075457832e+02
3.598419687438976666e+02 3.035583936046187432e+02
3.590478274556105021e+02 3.043094438873771992e+02
3.582440477762062301e+02 3.050470439126755196e+02
3.574310269040059893e+02 3.057713036209191841e+02
3.566090061992237565e+02 3.064824185773287013e+02
3.557783814475940858e+02 3.071804391353319375e+02
3.549393805392081731e+02 3.078655011656535976e+02
3.540922761179951408e+02 3.085376839930499955e+02
3.532373265009958914e+02 3.091970617299836590e+02
3.523747317152808023e+02 3.098437323820415941e+02
3.515048339168886855e+02 3.104778071906525838e+02
3.506278961029856873e+02 3.110995548384330505e+02
3.497442929926832562e+02 3.117091670145281341e+02
3.488542872824424421e+02 3.123068941796840932e+02
3.479581692877976593e+02 3.128929520971344118e+02
3.470561929640004450e+02 3.134675199339558276e+02
3.461485845446716212e+02 3.140307491187730307e+02
3.452355049948571946e+02 3.145828128563850328e+02
3.443172429028185775e+02 3.151238094817417732e+02
3.433938983953380557e+02 3.156539263629069296e+02
3.424657202382273340e+02 3.161732345415333043e+02
3.415328191304965912e+02 3.166818580469158633e+02
3.405953460374927886e+02 3.171798884397960592e+02
3.396534656892650901e+02 3.176674056505761428e+02
3.387073104106372057e+02 3.181444976478743456e+02
3.377570079928861446e+02 3.186112346450367454e+02
3.368026968227757720e+02 3.190676732196898229e+02
3.358444965793930805e+02 3.195138744095219181e+02
3.348824910341627401e+02 3.199499069129803388e+02
3.339168337973150642e+02 3.203758059419434403e+02
3.329476192971004593e+02 3.207916341688699617e+02
3.319749760984129239e+02 3.211974363814572939e+02
3.309989664547613302e+02 3.215932778761155078e+02
3.300197622825754138e+02 3.219791778632815067e+02
3.290374330379209482e+02 3.223552041711703282e+02
3.280520936026488243e+02 3.227214207731066153e+02
3.270638572818634771e+02 3.230778922349739446e+02
3.260728348038020954e+02 3.234246813158775922e+02
3.250791346070725467e+02 3.237618493051132305e+02
3.240828706931918646e+02 3.240894742801564803e+02
3.230841664220756684e+02 3.244076616062922085e+02
3.220831429517347146e+02 3.247165179387080229e+02
3.210799182970255856e+02 3.250161487673335614e+02
3.200745842259273104e+02 3.253066647904047386e+02
3.190672920611146992e+02 3.255881915307206782e+02
3.180581862354002283e+02 3.258608958873468282e+02
3.170473379340436395e+02 3.261249612461688230e+02
3.160349506175689953e+02 3.263805334345632900e+02
3.150210772744793530e+02 3.266278023144519693e+02
3.140059105323709332e+02 3.268669614282388807e+02
3.129895224376763849e+02 3.270982659486041371e+02
3.119721180564462202e+02 3.273219375009661576e+02
3.109537643753399720e+02 3.275382313260776641e+02
3.099346117185439766e+02 3.277473832355923378e+02
3.089148005074924299e+02 3.279496799232479134e+02
3.078944439724076005e+02 3.281454346958676638e+02
3.068736537624116067e+02 3.283349564121842263e+02
3.058525845042676679e+02 3.285185471543738345e+02
3.048313196297094692e+02 3.286965008845210718e+02
3.038099238070565207e+02 3.288689885508517250e+02
3.027884470549012690e+02 3.290361408443755522e+02
3.017669364523557078e+02 3.291980872869190193e+02
3.007454297631687155e+02 3.293549563148979473e+02
2.997239833761803993e+02 3.295068699725025567e+02
2.987026241832514870e+02 3.296539419664876505e+02
2.976813845913551404e+02 3.297962798953496986e+02
2.966602946696952472e+02 3.299339900666947756e+02
2.956393821369853185e+02 3.300671774728093055e+02
2.946186713942263395e+02 3.301959415519478398e+02
2.935981823821487637e+02 3.303203704173854476e+02
2.925779326973326420e+02 3.304405493376950744e+02
2.915579379171682604e+02 3.305565621508164895e+02
2.905382115625078541e+02 3.306684911532690876e+02
2.895187617727687552e+02 3.307764105651282875e+02
2.884995959418729967e+02 3.308803826764989253e+02
2.874807223472387250e+02 3.309804681018160295e+02
2.864621413785005757e+02 3.310767261727134496e+02
2.854438541786162205e+02 3.311692138637465064e+02
2.844258589948939289e+02 3.312579792525522748e+02
2.834081512775682654e+02 3.313430607582860148e+02
2.823907250364793526e+02 3.314244946629358992e+02
2.813735728906630698e+02 3.315023154972120665e+02
2.803566859777758395e+02 3.315765555121482180e+02
2.793400518972478039e+02 3.316472374131704441e+02
2.783236559387643183e+02 3.317143757737640613e+02
2.773075532531238423e+02 3.317780060166071507e+02
2.762918235060826646e+02 3.318382049105882743e+02
2.752764559779786282e+02 3.318950623548289514e+02
2.742614284273058729e+02 3.319486605017004877e+02
2.732467173153580688e+02 3.319990757566764614e+02
2.722322982103151503e+02 3.320463821899977575e+02
2.712181457998141809e+02 3.320906515722099357e+02
2.702042338272519260e+02 3.321319523560459857e+02
2.691905348326638432e+02 3.321703449748421235e+02
2.681770205491907859e+02 3.322058855691818735e+02
2.671636611914918831e+02 3.322386275454117026e+02
2.661504286563596224e+02 3.322686226713741462e+02
2.651372929217588421e+02 3.322959192951469731e+02
2.641242221927723790e+02 3.323205582237155795e+02
2.631111849068821584e+02 3.323425767988346138e+02
2.620981490148008106e+02 3.323620100331891081e+02
2.610850812438594630e+02 3.323788901957108237e+02
2.600719482592051008e+02 3.323932449307130241e+02
2.590587185102832564e+02 3.324050955368104496e+02
2.580453570767338078e+02 3.324144596271351020e+02
2.570318297126814286e+02 3.324213523983436858e+02
2.560181018228144580e+02 3.324257854370063114e+02
2.550041404372665852e+02 3.324276852167593006e+02
2.539899183285656932e+02 3.324268405582206469e+02
2.529754079235662232e+02 3.324230222030247432e+02
2.519606000558132166e+02 3.324160029483805374e+02
2.509454850827252130e+02 3.324055540764847478e+02
2.499300538342642994e+02 3.323914426914864748e+02
2.489142912938317522e+02 3.323734257814273292e+02
2.478982294289874631e+02 3.323512741317218797e+02
2.468818594272194389e+02 3.323247446988603997e+02
2.458651942879752710e+02 3.322935924545103035e+02
2.448482717055518663e+02 3.322575824274594538e+02
2.438310904246102098e+02 3.322164638015848936e+02
2.428137106849112854e+02 3.321700017619917844e+02
2.417961439836477666e+02 3.321179438038661829e+02
2.407784440411990374e+02 3.320600447777609361e+02
2.397606605810101712e+02 3.319960640972017245e+02
2.387428304095884641e+02 3.319257541863083247e+02
2.377250191711572995e+02 3.318488716836453136e+02
2.367072940553712215e+02 3.317651727178006809e+02
2.356897163292293271e+02 3.316744087782619204e+02
2.346723586766884182e+02 3.315763389442387847e+02
2.336552990694224832e+02 3.314707234343095479e+02
2.326386213295987488e+02 3.313573205046732255e+02
2.316224152982969144e+02 3.312358864540129844e+02
2.306067766046162433e+02 3.311061779421472124e+02
2.295918043880825508e+02 3.309679577072611778e+02
2.285775892830185398e+02 3.308209802271326794e+02
2.275642757249634371e+02 3.306650178168270600e+02
2.265519564016854588e+02 3.304998205512810614e+02
2.255407606408328434e+02 3.303251456201072074e+02
2.245308250649491413e+02 3.301407560755989721e+02
2.235222912057261340e+02 3.299464142888929246e+02
2.225152798505298506e+02 3.297418652706655280e+02
2.215099755080844375e+02 3.295268743443238577e+02
2.205065264897639281e+02 3.293011896211491489e+02
2.195051027158682473e+02 3.290645592377027242e+02
2.185058856639371072e+02 3.288167297446896669e+02
2.175090666637414074e+02 3.285574456476090859e+02
2.165148278787999914e+02 3.282864371373128165e+02
2.155234154835349614e+02 3.280034521061247688e+02
2.145350313193983141e+02 3.277082059924493365e+02
2.135499196301751113e+02 3.274004215745496253e+02
2.125683245049230834e+02 3.270798122651068525e+02
2.115905305807011416e+02 3.267461023866234200e+02
2.106168104472990308e+02 3.263989833322965524e+02
2.096474752206671894e+02 3.260381386397569372e+02
2.086828544097832321e+02 3.256632510905826621e+02
2.077232866230501713e+02 3.252739958142278169e+02
2.067691290206798556e+02 3.248700796196282568e+02
2.058206606126066731e+02 3.244514893796413162e+02
2.048780907492242136e+02 3.240183452023931636e+02
2.039416375937595944e+02 3.235707591831242667e+02
2.030115380353955175e+02 3.231088413765795053e+02
2.020880363374851640e+02 3.226326968366773258e+02
2.011713812653432001e+02 3.221424332106912516e+02
2.002618062770981169e+02 3.216381328195055858e+02
1.993595970697575694e+02 3.211198961615028225e+02
1.984650116444261982e+02 3.205877863940360726e+02
1.975783446032711765e+02 3.200418755283270684e+02
1.966998941659070965e+02 3.194822467584655215e+02
1.958299617716262446e+02 3.189089692787959507e+02
1.949688636256586562e+02 3.183220941729800870e+02
1.941169442008867918e+02 3.177216649957465506e+02
1.932745658301703315e+02 3.171077226726422396e+02
1.924420920410925930e+02 3.164803038462895302e+02
1.916199237063802627e+02 3.158394497272325907e+02
1.908084639372034701e+02 3.151851605720374891e+02
1.900081635360059806e+02 3.145174340832640496e+02
1.892195029798480164e+02 3.138362678315421590e+02
1.884429691789569858e+02 3.131416294768504258e+02
1.876791073735873852e+02 3.124334969604563526e+02
1.869284863146407361e+02 3.117118151958536032e+02
1.861917202628682446e+02 3.109765076935037200e+02
1.854694802590983898e+02 3.102275084806439622e+02
1.847624670196147179e+02 3.094647153607343739e+02
1.840714475018936298e+02 3.086880372580772587e+02
1.833972307513932094e+02 3.078973404868802390e+02
1.827407033523414555e+02 3.070925240323343246e+02
1.821027971126956118e+02 3.062734494700228538e+02
1.814845185584383671e+02 3.054400104138941288e+02
1.808869256228646520e+02 3.045920823711874732e+02
1.803111444768269962e+02 3.037295744658443937e+02
1.797583561289239356e+02 3.028524052406362443e+02
1.792298037587104886e+02 3.019605345227359976e+02
1.787267747548626176e+02 3.010539598669594739e+02
1.782505838800366860e+02 3.001327471281568364e+02
1.778025607495841598e+02 2.991970082270769353e+02
1.773840320458985502e+02 2.982469518419960082e+02
1.769962864324383531e+02 2.972828808665869929e+02
1.766405638657693942e+02 2.963051635430065289e+02
1.763180020908623931e+02 2.953143282491368495e+02
1.760296160640304777e+02 2.943109600053260806e+02
