1.763551179639009945e+02 2.931743158595467662e+02
1.760931761820847612e+02 2.921824202346764991e+02
1.758620709133813591e+02 2.911773374848793310e+02
1.756622601583081860e+02 2.901597738402600726e+02
1.754940409438285087e+02 2.891305270373731560e+02
1.753575448682942408e+02 2.880905573434008033e+02
1.752527725901033762e+02 2.870409085149939870e+02
1.751795757711289525e+02 2.859827326998217814e+02
1.751376860113377347e+02 2.849172171750132634e+02
1.751267344056730622e+02 2.838455693246891656e+02
1.751462709912919991e+02 2.827689966371821129e+02
1.751958153267233911e+02 2.816887090892327592e+02
1.752749350121297596e+02 2.806058744386599528e+02
1.753831296048707031e+02 2.795217142081631891e+02
1.755199165674916912e+02 2.784373399249150793e+02
1.756847867831266115e+02 2.773538772587814947e+02
1.758772211404515815e+02 2.762723863454193634e+02
1.760966865885275183e+02 2.751938816673908832e+02
1.763426302201982594e+02 2.741193885864450408e+02
1.766145902033824484e+02 2.730497940006769113e+02
1.769120755084756809e+02 2.719860448723591730e+02
1.772345212149387237e+02 2.709290090575166232e+02
1.775813897367219170e+02 2.698793886914575637e+02
1.779520893589024411e+02 2.688379816911270268e+02
1.783461523765374181e+02 2.678054337390083788e+02
1.787630314000453495e+02 2.667824925687044697e+02
1.792021819945121308e+02 2.657696523158149944e+02
1.796629560254835951e+02 2.647674211345955655e+02
1.801447383796943029e+02 2.637762759890060806e+02
1.806469940210776599e+02 2.627966215700371322e+02
1.811691642000692184e+02 2.618288770752346295e+02
1.817106291687163662e+02 2.608733118714588386e+02
1.822707276006150607e+02 2.599301694121909918e+02
1.828488612652916459e+02 2.589996425825466417e+02
1.834444449078275454e+02 2.580819300377460763e+02
1.840569411535600182e+02 2.571771672025924431e+02
1.846857069413419197e+02 2.562854715046607339e+02
1.853301878068948270e+02 2.554068527691888448e+02
1.859897970283494715e+02 2.545413703881418996e+02
1.866639960269730807e+02 2.536890477136463744e+02
1.873522900607907218e+02 2.528498727970888922e+02
1.880541831435986353e+02 2.520238214479788894e+02
1.887691537720564554e+02 2.512108951673700119e+02
1.894967723211213411e+02 2.504110268453433719e+02
1.902365909695815276e+02 2.496241808477412008e+02
1.909881641683734017e+02 2.488503490320683511e+02
1.917512022790347999e+02 2.480894564646494871e+02
1.925252685480368768e+02 2.473415602727095290e+02
1.933100812358503333e+02 2.466065999622013862e+02
1.941053112157590022e+02 2.458845640341232013e+02
1.949105793838616307e+02 2.451753639800996325e+02
1.957254438516598327e+02 2.444788130636140693e+02
1.965494749139928956e+02 2.437947118507874507e+02
1.973822625046616395e+02 2.431228527684232859e+02
1.982234779477533664e+02 2.424629898596235194e+02
1.990726862945975029e+02 2.418150474280122637e+02
1.999297153356449428e+02 2.411788597833867129e+02
2.007942484356592274e+02 2.405543717300224387e+02
2.016660362369761970e+02 2.399414837950394315e+02
2.025448490313940226e+02 2.393400971882747115e+02
2.034304782390387061e+02 2.387501659408190733e+02
2.043227384539734146e+02 2.381716694374684380e+02
2.052214493934469033e+02 2.376045885332525813e+02
2.061264353435577732e+02 2.370489052828602610e+02
2.070375753817924931e+02 2.365045838066784825e+02
2.079546401538540010e+02 2.359716838695001968e+02
2.088775485639065721e+02 2.354501965330457836e+02
2.098061605238814309e+02 2.349401548474046137e+02
2.107403252741476365e+02 2.344415986121706226e+02
2.116799046119431296e+02 2.339545622645269987e+02
2.126248264713443064e+02 2.334790567082662847e+02
2.135748814306289773e+02 2.330151635317669729e+02
2.145299845454330239e+02 2.325629007674545221e+02
2.154900078512678192e+02 2.321223145541763131e+02
2.164548190638815299e+02 2.316934440646600706e+02
2.174242731588327331e+02 2.312763055398636425e+02
2.183982239640428418e+02 2.308709121717973574e+02
2.193765263912144121e+02 2.304772783044363678e+02
2.203590361443662289e+02 2.300954191857422870e+02
2.213455964694989575e+02 2.297253250731089906e+02
2.223360275178110328e+02 2.293669377804206135e+02
2.233301494038322232e+02 2.290201937420209219e+02
2.243278071741105748e+02 2.286850230994004107e+02
2.253287999373486343e+02 2.283613728079483565e+02
2.263329231655213221e+02 2.280491309116059142e+02
2.273399953275039138e+02 2.277481082612962666e+02
2.283497720025629860e+02 2.274581351351698402e+02
2.293620333803171434e+02 2.271790293749209297e+02
2.303766188292527772e+02 2.269105906279126827e+02
2.313932280991229788e+02 2.266525877396081228e+02
2.324116953882720225e+02 2.264046845197073026e+02
2.334317053373916906e+02 2.261665877869284031e+02
2.344530915804757569e+02 2.259379595888628103e+02
2.354755921062931350e+02 2.257184854888377572e+02
2.364989764303713571e+02 2.255077695440873242e+02
2.375230358838640257e+02 2.253053744618173653e+02
2.385474887719528851e+02 2.251108761969791772e+02
2.395721502846611770e+02 2.249238253630311988e+02
2.405968342853016679e+02 2.247437971402475227e+02
2.416213504827798317e+02 2.245704761369401297e+02
2.426455914312250854e+02 2.244035756752171551e+02
2.436694452356519491e+02 2.242428160651180633e+02
2.446927894459269339e+02 2.240879194862686745e+02
2.457155127232630036e+02 2.239386080487236939e+02
2.467375332843367346e+02 2.237946212301808941e+02
2.477587701148687529e+02 2.236557062076153102e+02
2.487791580262156401e+02 2.235216114917463983e+02
2.497986157758481056e+02 2.233920849890369027e+02
2.508170922127891913e+02 2.232668803112348712e+02
2.518345471820720149e+02 2.231457794436103654e+02
2.528509468470378749e+02 2.230285699724769017e+02
2.538662641862680118e+02 2.229150400068224940e+02
2.548804812996964984e+02 2.228049794065765070e+02
2.558935867111637492e+02 2.226981923174130600e+02
2.569055801142833957e+02 2.225945081403892800e+02
2.579164734161485057e+02 2.224937613109898393e+02
2.589262822225055629e+02 2.223957880990215870e+02
2.599350284986573456e+02 2.223004264754271162e+02
2.609427432009190397e+02 2.222075298934028638e+02
2.619494666402594021e+02 2.221169719876253055e+02
2.629552449849265940e+02 2.220286295052866592e+02
2.639601312641614186e+02 2.219423830772884685e+02
2.649641815964257603e+02 2.218581129777865613e+02
2.659674613824325888e+02 2.217757114797172733e+02
2.669700421764701446e+02 2.216950804275533073e+02
2.679719842314441394e+02 2.216160662965753261e+02
2.689733569067283838e+02 2.215384566935837825e+02
2.699742489319093579e+02 2.214620380991550803e+02
2.709747536142293711e+02 2.213866039341309602e+02
2.719749679231624100e+02 2.213119533864264099e+02
2.729749922928528463e+02 2.212378903088635411e+02
2.739749303470087511e+02 2.211642223271349224e+02
2.749748885398101379e+02 2.210907575968010121e+02
2.759749769830513628e+02 2.210173108075718460e+02
2.769753087939363354e+02 2.209437006929002791e+02
2.779760001518921513e+02 2.208697497272808619e+02
2.789771702733897314e+02 2.207952841504348669e+02
2.799789414434180230e+02 2.207201357871689993e+02
2.809814400174532238e+02 2.206441517333177842e+02
2.819847927546206279e+02 2.205671794845308398e+02
2.829891306276736032e+02 2.204890720456076281e+02
2.839945872514810503e+02 2.204096871191076161e+02
2.850012985760141078e+02 2.203288983627499533e+02
2.860094034305308242e+02 2.202466207941939160e+02
2.870190412254851822e+02 2.201627801614652640e+02
2.880303477702091755e+02 2.200773006193763592e+02
2.890434665226908351e+02 2.199901156471047727e+02
2.900585308138411165e+02 2.199013815199530768e+02
2.910756490222852904e+02 2.198116934172914227e+02
2.920948917579967770e+02 2.197216892816403799e+02
2.931163294968176842e+02 2.196320159688458489e+02
2.941400191593957629e+02 2.195433305068784477e+02
2.951659668048278036e+02 2.194563070770331876e+02
2.961941801815115127e+02 2.193716659507935560e+02
2.972246636337894756e+02 2.192901434987145706e+02
2.982573409347725715e+02 2.192124532885925703e+02
2.992921902425135841e+02 2.191393316797214368e+02
3.003291157425813367e+02 2.190714945508099163e+02
3.013680328683398102e+02 2.190096581878719633e+02
3.024088270334930826e+02 2.189545364013885660e+02
3.034513693405720574e+02 2.189068438193947657e+02
3.044955004637571392e+02 2.188672832751027784e+02
3.055410932117032416e+02 2.188364994889761306e+02
3.065879386518388969e+02 2.188150670567874556e+02
3.076358974272050659e+02 2.188035829943466410e+02
3.086847624671017911e+02 2.188026317812573893e+02
3.097343101168654016e+02 2.188127740595332114e+02
3.107843599929452125e+02 2.188344543464395713e+02
3.118347183668169009e+02 2.188680603822046464e+02
3.128851800866664234e+02 2.189139792046148330e+02
3.139355076205145565e+02 2.189725880665270665e+02
3.149854941576942906e+02 2.190442450286076053e+02
3.160349395784863304e+02 2.191291725476353065e+02
3.170836470301215968e+02 2.192275547190644716e+02
3.181314147281398732e+02 2.193395757794259566e+02
3.191780437104403632e+02 2.194654235491864256e+02
3.202233326789583998e+02 2.196052544774026387e+02
3.212670749242696502e+02 2.197591201203268270e+02
3.223091024005644840e+02 2.199270666194405237e+02
3.233492670192297851e+02 2.201091538899613056e+02
3.243873401834230776e+02 2.203054133731023683e+02
3.254231627377591849e+02 2.205158804989182784e+02
3.264565722863723636e+02 2.207405506077923292e+02
3.274873977811927261e+02 2.209794133259383671e+02
3.285154475455115062e+02 2.212324504246413142e+02
3.295405905643117990e+02 2.214996728426541779e+02
3.305626428151247183e+02 2.217810813199774316e+02
3.315814027193309244e+02 2.220766767689547407e+02
3.325967100312236653e+02 2.223864816851925639e+02
3.336083796243073039e+02 2.227105136537344663e+02
3.346162277427363279e+02 2.230487975534871339e+02
3.356200698925014194e+02 2.234014110021480519e+02
3.366196251375353654e+02 2.237684328859026266e+02
3.376147002550666798e+02 2.241499893846902580e+02
3.386050712800255269e+02 2.245462038278935211e+02
3.395904523153058676e+02 2.249571573616792080e+02
3.405706762519417339e+02 2.253828068859017151e+02
3.415456211550684884e+02 2.258230179926424341e+02
3.425151382576753463e+02 2.262776484243935329e+02
3.434790745174291260e+02 2.267465593510906956e+02
3.444372998060104578e+02 2.272296439291430943e+02
3.453896122510503233e+02 2.277268407675830986e+02
3.463358260285691586e+02 2.282381415075934399e+02
3.472757822913793007e+02 2.287635718116885073e+02
3.482091997632395532e+02 2.293030930560644265e+02
3.491358960692025448e+02 2.298567405866394324e+02
3.500556371384392946e+02 2.304245547563148193e+02
3.509681628510177234e+02 2.310065796423837980e+02
3.518732006039601856e+02 2.316028655682133888e+02
3.527705018219763815e+02 2.322135000930697402e+02
3.536597433034895630e+02 2.328385283729274704e+02
3.545406814424845265e+02 2.334780459502467522e+02
3.554129574577361268e+02 2.341320805553441460e+02
3.562762748952447964e+02 2.348007279246268979e+02
3.571303160720748338e+02 2.354841032536276089e+02
3.579746690796709458e+02 2.361822386018445741e+02
3.588090569240302443e+02 2.368952401551879632e+02
3.596330642353777876e+02 2.376231264844234659e+02
3.604463270082536610e+02 2.383659941981416637e+02
3.612484433823824475e+02 2.391239550259116697e+02
3.620389540412000429e+02 2.398970485674289250e+02
3.628174956024929543e+02 2.406853702473928820e+02
3.635835744505258731e+02 2.414889351136192488e+02
3.643367703608021770e+02 2.423078973128219502e+02
3.650764821244985683e+02 2.431422780457590989e+02
3.658022594149032898e+02 2.439922575271629057e+02
3.665135324137264661e+02 2.448578944787421960e+02
3.672096854899324399e+02 2.457392632600334252e+02
3.678901124979683459e+02 2.466365535722646598e+02
3.685540735695564081e+02 2.475498885053601157e+02
3.692008440238130902e+02 2.484794580667881405e+02
3.698296103384125786e+02 2.494254092218019423e+02
3.704395121109587876e+02 2.503879636300281106e+02
3.710295698342010269e+02 2.513673141500979398e+02
3.715987056025240918e+02 2.523636352223883819e+02
3.721458035029938287e+02 2.533772088238141578e+02
3.726695820747685843e+02 2.544081892080972409e+02
3.731686903748063742e+02 2.554567752966710543e+02
3.736416471937637880e+02 2.565230713708559165e+02
3.740868710521549474e+02 2.576071384314413422e+02
3.745026525757432410e+02 2.587090331727435455e+02
3.748871358416001840e+02 2.598285129698592755e+02
3.752384613787173748e+02 2.609653359800431076e+02
3.755547206445003781e+02 2.621190348699187211e+02
3.758338255193979762e+02 2.632888750510829823e+02
3.760731610024652696e+02 2.644741231264255816e+02
3.762700768221742464e+02 2.656734784798165379e+02
3.764221470388282569e+02 2.668852463203608067e+02
3.765276516504675328e+02 2.681046994667556760e+02
3.765862342139084831e+02 2.693266857374429151e+02
3.765982967788631868e+02 2.705485431318994074e+02
3.765646273577473266e+02 2.717678295444745800e+02
3.764863350655175509e+02 2.729822834090260812e+02
3.763647752658835088e+02 2.741898779365101859e+02
3.762015250794842132e+02 2.753887204437514242e+02
3.759982798933500590e+02 2.765772407460119098e+02
3.757568003946296358e+02 2.777541011150486838e+02
3.754788917189902122e+02 2.789181290001189950e+02
3.751663166537098846e+02 2.800684209809955405e+02
3.748208351307467296e+02 2.812042182522868075e+02
3.744442130147311332e+02 2.823248624526015078e+02
3.740380298565717681e+02 2.834300138778232281e+02
3.736038524372371512e+02 2.845192649346178655e+02
3.731431262645400579e+02 2.855923579169568143e+02
3.726572222928232350e+02 2.866491696146674144e+02
3.721474811070305009e+02 2.876895976623997626e+02
3.716151071823319398e+02 2.887136345048477892e+02
3.710612435761561301e+02 2.897212532291659954e+02
3.704869220606308886e+02 2.907124937626235237e+02
3.698931393026360297e+02 2.916874621993824803e+02
3.692808897108398014e+02 2.926462389298661151e+02
3.686510295346552653e+02 2.935889839828621461e+02
3.680044038817813998e+02 2.945157906920592268e+02
3.673416967745217221e+02 2.954268668162562790e+02
3.666637434022968591e+02 2.963222939970265770e+02
3.659712076208134022e+02 2.972023075488814357e+02
3.652647022403871233e+02 2.980671191854829658e+02
3.645449137717702683e+02 2.989168247225646837e+02
3.638123318672622304e+02 2.997516730001360656e+02
3.630675309176861560e+02 3.005718356039332662e+02
3.623110529537682964e+02 3.013774896724509631e+02
3.615433730864728545e+02 3.021688327617732739e+02
3.607649308291684633e+02 3.029460528187171917e+02
3.599761389099073767e+02 3.037093279634170813e+02
3.591774267603281601e+02 3.044588052411411923e+02
3.583691494990603701e+02 3.051946635187378547e+02
3.575517080117984392e+02 3.059170238170841003e+02
3.567253439496238343e+02 3.066260950145222068e+02
3.558904541297249011e+02 3.073219327872064355e+02
3.550472592163711170e+02 3.080046742777478244e+02
3.541960259752130469e+02 3.086743977826123455e+02
3.533370071046637690e+02 3.093311758951518868e+02
3.524703962988189119e+02 3.099751052167355851e+02
3.515965300027879152e+02 3.106062914263119978e+02
3.507156617492764212e+02 3.112249965821111459e+02
3.498281596086847571e+02 3.118314033912031391e+02
3.489342782074484717e+02 3.124257541866808765e+02
3.480343009471982327e+02 3.130082553768461366e+02
3.471284735198107683e+02 3.135790737032124866e+02
3.462170131386207004e+02 3.141383458157810651e+02
3.453000714575067605e+02 3.146862301820650032e+02
3.443779303848010045e+02 3.152228086860794178e+02
3.434506811264452608e+02 3.157482534058025863e+02
3.425185658222608254e+02 3.162626170273108528e+02
3.415816869795970661e+02 3.167660053705783980e+02
3.406401886295169561e+02 3.172584910252401187e+02
3.396942293218560849e+02 3.177401345300356752e+02
3.387439355727381098e+02 3.182110046246207276e+02
3.377894307385052457e+02 3.186711533846075781e+02
3.368308496340933402e+02 3.191206194142121717e+02
3.358683086715468562e+02 3.195594456618280788e+02
3.349018886461549869e+02 3.199876826316037182e+02
3.339317418944156657e+02 3.204053484473423623e+02
3.329579642337290011e+02 3.208124940224019497e+02
3.319806866047925382e+02 3.212091533746661298e+02
3.309999737609085741e+02 3.215953810418088210e+02
3.300160005075580898e+02 3.219711853840279900e+02
3.290288413081385670e+02 3.223366276831698656e+02
3.280386207127281182e+02 3.226917751716742373e+02
3.270454621780602906e+02 3.230366971802476428e+02
3.260494864297266986e+02 3.233714613803802536e+02
3.250508118184442878e+02 3.236961342542890634e+02
3.240495656783805316e+02 3.240108076202366192e+02
3.230458897898579949e+02 3.243156138785724920e+02
3.220399235192488163e+02 3.246106881952754293e+02
3.210318024001451818e+02 3.248961649142580654e+02
3.200216357426035643e+02 3.251721841735376302e+02
3.190095953767865353e+02 3.254389137264980718e+02
3.179958503514694144e+02 3.256965759557866136e+02
3.169804974346713493e+02 3.259454101218850610e+02
3.159637603910871348e+02 3.261856199307617885e+02
3.149457161442541064e+02 3.264174527257379168e+02
3.139265796618752233e+02 3.266411734969895519e+02
3.129064516116092136e+02 3.268571164539665688e+02
3.118855581233672183e+02 3.270655850944144163e+02
3.108639913816529656e+02 3.272669150435300480e+02
3.098419212555986633e+02 3.274614252145806290e+02
3.088195086905196263e+02 3.276494922700763937e+02
3.077968880863864456e+02 3.278315228517071205e+02
3.067741900309763423e+02 3.280079197886266229e+02
3.057515825398700713e+02 3.281790806913151073e+02
3.047291615927578619e+02 3.283453852668012587e+02
3.037069870569130217e+02 3.285070418085983306e+02
3.026850987599640916e+02 3.286642017425269273e+02
3.016635332261212170e+02 3.288170152269963751e+02
3.006423178848856992e+02 3.289656310916843154e+02
2.996214953559547212e+02 3.291101885614031630e+02
2.986010773905588280e+02 3.292508047376995250e+02
2.975810797113420563e+02 3.293875877458653463e+02
2.965615157329393128e+02 3.295206442197664956e+02
2.955423965342395718e+02 3.296500792675291791e+02
2.945237290492445368e+02 3.297759885617314239e+02
2.935055139327315032e+02 3.298984475669010976e+02
2.924877495188441117e+02 3.300175274036245128e+02
2.914704324344337465e+02 3.301332975071005080e+02
2.904535575445596010e+02 3.302458254715353974e+02
2.894371142812165090e+02 3.303551672434776947e+02
2.884210903150599279e+02 3.304613614523460114e+02
2.874054742271704299e+02 3.305644443800913450e+02
2.863902481025431257e+02 3.306644505907347593e+02
2.853753949178154130e+02 3.307614120247637857e+02
2.843608949350702915e+02 3.308553494226734983e+02
2.833467258353543912e+02 3.309462713613070832e+02
2.823328644658656117e+02 3.310341839068429977e+02
2.813192869129728706e+02 3.311190911227063225e+02
2.803059684091433041e+02 3.312009944981371632e+02
2.792928813753587178e+02 3.312798849780828618e+02
2.782799965714646078e+02 3.313557445823058742e+02
2.772673442717484136e+02 3.314285772156621874e+02
2.762549766951532888e+02 3.314984279768092392e+02
2.752428712593487603e+02 3.315653530236992879e+02
2.742309963608931298e+02 3.316294006583471514e+02
2.732193199763298139e+02 3.316906134220996591e+02
2.722078100381893364e+02 3.317490314000610852e+02
2.711964344342714526e+02 3.318046922698861749e+02
2.701851609400758889e+02 3.318576304193776991e+02
2.691739569797175591e+02 3.319078728192626500e+02
2.681627899648270272e+02 3.319554423180199478e+02
2.671516266662310386e+02 3.320003589696312929e+02
2.661404359857710915e+02 3.320426411625707033e+02
2.651291858407001314e+02 3.320823039941646471e+02
2.641178432498372786e+02 3.321193556260822106e+02
2.631063760819138224e+02 3.321538008932326989e+02
2.620947524247857245e+02 3.321856423007083094e+02
2.610829399110245390e+02 3.322148796183220725e+02
2.600709067502829726e+02 3.322415081548783178e+02
2.590586234452533176e+02 3.322655172475218706e+02
2.580460580792299083e+02 3.322868926332542969e+02
2.570331799934664332e+02 3.323056176798605748e+02
2.560199588568816012e+02 3.323216722666057876e+02
2.550063665298698652e+02 3.323349558612578676e+02
2.539923809508667887e+02 3.323452379349952821e+02
2.529779802824276942e+02 3.323522706607927830e+02
2.519631609140169815e+02 3.323558083248644834e+02
2.509479194460646170e+02 3.323556038199000113e+02
2.499322533980745504e+02 3.323514069268409230e+02
2.489161548276348697e+02 3.323429585050282071e+02
2.478996624102301496e+02 3.323300133200924051e+02
2.468827751444751186e+02 3.323123124497665231e+02
2.458655138235433242e+02 3.322895951655214049e+02
2.448479241650108520e+02 3.322616123911543582e+02
2.438300131647206683e+02 3.322281004728006337e+02
2.428118497197444583e+02 3.321888119101198527e+02
2.417934540521591202e+02 3.321434816067123279e+02
2.407748891154733428e+02 3.320918521852148615e+02
2.397562139359613127e+02 3.320336729618055642e+02
2.387374744806195679e+02 3.319686874237258394e+02
2.377187461413856226e+02 3.318966434507607346e+02
2.367001061109689601e+02 3.318172885504503711e+02
2.356816256804855527e+02 3.317303660173492403e+02
2.346633876922084596e+02 3.316356286941373241e+02
2.336454804330514605e+02 3.315328313559859907e+02
2.326279982950022429e+02 3.314217269735319746e+02
2.316110419576075685e+02 3.313020667254481282e+02
2.305947181406125139e+02 3.311736025007227227e+02
2.295791372176840639e+02 3.310360931009773822e+02
2.285644009800982133e+02 3.308892893468951115e+02
2.275506664197440898e+02 3.307329603077561728e+02
2.265380377786306667e+02 3.305668527729160928e+02
2.255266570590949300e+02 3.303907205470628128e+02
2.245166742191981655e+02 3.302043224188348063e+02
2.235082445464138061e+02 3.300074165867412148e+02
2.225015025020374821e+02 3.297997440553063484e+02
2.214966478347766099e+02 3.295810666817303627e+02
2.204938442508722858e+02 3.293511274187597451e+02
2.194932787297653078e+02 3.291096665956317793e+02
2.184951506664711474e+02 3.288564231105779641e+02
2.174996700949872945e+02 3.285911342968594226e+02
2.165070385739795142e+02 3.283135235244511705e+02
2.155175241214628272e+02 3.280233289346002152e+02
2.145313522475959758e+02 3.277202525310202645e+02
2.135487924571908422e+02 3.274040042604229370e+02
2.125701154106481283e+02 3.270742855339946118e+02
2.115956338429228367e+02 3.267308091778695029e+02
2.106256521879589059e+02 3.263732497037608482e+02
2.096605170316069575e+02 3.260012698543822580e+02
2.087005954856718688e+02 3.256145328417462679e+02
2.077462661703720528e+02 3.252126958111344948e+02
2.067979270991019689e+02 3.247954530303173328e+02
2.058558861305365895e+02 3.243628159120280543e+02
2.049203751219167771e+02 3.239149500231154093e+02
2.039916351508551031e+02 3.234520144083902551e+02
2.030699260856637238e+02 3.229741672873072957e+02
2.021555148014265058e+02 3.224815649086201574e+02
2.012486686039244432e+02 3.219743771133888686e+02
2.003496395225006950e+02 3.214527542022369175e+02
1.994587290519997111e+02 3.209168650579348991e+02
1.985762137588610301e+02 3.203668443718647154e+02
1.977024034982511296e+02 3.198028396475996828e+02
1.968376054073018793e+02 3.192250223353013894e+02
1.959821284381225155e+02 3.186335549370267017e+02
1.951362958633844755e+02 3.180285843179941025e+02
1.943004570091850098e+02 3.174102515734743974e+02
1.934749754828869754e+02 3.167787001104675824e+02
1.926602115365937777e+02 3.161340796753530640e+02
1.918565564257309575e+02 3.154765461762580685e+02
1.910644059093889098e+02 3.148062204067591665e+02
1.902841968820579268e+02 3.141232212988207380e+02
1.895163901622229332e+02 3.134276694379503851e+02
1.887614542246468545e+02 3.127196631296661167e+02
1.880199039119262636e+02 3.119993089640513517e+02
1.872922764745009943e+02 3.112666868870434200e+02
1.865791488901764410e+02 3.105218590920525799e+02
1.858811431279421242e+02 3.097648923243212380e+02
1.851989132813498884e+02 3.089958228276877890e+02
1.845331623078776317e+02 3.082146930126087909e+02
1.838846343514601358e+02 3.074215140621340652e+02
1.832541243276225202e+02 3.066163161042713341e+02
1.826424747892737912e+02 3.057990984381705175e+02
1.820505792194232697e+02 3.049698733428035098e+02
1.814793746584373366e+02 3.041286412757549442e+02
1.809298384977311116e+02 3.032754188972910470e+02
1.804029860634703084e+02 3.024102263600174751e+02
1.798998659657110011e+02 3.015330999327279073e+02
1.794215486183323947e+02 3.006440923431280794e+02
1.789691033934110180e+02 2.997432869451667443e+02
1.785435991345383684e+02 2.988307884815181410e+02
1.781460743343237141e+02 2.979067398306913219e+02
1.777775140190026946e+02 2.969713222952588580e+02
1.774388553270529201e+02 2.960247451615952627e+02
1.771309181918153683e+02 2.950672716155996227e+02
1.768544261542688503e+02 2.940991938942602246e+02
