1.758453808723999146e+02 2.932812652434324718e+02
1.755816353524019746e+02 2.922659795008079300e+02
1.753519114122877056e+02 2.912376122130929161e+02
1.751565638558605826e+02 2.901973845566560612e+02
1.749957245913337545e+02 2.891464623270268817e+02
1.748693277721958452e+02 2.880861301433287167e+02
1.747771528756743749e+02 2.870176846739238385e+02
1.747188160834071198e+02 2.859424896130898333e+02
1.746938071158279513e+02 2.848618838355840808e+02
1.747015157295116978e+02 2.837771775310984594e+02
1.747412560896708840e+02 2.826896381593965657e+02
1.748123017128855849e+02 2.816004963350389971e+02
1.749139547291267149e+02 2.805108901828578496e+02
1.750454574528007754e+02 2.794219928899227057e+02
1.752060898790872159e+02 2.783348262922809795e+02
1.753951195245254553e+02 2.772504124599316242e+02
1.756118175937545232e+02 2.761696861803765728e+02
1.758554527133724719e+02 2.750935215136952365e+02
1.761252862507335806e+02 2.740227958917030264e+02
1.764206877596926120e+02 2.729582310058459029e+02
1.767410080363966642e+02 2.719006096632557501e+02
1.770855540538726700e+02 2.708506390244977524e+02
1.774536872102481482e+02 2.698088624360011067e+02
1.778447202560767550e+02 2.687759247076177758e+02
1.782580995484247239e+02 2.677523141113039742e+02
1.786931994208216850e+02 2.667386275197242185e+02
1.791494393038006763e+02 2.657352283679732068e+02
1.796261569387757220e+02 2.647425129841587932e+02
1.801227257609477022e+02 2.637608507291571982e+02
1.806386014030737783e+02 2.627905424080827856e+02
1.811732220626158210e+02 2.618319110877999378e+02
1.817259970070265354e+02 2.608851573933866348e+02
1.822963054773660758e+02 2.599504705644426963e+02
1.828835887645809635e+02 2.590279946208116257e+02
1.834873001732862576e+02 2.581178839698638967e+02
1.841069432812566049e+02 2.572202375643490768e+02
1.847419304361244485e+02 2.563351531886035559e+02
1.853917638573982458e+02 2.554626297395003860e+02
1.860559121287525670e+02 2.546027191267235423e+02
1.867338898239929961e+02 2.537554412400118053e+02
1.874252532077116484e+02 2.529207844626710084e+02
1.881295557091780211e+02 2.520987280468056611e+02
1.888463241234750285e+02 2.512892791790992817e+02
1.895751744490611088e+02 2.504923800188367693e+02
1.903157033612584428e+02 2.497080059588612073e+02
1.910675038372918664e+02 2.489361564899344330e+02
1.918303131006833837e+02 2.481767581026591358e+02
1.926037219053952754e+02 2.474298673890030500e+02
1.933874730832829414e+02 2.466954264466611733e+02
1.941812623381391916e+02 2.459734267431243211e+02
1.949847386103571978e+02 2.452637884946394706e+02
1.957974920673262318e+02 2.445663407541399579e+02
1.966191242766691119e+02 2.438809014488420530e+02
1.974492553337746301e+02 2.432072815187937636e+02
1.982875843944576957e+02 2.425452544979916070e+02
1.991336963681543466e+02 2.418947513652161092e+02
1.999874277661892563e+02 2.412556053347925626e+02
2.008484722792916841e+02 2.406277584729722889e+02
2.017165899598519445e+02 2.400111094143650803e+02
2.025915599322166543e+02 2.394055571963143620e+02
2.034731785229629111e+02 2.388110479996748268e+02
2.043612629598401895e+02 2.382275499933297453e+02
2.052556357716281354e+02 2.376550327548657435e+02
2.061561242722205805e+02 2.370934670441158119e+02
2.070626105007354738e+02 2.365428058240765097e+02
2.079748690040426311e+02 2.360030969943263415e+02
2.088928219226497731e+02 2.354743202388864916e+02
2.098163330864687737e+02 2.349564969243484711e+02
2.107452559170510540e+02 2.344496551453807456e+02
2.116794576346314329e+02 2.339538194124035897e+02
2.126188763085331459e+02 2.334689981402215437e+02
2.135633137381678353e+02 2.329952726112053654e+02
2.145126962528185004e+02 2.325326606656035437e+02
2.154669071274730072e+02 2.320812084248618987e+02
2.164258284579922531e+02 2.316409609334733375e+02
2.173893381408497305e+02 2.312119566204773378e+02
2.183573137717107215e+02 2.307942341490827118e+02
2.193296333114035690e+02 2.303878338464020601e+02
2.203061748577120511e+02 2.299927975476192330e+02
2.212868094000580186e+02 2.296091545507310627e+02
2.222713949905316042e+02 2.292369088935959383e+02
2.232597891639239833e+02 2.288760626546395258e+02
2.242518732408769324e+02 2.285266122473087762e+02
2.252474797819930643e+02 2.281885728694902582e+02
2.262464443305822215e+02 2.278619190870133764e+02
2.272486351040489012e+02 2.275465712094765252e+02
2.282538528007103196e+02 2.272424728637954274e+02
2.292619202429950178e+02 2.269495562505923942e+02
2.302727193591060200e+02 2.266677363180126008e+02
2.312859902877711704e+02 2.263969168006676114e+02
2.323016176508853334e+02 2.261369085810592026e+02
2.333193239001002155e+02 2.258875711624990004e+02
2.343389846868595896e+02 2.256487172366685741e+02
2.353603695551007036e+02 2.254201874211779284e+02
2.363832801664012777e+02 2.252017458154540748e+02
2.374075387478083883e+02 2.249931186954389943e+02
2.384328830837967814e+02 2.247940494149453627e+02
2.394591501096884087e+02 2.246042545598419053e+02
2.404861628950238810e+02 2.244234587039817939e+02
2.415136893093417143e+02 2.242513746749788766e+02
2.425415680597224366e+02 2.240876902766530065e+02
2.435696328453101387e+02 2.239320996790983997e+02
2.445977054808767832e+02 2.237842986866534716e+02
2.456256171614463710e+02 2.236439738167301812e+02
2.466532204983894587e+02 2.235107911748492882e+02
2.476803669621147037e+02 2.233844136868455337e+02
2.487069270470232141e+02 2.232645040580941895e+02
2.497327546382928745e+02 2.231507239316785558e+02
2.507577368131939579e+02 2.230427323957236467e+02
2.517817690294566546e+02 2.229401975848502957e+02
2.528047551245165039e+02 2.228427886929723343e+02
2.538266089919402191e+02 2.227501741159916833e+02
2.548472571520031238e+02 2.226620226652213148e+02
2.558666351677983073e+02 2.225780149941464003e+02
2.568846926405166755e+02 2.224978532711927244e+02
2.579013954854365238e+02 2.224212431257213041e+02
2.589167167166833110e+02 2.223478909802504120e+02
2.599306394959648401e+02 2.222775040273373293e+02
2.609431607257072869e+02 2.222098089057131745e+02
2.619542915748893961e+02 2.221445580831200175e+02
2.629640527810202002e+02 2.220815067736853052e+02
2.639724754844240806e+02 2.220204133450724839e+02
2.649795981093698742e+02 2.219610354322708474e+02
2.659854731308257669e+02 2.219031494715960946e+02
2.669901640709192066e+02 2.218465476652395694e+02
2.679937370465820550e+02 2.217909653883699264e+02
2.689962764465480518e+02 2.217360784980922119e+02
2.699978821400309243e+02 2.216815631361198200e+02
2.709986616284664933e+02 2.216271064208119981e+02
2.719987291962158906e+02 2.215724038524982689e+02
2.729982050829657396e+02 2.215171559011651254e+02
2.739972156403643453e+02 2.214610670777774999e+02
2.749958937587954324e+02 2.214038421499870424e+02
2.759943768704189893e+02 2.213451891724607208e+02
2.769928086687441464e+02 2.212848190146745253e+02
2.779913386699276430e+02 2.212224467418789402e+02
2.789901221548581134e+02 2.211577916890973086e+02
2.799893201185491307e+02 2.210905774727567064e+02
2.809890989181973282e+02 2.210205352333190945e+02
2.819896316673080037e+02 2.209473946948832292e+02
2.829910959318476671e+02 2.208708918411963964e+02
2.839936752168753173e+02 2.207907680539983062e+02
2.849975586058617409e+02 2.207067822522545271e+02
2.860029402747714471e+02 2.206187379545936551e+02
2.870100184580168730e+02 2.205264507091396808e+02
2.880189926211909892e+02 2.204297354317512827e+02
2.890300693647653247e+02 2.203284180071369462e+02
2.900434441444377285e+02 2.202226493562111784e+02
2.910592757636659371e+02 2.201132208468056888e+02
2.920776819344956721e+02 2.200009910062285883e+02
2.930987687981379395e+02 2.198868274118940178e+02
2.941226226311137566e+02 2.197716087076089480e+02
2.951492744418767984e+02 2.196562596039211144e+02
2.961787423960321917e+02 2.195417891312190477e+02
2.972110323033775785e+02 2.194292248234780800e+02
2.982460655431078180e+02 2.193195714178079641e+02
2.992838050290906153e+02 2.192138555211978712e+02
3.003241344599659897e+02 2.191130843678090798e+02
3.013669394031929869e+02 2.190182660511351003e+02
3.024120677611755355e+02 2.189304053302092541e+02
3.034593451504771338e+02 2.188505066940115853e+02
3.045085592653928188e+02 2.187795570754108496e+02
3.055595312923189795e+02 2.187184317887328575e+02
3.066119979197831640e+02 2.186679007727381645e+02
3.076657628184450459e+02 2.186287550507806259e+02
3.087205550258282187e+02 2.186017715842346547e+02
3.097760834057041279e+02 2.185876900573575767e+02
3.108321133295671075e+02 2.185870468541927494e+02
3.118884013352655984e+02 2.186002828373730154e+02
3.129446910136402948e+02 2.186278371536836573e+02
3.140006906839215048e+02 2.186701379929997984e+02
3.150561431654485887e+02 2.187275787947716310e+02
3.161108121393958754e+02 2.188003464512328833e+02
3.171644702103583313e+02 2.188885687728438540e+02
3.182168864278013416e+02 2.189923734316562900e+02
3.192678345139090084e+02 2.191118915431127334e+02
3.203170890268594917e+02 2.192472142627100311e+02
3.213644258049339442e+02 2.193983020495060714e+02
3.224096651360794112e+02 2.195651057806188930e+02
3.234526509659064004e+02 2.197475906261617524e+02
3.244931443588980073e+02 2.199456921585794476e+02
3.255309800822606690e+02 2.201593578478188817e+02
3.265659867999175390e+02 2.203885085010881255e+02
3.275979851840169772e+02 2.206330607554480139e+02
3.286267758818157745e+02 2.208929231118122232e+02
3.296522250040675317e+02 2.211680349253968529e+02
3.306741364383445330e+02 2.214583482277932944e+02
3.316922851459229378e+02 2.217638476429664252e+02
3.327064885122028386e+02 2.220845420293845791e+02
3.337165376278726399e+02 2.224204343831005417e+02
3.347222239210022394e+02 2.227715368309092696e+02
3.357233184527332810e+02 2.231379645152323974e+02
3.367194710185603981e+02 2.235198797760178024e+02
3.377104181607285796e+02 2.239174934754909430e+02
3.386958604161047219e+02 2.243310108070411957e+02
3.396754301378625769e+02 2.247605911455002854e+02
3.406488768723281737e+02 2.252062656064751138e+02
3.416159912387573740e+02 2.256679695918674611e+02
3.425765314843776537e+02 2.261456269549487104e+02
3.435302466509905344e+02 2.266391613527435140e+02
3.444769022982808906e+02 2.271485283327263573e+02
3.454161727518107909e+02 2.276737509114810791e+02
3.463477359413911358e+02 2.282149120493579630e+02
3.472712888651154799e+02 2.287721226040456202e+02
3.481863978752230651e+02 2.293454223752040946e+02
3.490927209636108728e+02 2.299349161499770275e+02
3.499898601685121093e+02 2.305406972287167093e+02
3.508773842988483693e+02 2.311628516406308620e+02
3.517548407725368520e+02 2.318014623821452460e+02
3.526217900902754536e+02 2.324566384819225391e+02
3.534777214926362490e+02 2.331284185100218167e+02
3.543222262401122862e+02 2.338168210225703660e+02
3.551547853029215389e+02 2.345217774997279605e+02
3.559749302580607377e+02 2.352432720771249706e+02
3.567821625231774192e+02 2.359812930199427967e+02
3.575759220261605833e+02 2.367356899415583769e+02
3.583558355685701144e+02 2.375062679563793040e+02
3.591214121573898410e+02 2.382927285196697085e+02
3.598722037745521902e+02 2.390948309895313457e+02
3.606077256921648200e+02 2.399123324774793389e+02
3.613275016934701966e+02 2.407448418583850867e+02
3.620312232274745270e+02 2.415919021950651313e+02
3.627184898813690097e+02 2.424529740613057527e+02
3.633889659221849797e+02 2.433276249866537171e+02
3.640421874845225148e+02 2.442153059029273550e+02
3.646778734563977196e+02 2.451155257718815221e+02
3.652957281454732765e+02 2.460276379537365301e+02
3.658954490431853515e+02 2.469510103745615766e+02
3.664767586564540807e+02 2.478851014078188655e+02
3.670393136770529736e+02 2.488293305929437054e+02
3.675828214001689389e+02 2.497831638701156862e+02
3.681069734603678967e+02 2.507460488030937995e+02
3.686114613870947778e+02 2.517175070301871358e+02
3.690959397494598306e+02 2.526970755373309316e+02
3.695600417147998087e+02 2.536843268992767833e+02
3.700033678990079693e+02 2.546789723141327215e+02
3.704254513302204259e+02 2.556807204109729810e+02
3.708258246508083857e+02 2.566893708298131855e+02
3.712039975171771857e+02 2.577047544083663411e+02
3.715594593064869855e+02 2.587267806460725410e+02
3.718916052221334212e+02 2.597554895902071053e+02
3.721997911409550284e+02 2.607909035202941936e+02
3.724833954496544379e+02 2.618331671181582010e+02
3.727417997786596970e+02 2.628824599090006586e+02
3.729741072037555796e+02 2.639390423548807689e+02
3.731784314803649067e+02 2.650034200779347771e+02
3.733527061785860610e+02 2.660758535533214513e+02
3.734949474759622490e+02 2.671563598458938031e+02
3.736037753006639832e+02 2.682435944970285391e+02
3.736786737048959139e+02 2.693358500722508779e+02
3.737194268821767764e+02 2.704322719462572309e+02
3.737260221138390648e+02 2.715319516706321679e+02
3.736986379555406188e+02 2.726339179145339813e+02
3.736376146510482954e+02 2.737371715282823175e+02
3.735434210659379346e+02 2.748406453804747684e+02
3.734165843578265935e+02 2.759432961856861652e+02
3.732577186207374780e+02 2.770440872741565954e+02
3.730675239251605149e+02 2.781419743351417537e+02
3.728467311217157203e+02 2.792359774944344508e+02
3.725961018670554949e+02 2.803251261379510879e+02
3.723164369657892507e+02 2.814084437760605510e+02
3.720084660056318171e+02 2.824850951607280081e+02
3.716729583398804380e+02 2.835541741426431486e+02
3.713106511065536210e+02 2.846148425406983051e+02
3.709222980496105606e+02 2.856663495053023212e+02
3.705086854143352184e+02 2.867079629647926708e+02
3.700705316360329675e+02 2.877390122713674714e+02
3.696085366267102472e+02 2.887588141453833828e+02
3.691233516797105949e+02 2.897667423331045029e+02
3.686157027009669491e+02 2.907622855226259730e+02
3.680863661357876708e+02 2.917449554066853921e+02
3.675360193377504743e+02 2.927143386389008697e+02
3.669653388600164021e+02 2.936699847212314012e+02
3.663748952312409983e+02 2.946115628373675008e+02
3.657654855477800879e+02 2.955387401611354790e+02
3.651377944249098846e+02 2.964513536999912731e+02
3.644924579229071355e+02 2.973492407550133976e+02
3.638301738002999173e+02 2.982321581679252631e+02
3.631514881705620041e+02 2.991000283209610870e+02
3.624570857276182210e+02 2.999527939909152678e+02
3.617476305630441971e+02 3.007904343952768045e+02
3.610237196216779125e+02 3.016129626418676821e+02
3.602859101994548041e+02 3.024203980182115856e+02
3.595347419228276067e+02 3.032127796382434326e+02
3.587707929991505011e+02 3.039901656200570983e+02
3.579945692565067930e+02 3.047526601107674082e+02
3.572066112018694639e+02 3.055003258288189159e+02
3.564073033808288073e+02 3.062333167834636356e+02
3.555971702422347107e+02 3.069516569315033507e+02
3.547765676074784551e+02 3.076554579671836791e+02
3.539458881433266129e+02 3.083447848864878438e+02
3.531055053827401480e+02 3.090197044651208671e+02
3.522557319993558735e+02 3.096803142242380886e+02
3.513970383426636772e+02 3.103267644081178105e+02
3.505298363500796768e+02 3.109593999269266078e+02
3.496546413504099178e+02 3.115784989079926959e+02
3.487718525033213268e+02 3.121844028042889931e+02
3.478818876399921578e+02 3.127774216562767151e+02
3.469850965400142400e+02 3.133577936875619798e+02
3.460817787310347171e+02 3.139257040714699656e+02
3.451721659247135676e+02 3.144813614685205039e+02
3.442566126116299756e+02 3.150249035724774558e+02
3.433352831812600812e+02 3.155565552131776030e+02
3.424084727116202203e+02 3.160764066546558979e+02
3.414763320309226060e+02 3.165845908592226579e+02
3.405390502037715805e+02 3.170812099762977141e+02
3.395968285540949978e+02 3.175663558884498912e+02
3.386498341144601909e+02 3.180401274697225631e+02
3.376982226300728485e+02 3.185025965646483428e+02
3.367421576469920979e+02 3.189538189071981833e+02
3.357817836366624533e+02 3.193938552479299915e+02
3.348172091943934561e+02 3.198227743354585186e+02
3.338486114091710419e+02 3.202406136195116915e+02
3.328761103075416372e+02 3.206474412074257998e+02
3.318998590758357068e+02 3.210433089565148066e+02
3.309199454686635704e+02 3.214282890815292717e+02
3.299365637358894787e+02 3.218024095410779069e+02
3.289498108161212144e+02 3.221657530137118783e+02
3.279598345501485710e+02 3.225184149506699782e+02
3.269667811140689082e+02 3.228604942747502378e+02
3.259707930188906175e+02 3.231920887938675264e+02
3.249720095348549762e+02 3.235132957584366409e+02
3.239705809850805736e+02 3.238242452649303118e+02
3.229666756078252092e+02 3.241251194427551354e+02
3.219604582797485364e+02 3.244161047538829621e+02
3.209520887041858828e+02 3.246973874414435954e+02
3.199416999776983062e+02 3.249691602094994778e+02
3.189294887880675446e+02 3.252316550979134604e+02
3.179156522276529699e+02 3.254851704316200767e+02
3.169003159865010275e+02 3.257300217076618196e+02
3.158837258755297626e+02 3.259664914264253071e+02
3.148659848134891490e+02 3.261949049403755225e+02
3.138473300970421178e+02 3.264156169742353768e+02
3.128278900783766403e+02 3.266290571588579610e+02
3.118079105845193340e+02 3.268356272751506140e+02
3.107875068903243232e+02 3.270357599153835508e+02
3.097668659755026397e+02 3.272298732438519551e+02
3.087461653623935263e+02 3.274184466016719739e+02
3.077255553913477684e+02 3.276019910544797540e+02
3.067051798853782429e+02 3.277810145169064526e+02
3.056852152345184095e+02 3.279560209266377342e+02
3.046657611598096764e+02 3.281274789439846700e+02
3.036468518603307416e+02 3.282955941140926939e+02
3.026284929171237650e+02 3.284604835645131971e+02
3.016106874480727811e+02 3.286222626043511923e+02
3.005934305906118880e+02 3.287810446301398883e+02
2.995767315025619837e+02 3.289369293991032350e+02
2.985605670820211799e+02 3.290899802243087038e+02
2.975449182713410892e+02 3.292402479889112215e+02
2.965297649936130142e+02 3.293877815197979544e+02
2.955150861214287374e+02 3.295326275649427430e+02
2.945008571834782174e+02 3.296748207590796937e+02
2.934870476601465157e+02 3.298143699502379604e+02
2.924736260270328216e+02 3.299512783877660240e+02
2.914605605482378223e+02 3.300855471232051173e+02
2.904478192290608263e+02 3.302171748641445674e+02
2.894353660368225292e+02 3.303461475386273491e+02
2.884231644838269517e+02 3.304724322605305815e+02
2.874111806159235698e+02 3.305959932491466020e+02
2.863993755830557575e+02 3.307167925836433255e+02
2.853877130507371476e+02 3.308347893472699752e+02
2.843761557501232460e+02 3.309499318638765999e+02
2.833646656208691752e+02 3.310621568383958220e+02
2.823532054267856211e+02 3.311713981747312232e+02
2.813417388473841356e+02 3.312775874579901370e+02
2.803302304275390497e+02 3.313806535093308412e+02
2.793186437324597478e+02 3.314805158856000844e+02
2.783069424505422376e+02 3.315770861480723397e+02
2.772951590750043920e+02 3.316702966777771167e+02
2.762833557011628614e+02 3.317601204110364392e+02
2.752715136683150376e+02 3.318465425017554935e+02
2.742596060388602268e+02 3.319295420020954452e+02
2.732476070445129039e+02 3.320090930774079538e+02
2.722354923540276559e+02 3.320851674921922267e+02
2.712232390620183082e+02 3.321577346722374955e+02
2.702108256336587147e+02 3.322267611326591350e+02
2.691982317345735964e+02 3.322922077059254207e+02
2.681854384538593195e+02 3.323540317984068224e+02
2.671724274329684476e+02 3.324121881825197420e+02
2.661591843420770260e+02 3.324666301060746036e+02
2.651456950260910048e+02 3.325173082306703805e+02
2.641319456266031125e+02 3.325641683273361195e+02
2.631179246595980885e+02 3.326071534741859068e+02
2.621036221964639026e+02 3.326462046622422690e+02
2.610890290092270334e+02 3.326812604142835426e+02
2.600741379273499660e+02 3.327122562971822504e+02
2.590589460137009041e+02 3.327391251780001085e+02
2.580434483978451112e+02 3.327617970894942800e+02
2.570276430255431137e+02 3.327802000267087124e+02
2.560115294653801925e+02 3.327942595439678826e+02
2.549951096279382909e+02 3.328038695351623915e+02
2.539783892555890930e+02 3.328088734009458562e+02
2.529613708723893239e+02 3.328091048114953310e+02
2.519440764942151247e+02 3.328043999193979516e+02
2.509265249425314721e+02 3.327945937289636049e+02
2.499087329185956889e+02 3.327795192536465834e+02
2.488907075069196821e+02 3.327590016981023382e+02
2.478725090876850459e+02 3.327328808933361870e+02
2.468541470239541127e+02 3.327009825585806198e+02
2.458356541015525067e+02 3.326631308524711130e+02
2.448170894639028177e+02 3.326191612562354862e+02
2.437984643864646159e+02 3.325688935937466226e+02
2.427798591079309460e+02 3.325121646292621449e+02
2.417612952097144898e+02 3.324487927945907018e+02
2.407428405217499119e+02 3.323786043588309553e+02
2.397245561006099592e+02 3.323014288160059664e+02
2.387064864920149887e+02 3.322170877814558025e+02
2.376887065681349327e+02 3.321254074690756966e+02
2.366712906577648994e+02 3.320262135577777372e+02
2.356543046217005895e+02 3.319193262684942169e+02
2.346378256614174518e+02 3.318045696187242015e+02
2.336219351501702590e+02 3.316817673721271831e+02
2.326067190068319519e+02 3.315507413148131377e+02
2.315922678560482666e+02 3.314113112448097809e+02
2.305786770542974580e+02 3.312632957787001260e+02
2.295660451594002893e+02 3.311065139224915015e+02
2.285544607607810121e+02 3.309407749425708403e+02
2.275440671373673354e+02 3.307659062719914687e+02
2.265349522792780306e+02 3.305817125672826933e+02
2.255272414516223876e+02 3.303880034005952098e+02
2.245210673473038128e+02 3.301845882563716259e+02
2.235165666796579274e+02 3.299712749505269471e+02
2.225138543448996984e+02 3.297478538346782670e+02
2.215131083964311358e+02 3.295141355460038994e+02
2.205144700528771864e+02 3.292699109131508521e+02
2.195181024164984649e+02 3.290149666431080959e+02
2.185241794141441289e+02 3.287490873886723648e+02
2.175328839681817215e+02 3.284720556678860248e+02
2.165443896043990151e+02 3.281836397295197685e+02
2.155589317750435896e+02 3.278836239194071140e+02
2.145767028137181001e+02 3.275717592769179873e+02
2.135979357529861602e+02 3.272478037534299915e+02
2.126228631914663652e+02 3.269115059988837970e+02
2.116517559566867135e+02 3.265626251488677099e+02
2.106848726839863275e+02 3.262008901758019306e+02
2.097225079070923357e+02 3.258260236179498861e+02
2.087649732300046139e+02 3.254377470037496778e+02
2.078125888277656372e+02 3.250357741752797551e+02
2.068656925675187495e+02 3.246198473629224281e+02
2.059245521407992214e+02 3.241899624354867910e+02
2.049893725791564236e+02 3.237462351053640077e+02
2.040603679546987337e+02 3.232887732065519231e+02
2.031377702220415244e+02 3.228176824032057084e+02
2.022218183007750554e+02 3.223330645559418599e+02
2.013127529251940189e+02 3.218350300854210673e+02
2.004108012731112751e+02 3.213236677645680288e+02
1.995162375784571793e+02 3.207990824884034282e+02
1.986293128923952338e+02 3.202613443101237749e+02
1.977503114030436677e+02 3.197105310048559659e+02
1.968795200558217857e+02 3.191467319126861639e+02
1.960172297159896004e+02 3.185700233136980728e+02
1.951637460359466445e+02 3.179804639782225877e+02
1.943194008797765946e+02 3.173781046316520928e+02
1.934845434247120579e+02 3.167629919412684103e+02
1.926595269819272573e+02 3.161351662786909742e+02
1.918447384884310338e+02 3.154946703453210262e+02
1.910405712101495510e+02 3.148415093622672885e+02
1.902474616744863454e+02 3.141756841214145197e+02
1.894658752331931737e+02 3.134971918696325019e+02
1.886962906606513002e+02 3.128059994630067990e+02
1.879392384682140289e+02 3.121020798652912731e+02
1.871952752055400140e+02 3.113853762183371146e+02
1.864650018524763482e+02 3.106558109670359045e+02
1.857490718198984325e+02 3.099133106673680231e+02
1.850481746902561895e+02 3.091577676213602217e+02
1.843630592439368741e+02 3.083890805466652409e+02
1.836945208267804333e+02 3.076071118680013683e+02
1.830434210240349557e+02 3.068117475113784280e+02
1.824106728692904937e+02 3.060028413104467973e+02
1.817972555265085646e+02 3.051802692724863277e+02
1.812042022117716442e+02 3.043438939176843974e+02
1.806326065840674460e+02 3.034936035316679295e+02
1.800836161583024193e+02 3.026292956579237625e+02
1.795584326489681075e+02 3.017509012177912950e+02
1.790582987467123530e+02 3.008583841195479067e+02
1.785844797785932485e+02 2.999517650457902960e+02
1.781382577212020806e+02 2.990311074289173803e+02
1.777209077752549717e+02 2.980965544543642523e+02
1.773336686602457917e+02 2.971483306705942482e+02
1.769777382079276151e+02 2.961867232390987397e+02
1.766542118903979031e+02 2.952121493635936531e+02
1.763640782546171408e+02 2.942250884110799234e+02
