1.756445429775107243e+02 2.933234036113822185e+02
1.753856266487531173e+02 2.922979971668120811e+02
1.751627794543921084e+02 2.912599579252362787e+02
1.749762394370720813e+02 2.902107960262308097e+02
1.748259910153077783e+02 2.891518901113738593e+02
1.747118044083269410e+02 2.880847017061571478e+02
1.746332845423378330e+02 2.870106597857472934e+02
1.745898681751210972e+02 2.859312272088575355e+02
1.745808654598573355e+02 2.848478046823539103e+02
1.746054903098072089e+02 2.837617328880193668e+02
1.746628874339026538e+02 2.826742826324691578e+02
1.747521591172206570e+02 2.815866628130556251e+02
1.748724285850434796e+02 2.804999634644806861e+02
1.750227679513067471e+02 2.794152922278001938e+02
1.752022987204141771e+02 2.783335878843895443e+02
1.754101408275465985e+02 2.772557778440038874e+02
1.756454317587860885e+02 2.761826934681068337e+02
1.759073200870934102e+02 2.751150998164732755e+02
1.761949567328644264e+02 2.740537590678591187e+02
1.765076080834997754e+02 2.729992757962467635e+02
1.768445309750514696e+02 2.719523115081680658e+02
1.772049626430195133e+02 2.709134586084060743e+02
1.775882127262965184e+02 2.698831568229033451e+02
1.779935491398885290e+02 2.688619445340421521e+02
1.784203744694784746e+02 2.678502096994059798e+02
1.788680283340402752e+02 2.668484465299649173e+02
1.793359208774035949e+02 2.658569406256636967e+02
1.798233992104241850e+02 2.648760201065967408e+02
1.803298468820508162e+02 2.639059900762740654e+02
1.808547282104294709e+02 2.629470930653357641e+02
1.813974954874543357e+02 2.619995974944247905e+02
1.819575937497282325e+02 2.610636720444857133e+02
1.825344470279922007e+02 2.601394834337981479e+02
1.831275386391159543e+02 2.592271588658360884e+02
1.837363633023140608e+02 2.583268384294445923e+02
1.843604661437361187e+02 2.574386146995548188e+02
1.849993153584775882e+02 2.565625904266024122e+02
1.856524666083360842e+02 2.556987801499328157e+02
1.863194427122774925e+02 2.548472512952956492e+02
1.869998092958541065e+02 2.540080435054326529e+02
1.876931718923433436e+02 2.531811701638030456e+02
1.883991354224119448e+02 2.523666411697812180e+02
1.891172788804453830e+02 2.515644952492357049e+02
1.898472648910059775e+02 2.507747119084309304e+02
1.905887367612979233e+02 2.499973039387686526e+02
1.913413334400139547e+02 2.492323087479204844e+02
1.921048302347067249e+02 2.484796976368788251e+02
1.928788625941580506e+02 2.477395658087743584e+02
1.936632089105074499e+02 2.470119022123197112e+02
1.944576016324255932e+02 2.462967433383793718e+02
1.952617152765036508e+02 2.455940444641287854e+02
1.960751526198829424e+02 2.449036563516276601e+02
1.968975264121645523e+02 2.442254181426622779e+02
1.977284671112943215e+02 2.435591624854110648e+02
1.985676798722410297e+02 2.429046871973996247e+02
1.994147588049686988e+02 2.422619330699446039e+02
2.002695325356574187e+02 2.416307461126608587e+02
2.011316955958732819e+02 2.410110739175997594e+02
2.020010052795691138e+02 2.404028232517353558e+02
2.028772368604186056e+02 2.398059008781426940e+02
2.037601787882925066e+02 2.392202529379004545e+02
2.046496376501452801e+02 2.386458431713477069e+02
2.055454255310023939e+02 2.380826363683753186e+02
2.064473595309021050e+02 2.375305982122342527e+02
2.073553076027110080e+02 2.369896770272665094e+02
2.082690332963053379e+02 2.364599009918881620e+02
2.091884363396505080e+02 2.359412322886778952e+02
2.101133630969150374e+02 2.354336714065576643e+02
2.110436510777583408e+02 2.349372245291443733e+02
2.119791498647815615e+02 2.344518916941797215e+02
2.129197690510377470e+02 2.339776481084174122e+02
2.138652921752506302e+02 2.335145316703064680e+02
2.148156184887635334e+02 2.330625220852447228e+02
2.157706088721593289e+02 2.326216245304766801e+02
2.167301218439248487e+02 2.321918383368000605e+02
2.176940066402980278e+02 2.317731439288705246e+02
2.186621126868151350e+02 2.313655191224227394e+02
2.196342914056031930e+02 2.309689425778262262e+02
2.206103959718587078e+02 2.305833936352549358e+02
2.215902718416683967e+02 2.302088338798627376e+02
2.225737491438362099e+02 2.298451904452525412e+02
2.235606590759310279e+02 2.294923866983675111e+02
2.245508562418978329e+02 2.291503406640483149e+02
2.255441539017361094e+02 2.288189857039168942e+02
2.265403680846241627e+02 2.284982135320532564e+02
2.275393432728894538e+02 2.281878619711709746e+02
2.285408667027936076e+02 2.278877875541156186e+02
2.295447476922260535e+02 2.275978357886922367e+02
2.305508498806340469e+02 2.273178377648480080e+02
2.315589163140283517e+02 2.270476131596744267e+02
2.325688185909947947e+02 2.267869036140614867e+02
2.335802905392077946e+02 2.265354898267143540e+02
2.345932008379381557e+02 2.262931136896214639e+02
2.356073300658083269e+02 2.260595400684677543e+02
2.366224926929306775e+02 2.258344776495885640e+02
2.376385253716655370e+02 2.256176095505275896e+02
2.386551955438190475e+02 2.254086309636284966e+02
2.396723570281064042e+02 2.252072156276523458e+02
2.406898579116316057e+02 2.250130541082814659e+02
2.417075243833978107e+02 2.248258905708716213e+02
2.427252513319034506e+02 2.246454770778717887e+02
2.437429293388677820e+02 2.244715723838769748e+02
2.447604389110635452e+02 2.243039368209210522e+02
2.457776695096285664e+02 2.241423279726433293e+02
2.467945340731313308e+02 2.239865083426246031e+02
2.478109453856517632e+02 2.238362443650152613e+02
2.488268309138574921e+02 2.236913039690383300e+02
2.498421034023641027e+02 2.235514539265853102e+02
2.508567025127776731e+02 2.234164634365399991e+02
2.518705760025709139e+02 2.232861191773839096e+02
2.528836774874540083e+02 2.231602113126045310e+02
2.538959673222653350e+02 2.230385303606003902e+02
2.549074147196214142e+02 2.229208684274644554e+02
2.559179946129177381e+02 2.228070275057945366e+02
2.569276915112824327e+02 2.226968266020929832e+02
2.579365017398491204e+02 2.225900886994413099e+02
2.589444258650175925e+02 2.224866383077285832e+02
2.599514711090054107e+02 2.223863013104567870e+02
2.609576534195199997e+02 2.222889156522802807e+02
2.619629977863060049e+02 2.221943350019702734e+02
2.629675355719804770e+02 2.221024155765715022e+02
2.639713054350116295e+02 2.220130172303701386e+02
2.649743500911350225e+02 2.219259990449977522e+02
2.659767216112168740e+02 2.218412301031649747e+02
2.669784788231835932e+02 2.217585871503549981e+02
2.679796735640628071e+02 2.216778908136774930e+02
2.689803672482178740e+02 2.215989027734907495e+02
2.699806378568704872e+02 2.215213837868435007e+02
2.709805686793068844e+02 2.214451005368804601e+02
2.719802476118142636e+02 2.213698247541347257e+02
2.729797669470085566e+02 2.212953326333041275e+02
2.739792231953610440e+02 2.212214039616036132e+02
2.749787168444391909e+02 2.211478187988329296e+02
2.759783526431145901e+02 2.210743629894214735e+02
2.769782394081015582e+02 2.210008260264690989e+02
2.779784899673440464e+02 2.209270010520014296e+02
2.789792211210280470e+02 2.208526849019290239e+02
2.799805536542497180e+02 2.207776797501962847e+02
2.809826131259486033e+02 2.207018021320009211e+02
2.819855269522337835e+02 2.206248687048104955e+02
2.829894272589655770e+02 2.205467016485779368e+02
2.839944497795281109e+02 2.204671278565706416e+02
2.850007335297832469e+02 2.203859902267920177e+02
2.860084211956885838e+02 2.203031731122824510e+02
2.870176570225933119e+02 2.202185716717239927e+02
2.880285828393526799e+02 2.201320795636481762e+02
2.890413484832328663e+02 2.200435999570793797e+02
2.900560940577939277e+02 2.199532717895574194e+02
2.910729336937350809e+02 2.198616984930718274e+02
2.920919439796328447e+02 2.197695293760316702e+02
2.931132002274419506e+02 2.196774226841404243e+02
2.941367638417481771e+02 2.195860469640555550e+02
2.951626455406444620e+02 2.194960914483572481e+02
2.961908561890461442e+02 2.194082960860338574e+02
2.972214024806866064e+02 2.193234172497061252e+02
2.982542109568226465e+02 2.192421886088765746e+02
2.992892608619039834e+02 2.191653666397350548e+02
3.003264573614137021e+02 2.190936899560523443e+02
3.013657156057624888e+02 2.190278999027258919e+02
3.024069201514159317e+02 2.189687354059466315e+02
3.034499405405629773e+02 2.189169361468470072e+02
3.044946152683440346e+02 2.188732298260762263e+02
3.055408144479815178e+02 2.188382845441682605e+02
3.065883260672777624e+02 2.188126973051119535e+02
3.076370070489645627e+02 2.187970874192913300e+02
3.086866460413298796e+02 2.187920615648766329e+02
3.097370146067426049e+02 2.187982016516066039e+02
3.107879282211770828e+02 2.188159675461224083e+02
3.118391891184121505e+02 2.188457596987602756e+02
3.128905877852285471e+02 2.188879777619206664e+02
3.139418818700175962e+02 2.189430114843582089e+02
3.149928599401921474e+02 2.190112297793210985e+02
3.160433185969006900e+02 2.190928584983418546e+02
3.170930581401115091e+02 2.191880829485209006e+02
3.181418739212342643e+02 2.192970885419833280e+02
3.191895641598306952e+02 2.194200642537294641e+02
3.202359251769836419e+02 2.195571657794381224e+02
3.212807492216240348e+02 2.197084381587710595e+02
3.223238679917926106e+02 2.198739200362727502e+02
3.233651335945025949e+02 2.200536639331026549e+02
3.244043171612796641e+02 2.202476937314523298e+02
3.254412605435196610e+02 2.204560359746569418e+02
3.264758034969678420e+02 2.206786740278657817e+02
3.275077775405624720e+02 2.209155852418761583e+02
3.285369937517505150e+02 2.211667391623621768e+02
3.295633249071033219e+02 2.214321348130811486e+02
3.305865910532568250e+02 2.217117599657911740e+02
3.316065954779350591e+02 2.220056012261696026e+02
3.326231838045776499e+02 2.223136670320552355e+02
3.336361770638269491e+02 2.226359610481430877e+02
3.346453982693064972e+02 2.229724944130612414e+02
3.356506710800989026e+02 2.233233297645027164e+02
3.366517230271483072e+02 2.236885294366853429e+02
3.376483711611859349e+02 2.240682037681160068e+02
3.386404022614431142e+02 2.244624605415349379e+02
3.396275409892443236e+02 2.248713657977177149e+02
3.406096303636381322e+02 2.252948662956120529e+02
3.415865579802110688e+02 2.257328207250190246e+02
3.425581847489300458e+02 2.261850802155674671e+02
3.435243677699127147e+02 2.266514997098987863e+02
3.444849879197880114e+02 2.271319670010183245e+02
3.454398535329556239e+02 2.276264171177886624e+02
3.463887896801672355e+02 2.281348395816107200e+02
3.473316495775847557e+02 2.286572588255949086e+02
3.482681626616283097e+02 2.291936346050144380e+02
3.491981594719412669e+02 2.297440025511972124e+02
3.501214180670775136e+02 2.303084052940122604e+02
3.510376905262467631e+02 2.308868902611161218e+02
3.519467169852896404e+02 2.314795119022925576e+02
3.528482630330018424e+02 2.320863632804745578e+02
3.537420183967121829e+02 2.327074960645358033e+02
3.546277532185900441e+02 2.333430171346032012e+02
3.555051203239224833e+02 2.339929656792094477e+02
3.563738372620662176e+02 2.346574512586003607e+02
3.572336010882534083e+02 2.353366043893468316e+02
3.580840116036504241e+02 2.360304738029542193e+02
3.589248051431839031e+02 2.367391897418761459e+02
3.597555762155766388e+02 2.374627943469956790e+02
3.605759732399711197e+02 2.382014111644060392e+02
3.613856069058331286e+02 2.389551808048825023e+02
3.621840267448717441e+02 2.397241744947433801e+02
3.629708787108324941e+02 2.405085273461783970e+02
3.637456741550967649e+02 2.413082933195260580e+02
3.645080019878790836e+02 2.421236719371523520e+02
3.652572632242636814e+02 2.429547268890577811e+02
3.659930138208901553e+02 2.438016927436343337e+02
3.667146819370277626e+02 2.446646833457927528e+02
3.674216477323560071e+02 2.455438306677617675e+02
3.681133024003331116e+02 2.464393890255460917e+02
3.687888966084188951e+02 2.473515452032025337e+02
3.694476936083705141e+02 2.482805614436916528e+02
3.700888598424943439e+02 2.492266585965922729e+02
3.707115121024099267e+02 2.501901377224883731e+02
3.713146401101553238e+02 2.511712707348639242e+02
3.718971268995995274e+02 2.521703112882043456e+02
3.724578111445027275e+02 2.531876301239171312e+02
3.729953502503032041e+02 2.542234628193701838e+02
3.735083245062729134e+02 2.552780917686052931e+02
3.739951702236720052e+02 2.563516963895268077e+02
3.744542101995425583e+02 2.574444073619166602e+02
3.748836206244334903e+02 2.585563486728437965e+02
3.752814091117498947e+02 2.596873160220356453e+02
3.756455721616516144e+02 2.608370982451976943e+02
3.759740442517164070e+02 2.620052306939412006e+02
3.762645715968449736e+02 2.631909433721958180e+02
3.765143793502566041e+02 2.643934470132851402e+02
3.767206557236175399e+02 2.656113328902644071e+02
3.768808218172699753e+02 2.668427644418329692e+02
3.769930075610442373e+02 2.680825933256079452e+02
3.770567747314772191e+02 2.693252026416207059e+02
3.770725119324368393e+02 2.705676956327536686e+02
3.770410211078507814e+02 2.718074161495960084e+02
3.769634470038807876e+02 2.730419058607412239e+02
3.768411976011162210e+02 2.742689636504243254e+02
3.766759247506803376e+02 2.754865370184543849e+02
3.764694173032728486e+02 2.766929302198777236e+02
3.762235335433326782e+02 2.778867046172806567e+02
3.759401774785311545e+02 2.790666045230447594e+02
3.756212066822683369e+02 2.802316700770741704e+02
3.752684828635705117e+02 2.813811039933094094e+02
3.748838804294222200e+02 2.825142242186058184e+02
3.744690735515658275e+02 2.836306980076165019e+02
3.740257215228457994e+02 2.847301216411026985e+02
3.735553528498611513e+02 2.858122560279339837e+02
3.730594200264523010e+02 2.868770112752460477e+02
3.725393452480298038e+02 2.879243233449650461e+02
3.719964049257749821e+02 2.889542321623893031e+02
3.714318093652294124e+02 2.899667583523107055e+02
3.708466496734139923e+02 2.909619952982886275e+02
3.702419774409503930e+02 2.919401063690499996e+02
3.696188405296600195e+02 2.929012272038604578e+02
3.689781403845958039e+02 2.938455789293961402e+02
3.683207664800918337e+02 2.947733119914895497e+02
3.676474371079839898e+02 2.956846977145528967e+02
3.669590229761730029e+02 2.965798675229439709e+02
3.662562124346712267e+02 2.974591134921647608e+02
3.655396410817246533e+02 2.983227023725999061e+02
3.648100218548395333e+02 2.991707781113316287e+02
3.640678591704061660e+02 3.000036433348901710e+02
3.633137387677062407e+02 3.008215106068555542e+02
3.625482114084506975e+02 3.016245957950330308e+02
3.617717586939071452e+02 3.024131354434446166e+02
3.609848258819817488e+02 3.031873553492321207e+02
3.601878278980526602e+02 3.039474669077190470e+02
3.593811908006456406e+02 3.046936403969049252e+02
3.585652634887401291e+02 3.054260773573274150e+02
3.577404432438002004e+02 3.061449181042150371e+02
3.569069631993940561e+02 3.068503937193106594e+02
3.560652138104863411e+02 3.075425698323919050e+02
3.552153977191127296e+02 3.082215879376554426e+02
3.543577661029867159e+02 3.088875268064507509e+02
3.534925567141965530e+02 3.095404583960307718e+02
3.526199473332867456e+02 3.101804784343133861e+02
3.517402578412711023e+02 3.108076823721675623e+02
3.508537177518828116e+02 3.114223173610731124e+02
3.499606758236306518e+02 3.120245470130392960e+02
3.490613655041311176e+02 3.126145955705223969e+02
3.481560513181200349e+02 3.131926493225965373e+02
3.472449601238084256e+02 3.137588526160634501e+02
3.463282906314861975e+02 3.143133178558697409e+02
3.454061756471848526e+02 3.148561792715713068e+02
3.444788826286780932e+02 3.153874916073913823e+02
3.435464848787352707e+02 3.159074018735783511e+02
3.426092117400173720e+02 3.164159346148228451e+02
3.416671508835973441e+02 3.169131687699046438e+02
3.407204335522812926e+02 3.173991487819247936e+02
3.397692067465579271e+02 3.178739063196609891e+02
3.388135861751403581e+02 3.183374819076856284e+02
3.378536876725812590e+02 3.187899031827815861e+02
3.368896402370504006e+02 3.192311852353353174e+02
3.359215547998293232e+02 3.196613473649888419e+02
3.349495068780366296e+02 3.200804163624166563e+02
3.339736468291562801e+02 3.204883890092905858e+02
3.329940736256509695e+02 3.208853061288140793e+02
3.320109231984951066e+02 3.212711937506891218e+02
3.310242648649859234e+02 3.216460987078214657e+02
3.300342791491397634e+02 3.220100212163021638e+02
3.290410492864010621e+02 3.223630229920830175e+02
3.280447174107943624e+02 3.227051902802359677e+02
3.270454251894292952e+02 3.230366143457774797e+02
3.260433109706727350e+02 3.233573851311537624e+02
3.250385102602968459e+02 3.236675919546769933e+02
3.240311732342561868e+02 3.239673645485182760e+02
3.230214731269076651e+02 3.242568966348428035e+02
3.220095800619056376e+02 3.245363873514006059e+02
3.209956587918456989e+02 3.248060356707233041e+02
3.199798470163639195e+02 3.250660475416640907e+02
3.189623498960611414e+02 3.253166761715284565e+02
3.179433755199015650e+02 3.255582501603035439e+02
3.169230593021563323e+02 3.257911162227268846e+02
3.159016577882588876e+02 3.260155876593300945e+02
3.148792825101839981e+02 3.262320217540730027e+02
3.138561815694019401e+02 3.264408096340429211e+02
3.128324937496212215e+02 3.266424213331013107e+02
3.118084751062145301e+02 3.268372991398341014e+02
3.107842499117149373e+02 3.270259165171370341e+02
3.097600133845444930e+02 3.272087324135343351e+02
3.087359496442814475e+02 3.273862651138701381e+02
3.077122146523242350e+02 3.275590637011426338e+02
3.066889571651086612e+02 3.277276742331131913e+02
3.056663571497651901e+02 3.278926391164975485e+02
3.046445168095250438e+02 3.280544624354862435e+02
3.036234672358437479e+02 3.282133689744794651e+02
3.026032090076294025e+02 3.283694895660706834e+02
3.015837400117651441e+02 3.285229531781628225e+02
3.005650500837187451e+02 3.286738867801901165e+02
2.995471414707846520e+02 3.288224007397138848e+02
2.985299818333709823e+02 3.289685578528513474e+02
2.975135421471793506e+02 3.291124059973303133e+02
2.964977924951894579e+02 3.292539908567948714e+02
2.954827020283207730e+02 3.293933558923174587e+02
2.944682360626648006e+02 3.295305296397438610e+02
2.934543526568226639e+02 3.296655084004251535e+02
2.924410089984251044e+02 3.297982818006360048e+02
2.914281624103226136e+02 3.299288370991790771e+02
2.904157702952486488e+02 3.300571590162629718e+02
2.894037860833864215e+02 3.301832173097852206e+02
2.883921623906847458e+02 3.303069595989251184e+02
2.873808546271163209e+02 3.304283301803930044e+02
2.863698141345038835e+02 3.305472709803566431e+02
2.853589951096740265e+02 3.306637207578586981e+02
2.843483511265339985e+02 3.307776062595967801e+02
2.833378353012531079e+02 3.308888412551862075e+02
2.823274021217334280e+02 3.309973365054839860e+02
2.813170075556826077e+02 3.311030003141954694e+02
2.803066090032350530e+02 3.312057380647779610e+02
2.792961635008579719e+02 3.313054453650817663e+02
2.782856288024247533e+02 3.314020094236157661e+02
2.772750265661743470e+02 3.314953387907611386e+02
2.762644064100284709e+02 3.315853825741239689e+02
2.752537447896922345e+02 3.316721011092223534e+02
2.742430113337544526e+02 3.317554485678638230e+02
2.732321774968548880e+02 3.318353742251081826e+02
2.722212168134267927e+02 3.319118248983621697e+02
2.712101048798223815e+02 3.319847450198852243e+02
2.701988192984453576e+02 3.320540761533162026e+02
2.691873395224799879e+02 3.321197545905246216e+02
2.681756470443010016e+02 3.321817133341361910e+02
2.671637245893425643e+02 3.322398827437068576e+02
2.661515592912578541e+02 3.322941916699667786e+02
2.651391391720601405e+02 3.323445665593027343e+02
2.641264532533708120e+02 3.323909296304615850e+02
2.631134934322059848e+02 3.324332005918550408e+02
2.621002537273402027e+02 3.324712971053543242e+02
2.610867294966376448e+02 3.325051344139947105e+02
2.600729186823050441e+02 3.325346252580922624e+02
2.590588237963049778e+02 3.325596806960842855e+02
2.580444462546169007e+02 3.325802091644830512e+02
2.570297907265886010e+02 3.325961171465808093e+02
2.560148640431311833e+02 3.326073090363034908e+02
2.549996754842196935e+02 3.326136757805711568e+02
2.539842373681914864e+02 3.326150875617369707e+02
2.529685586732795741e+02 3.326114076682771952e+02
2.519526658364185039e+02 3.326025018918441560e+02
2.509365819943295435e+02 3.325882349206157755e+02
2.499203280140251024e+02 3.325684689947314610e+02
2.489039157189504863e+02 3.325430580720677085e+02
2.478874052162137218e+02 3.325118704758780837e+02
2.468708097565793196e+02 3.324747607184906997e+02
2.458541637016021184e+02 3.324315816045639735e+02
2.448375251396558951e+02 3.323821960057185834e+02
2.438209084365353476e+02 3.323264506754125591e+02
2.428043903999896429e+02 3.322642087590372171e+02
2.417879943099438549e+02 3.321953155738124792e+02
2.407717852572097001e+02 3.321196237034092178e+02
2.397558220596442595e+02 3.320369873759734105e+02
2.387401485195134114e+02 3.319472522726324542e+02
2.377248357727551991e+02 3.318502683398183422e+02
2.367099542693036369e+02 3.317458849692656599e+02
2.356955667062418627e+02 3.316339458987564512e+02
2.346817461221187102e+02 3.315142967800826455e+02
2.336685693127537036e+02 3.313867823245362274e+02
2.326561171147121172e+02 3.312512451898631980e+02
2.316444745552347513e+02 3.311075259615529376e+02
2.306337309233987298e+02 3.309554636351631416e+02
2.296239785311053652e+02 3.307948963341700619e+02
2.286153008364520645e+02 3.306256523645955667e+02
2.276078304529329159e+02 3.304475771273649798e+02
2.266016502934480741e+02 3.302604942936891348e+02
2.255968769211890503e+02 3.300642316867698014e+02
2.245936336210072284e+02 3.298586167389970001e+02
2.235920473328531557e+02 3.296434750668947231e+02
2.225922256051006514e+02 3.294186153535792414e+02
2.215943327450425215e+02 3.291838650476275348e+02
2.205984999297186278e+02 3.289390334538308593e+02
2.196048779004812559e+02 3.286839266045464569e+02
2.186136271946793102e+02 3.284183482811934027e+02
2.176249165317536267e+02 3.281420998260332453e+02
2.166389064280296282e+02 3.278549686433375996e+02
2.156558125327202902e+02 3.275567585562986324e+02
2.146758114192842584e+02 3.272472438274211299e+02
2.136991162775533155e+02 3.269262044593773453e+02
2.127259400479246949e+02 3.265934110475001262e+02
2.117565299431083474e+02 3.262486435471569166e+02
2.107911212437049358e+02 3.258916568389022927e+02
2.098299805714641195e+02 3.255222018086425351e+02
2.088733897725923043e+02 3.251400275118242575e+02
2.079216383932731276e+02 3.247448746806419990e+02
2.069750321750588569e+02 3.243365075557409796e+02
2.060338166818851278e+02 3.239149099645896399e+02
2.050981831644091073e+02 3.234801677794677062e+02
2.041683316482365740e+02 3.230323581892318998e+02
2.032444788627726666e+02 3.225715551743990659e+02
2.023268487028589675e+02 3.220978273225431394e+02
2.014156691032697495e+02 3.216112458077608949e+02
2.005111574747957093e+02 3.211118585137845685e+02
1.996135748598434532e+02 3.205997270915761987e+02
1.987231625112456754e+02 3.200748791095813885e+02
1.978401938066124330e+02 3.195373461679088223e+02
1.969649488721754551e+02 3.189871633997194067e+02
1.960977139522037191e+02 3.184243507202838828e+02
1.952387909057476350e+02 3.178489098094918859e+02
1.943885078588159558e+02 3.172608330305845925e+02
1.935472122924329028e+02 3.166601053230511980e+02
1.927152610101192352e+02 3.160466988647196445e+02
1.918930455779175190e+02 3.154205858553992812e+02
1.910809667416932029e+02 3.147817009249526450e+02
1.902794694040632919e+02 3.141299727739244076e+02
1.894890302856569804e+02 3.134653241508426618e+02
1.887101442997457639e+02 3.127876445368870009e+02
1.879433605539564383e+02 3.120968281683162218e+02
1.871892577491067300e+02 3.113927390898521708e+02
1.864484624465110869e+02 3.106752200072072014e+02
1.857216578083800869e+02 3.099441178292420886e+02
1.850095673121872721e+02 3.091992451476541532e+02
1.843129794055043646e+02 3.084404217707906355e+02
1.836327340457604578e+02 3.076674310431270101e+02
1.829697456152005657e+02 3.068800828842583428e+02
1.823249845281992236e+02 3.060781572902962466e+02
1.816994960408013640e+02 3.052614626170330894e+02
1.810943869243525057e+02 3.044297965254041856e+02
1.805108355957408151e+02 3.035829901599013283e+02
1.799500839598399864e+02 3.027208910289706409e+02
1.794134393528817100e+02 3.018433928542679041e+02
1.789022605539414315e+02 3.009504356359574899e+02
1.784179411613715445e+02 3.000420342161201006e+02
1.779619002380243558e+02 2.991182629581423953e+02
1.775355608697435912e+02 2.981793021502217016e+02
1.771403166429526834e+02 2.972254406950061707e+02
1.767775217229404063e+02 2.962570539207794695e+02
1.764484314957426818e+02 2.952746889190187289e+02
1.761541855964424030e+02 2.942789773638085080e+02
