1.761184787207447471e+02 2.932239658098460495e+02
1.758593218966653069e+02 2.922206199077767792e+02
1.756326071361836796e+02 2.912044483527075158e+02
1.754387098277968846e+02 2.901764001988875634e+02
1.752778161949648279e+02 2.891374415285115447e+02
1.751499334048698984e+02 2.880886747024749184e+02
1.750549287013924129e+02 2.870312480764362135e+02
1.749925161436894143e+02 2.859663947757114215e+02
1.749622894363494936e+02 2.848953524765184397e+02
1.749637447450872969e+02 2.838193542126794569e+02
1.749963023313667065e+02 2.827396118305501318e+02
1.750593481070087591e+02 2.816573199836734602e+02
1.751523061739648881e+02 2.805736072775949310e+02
1.752745386766633544e+02 2.794896451422262658e+02
1.754254363505834249e+02 2.784064773163314612e+02
1.756043719268067775e+02 2.773251542785804986e+02
1.758107176974183119e+02 2.762466522711749803e+02
1.760438407415122697e+02 2.751718962918907323e+02
1.763030956523887482e+02 2.741018185087033316e+02
1.765879358973851652e+02 2.730372075265933063e+02
1.768977923188546697e+02 2.719789115040039746e+02
1.772320413413748952e+02 2.709277044225105442e+02
1.775901026773850049e+02 2.698842005859121969e+02
1.779713458713194996e+02 2.688491115324134171e+02
1.783752675513074450e+02 2.678229980498599616e+02
1.788012901478451511e+02 2.668065248511173877e+02
1.792488626283915778e+02 2.658001196978202074e+02
1.797173443467511902e+02 2.648042348875806056e+02
1.802061284003929131e+02 2.638192948152669715e+02
1.807146877979424744e+02 2.628456553080994240e+02
1.812424753253896483e+02 2.618836908775363099e+02
1.817889001333205670e+02 2.609336430910369131e+02
1.823533362285085957e+02 2.599957358526152689e+02
1.829352191557474328e+02 2.590701464271882060e+02
1.835339965984044852e+02 2.581570604883353894e+02
1.841491642954748329e+02 2.572566055038724926e+02
1.847801197686930834e+02 2.563688990515741466e+02
1.854263482765623792e+02 2.554939570835763334e+02
1.860873023807588993e+02 2.546318463964789487e+02
1.867624809161430903e+02 2.537826004946441287e+02
1.874514244048532987e+02 2.529462198126786632e+02
1.881536701477853057e+02 2.521226934056176390e+02
1.888687293284789064e+02 2.513120367513992335e+02
1.895962024868147182e+02 2.505141995491039495e+02
1.903356714955114626e+02 2.497291635934256249e+02
1.910867172409701595e+02 2.489569361749150289e+02
1.918490687181514147e+02 2.481974556013416304e+02
1.926223095893549271e+02 2.474507896901552328e+02
1.934061751819509709e+02 2.467168917783700408e+02
1.942003538508479039e+02 2.459957637868053268e+02
1.950044820339908256e+02 2.452873297683644012e+02
1.958181312201011508e+02 2.445914142047464850e+02
1.966408844647432659e+02 2.439078292166153688e+02
1.974723439070851043e+02 2.432363792508682536e+02
1.983121912521711181e+02 2.425768312637497672e+02
1.991599998459109599e+02 2.419291143911416953e+02
2.000155977860208338e+02 2.412930656130151306e+02
2.008786713950594560e+02 2.406686300637283011e+02
2.017489731362027214e+02 2.400557094671583513e+02
2.026262747370688544e+02 2.394542060419735492e+02
2.035103671341454401e+02 2.388640715163052732e+02
2.044010632232493379e+02 2.382852810606774199e+02
2.052981811340575860e+02 2.377178112007024424e+02
2.062015436936431172e+02 2.371616395752563733e+02
2.071110277516460485e+02 2.366167261841467848e+02
2.080264034399446871e+02 2.360831241660509363e+02
2.089475866306326850e+02 2.355608190717917410e+02
2.098744354884209145e+02 2.350498376057327334e+02
2.108067978853266027e+02 2.345502130079030110e+02
2.117445345108957326e+02 2.340619736619668174e+02
2.126875724964466485e+02 2.335851269424868519e+02
2.136357043651179595e+02 2.331197500050252245e+02
2.145888451029412636e+02 2.326658576813465800e+02
2.155468675462649344e+02 2.322234924218520860e+02
2.165096414035527630e+02 2.317926916642417154e+02
2.174770266982681619e+02 2.313734754699929113e+02
2.184488827053850457e+02 2.309658619116519844e+02
2.194250696422110138e+02 2.305698703200201010e+02
2.204054484007425003e+02 2.301855210746630007e+02
2.213898695904368026e+02 2.298128142375725815e+02
2.223781647375247417e+02 2.294517102008084635e+02
2.233701652808028086e+02 2.291021652058449547e+02
2.243657267356808518e+02 2.287641296306109666e+02
2.253646589275762437e+02 2.284375707846665762e+02
2.263667705674050694e+02 2.281224047232713303e+02
2.273718961907573544e+02 2.278184803082053804e+02
2.283798076263746566e+02 2.275256664607883010e+02
2.293902999507908476e+02 2.272438202546611308e+02
2.304032258038244834e+02 2.269727816904755286e+02
2.314183017239181197e+02 2.267123670013554886e+02
2.324353780770502738e+02 2.264622952080069069e+02
2.334541563028651581e+02 2.262223282432934752e+02
2.344744834711797807e+02 2.259921845404763872e+02
2.354961109242376267e+02 2.257716063725550839e+02
2.365188208487101633e+02 2.255602592501867321e+02
2.375424160941496723e+02 2.253577704139767945e+02
2.385666258186957123e+02 2.251637804553515991e+02
2.395912730240683004e+02 2.249779055376236840e+02
2.406161746129991172e+02 2.247997777357376208e+02
2.416411219457368702e+02 2.246290776042399671e+02
2.426659799976601732e+02 2.244654891696699792e+02
2.436906102307985407e+02 2.243087027829850513e+02
2.447148647466268017e+02 2.241584100305649940e+02
2.457386067015730191e+02 2.240142989552104780e+02
2.467617254305091024e+02 2.238760615254995230e+02
2.477841115170446642e+02 2.237433931517578571e+02
2.488056724531044779e+02 2.236159900579567363e+02
2.498263021087191191e+02 2.234935469865694984e+02
2.508459247259906135e+02 2.233757625321805165e+02
2.518644760809120271e+02 2.232623587164586070e+02
2.528818998643212410e+02 2.231530617827309015e+02
2.538981483466406246e+02 2.230475979375634950e+02
2.549131845092217930e+02 2.229456946570846583e+02
2.559269800152069365e+02 2.228470935450913544e+02
2.569395199816839863e+02 2.227515617640483754e+02
2.579508029726500808e+02 2.226588713109041180e+02
2.589608334378301038e+02 2.225687955379209768e+02
2.599696241404226384e+02 2.224811091630572264e+02
2.609771991733804271e+02 2.223956039613741780e+02
2.619835943975851364e+02 2.223120941280897114e+02
2.629888534899390038e+02 2.222303968851318530e+02
2.639930285225516400e+02 2.221503331808129644e+02
2.649961777853770855e+02 2.220717233002343107e+02
2.659983703474965751e+02 2.219944007681094433e+02
2.669996841176126168e+02 2.219182096640114139e+02
2.680002009453638152e+02 2.218429370536105694e+02
2.690000147236467001e+02 2.217683114779776474e+02
2.699992277355813712e+02 2.216940621549338744e+02
2.709979476518516890e+02 2.216199241785069489e+02
2.719962872879527822e+02 2.215456377720864793e+02
2.729943642463633751e+02 2.214709480345762813e+02
2.739923010750620733e+02 2.213956040440002084e+02
2.749902254255069920e+02 2.213193551662449750e+02
2.759882686920425954e+02 2.212419545762718940e+02
2.769865673006095221e+02 2.211631584286963630e+02
2.779852623646075358e+02 2.210827269370571457e+02
2.789844996453023782e+02 2.210004244289720816e+02
2.799844295734583852e+02 2.209160213040761960e+02
2.809852076215295824e+02 2.208293041535231680e+02
2.819869929720063055e+02 2.207400604952365200e+02
2.829899490937696100e+02 2.206480838472457435e+02
2.839942438493859527e+02 2.205531728932422766e+02
2.850000490561040465e+02 2.204551489541698288e+02
2.860075402523661978e+02 2.203538935559461152e+02
2.870168945731830377e+02 2.202493028631907634e+02
2.880282866668675865e+02 2.201412720008439123e+02
2.890418986770635001e+02 2.200297065721987622e+02
2.900578998793661754e+02 2.199148171529722902e+02
2.910764243304807906e+02 2.197974154600010763e+02
2.920975606575150891e+02 2.196783751687339361e+02
2.931213905208713300e+02 2.195585788655777719e+02
2.941479760609641971e+02 2.194389196069562615e+02
2.951773190139743406e+02 2.193203225605645059e+02
2.962094150039158649e+02 2.192037794074735757e+02
2.972442503470957718e+02 2.190902990263053312e+02
2.982817180765422336e+02 2.189808663158620163e+02
2.993217647022120218e+02 2.188764877620833715e+02
3.003642528680781538e+02 2.187781270123404056e+02
3.014090550163476792e+02 2.186867278760512363e+02
3.024560064168813938e+02 2.186032297905593396e+02
3.035049223843569166e+02 2.185285719475390351e+02
3.045555811127857737e+02 2.184636744937340040e+02
3.056078020655613727e+02 2.184093313295001622e+02
3.066613177077593377e+02 2.183662203582157417e+02
3.077159370849248603e+02 2.183350417102078893e+02
3.087713927681657538e+02 2.183164810292854838e+02
3.098273994328326353e+02 2.183111876060799830e+02
3.108837320470854024e+02 2.183196130295095827e+02
3.119401576518622505e+02 2.183421156795525064e+02
3.129964324492856917e+02 2.183790525813949159e+02
3.140522785052017980e+02 2.184307699804543859e+02
3.151074554878005642e+02 2.184975843421237869e+02
3.161617408454771976e+02 2.185796251863276609e+02
3.172149211882804138e+02 2.186769689268767536e+02
3.182667809885643919e+02 2.187896922084386802e+02
3.193171110941959796e+02 2.189178755903834599e+02
3.203657027533282644e+02 2.190615663631114671e+02
3.214123437583657505e+02 2.192207005383852447e+02
3.224568672240999945e+02 2.193952087776526412e+02
3.234991310495917105e+02 2.195850364647160973e+02
3.245389086764837998e+02 2.197900990940348152e+02
3.255760481011458864e+02 2.200103301598614394e+02
3.266103879528260450e+02 2.202456474225753595e+02
3.276417583955727082e+02 2.204959658969584098e+02
3.286699693110678595e+02 2.207611925079724813e+02
3.296948974866205049e+02 2.210412656840315435e+02
3.307163559852126582e+02 2.213361381451189516e+02
3.317341279864766648e+02 2.216457977441536400e+02
3.327480399089008642e+02 2.219702572050234437e+02
3.337578915218624616e+02 2.223095234286542450e+02
3.347634831536773845e+02 2.226636125184325010e+02
3.357645964260069036e+02 2.230326406538486594e+02
3.367608919402778724e+02 2.234167678719364858e+02
3.377521189483368289e+02 2.238162035186926460e+02
3.387379906905068765e+02 2.242311514911640984e+02
3.397181512438817776e+02 2.246617709367855866e+02
3.406923574357252846e+02 2.251081063558914650e+02
3.416604032872458561e+02 2.255701152661041249e+02
3.426220496028724938e+02 2.260477436995336404e+02
3.435770475406509945e+02 2.265409375437953372e+02
3.445251651166826719e+02 2.270496742688788743e+02
3.454660803693165576e+02 2.275739941992235629e+02
3.463994763016196998e+02 2.281139960682770891e+02
3.473250554924810558e+02 2.286698070792429007e+02
3.482423879292602464e+02 2.292414826986178866e+02
3.491511366147238391e+02 2.298291450957802908e+02
3.500509066185580878e+02 2.304329074407780240e+02
3.509412689479320306e+02 2.310528765250221284e+02
3.518217729603187536e+02 2.316891563820172735e+02
3.526919816072126537e+02 2.323418778497649271e+02
3.535513836376265431e+02 2.330111032871383827e+02
3.543995664082385701e+02 2.336968837504615806e+02
3.552360032140691146e+02 2.343991834429592416e+02
3.560602187829500167e+02 2.351180203443659593e+02
3.568717069289534720e+02 2.358534167931353238e+02
3.576698940542777905e+02 2.366052590220087097e+02
3.584543892136074419e+02 2.373733990694633178e+02
3.592246781534948354e+02 2.381575837129964839e+02
3.599802896060489843e+02 2.389576184086801902e+02
3.607207133878545733e+02 2.397733056440604287e+02
3.614454418981760568e+02 2.406042998887047304e+02
3.621541323423042513e+02 2.414501942541614881e+02
3.628463437409370158e+02 2.423104953897052098e+02
3.635217002715821195e+02 2.431848182178377726e+02
3.641796898072775548e+02 2.440726542666925241e+02
3.648199879150495235e+02 2.449735525843728965e+02
3.654422512622668364e+02 2.458868973895316117e+02
3.660461259035673152e+02 2.468120838889616095e+02
3.666312815575578838e+02 2.477485968552788052e+02
3.671973157200611126e+02 2.486958741522568346e+02
3.677438834568883408e+02 2.496533897031957849e+02
3.682706251437968490e+02 2.506205871382264831e+02
3.687771789441014789e+02 2.515969804598177006e+02
3.692631409630494090e+02 2.525820909187710299e+02
3.697280828337632101e+02 2.535754661358491830e+02
3.701715521085558862e+02 2.545767820484228707e+02
3.705930277794614085e+02 2.555856964195926366e+02
3.709919884111071156e+02 2.566019510914063630e+02
3.713678875835401527e+02 2.576253065232589279e+02
3.717201597916235869e+02 2.586555904067381562e+02
3.720481508869376626e+02 2.596927491671604002e+02
3.723511693374810534e+02 2.607366920356850528e+02
3.726285541289404364e+02 2.617874429049830383e+02
3.728796548022958177e+02 2.628450461381103764e+02
3.731035654248358924e+02 2.639096095600164062e+02
3.732984486115776690e+02 2.649814751254979797e+02
3.734623114242099291e+02 2.660607363727666552e+02
3.735932621597923458e+02 2.671472540640800162e+02
3.736900286988919788e+02 2.682394971389583702e+02
3.737522293026518128e+02 2.693356182324928909e+02
3.737798001535989556e+02 2.704347102891144345e+02
3.737728824466502715e+02 2.715358455955429235e+02
3.737318055838783835e+02 2.726380627182164176e+02
3.736570540784880450e+02 2.737403984571718070e+02
3.735492352496278841e+02 2.748418442083150239e+02
3.734090084139978103e+02 2.759414358856184322e+02
3.732371079264988794e+02 2.770382315721413420e+02
3.730343414602170355e+02 2.781312937890105559e+02
3.728015350469920008e+02 2.792197577096914642e+02
3.725395295797434301e+02 2.803027718843074467e+02
3.722491899376402102e+02 2.813794809382805511e+02
3.719313013581033260e+02 2.824491690578295788e+02
3.715866800164329220e+02 2.835110508995713303e+02
3.712161018835936943e+02 2.845644062120780973e+02
3.708203371843501941e+02 2.856085895257883749e+02
3.704001724659489128e+02 2.866429639684257609e+02
3.699563242280260624e+02 2.876669477619050781e+02
3.694894878912786567e+02 2.886799426593634621e+02
3.690003065218151619e+02 2.896814001053741094e+02
3.684894749807536982e+02 2.906708657664135558e+02
3.679577279339241045e+02 2.916478962157136721e+02
3.674057036651113890e+02 2.926121153618086055e+02
3.668340399628125397e+02 2.935631065289219919e+02
3.662432695343755427e+02 2.945005628548744312e+02
3.656341349786616775e+02 2.954241625465210745e+02
3.650072673155814869e+02 2.963337411692364753e+02
3.643632516135477886e+02 2.972291305509366452e+02
3.637027346172445732e+02 2.981100811191083721e+02
3.630262168136180776e+02 2.989765007551945928e+02
3.623343348646866957e+02 2.998283145234302083e+02
3.616277068299993971e+02 3.006654804326699946e+02
3.609068866819595769e+02 3.014879871637656379e+02
3.601723910040579995e+02 3.022958273707104127e+02
3.594247234017624919e+02 3.030890146059209087e+02
3.586644329238014848e+02 3.038675871473162147e+02
3.578919994615645805e+02 3.046316281027516197e+02
3.571079375733024222e+02 3.053811792550583846e+02
3.563126097837586030e+02 3.061163707482747895e+02
3.555065225193507104e+02 3.068372126521205132e+02
3.546900264350822454e+02 3.075438121387085175e+02
3.538635088404504359e+02 3.082362316124910535e+02
3.530273381300661413e+02 3.089145351999868012e+02
3.521818227573934337e+02 3.095788172410538550e+02
3.513274279167644067e+02 3.102292265221994967e+02
3.504645628463186426e+02 3.108661057682915043e+02
3.495937384147318880e+02 3.114897323100173594e+02
3.487153507839411759e+02 3.121004458459170223e+02
3.478298145433024047e+02 3.126985556643838891e+02
3.469374808712349818e+02 3.132843063261484531e+02
3.460386537516986323e+02 3.138578946212485903e+02
3.451335695396758183e+02 3.144195409078498642e+02
3.442225857093407058e+02 3.149693956465812334e+02
3.433058709987484463e+02 3.155076959183298300e+02
3.423837242107313159e+02 3.160345472908286979e+02
3.414563009794880486e+02 3.165500986644689760e+02
3.405237943252246282e+02 3.170544686252098359e+02
3.395864090165470657e+02 3.175477657569484222e+02
3.386443148502016243e+02 3.180301051364782552e+02
3.376976680210946711e+02 3.185015716215013981e+02
3.367466316098838206e+02 3.189622329624369286e+02
3.357913493663784266e+02 3.194121620090311922e+02
3.348319287320124431e+02 3.198514397769357060e+02
3.338685440734084295e+02 3.202801130161732885e+02
3.329013072505072728e+02 3.206982491107112878e+02
3.319303624883489761e+02 3.211058967996072511e+02
3.309557881140058271e+02 3.215031253388557388e+02
3.299777701622845711e+02 3.218899590374094828e+02
3.289963929720367446e+02 3.222664699685418555e+02
3.280117848047504481e+02 3.226327257296715061e+02
3.270240719401185174e+02 3.229887946496587006e+02
3.260333777706959495e+02 3.233347435433352075e+02
3.250398231185151303e+02 3.236706380722635004e+02
3.240435350877645533e+02 3.239965633262829101e+02
3.230446513403641120e+02 3.243126356525582423e+02
3.220433070463849958e+02 3.246189733065812106e+02
3.210396338158724348e+02 3.249156936666020670e+02
3.200337371008647551e+02 3.252029196738152450e+02
3.190257830686332454e+02 3.254807959095463161e+02
3.180159332115803181e+02 3.257495151938443882e+02
3.170042765298793483e+02 3.260092870126795219e+02
3.159910309365937451e+02 3.262602846402022578e+02
3.149762663953885635e+02 3.265027252361427372e+02
3.139601921876573556e+02 3.267368399457879491e+02
3.129429012571211501e+02 3.269629275312250911e+02
3.119246151984092421e+02 3.271812549525549230e+02
3.109054198045374164e+02 3.273921220264676322e+02
3.098854812037656075e+02 3.275958113874120272e+02
3.088649578749628404e+02 3.277926659910734202e+02
3.078439820788786392e+02 3.279830602179803236e+02
3.068226829721195372e+02 3.281673645179665755e+02
3.058012294856810627e+02 3.283459435161784086e+02
3.047797179770751654e+02 3.285191467900153270e+02
3.037582136549970073e+02 3.286871650422090170e+02
3.027367632306830956e+02 3.288501364678980394e+02
3.017154103473337159e+02 3.290081980571962390e+02
3.006941894977692868e+02 3.291614856101028863e+02
2.996731522775342569e+02 3.293101274469441364e+02
2.986523205934774410e+02 3.294542384678160829e+02
2.976317212021634759e+02 3.295939264577425547e+02
2.966113785372861003e+02 3.297292978434016391e+02
2.955913146918451275e+02 3.298604576656134100e+02
2.945715481725761151e+02 3.299875041276937395e+02
2.935520924295274199e+02 3.301105211719199133e+02
2.925329585808946149e+02 3.302295893999595364e+02
2.915141558331498004e+02 3.303447878983453734e+02
2.904956914375855490e+02 3.304561941114596948e+02
2.894775672806582634e+02 3.305638761153806513e+02
2.884597840735778504e+02 3.306678881271773207e+02
2.874423433568514383e+02 3.307682824631256153e+02
2.864252394085594915e+02 3.308651099828679207e+02
2.854084672537331926e+02 3.309584191096923860e+02
2.843920190798978638e+02 3.310482485298271058e+02
2.833758843485351235e+02 3.311346263563187904e+02
2.823600512958162199e+02 3.312175784368524205e+02
2.813445069907895117e+02 3.312971287846863788e+02
2.803292372437596214e+02 3.313732990340006950e+02
2.793142246175546575e+02 3.314461009044567845e+02
2.782994496095238333e+02 3.315155376954025996e+02
2.772849566297477395e+02 3.315816341926606015e+02
2.762708126339132946e+02 3.316444565361247214e+02
2.752570025062827312e+02 3.317040829033799128e+02
2.742435008183570062e+02 3.317605837031322835e+02
2.732302811560746250e+02 3.318140236222766930e+02
2.722173165109601882e+02 3.318644649723754014e+02
2.712045792881085049e+02 3.319119677296536679e+02
2.701920412430375791e+02 3.319565885905188907e+02
2.691796732364224454e+02 3.319983765910133116e+02
2.681674456004935223e+02 3.320373765873894172e+02
2.671553274910741607e+02 3.320736306812669341e+02
2.661432897975482774e+02 3.321071793343772924e+02
2.651313018688150009e+02 3.321380596945667207e+02
2.641193316352536158e+02 3.321663018074626734e+02
2.631073474322541301e+02 3.321919323580630703e+02
2.620953173441496915e+02 3.322149757047417324e+02
2.610832085245476719e+02 3.322354534676122739e+02
2.600709882570442346e+02 3.322533828233508189e+02
2.590586256640866623e+02 3.322687750276292604e+02
2.580460869558554009e+02 3.322816377242796193e+02
2.570333391495307751e+02 3.322919761598849391e+02
2.560203491283123753e+02 3.322997920024274094e+02
2.550070855991194776e+02 3.323050025574381721e+02
2.539935231738157313e+02 3.323073886923806413e+02
2.529796366386951831e+02 3.323067133467777694e+02
2.519654185336264334e+02 3.323027415200587598e+02
2.509508614807656102e+02 3.322952367474013613e+02
2.499359589998820752e+02 3.322839587350021588e+02
2.489206994563199373e+02 3.322686574872263350e+02
2.479051161976492779e+02 3.322490967361688377e+02
2.468892043262807192e+02 3.322250265662892161e+02
2.458729800446521381e+02 3.321961950986469105e+02
2.448564835323385012e+02 3.321623608348285188e+02
2.438397180871602643e+02 3.321232669106294679e+02
2.428227462818821039e+02 3.320786723161338614e+02
2.418055843272585150e+02 3.320283186089688456e+02
2.407882893517287641e+02 3.319719546662667540e+02
2.397709149739391989e+02 3.319093344232506411e+02
2.387535026632694724e+02 3.318402051800150048e+02
2.377361220700576325e+02 3.317643184263074545e+02
2.367188447162117768e+02 3.316814252270478960e+02
2.357017367407912900e+02 3.315912721763648960e+02
2.346848756188153686e+02 3.314936137572918824e+02
2.336683442811409748e+02 3.313882057651496211e+02
2.326522316957996566e+02 3.312748021226695982e+02
2.316366330438116279e+02 3.311531548905209092e+02
2.306216495051008337e+02 3.310230165420218782e+02
2.296073860520441201e+02 3.308841455554247091e+02
2.285939398082528271e+02 3.307362923038148779e+02
2.275814605886612583e+02 3.305792248665557622e+02
2.265700483547443582e+02 3.304126895324668567e+02
2.255598392135659367e+02 3.302364393583475817e+02
2.245509769884730815e+02 3.300502325754401909e+02
2.235436108133470441e+02 3.298538267899593279e+02
2.225378702801153565e+02 3.296469626404789324e+02
2.215339474266561979e+02 3.294294008941934635e+02
2.205319999902322365e+02 3.292008847363657651e+02
2.195322077811844110e+02 3.289611560475891565e+02
2.185347626300367949e+02 3.287099552452289686e+02
2.175398667328774707e+02 3.284470210071722249e+02
2.165477143891973526e+02 3.281720781832361240e+02
2.155585631488380045e+02 3.278848676249832010e+02
2.145726294324281298e+02 3.275850969195246876e+02
2.135901718518012160e+02 3.272724810828948421e+02
2.126114502039597483e+02 3.269467264531234605e+02
2.116367646577755011e+02 3.266075503464727490e+02
2.106664064077510830e+02 3.262546357346636796e+02
2.097007062289889063e+02 3.258876562696203791e+02
2.087400144444163175e+02 3.255062855937753739e+02
2.077846922512120216e+02 3.251101907947665950e+02
2.068351194607839716e+02 3.246990737143065076e+02
2.058915901913815105e+02 3.242729378046488478e+02
2.049543259405832316e+02 3.238319323322023706e+02
2.040235570955494779e+02 3.233761994215786899e+02
2.030995322260753255e+02 3.229058796843049208e+02
2.021825069885215100e+02 3.224211103422314864e+02
2.012727394196711259e+02 3.219220367504325395e+02
2.003704734899770301e+02 3.214087825595487971e+02
1.994760017797022158e+02 3.208814889776049313e+02
1.985895925862570834e+02 3.203402626364886032e+02
1.977115478490036082e+02 3.197852203713990775e+02
1.968421702226864340e+02 3.192164959289438002e+02
1.959817654517332528e+02 3.186342119249188158e+02
1.951306539939712934e+02 3.180384745535652087e+02
1.942891828209094740e+02 3.174293833909578098e+02
1.934577149344986537e+02 3.168070376170610984e+02
1.926366135590704118e+02 3.161715370799973925e+02
1.918262748398464055e+02 3.155229864786676330e+02
1.910271001372349531e+02 3.148614542370885374e+02
1.902395337340629453e+02 3.141870062877900978e+02
1.894640463547447098e+02 3.134997089092370857e+02
1.887011182215703684e+02 3.127996033440228985e+02
1.879512794816864414e+02 3.120867391475135832e+02
1.872150844211340370e+02 3.113611379524103882e+02
1.864931296983047844e+02 3.106228028595643877e+02
1.857860607972312152e+02 3.098717434048940618e+02
1.850945561166705318e+02 3.091079381087158140e+02
1.844193487599968364e+02 3.083313732386866945e+02
1.837612151759668393e+02 3.075420016929435860e+02
1.831209912315607085e+02 3.067397996370535793e+02
1.824995609683510622e+02 3.059247128953970787e+02
1.818978668630504956e+02 3.050967073464587429e+02
1.813168992667715429e+02 3.042557370577940219e+02
1.807576986974440558e+02 3.034017790142933109e+02
1.802213504949419587e+02 3.025348178629375866e+02
1.797089827441380407e+02 3.016548648833549464e+02
1.792217532868722856e+02 3.007619574818218098e+02
1.787608289315613206e+02 2.998561782564175928e+02
1.783273819973695993e+02 2.989376425751347597e+02
1.779225636229511736e+02 2.980065256691141826e+02
1.775474767314636040e+02 2.970630626406978649e+02
1.772031762160940218e+02 2.961075329127272653e+02
1.768906035712265350e+02 2.951403066078735833e+02
1.766105947073539539e+02 2.941617964713623223e+02
