1.768077724971915359e+02 2.930793431289849309e+02
1.765404352551411193e+02 2.921093612768248136e+02
1.762999635048900871e+02 2.911256010046542997e+02
1.760870192842970425e+02 2.901281827549647119e+02
1.759021684368040610e+02 2.891174758304769625e+02
1.757458460468382668e+02 2.880940784962227212e+02
1.756183797151900023e+02 2.870587605962041380e+02
1.755199601128563529e+02 2.860124621161560299e+02
1.754506604741595766e+02 2.849562321458964220e+02
1.754104482537575223e+02 2.838912016076174609e+02
1.753991992023315447e+02 2.828185553021516512e+02
1.754167769207399203e+02 2.817395329194071110e+02
1.754631317872805880e+02 2.806553944026960608e+02
1.755381320636340376e+02 2.795674895243200808e+02
1.756416390700769909e+02 2.784771014123041368e+02
1.757734657244668597e+02 2.773855520461643778e+02
1.759333883317441405e+02 2.762941207189329589e+02
1.761211435996928287e+02 2.752040564796882904e+02
1.763364289604613759e+02 2.741166326029675133e+02
1.765790149614264806e+02 2.730329949566146297e+02
1.768486240127727456e+02 2.719543556696286828e+02
1.771448409449513974e+02 2.708818292249296746e+02
1.774672274250822852e+02 2.698163402884500215e+02
1.778152795405030702e+02 2.687589086205613285e+02
1.781886121423429756e+02 2.677103944453451732e+02
1.785867438515923027e+02 2.666717573148356450e+02
1.790091242411594408e+02 2.656436479360190788e+02
1.794550550674501039e+02 2.646266994808285062e+02
1.799238707791249681e+02 2.636215038480714838e+02
1.804149883480841368e+02 2.626285691149162744e+02
1.809277924699638618e+02 2.616484064817556145e+02
1.814615610550308133e+02 2.606813302965204571e+02
1.820155138539098232e+02 2.597276063464980211e+02
1.825889392955070605e+02 2.587874384853889751e+02
1.831811420117458624e+02 2.578610289570781902e+02
1.837914771718947975e+02 2.569485043386226835e+02
1.844191827237958421e+02 2.560499583621491411e+02
1.850635902996934306e+02 2.551653627560631890e+02
1.857240006868821069e+02 2.542947358043748807e+02
1.863997683112536095e+02 2.534380524814785929e+02
1.870903008535965455e+02 2.525952498561840969e+02
1.877950190523605727e+02 2.517662595557512759e+02
1.885133210968077151e+02 2.509510390043643326e+02
1.892447034833184887e+02 2.501494701703789758e+02
1.899886456331875024e+02 2.493614654256137726e+02
1.907446418129336507e+02 2.485869746754734706e+02
1.915123694141616681e+02 2.478258958053178844e+02
1.922913546429709299e+02 2.470782667297326327e+02
1.930812863977866414e+02 2.463440007117384880e+02
1.938818047665308768e+02 2.456230617951144666e+02
1.946925085470541035e+02 2.449153449805600360e+02
1.955129438614331434e+02 2.442206576990532199e+02
1.963426699520356067e+02 2.435387951293429296e+02
1.971812661348840834e+02 2.428695439806917022e+02
1.980283965310296992e+02 2.422126515079576734e+02
1.988836260355006402e+02 2.415680579369283407e+02
1.997468017408606045e+02 2.409356226755581361e+02
2.006176195845641530e+02 2.403153216143444126e+02
2.014958442467272164e+02 2.397070851780577243e+02
2.023812601732907694e+02 2.391108460332326899e+02
2.032736794823022990e+02 2.385266022953622098e+02
2.041729409279036247e+02 2.379543851703481891e+02
2.050788869293484709e+02 2.373942283572030760e+02
2.059913629572934326e+02 2.368461676395694724e+02
2.069102697376710296e+02 2.363102216965739615e+02
2.078353979399425953e+02 2.357865141482744491e+02
2.087666905438402978e+02 2.352751003861456809e+02
2.097040277547471590e+02 2.347760800081147465e+02
2.106472770313572198e+02 2.342895603743853030e+02
2.115963161196864064e+02 2.338156427101305326e+02
2.125510849547191015e+02 2.333543989322963057e+02
2.135113806682243762e+02 2.329059724701237997e+02
2.144771258991091827e+02 2.324704421953919677e+02
2.154481976507208003e+02 2.320479162138640277e+02
2.164244621891438669e+02 2.316384875092379048e+02
2.174057584460006467e+02 2.312422021721747569e+02
2.183919212395266527e+02 2.308590989676526988e+02
2.193827858618084008e+02 2.304892176984177183e+02
2.203781876544884426e+02 2.301325987450316575e+02
2.213779372709115592e+02 2.297892344979188124e+02
2.223818008366822028e+02 2.294590253708278453e+02
2.233895433132531423e+02 2.291418605919326694e+02
2.244009553084668482e+02 2.288376223103043401e+02
2.254157834114956813e+02 2.285462069233502120e+02
2.264337543290393455e+02 2.282674130625077851e+02
2.274545959745925074e+02 2.280009127715899524e+02
2.284779783570155871e+02 2.277463910116975683e+02
2.295035995260353445e+02 2.275035185141692295e+02
2.305312159683639379e+02 2.272719455171949789e+02
2.315604411617333938e+02 2.270512486240649537e+02
2.325910027020561870e+02 2.268408688508438047e+02
2.336224978952792526e+02 2.266402807450455157e+02
2.346546657170952130e+02 2.264489171267435665e+02
2.356871661285084372e+02 2.262662265459545949e+02
2.367196879148258972e+02 2.260915649849012539e+02
2.377519417003280466e+02 2.259242396873067378e+02
2.387835853146593763e+02 2.257635637649218268e+02
2.398143670243847509e+02 2.256088278250007590e+02
2.408440498501203990e+02 2.254593628095303472e+02
2.418724536170516899e+02 2.253147312355087024e+02
2.428994891918214307e+02 2.251745812112035310e+02
2.439250668532997679e+02 2.250385672233864796e+02
2.449490928927956759e+02 2.249063441012011424e+02
2.459714897951828902e+02 2.247775772533088343e+02
2.469922200786511155e+02 2.246519973221968485e+02
2.480112534108775151e+02 2.245293551288691276e+02
2.490285718797915990e+02 2.244094044654424920e+02
2.500441508823278411e+02 2.242918965489093921e+02
2.510579904133377624e+02 2.241766009073658950e+02
2.520701094829979638e+02 2.240633434976440697e+02
2.530805342921154590e+02 2.239519615884743757e+02
2.540892965888149320e+02 2.238422939606448381e+02
2.550964346003819969e+02 2.237341824800705865e+02
2.561019951969053636e+02 2.236274887819190553e+02
2.571060383723585687e+02 2.235221103449441955e+02
2.581086306598194824e+02 2.234179527576405064e+02
2.591098423222504152e+02 2.233149240090816363e+02
2.601097481057717573e+02 2.232129347158951873e+02
2.611084294815402700e+02 2.231119099058494726e+02
2.621059749447438776e+02 2.230117930296283362e+02
2.631024770071833814e+02 2.229125313434995803e+02
2.640980313849805157e+02 2.228140771272974519e+02
2.650927396929258748e+02 2.227163819575218326e+02
2.660867064900109540e+02 2.226194028704374830e+02
2.670800416555781567e+02 2.225230997420177914e+02
2.680728891404756382e+02 2.224273717223482549e+02
2.690653966740568990e+02 2.223320618466154031e+02
2.700576803048197689e+02 2.222370185896558894e+02
2.710498552294581600e+02 2.221420880591261664e+02
2.720420378888209143e+02 2.220471161774038080e+02
2.730343458484921371e+02 2.219519537967161114e+02
2.740268990088572423e+02 2.218564557306406471e+02
2.750198207777886523e+02 2.217604763776912193e+02
2.760132325600624199e+02 2.216638700272514484e+02
2.770072589098215303e+02 2.215664920003224552e+02
2.780020263514232965e+02 2.214682014717538436e+02
2.789976633800169452e+02 2.213688614844384688e+02
2.799943005222560259e+02 2.212683409272225674e+02
2.809920696118956016e+02 2.211665248640683785e+02
2.819911067540293175e+02 2.210632989163994750e+02
2.829915471486705769e+02 2.209585543604940483e+02
2.839935282235658178e+02 2.208521871574352815e+02
2.849971891377508086e+02 2.207441130439763128e+02
2.860026699761814939e+02 2.206343004363747013e+02
2.870101107567259646e+02 2.205227305288063917e+02
2.880196483617858121e+02 2.204093829191473333e+02
2.890314225998897655e+02 2.202942463836606635e+02
2.900455627300952983e+02 2.201775344662415534e+02
2.910621709490893068e+02 2.200599035543246202e+02
2.920813135175311004e+02 2.199420533067969643e+02
2.931030509563127566e+02 2.198246919055688977e+02
2.941274291171678783e+02 2.197085377333042118e+02
2.951544438444543630e+02 2.195943369683467381e+02
2.961840866563225063e+02 2.194828958036218864e+02
2.972163432231209299e+02 2.193750371740486855e+02
2.982511191716924372e+02 2.192715610909095858e+02
2.992883694111703221e+02 2.191732894354719008e+02
3.003279750213044395e+02 2.190810186820060608e+02
3.013698262102305421e+02 2.189955408272725208e+02
3.024137814653609553e+02 2.189176447647649013e+02
3.034596830842937720e+02 2.188481196988315105e+02
3.045073411092632796e+02 2.187877403843281172e+02
3.055566005223686830e+02 2.187371988868481196e+02
3.066072241896738433e+02 2.186971008349709962e+02
3.076590460789234385e+02 2.186680739315744688e+02
3.087118303349460007e+02 2.186507326865396976e+02
3.097653242659877151e+02 2.186456627546159552e+02
3.108193252617585358e+02 2.186533011520286323e+02
3.118736200773498126e+02 2.186740136512344748e+02
3.129279846672773715e+02 2.187081650607577217e+02
3.139821622724216468e+02 2.187561100097719020e+02
3.150359300358361452e+02 2.188181790145322339e+02
3.160890773720323068e+02 2.188945433337778184e+02
3.171413999987966577e+02 2.189853291016609944e+02
3.181926903062500855e+02 2.190906626928128276e+02
3.192427454653883956e+02 2.192106742837869149e+02
3.202913623490062491e+02 2.193454602531747355e+02
3.213383349714724773e+02 2.194950042481040100e+02
3.223834998934187297e+02 2.196592837396107996e+02
3.234267165734053719e+02 2.198382906226191835e+02
3.244677623922632392e+02 2.200319877307896945e+02
3.255064886025493820e+02 2.202403445138918698e+02
3.265427436708841924e+02 2.204632934619326363e+02
3.275763687427591435e+02 2.207007620469450160e+02
3.286071853116606576e+02 2.209526701076118229e+02
3.296350800867740531e+02 2.212189681739105538e+02
3.306598851492197468e+02 2.214996004758952779e+02
3.316814142655003366e+02 2.217945173182778831e+02
3.326995259222077834e+02 2.221036922490623624e+02
3.337140544558457123e+02 2.224270942391138135e+02
3.347248374406295284e+02 2.227647004868808551e+02
3.357317130285969142e+02 2.231165451219212059e+02
3.367344200994285188e+02 2.234826660171572144e+02
3.377327908661646347e+02 2.238631508479998615e+02
3.387266275427145388e+02 2.242580850011128177e+02
3.397156686862118704e+02 2.246675134582216344e+02
3.406997656407871204e+02 2.250913820128695306e+02
3.416788091196896175e+02 2.255295611735731143e+02
3.426526620856648719e+02 2.259819138811857044e+02
3.436211834192722563e+02 2.264483069519218077e+02
3.445842562648984995e+02 2.269286411354651989e+02
3.455416878757135350e+02 2.274228678454303747e+02
3.464933021180459036e+02 2.279309953262346085e+02
3.474389517960964895e+02 2.284530674277434628e+02
3.483783617996971316e+02 2.289890614362986128e+02
3.493113607626830799e+02 2.295390331700456841e+02
3.502377211790438309e+02 2.301030487537711338e+02
3.511571878444545405e+02 2.306811799445794122e+02
3.520694928580851979e+02 2.312735053807244867e+02
3.529743943861811317e+02 2.318801430068951959e+02
3.538715710409434223e+02 2.325011689566959774e+02
3.547607818361412342e+02 2.331367195548585869e+02
3.556416632872529249e+02 2.337868614398688010e+02
3.565139183669710974e+02 2.344517330668634258e+02
3.573772284592174628e+02 2.351314935719152004e+02
3.582311724914584943e+02 2.358262180227701776e+02
3.590754684902851750e+02 2.365360671559910486e+02
3.599096862545364957e+02 2.372611096472184045e+02
3.607334507980961007e+02 2.380014968752041682e+02
3.615463473540909263e+02 2.387573961223364449e+02
3.623478966176706990e+02 2.395289010105921363e+02
3.631377188477117102e+02 2.403161691773803454e+02
3.639152933791867213e+02 2.411192718710699410e+02
3.646801798293568595e+02 2.419384285445051432e+02
3.654317412655643693e+02 2.427737148335528445e+02
3.661695042302839624e+02 2.436253777773456193e+02
3.668928641525011471e+02 2.444935331130800762e+02
3.676011662039505836e+02 2.453783117533399434e+02
3.682937673499816924e+02 2.462799674315623975e+02
3.689698785896908362e+02 2.471986787554707519e+02
3.696287306184322574e+02 2.481346926547231817e+02
3.702694584530260613e+02 2.490882047666329413e+02
3.708911473479297456e+02 2.500594888012089712e+02
3.714927522335004824e+02 2.510487826612186382e+02
3.720731203939708962e+02 2.520562987996316338e+02
3.726310653436287907e+02 2.530823592861159739e+02
3.731652204034039642e+02 2.541271381864212628e+02
3.736741441886239272e+02 2.551908530516445239e+02
3.741562516920574808e+02 2.562736100095696656e+02
3.746098493333153101e+02 2.573754592988560148e+02
3.750331119104302502e+02 2.584964355060565708e+02
3.754240521552891892e+02 2.596362327660787628e+02
3.757806812543815909e+02 2.607945395984239099e+02
3.761009564452679683e+02 2.619707868005851310e+02
3.763826629230990193e+02 2.631640948819887740e+02
3.766230992991388575e+02 2.643735677336936192e+02
3.768195435797015307e+02 2.655976938936398142e+02
3.769695199674172841e+02 2.668345493312201597e+02
3.770712712939257472e+02 2.680788755064366455e+02
3.771244848110676458e+02 2.693249892263410175e+02
3.771296726277996640e+02 2.705700042267716299e+02
3.770877556595411875e+02 2.718112996225485745e+02
3.769999911682325546e+02 2.730464726143672465e+02
3.768678908059373498e+02 2.742733947003642925e+02
3.766931928297624950e+02 2.754900975275568840e+02
3.764777512883543977e+02 2.766949766596827658e+02
3.762234786456908751e+02 2.778866890203178741e+02
3.759323234784836814e+02 2.790640765309270819e+02
3.756061787195033048e+02 2.802262769024973181e+02
3.752469236344223873e+02 2.813725849727847503e+02
3.748564337576672187e+02 2.825024031237036297e+02
3.744363796874988566e+02 2.836154764889258217e+02
3.739884132290360412e+02 2.847114743777083277e+02
3.735140520449049291e+02 2.857902245304151165e+02
3.730147266089120990e+02 2.868516928270852304e+02
3.724918295769949736e+02 2.878958615717398857e+02
3.719466079870531985e+02 2.889228104531994745e+02
3.713802429163273473e+02 2.899325948440724119e+02
3.707937964642587758e+02 2.909253371258813559e+02
3.701882868100425981e+02 2.919012212146624279e+02
3.695647267613527447e+02 2.928603976641417148e+02
3.689239847763710145e+02 2.938030977478655359e+02
3.682669183563681372e+02 2.947294792537789476e+02
3.675942162426985078e+02 2.956398165457869140e+02
3.669067193789316548e+02 2.965342428907258636e+02
3.662050889494905164e+02 2.974130482532726774e+02
3.654899347086806074e+02 2.982764953209486407e+02
3.647619440632084888e+02 2.991247232420580531e+02
3.640215997185049446e+02 2.999580278196880840e+02
3.632694697207151648e+02 3.007766181534428256e+02
3.625060888279431310e+02 3.015807063728477146e+02
3.617319236803986087e+02 3.023705241741362215e+02
3.609474053226047090e+02 3.031462917802457468e+02
3.601529377755882138e+02 3.039082173605269759e+02
3.593489422480006397e+02 3.046564743990588795e+02
3.585357640436568545e+02 3.053912681127950464e+02
3.577137965642959330e+02 3.061127427336409710e+02
3.568832699599110470e+02 3.068211327079641251e+02
3.560445762086214927e+02 3.075165145118778582e+02
3.551979279494448178e+02 3.081990503771644399e+02
3.543435860563108122e+02 3.088688414032201308e+02
3.534817973403033875e+02 3.095259823154862602e+02
3.526127479469269019e+02 3.101705917682226641e+02
3.517367618398158697e+02 3.108027837871250654e+02
3.508540687918528533e+02 3.114228190957244919e+02
3.499650173228473591e+02 3.120308747887251570e+02
3.490698404420716088e+02 3.126271886388340135e+02
3.481688021949333915e+02 3.132119608406608222e+02
3.472621314108503725e+02 3.137853538205858399e+02
3.463500303024064237e+02 3.143475011796832064e+02
3.454326344315984443e+02 3.148985588075178157e+02
3.445102143013696150e+02 3.154386028179030745e+02
3.435828446499031656e+02 3.159678024500873903e+02
3.426507569310103918e+02 3.164862037302272029e+02
3.417140393844977098e+02 3.169939077820351372e+02
3.407728237092912877e+02 3.174909811583983696e+02
3.398272571708586725e+02 3.179774776169961115e+02
3.388774541879464550e+02 3.184534586897358963e+02
3.379235249527142173e+02 3.189189657196123449e+02
3.369655916387138745e+02 3.193740248843266727e+02
3.360037579639068781e+02 3.198186666423692373e+02
3.350380912683987731e+02 3.202529292988585894e+02
3.340687327607350312e+02 3.206768152469295501e+02
3.330957623268184875e+02 3.210903544039641702e+02
3.321192964545197697e+02 3.214935573416653938e+02
3.311393834458463061e+02 3.218864560714609411e+02
3.301561871036042248e+02 3.222690337283272584e+02
3.291697654180306358e+02 3.226413247701015052e+02
3.281802253594796639e+02 3.230033605066154792e+02
3.271876732362850930e+02 3.233551728131626533e+02
3.261922135643609977e+02 3.236967914815016343e+02
3.251939493801502294e+02 3.240282446359968844e+02
3.241929916833360039e+02 3.243495807695484245e+02
3.231894639874806217e+02 3.246608814187047756e+02
3.221834883471763078e+02 3.249622298058803835e+02
3.211751841987867238e+02 3.252537078839893638e+02
3.201646445091962505e+02 3.255354033998787600e+02
3.191520276727054011e+02 3.258074267638195920e+02
3.181374883164511402e+02 3.260699394062504552e+02
3.171211056552372725e+02 3.263231207063847137e+02
3.161030961317979404e+02 3.265671107444430845e+02
3.150835210120160923e+02 3.268020966020955598e+02
3.140625903510238572e+02 3.270282809614452617e+02
3.130403928677353065e+02 3.272459396757291756e+02
3.120171540003736368e+02 3.274553141360494806e+02
3.109929569164723375e+02 3.276566809190665595e+02
3.099679706503889633e+02 3.278502983989255313e+02
3.089423580368129478e+02 3.280364914703117165e+02
3.079162557439777856e+02 3.282156198350454588e+02
3.068897981467166574e+02 3.283880391274247472e+02
3.058631621322015235e+02 3.285540984425460351e+02
3.048364518978680167e+02 3.287141404120470725e+02
3.038097537328333146e+02 3.288683905349736278e+02
3.027831386140149448e+02 3.290170363517792111e+02
3.017566733436218556e+02 3.291602646373862626e+02
3.007304142583600424e+02 3.292982614427003796e+02
2.997044347145262009e+02 3.294312065859621157e+02
2.986787773360178448e+02 3.295592708138674993e+02
2.976534888919424588e+02 3.296826188914896534e+02
2.966286125731182324e+02 3.298014146060535268e+02
2.956041879656230549e+02 3.299158207219520591e+02
2.945802497320599969e+02 3.300259932331134678e+02
2.935568260549949287e+02 3.301320735423646511e+02
2.925339414899049189e+02 3.302341999279704510e+02
2.915116173935239203e+02 3.303325094477814901e+02
2.904898718590004592e+02 3.304271377688349389e+02
2.894687159783847505e+02 3.305182096546022876e+02
2.884481578231029744e+02 3.306058333942357876e+02
2.874282049119445901e+02 3.306901153479310551e+02
2.864088563630799626e+02 3.307711605902481438e+02
2.853901107069406180e+02 3.308490718358274307e+02
2.843719618563337121e+02 3.309239392342964265e+02
2.833543992441307751e+02 3.309958392135101803e+02
2.823374098667965768e+02 3.310648458732786708e+02
2.813209783470170464e+02 3.311310315681249676e+02
2.803050867853709747e+02 3.311944661189806993e+02
2.792897124474019961e+02 3.312552061457337231e+02
2.782748290914734071e+02 3.313132973454195849e+02
2.772604665478699530e+02 3.313688076138000156e+02
2.762466718798152101e+02 3.314218464594405305e+02
2.752334165655254310e+02 3.314725340005333010e+02
2.742206615797783229e+02 3.315209794767206404e+02
2.732083660389928923e+02 3.315672847630548290e+02
2.721964877597938539e+02 3.316115491736418903e+02
2.711849832658186301e+02 3.316538695067982871e+02
2.701738076943557871e+02 3.316943387098085623e+02
2.691629144473216115e+02 3.317330397277635825e+02
2.681522556992495083e+02 3.317700503725877184e+02
2.671417819298149539e+02 3.318054454791565604e+02
2.661314443613278513e+02 3.318392980381990469e+02
2.651211921706056955e+02 3.318716769841713017e+02
2.641109725464744997e+02 3.319026420767931427e+02
2.631007323319678903e+02 3.319322490559248990e+02
2.620904174901331203e+02 3.319605510792926566e+02
2.610799725112175906e+02 3.319875982971997246e+02
2.600693412736577557e+02 3.320134348559360546e+02
2.590584685511951761e+02 3.320380955797534170e+02
2.580472960408395124e+02 3.320616109232027497e+02
2.570357655134010315e+02 3.320840086448492912e+02
2.560238180073148442e+02 3.321053119995725069e+02
2.550113967988242791e+02 3.321254166904913063e+02
2.539984536059367599e+02 3.321440115498406271e+02
2.529849431293792179e+02 3.321607607717468795e+02
2.519708389827086989e+02 3.321753303688605001e+02
2.509561177315818270e+02 3.321873846972588922e+02
2.499407594084113384e+02 3.321965832175545188e+02
2.489247414258548758e+02 3.322025745415813276e+02
2.479080869220786383e+02 3.322050207841504630e+02
2.468907847100406627e+02 3.322035704624039454e+02
2.458728461412831336e+02 3.321978701874819535e+02
2.448543087553872510e+02 3.321875788198512964e+02
2.438351750454982323e+02 3.321723413100888820e+02
2.428155096168204921e+02 3.321518186297722082e+02
2.417953318248981418e+02 3.321256543162400590e+02
2.407747049307086229e+02 3.320935001633473007e+02
2.397536900205003292e+02 3.320550197510816588e+02
2.387323365027332613e+02 3.320098735607563185e+02
2.377107251574487634e+02 3.319577266259749422e+02
2.366889405658283749e+02 3.318982437790143649e+02
2.356670627594303085e+02 3.318310873415724132e+02
2.346451839290433838e+02 3.317559384068206327e+02
2.336234028496888584e+02 3.316724834182967925e+02
2.326018259884349391e+02 3.315804072294018283e+02
2.315805677139584304e+02 3.314793931391698720e+02
2.305597496017295782e+02 3.313691280915016364e+02
2.295394965299272485e+02 3.312493162425730020e+02
2.285199245279461593e+02 3.311196561586843359e+02
2.275012097449880173e+02 3.309798656142248205e+02
2.264834725228399179e+02 3.308296395662171108e+02
2.254668739195733167e+02 3.306686836262411475e+02
2.244515829146398289e+02 3.304967159817383049e+02
2.234377746376564744e+02 3.303134556432724480e+02
2.224256017032927275e+02 3.301186041020740731e+02
2.214152886742031683e+02 3.299118853459543175e+02
2.204070209169220220e+02 3.296930044418733132e+02
2.194010093026398920e+02 3.294616654933817586e+02
2.183974786699685637e+02 3.292175718026492746e+02
2.173966659204796770e+02 3.289604256410851235e+02
2.163987986519962305e+02 3.286899150636502327e+02
2.154041798565193062e+02 3.284057404186294207e+02
2.144130668849862786e+02 3.281075592376064947e+02
2.134257665373742441e+02 3.277950384948514397e+02
2.124425872781142175e+02 3.274678370693464444e+02
2.114638854572242224e+02 3.271256263512659075e+02
2.104900129463112251e+02 3.267680237639489178e+02
2.095213733168359624e+02 3.263946247174313271e+02
2.085583945804333155e+02 3.260050265823551854e+02
2.076015188806649405e+02 3.255988221861460374e+02
2.066512105891455633e+02 3.251756503675551926e+02
2.057078259982071131e+02 3.247355288235898456e+02
2.047716317995038082e+02 3.242786622294917152e+02
2.038429049091889453e+02 3.238052504476841591e+02
2.029219434066448855e+02 3.233154945354920073e+02
2.020090528572553410e+02 3.228095966200240809e+02
2.011045365798675277e+02 3.222877824641739721e+02
2.002086790862131807e+02 3.217502617194509185e+02
1.993218200847922503e+02 3.211972667816952480e+02
1.984442706011089115e+02 3.206289957548091252e+02
1.975763760088590573e+02 3.200456686033755886e+02
1.967184686269650342e+02 3.194475523865114610e+02
1.958708785950444735e+02 3.188349117979527705e+02
1.950339496505889372e+02 3.182079979272488117e+02
1.942080519559799541e+02 3.175670590144409289e+02
1.933935645898273208e+02 3.169123564501713872e+02
1.925908484792746833e+02 3.162441806406919795e+02
1.918002920283289257e+02 3.155628341150801361e+02
1.910222836273688074e+02 3.148685854201030452e+02
1.902572505754631607e+02 3.141617042528011439e+02
1.895056362955338329e+02 3.134424697153450552e+02
1.887678798028859433e+02 3.127111497698873563e+02
1.880444601546002730e+02 3.119680233592801528e+02
1.873358719776124417e+02 3.112133440682624155e+02
1.866426425049397722e+02 3.104473491536575125e+02
1.859653358237384850e+02 3.096702787357088482e+02
1.853045415453905491e+02 3.088823419512783630e+02
1.846608859604463646e+02 3.080837523211471876e+02
1.840350271191821321e+02 3.072746935360586917e+02
1.834276567066076495e+02 3.064553614517990354e+02
1.828395104599616445e+02 3.056259134469084984e+02
1.822713615231307642e+02 3.047865043988583693e+02
1.817240127909293221e+02 3.039372739896269877e+02
1.811982851592057955e+02 3.030783642272134557e+02
1.806950191153232481e+02 3.022099085636326095e+02
1.802150701277452072e+02 3.013320303001470393e+02
1.797592973204831424e+02 3.004448444561444376e+02
1.793285344305218985e+02 2.995484640142930175e+02
1.789235970577281023e+02 2.986429942382387708e+02
1.785452478423634091e+02 2.977285297443319223e+02
1.781941806975536338e+02 2.968051529518793359e+02
1.778710371967692367e+02 2.958729312612106810e+02
1.775763314891390507e+02 2.949319042515623437e+02
1.773104965875323558e+02 2.939820999557071559e+02
