1.767478732279259646e+02 2.930919107644385235e+02
1.764756682714870522e+02 2.921199408460589098e+02
1.762320735528120110e+02 2.911336221204057324e+02
1.760177140066491290e+02 2.901333372738523053e+02
1.758330918907363127e+02 2.891196847781952783e+02
1.756785583189257522e+02 2.880934683245670271e+02
1.755543405450525540e+02 2.870556336536816957e+02
1.754605167801421715e+02 2.860072702921796690e+02
1.753970396519254109e+02 2.849495478471222327e+02
1.753637514387102954e+02 2.838836909334277152e+02
1.753604009450301078e+02 2.828109531852225018e+02
1.753867104500373841e+02 2.817326172687135113e+02
1.754424655625151388e+02 2.806499565268008496e+02
1.755273721524652046e+02 2.795643119080454539e+02
1.756411358629363519e+02 2.784769370362524228e+02
1.757834209401645467e+02 2.773891078998519788e+02
1.759538626680187292e+02 2.763020434379045582e+02
1.761520644074362565e+02 2.752169204152177713e+02
1.763775978114927625e+02 2.741349289940307017e+02
1.766301141560419410e+02 2.730571245921334480e+02
1.769092250269445401e+02 2.719846212733388597e+02
1.772144327672993143e+02 2.709184407396838310e+02
1.775452387664059870e+02 2.698594236004142886e+02
1.779010845863364807e+02 2.688085020526954736e+02
1.782815325448883641e+02 2.677664505345719590e+02
1.786860570960878931e+02 2.667341410591117210e+02
1.791140975605712526e+02 2.657121616205404280e+02
1.795649668739950187e+02 2.647010953438001479e+02
1.800380110838269729e+02 2.637014872375777941e+02
1.805326578412838785e+02 2.627138025791238078e+02
1.810483070914660573e+02 2.617385137418556837e+02
1.815842744985200738e+02 2.607759177561457591e+02
1.821398259997290836e+02 2.598262728551994769e+02
1.827142938836009876e+02 2.588897798042589784e+02
1.833070254709686253e+02 2.579666403749332062e+02
1.839174177836138426e+02 2.570569858764386026e+02
1.845447567978014547e+02 2.561609214298183588e+02
1.851884201627962625e+02 2.552784364512962441e+02
1.858477543048345240e+02 2.544095677914701810e+02
1.865221569707757965e+02 2.535543119356688067e+02
1.872110750870249376e+02 2.527126283193292124e+02
1.879139623817348195e+02 2.518844675560769701e+02
1.886302488837208955e+02 2.510698057179065472e+02
1.893594601694378809e+02 2.502685462827336380e+02
1.901011044106811596e+02 2.494806233643387259e+02
1.908546988484434337e+02 2.487060035870647141e+02
1.916199312602237796e+02 2.479445941724044928e+02
1.923963402101676081e+02 2.471964385072541859e+02
1.931836236688422446e+02 2.464614583034440329e+02
1.939814316410939341e+02 2.457396251016930933e+02
1.947893701274911678e+02 2.450308388797342047e+02
1.956069892950540350e+02 2.443349086840804887e+02
1.964338521460800564e+02 2.436516311461053874e+02
1.972695416145093361e+02 2.429807945209628883e+02
1.981137239738214362e+02 2.423221480030062196e+02
1.989659628826250639e+02 2.416756233029437340e+02
1.998260954411157400e+02 2.410410668353638641e+02
2.006938106000519042e+02 2.404184388058623938e+02
2.015688654899624623e+02 2.398076544140105000e+02
2.024510370483616839e+02 2.392086303774154317e+02
2.033401272179036994e+02 2.386213434675028395e+02
2.042359632030592422e+02 2.380458002239122948e+02
2.051383765751419617e+02 2.374820091937744735e+02
2.060472026832477752e+02 2.369299805842807132e+02
2.069623321421682078e+02 2.363897072438568046e+02
2.078835468960559183e+02 2.358612840513847289e+02
2.088107798516082312e+02 2.353447378188279799e+02
2.097439027564955154e+02 2.348401386306215102e+02
2.106827755119494725e+02 2.343475639032155868e+02
2.116272697187392851e+02 2.338670859180566879e+02
2.125773226621505785e+02 2.333987529733391852e+02
2.135327313454030218e+02 2.329426854641046418e+02
2.144934179045712881e+02 2.324989396251564813e+02
2.154592598038505571e+02 2.320676005450168873e+02
2.164301274465838674e+02 2.316487436056632987e+02
2.174058728303384953e+02 2.312424128635944385e+02
2.183863452887664778e+02 2.308486479564334672e+02
2.193713945596420558e+02 2.304674897834954663e+02
2.203608704335431128e+02 2.300989801614966836e+02
2.213546046607734468e+02 2.297431263735648486e+02
2.223523964336829692e+02 2.293998690612933729e+02
2.233540439917011611e+02 2.290691411722253861e+02
2.243593703536909629e+02 2.287508691574027182e+02
2.253681529142200759e+02 2.284449952746271038e+02
2.263801572537708182e+02 2.281513846000416379e+02
2.273951610935982615e+02 2.278698017668458249e+02
2.284128810568237498e+02 2.276000279128753334e+02
2.294330594884068830e+02 2.273418310148276191e+02
2.304554968040810650e+02 2.270949597697011768e+02
2.314798504593510415e+02 2.268591083678601876e+02
2.325059005487527202e+02 2.266338487074176840e+02
2.335332869046803523e+02 2.264187908792916630e+02
2.345617937925655383e+02 2.262135019554732480e+02
2.355911176431502554e+02 2.260175679518903848e+02
2.366209817362461365e+02 2.258304810762979571e+02
2.376511289566938103e+02 2.256516843530424126e+02
2.386812397286082614e+02 2.254806299663849529e+02
2.397110870889499097e+02 2.253167464018684427e+02
2.407404493965595691e+02 2.251594912057961153e+02
2.417691244750398312e+02 2.250084696629638188e+02
2.427969935222281208e+02 2.248633349501673138e+02
2.438239360004719174e+02 2.247237464581673976e+02
2.448498252809571341e+02 2.245893641386341812e+02
2.458745489899514496e+02 2.244598521162609472e+02
2.468980288743011897e+02 2.243349126185897262e+02
2.479201915155667848e+02 2.242142605152326098e+02
2.489409780166496660e+02 2.240976125776971344e+02
2.499603203783486833e+02 2.239846832235651277e+02
2.509781780559390825e+02 2.238751999621284199e+02
2.519945273911709478e+02 2.237689355626029055e+02
2.530093525632175329e+02 2.236656714925402127e+02
2.540226447569447714e+02 2.235651899438053647e+02
2.550344035112093763e+02 2.234672753361259652e+02
2.560446378593960617e+02 2.233717315810008870e+02
2.570533713077947482e+02 2.232783983339452050e+02
2.580606365857339597e+02 2.231871224651549710e+02
2.590664711637340929e+02 2.230977526885786233e+02
2.600709185939070380e+02 2.230101397913007304e+02
2.610740315500083284e+02 2.229241526477930222e+02
2.620758722278230834e+02 2.228396836670552545e+02
2.630765082522968328e+02 2.227566289125715002e+02
2.640760121077121312e+02 2.226748889027596192e+02
2.650744628148250968e+02 2.225943633686710257e+02
2.660719451811191902e+02 2.225149626172425030e+02
2.670685510770125006e+02 2.224366045961872373e+02
2.680644037657485228e+02 2.223591467903613648e+02
2.690596358402628994e+02 2.222823895417260474e+02
2.700543558103932469e+02 2.222061379001566479e+02
2.710486732384061384e+02 2.221301978291627108e+02
2.720427003206926884e+02 2.220543771810275189e+02
2.730365514534979638e+02 2.219784887192884923e+02
2.740303444059765070e+02 2.219023491381183817e+02
2.750242016957013220e+02 2.218257743271284426e+02
2.760182445309121704e+02 2.217485775709572238e+02
2.770125983744589462e+02 2.216705721286827782e+02
2.780073917763447184e+02 2.215915751475845070e+02
2.790027563546339024e+02 2.215114077003980526e+02
2.799988267741535424e+02 2.214298945321998815e+02
2.809957393230985758e+02 2.213468665074329635e+02
2.819936375152358892e+02 2.212621522470290074e+02
2.829926642556500838e+02 2.211755861890490849e+02
2.839929662317504722e+02 2.210870075963169938e+02
2.849946935048798196e+02 2.209962699911290542e+02
2.859979984732436264e+02 2.209032629173612179e+02
2.870030359745822466e+02 2.208078858213400792e+02
2.880099615477881230e+02 2.207100368751920882e+02
2.890189332953276562e+02 2.206096238116215034e+02
2.900301006673721531e+02 2.205067962338553968e+02
2.910435849698235415e+02 2.204021801092412147e+02
2.920594765952946545e+02 2.202964491575125692e+02
2.930778555331087887e+02 2.201902856818694545e+02
2.940987868952228155e+02 2.200843825446696940e+02
2.951222925387303917e+02 2.199794672726136469e+02
2.961483840654431106e+02 2.198763355439237728e+02
2.971770645109028237e+02 2.197758003545469307e+02
2.982082681410147416e+02 2.196786531350384166e+02
2.992419653427194817e+02 2.195857070170724512e+02
3.002780603095701508e+02 2.194977675169732265e+02
3.013164592280870124e+02 2.194156508659087308e+02
3.023570374861373011e+02 2.193401711649507320e+02
3.033996528902661680e+02 2.192721429150268762e+02
3.044441315996599542e+02 2.192123681730484179e+02
3.054903261982555023e+02 2.191615845480402243e+02
3.065380124691769197e+02 2.191204566802845477e+02
3.075870259567087714e+02 2.190896699441962596e+02
3.086371367066242328e+02 2.190698973798415352e+02
3.096880963335433421e+02 2.190617844581632312e+02
3.107396997703222610e+02 2.190658365798906289e+02
3.117917299790725565e+02 2.190824919842397946e+02
3.128439572991032946e+02 2.191121877282964476e+02
3.138961191903172789e+02 2.191553507810519648e+02
3.149479823083689212e+02 2.192123823659554773e+02
3.159993255719834337e+02 2.192835210313982657e+02
3.170499325562144577e+02 2.193689588658114360e+02
3.180995816563744825e+02 2.194688877891020695e+02
3.191480536579339855e+02 2.195835029405631929e+02
3.201951283368823056e+02 2.197129622637899331e+02
3.212405849213311058e+02 2.198573017874168443e+02
3.222842418366707307e+02 2.200165485782844428e+02
3.233259376814048665e+02 2.201907432643024549e+02
3.243654321013269168e+02 2.203798981641243699e+02
3.254025541743006897e+02 2.205840274164067125e+02
3.264371315248618544e+02 2.208031014195296962e+02
3.274689839132125257e+02 2.210370843657198634e+02
3.284979111722868765e+02 2.212859325647270339e+02
3.295237737664644442e+02 2.215496313306015281e+02
3.305463787451732856e+02 2.218281598293608283e+02
3.315655140976384700e+02 2.221215028409481818e+02
3.325810088770623452e+02 2.224296668435311801e+02
3.335926675881103165e+02 2.227526532629167946e+02
3.346002960167771789e+02 2.230904711489280885e+02
3.356036946118298943e+02 2.234431937655636489e+02
3.366025630513295823e+02 2.238109066919729457e+02
3.375966872452789858e+02 2.241937424427942460e+02
3.385858217293990720e+02 2.245918300903324223e+02
3.395696589660676068e+02 2.250052554401952136e+02
3.405480120418564525e+02 2.254339723194478040e+02
3.415207406021515908e+02 2.258778380203862923e+02
3.424876772066111243e+02 2.263367013282518485e+02
3.434486496778379774e+02 2.268104137703754475e+02
3.444035072739383168e+02 2.272988593051539965e+02
3.453520222835873597e+02 2.278019766236984367e+02
3.462939793223035849e+02 2.283197606033853333e+02
3.472291880902860157e+02 2.288522385250609261e+02
3.481573359988602760e+02 2.293993727076708069e+02
3.490782063036967315e+02 2.299611973066734834e+02
3.499915287505853598e+02 2.305377510114067832e+02
3.508970053545393739e+02 2.311290747020558740e+02
3.517943239005184068e+02 2.317352133572276500e+02
3.526831934073535990e+02 2.323562462437726879e+02
3.535632493028728049e+02 2.329922058851796578e+02
3.544342075755457131e+02 2.336431630615861366e+02
3.552956710912474705e+02 2.343091180002666647e+02
3.561473010884719770e+02 2.349901343283581525e+02
3.569887354073548522e+02 2.356862912187648078e+02
3.578195243329973891e+02 2.363975757865087246e+02
3.586393577771020773e+02 2.371240265867237724e+02
3.594477928131944964e+02 2.378655922667471430e+02
3.602444339972454941e+02 2.386222929258530030e+02
3.610288476559388187e+02 2.393941587706061114e+02
3.618005552862366017e+02 2.401811334617654552e+02
3.625591839290848952e+02 2.409831904326633776e+02
3.633042396034269359e+02 2.418002222197017090e+02
3.640352960820466706e+02 2.426322486794856843e+02
3.647517600520923224e+02 2.434791606090656160e+02
3.654531917914203518e+02 2.443409781544098962e+02
3.661390574464336964e+02 2.452175907459984785e+02
3.668087852395187269e+02 2.461088997305900250e+02
3.674618135913913193e+02 2.470149101147452200e+02
3.680974642747171970e+02 2.479355635897681509e+02
3.687150877433265919e+02 2.488708514086480648e+02
3.693139687767728674e+02 2.498207198439880585e+02
3.698933559894147152e+02 2.507851836072290439e+02
3.704524001359087038e+02 2.517642349389947185e+02
3.709901753721619002e+02 2.527578546006849365e+02
3.715057323391676505e+02 2.537661219238039223e+02
3.719979914909689001e+02 2.547890137101984749e+02
3.724658242808114323e+02 2.558265573114836116e+02
3.729080045006289765e+02 2.568787144045525679e+02
3.733232337809516252e+02 2.579454293834282907e+02
3.737101122982028301e+02 2.590266677259369317e+02
3.740671350995244211e+02 2.601221712286356365e+02
3.743928079077613233e+02 2.612317123329314654e+02
3.746856110093897314e+02 2.623549107046100630e+02
3.749438362684955450e+02 2.634912173267201183e+02
3.751651578708497823e+02 2.646401501371896643e+02
3.753471916619987496e+02 2.658007663803026617e+02
3.754877472535728771e+02 2.669717892480284718e+02
3.755853214551389101e+02 2.681494636651514156e+02
3.756396243040817922e+02 2.693296693555376464e+02
3.756509782861413100e+02 2.705102830339157549e+02
3.756200331157992878e+02 2.716893371644887907e+02
3.755477153505457864e+02 2.728649884848480269e+02
3.754351656446675634e+02 2.740355635076549561e+02
3.752837102271788581e+02 2.751994759933123191e+02
3.750947674113763242e+02 2.763553800288001412e+02
3.748698191122509229e+02 2.775021009629606965e+02
3.746103958763688411e+02 2.786385834652201652e+02
3.743180009789398355e+02 2.797639808781109423e+02
3.739941357031447069e+02 2.808775521482681370e+02
3.736403081980978413e+02 2.819786261142000399e+02
3.732578723682686359e+02 2.830667903149685003e+02
3.728481788973017501e+02 2.841415675890571038e+02
3.724124805459934464e+02 2.852026023334423144e+02
3.719519715727642506e+02 2.862496509656371586e+02
3.714678255594936331e+02 2.872824856161226421e+02
3.709611003740111528e+02 2.883009582989060959e+02
3.704328035682652285e+02 2.893049027562522610e+02
3.698838487991761212e+02 2.902942114303682501e+02
3.693151332070613080e+02 2.912688443533381815e+02
3.687275598840035400e+02 2.922287444021501415e+02
3.681219086195411592e+02 2.931739266622369087e+02
3.674989504135031098e+02 2.941043481427573170e+02
3.668593138382041730e+02 2.950200731675896009e+02
3.662037851692110166e+02 2.959210706332988252e+02
3.655329994581739470e+02 2.968074564618496538e+02
3.648475431647843266e+02 2.976793280477934331e+02
3.641480708779761244e+02 2.985366794002480333e+02
3.634350596181876085e+02 2.993796524225963935e+02
3.627090815919414126e+02 3.002083385162265472e+02
3.619706812639727787e+02 3.010228410110117920e+02
3.612203388882481363e+02 3.018232850638056561e+02
3.604584996035463291e+02 3.026097895457358504e+02
3.596855874755986520e+02 3.033824729274610945e+02
3.589020533903090495e+02 3.041414413522977043e+02
3.581082775209042097e+02 3.048868354747306739e+02
3.573046815898208592e+02 3.056187440007404348e+02
3.564915338648528973e+02 3.063373409356073012e+02
3.556692546152065688e+02 3.070426646684553589e+02
3.548381029887547697e+02 3.077348440955767046e+02
3.539983804710674917e+02 3.084139553435934431e+02
3.531503730432774546e+02 3.090800711624982569e+02
3.522943083061830976e+02 3.097332897204194637e+02
3.514305601818399509e+02 3.103737350922230007e+02
3.505594312302200137e+02 3.110016993176980122e+02
3.496813322775443567e+02 3.116174011837558169e+02
3.487965618590055215e+02 3.122211188966367104e+02
3.479054434983018496e+02 3.128130975858559850e+02
3.470082591710030329e+02 3.133935415974075909e+02
3.461052592370157299e+02 3.139626246735432460e+02
3.451966280607294948e+02 3.145205429349253450e+02
3.442826752118322133e+02 3.150674193697836927e+02
3.433635220996324051e+02 3.156034654905224670e+02
3.424394345441756400e+02 3.161287751847544314e+02
3.415105395034416915e+02 3.166434939481600281e+02
3.405770029414508144e+02 3.171477356424471736e+02
3.396390036797249081e+02 3.176416030986017631e+02
3.386966872080154189e+02 3.181252071642501846e+02
3.377501923387101215e+02 3.185986389996101593e+02
3.367996673356191195e+02 3.190619757490361508e+02
3.358452411496435843e+02 3.195152993577593747e+02
3.348870061316723650e+02 3.199586998021848103e+02
3.339251235010602841e+02 3.203922331637408547e+02
3.329596934257220937e+02 3.208159808191799698e+02
3.319908495043754897e+02 3.212300059256449458e+02
3.310186582118635101e+02 3.216343925144921627e+02
3.300432957720954050e+02 3.220291784417021290e+02
3.290648341757463982e+02 3.224144491568611102e+02
3.280833890291540342e+02 3.227902828915006808e+02
3.270990737855776729e+02 3.231567581013097197e+02
3.261119989696701396e+02 3.235139515312073399e+02
3.251222724423919317e+02 3.238619384975182243e+02
3.241300060393650710e+02 3.242008082720079756e+02
3.231353187889299647e+02 3.245306729284390599e+02
3.221383271888555555e+02 3.248516454339136317e+02
3.211391444300343210e+02 3.251638375791790168e+02
3.201378565970002796e+02 3.254673664188254634e+02
3.191346086261447681e+02 3.257623587143727946e+02
3.181295363640775804e+02 3.260489777355818433e+02
3.171227000824308675e+02 3.263274037563003844e+02
3.161142969240675598e+02 3.265977776740837157e+02
3.151043682521784035e+02 3.268602858620078564e+02
3.140930981378057254e+02 3.271151108426935821e+02
3.130805434657809769e+02 3.273624943903803910e+02
3.120669007871870804e+02 3.276026422134196991e+02
3.110522223282337109e+02 3.278357957123061510e+02
3.100366482200639666e+02 3.280621745864871173e+02
3.090203066617618219e+02 3.282820447143853357e+02
3.080032965161238394e+02 3.284956965215059768e+02
3.069857156282433266e+02 3.287034156857539529e+02
3.059677091306072043e+02 3.289054797249187345e+02
3.049493466668396877e+02 3.291021580142606240e+02
3.039306793516688003e+02 3.292935898319348098e+02
3.029117436834949331e+02 3.294798717963762442e+02
3.018925738883525014e+02 3.296610991123926055e+02
3.008731948073743183e+02 3.298373658605538594e+02
2.998536531715882916e+02 3.300087588499158642e+02
2.988339641835757448e+02 3.301753571914863983e+02
2.978141502440302020e+02 3.303372334358195985e+02
2.967942321214065942e+02 3.304944586365260193e+02
2.957742289468662875e+02 3.306471023358487855e+02
2.947541573946673452e+02 3.307952289513540904e+02
2.937340307133350166e+02 3.309388928539655694e+02
2.927138605399227345e+02 3.310781456148523603e+02
2.916936571853221380e+02 3.312130372182681981e+02
2.906734296115959637e+02 3.313436159764693798e+02
2.896531818826437075e+02 3.314699232806310079e+02
2.886329190189847509e+02 3.315919902547967695e+02
2.876126483266356786e+02 3.317098462828405445e+02
2.865923684189562550e+02 3.318235196409226546e+02
2.855720799493035997e+02 3.319330360914425455e+02
2.845517816233267467e+02 3.320384139513915329e+02
2.835314702870113592e+02 3.321396634953505327e+02
2.825111420064118306e+02 3.322367928840256468e+02
2.814907921181119264e+02 3.323298084710974081e+02
2.804704151688960678e+02 3.324187143831549633e+02
2.794500026278286668e+02 3.325035066890015969e+02
2.784295442715128388e+02 3.325841744282992067e+02
2.774091281736034489e+02 3.326607242913595428e+02
2.763888808520923703e+02 3.327332035982921070e+02
2.753688052382585170e+02 3.328016774488165765e+02
2.743488893791547980e+02 3.328662048251152328e+02
2.733291204432790664e+02 3.329268396241350274e+02
2.723094850651644379e+02 3.329836335350261720e+02
2.712899693604410345e+02 3.330366360726702624e+02
2.702705588724394374e+02 3.330858936590843768e+02
2.692512383422682092e+02 3.331314453699725391e+02
2.682319920728419902e+02 3.331733263117832280e+02
2.672128027482235098e+02 3.332115690184072605e+02
2.661936563206502342e+02 3.332462044611405076e+02
2.651745365658781566e+02 3.332772604450108815e+02
2.641554253283261460e+02 3.333047576422784459e+02
2.631363054778485093e+02 3.333287134464762858e+02
2.621171597839460219e+02 3.333491430789738388e+02
2.610979697868010021e+02 3.333660591846087868e+02
2.600787176289210265e+02 3.333794701211876372e+02
2.590593888931259130e+02 3.333893785102887364e+02
2.580399645335882042e+02 3.333957835485927603e+02
2.570204271736848796e+02 3.333986821918210808e+02
2.560007595196537409e+02 3.333980681732575704e+02
2.549809460158004981e+02 3.333938641396870253e+02
2.539609762840229052e+02 3.333858779043621325e+02
2.529408362044803482e+02 3.333739013667299105e+02
2.519205362362548613e+02 3.333577288633092621e+02
2.509000828897495694e+02 3.333371533788380816e+02
2.498794803479337077e+02 3.333119652908281978e+02
2.488587215461674873e+02 3.332819463881869524e+02
2.478378645704060261e+02 3.332468935921212960e+02
2.468169057751070170e+02 3.332065889336535633e+02
2.457958703444732862e+02 3.331608130825532612e+02
2.447748152421107761e+02 3.331093589711730942e+02
2.437537406916545706e+02 3.330520035072540281e+02
2.427327291796398470e+02 3.329885415911890050e+02
2.417117941114287873e+02 3.329187487373428098e+02
2.406910038019434239e+02 3.328424091736671357e+02
2.396704188117556384e+02 3.327593115442593898e+02
2.386500808020352338e+02 3.326692369592473710e+02
2.376300671082030931e+02 3.325719716853472505e+02
2.366104547253401904e+02 3.324673014538306006e+02
2.355913112263766891e+02 3.323550065945957499e+02
2.345727175558335205e+02 3.322348728151083606e+02
2.335547597725056619e+02 3.321066861629785762e+02
2.325375295002636165e+02 3.319702308457620461e+02
2.315211241047088606e+02 3.318252892397676987e+02
2.305056467210029325e+02 3.316716428105845011e+02
2.294912045231543516e+02 3.315090739304628187e+02
2.284778938257064738e+02 3.313373551522801677e+02
2.274658731110529004e+02 3.311562786560304517e+02
2.264552389687552534e+02 3.309656126324822480e+02
2.254461305052383580e+02 3.307651306072352213e+02
2.244386959638997041e+02 3.305546048421235241e+02
2.234330886689557474e+02 3.303338060235325884e+02
2.224294381810707648e+02 3.301024870189344824e+02
2.214279449820665775e+02 3.298604228820857429e+02
2.204287697605089136e+02 3.296073658288028128e+02
2.194320991184674199e+02 3.293430608673048141e+02
2.184381325748046265e+02 3.290672512902723952e+02
2.174470804785682958e+02 3.287796789867472285e+02
2.164591438742386629e+02 3.284800716836203947e+02
2.154745939884644770e+02 3.281681706332749968e+02
2.144936575878055578e+02 3.278436777310384400e+02
2.135166074329418109e+02 3.275063034046686425e+02
2.125437174025436491e+02 3.271557497287046772e+02
2.115753046389485235e+02 3.267917307505170470e+02
2.106116777900037960e+02 3.264139217817849499e+02
2.096531888008251201e+02 3.260219865300893503e+02
2.087002106461899018e+02 3.256155896381752086e+02
2.077531283888743587e+02 3.251943902279336385e+02
2.068123469813208715e+02 3.247580857236349061e+02
2.058781796227902987e+02 3.243066963322598326e+02
2.049508630518923837e+02 3.238403999048352944e+02
2.040306437482273623e+02 3.233593685397369200e+02
2.031177871123583998e+02 3.228637741477500072e+02
2.022125647741113141e+02 3.223537897361598539e+02
2.013152426198152796e+02 3.218296164126358008e+02
2.004260699577634739e+02 3.212914420664811246e+02
1.995453426646248545e+02 3.207394726871021362e+02
1.986733335296375458e+02 3.201738818669946909e+02
1.978103453894401582e+02 3.195948579060896577e+02
1.969566732327839986e+02 3.190026210816575372e+02
1.961126123027887331e+02 3.183973854228616460e+02
1.952784711343695108e+02 3.177793500980121166e+02
1.944545817203701858e+02 3.171487085007484552e+02
1.936412879674989540e+02 3.165056565765514165e+02
1.928389295719429981e+02 3.158503980013330192e+02
1.920478722180101556e+02 3.151831413564760282e+02
1.912684876036904882e+02 3.145040630454300867e+02
1.905011828854811426e+02 3.138133360700317098e+02
1.897463867200557672e+02 3.131111309356466563e+02
1.890045405876585392e+02 3.123975938016441773e+02
1.882761238414250329e+02 3.116728748448248894e+02
1.875616378930748454e+02 3.109371002023607957e+02
1.868616200670709873e+02 3.101903783586395207e+02
1.861766471400963781e+02 3.094328125070068722e+02
1.855073339309809626e+02 3.086644735819079983e+02
1.848543334219342000e+02 3.078854324026411859e+02
1.842183409593812087e+02 3.070957339034740698e+02
1.836000863059554717e+02 3.062954296488624095e+02
1.830003521736080359e+02 3.054845412239237703e+02
1.824199602278482644e+02 3.046630869550774037e+02
1.818597742598930154e+02 3.038310750761065151e+02
1.813206844657908334e+02 3.029885163786897806e+02
1.808036127975198326e+02 3.021354195734963923e+02
1.803094993860001409e+02 3.012717936073963187e+02
1.798392969649627275e+02 3.003976503144038475e+02
1.793939465814945038e+02 2.995130085704068392e+02
1.789743868685399946e+02 2.986178940113542239e+02
1.785815178931770504e+02 2.977123370643129192e+02
1.782161859605012637e+02 2.967963771119019043e+02
1.778791988414440084e+02 2.958700642943190360e+02
1.775712478557533132e+02 2.949334492392295033e+02
1.772929515581190287e+02 2.939866045594836805e+02
