1.762493075413755150e+02 2.931965162441890698e+02
1.760076179799869465e+02 2.921963960117092824e+02
1.757978708338829676e+02 2.911849226466468963e+02
1.756203034100762750e+02 2.901628943363978124e+02
1.754749855727080785e+02 2.891311363949765223e+02
1.753618257119537134e+02 2.880905961625070972e+02
1.752806102674809097e+02 2.870422677895899710e+02
1.752309894802453414e+02 2.859872232106245065e+02
1.752125087734566478e+02 2.849265444787783963e+02
1.752246295182119411e+02 2.838613146875004531e+02
1.752667486252254037e+02 2.827926029825237038e+02
1.753382412269890267e+02 2.817214687631469019e+02
1.754385317793269792e+02 2.806489214357274591e+02
1.755669914156099765e+02 2.795760122662902631e+02
1.757230210033640674e+02 2.785036853770218954e+02
1.759060081678662470e+02 2.774328942183919366e+02
1.761153536654854292e+02 2.763645337561356428e+02
1.763504688328843883e+02 2.752994622995989857e+02
1.766107549207875991e+02 2.742385494144201630e+02
1.768957060393698839e+02 2.731825401762672527e+02
1.772047970751944774e+02 2.721322370616618400e+02
1.775374625502696802e+02 2.710883832597419882e+02
1.778931864148478610e+02 2.700515845968886310e+02
1.782714057305764186e+02 2.690225395414740319e+02
1.786716757107047044e+02 2.680018121937462752e+02
1.790934816889271133e+02 2.669900653493770051e+02
1.795363359891927360e+02 2.659877469850259217e+02
1.799996680785709771e+02 2.649953309884122632e+02
1.804829378356508300e+02 2.640132679865937462e+02
1.809856795387610191e+02 2.630419471779249534e+02
1.815074064504312048e+02 2.620817765329958888e+02
1.820475837997319957e+02 2.611330363291099843e+02
1.826056405400796621e+02 2.601959897006119604e+02
1.831810632582745200e+02 2.592708571476460975e+02
1.837733492875958348e+02 2.583578682594992415e+02
1.843820386342627842e+02 2.574571966082410768e+02
1.850065671672648477e+02 2.565689984607094516e+02
1.856464518178900107e+02 2.556933318175795762e+02
1.863011779582218708e+02 2.548303032816802443e+02
1.869702747678935566e+02 2.539799880621108059e+02
1.876533081123921534e+02 2.531424272209335413e+02
1.883498325602402872e+02 2.523176431067682870e+02
1.890593760779827335e+02 2.515056818077525804e+02
1.897815526667502297e+02 2.507065262848898897e+02
1.905159583693103684e+02 2.499201901432408022e+02
1.912621855891098051e+02 2.491467087451194971e+02
1.920199654681484560e+02 2.483860463136406906e+02
1.927888883430166516e+02 2.476382907719054174e+02
1.935686912590392978e+02 2.469034195881438052e+02
1.943590657555843961e+02 2.461814564976387771e+02
1.951596427763104771e+02 2.454723372713226297e+02
1.959699780249739263e+02 2.447758851180275030e+02
1.967896386237381705e+02 2.440919093098148380e+02
1.976182112024001469e+02 2.434202107687549983e+02
1.984553607137741835e+02 2.427605535661019189e+02
1.993006489730060764e+02 2.421128592801446757e+02
2.001538868117137611e+02 2.414769613081034834e+02
2.010147483330104592e+02 2.408527970758365768e+02
2.018829724896223183e+02 2.402402614138865431e+02
2.027583177030597028e+02 2.396392492216836558e+02
2.036405621043506642e+02 2.390497034866413912e+02
2.045295059896909606e+02 2.384715898276203063e+02
2.054249553394064094e+02 2.379048747754264639e+02
2.063267212772599066e+02 2.373495255599285940e+02
2.072346679257454696e+02 2.368054920892053303e+02
2.081485560805901969e+02 2.362728134520291690e+02
2.090682883638611145e+02 2.357514629999426461e+02
2.099937120132890698e+02 2.352414536444897522e+02
2.109246648036166221e+02 2.347428042703770927e+02
2.118609972665999805e+02 2.342555284646605287e+02
2.128026241298345838e+02 2.337796182059734065e+02
2.137493300311616053e+02 2.333151320230577994e+02
2.147010187632166094e+02 2.328620680872760715e+02
2.156575538804233645e+02 2.324204510455585364e+02
2.166187962104210385e+02 2.319903000229772942e+02
2.175845970937225218e+02 2.315716158776725422e+02
2.185548076123843657e+02 2.311643970922986000e+02
2.195292803421122869e+02 2.307686431370678406e+02
2.205078690906796055e+02 2.303843542783986038e+02
2.214904183088449372e+02 2.300115109450796353e+02
2.224767545857632172e+02 2.296500550398280041e+02
2.234667050023554111e+02 2.292999242677955465e+02
2.244601204450030991e+02 2.289610506550996263e+02
2.254568083637012137e+02 2.286333822267588687e+02
2.264565763561806762e+02 2.283168188315035252e+02
2.274592582578601139e+02 2.280111975847062808e+02
2.284646281237201038e+02 2.277163746898321790e+02
2.294724828503463527e+02 2.274321948000187774e+02
2.304826752779657966e+02 2.271584866530442355e+02
2.314949294854455673e+02 2.268950590154097711e+02
2.325090997759827758e+02 2.266416311718361669e+02
2.335248978999638894e+02 2.263979629575750039e+02
2.345421756333904568e+02 2.261637731237989328e+02
2.355606935145369789e+02 2.259388033465101557e+02
2.365802438906076475e+02 2.257227269709277095e+02
2.376006403052014377e+02 2.255151842362120362e+02
2.386216258386228617e+02 2.253158277019208526e+02
2.396430335013322122e+02 2.251242870569149375e+02
2.406646913489021529e+02 2.249402094703791022e+02
2.416864075897005364e+02 2.247633016214337829e+02
2.427080623478898929e+02 2.245932796823481112e+02
2.437295319670828064e+02 2.244298663098221596e+02
2.447506833470682466e+02 2.242727854891546428e+02
2.457713935573794402e+02 2.241217584324615757e+02
2.467915647678313178e+02 2.239765124911279202e+02
2.478110999318839163e+02 2.238367791296953158e+02
2.488299175877537266e+02 2.237022910387535148e+02
2.498479225853268417e+02 2.235727794639960848e+02
2.508650480578717179e+02 2.234479792977656700e+02
2.518812372467022840e+02 2.233276469360608019e+02
2.528964402982361719e+02 2.232115428323608910e+02
2.539106149424157763e+02 2.230994276272911918e+02
2.549237285318531292e+02 2.229910634391544022e+02
2.559357557512994674e+02 2.228862246797723969e+02
2.569466829249992088e+02 2.227847076273022253e+02
2.579565086540690118e+02 2.226863131177491368e+02
2.589652366090985538e+02 2.225908434276127537e+02
2.599728778338584334e+02 2.224981022305278202e+02
2.609794533081645795e+02 2.224079079037193765e+02
2.619849943252892217e+02 2.223200980788770380e+02
2.629895391477840576e+02 2.222345132058908064e+02
2.639931336095554570e+02 2.221509974566337462e+02
2.649958289202818378e+02 2.220693942358071808e+02
2.659976859615129570e+02 2.219895585521556143e+02
2.669987734257449006e+02 2.219113544455858289e+02
2.679991626514978407e+02 2.218345888626737690e+02
2.689989359832646869e+02 2.217590101297584795e+02
2.699981839955147507e+02 2.216843670227484324e+02
2.709970022506826126e+02 2.216104139226647760e+02
2.719954910495034142e+02 2.215369100968151201e+02
2.729937550916162650e+02 2.214636194902506077e+02
2.739919036176171971e+02 2.213903098280240727e+02
2.749900505723108495e+02 2.213167489646706088e+02
2.759883133100838677e+02 2.212427086677855641e+02
2.769868138134487481e+02 2.211679636085586935e+02
2.779856783548758585e+02 2.210922923021984445e+02
2.789850374580236689e+02 2.210154771582866715e+02
2.799850259026358117e+02 2.209373058305557151e+02
2.809857829811065812e+02 2.208575792100317869e+02
2.819874516144791983e+02 2.207760981044247899e+02
2.829901785830770677e+02 2.206926690883501578e+02
2.839941147777935839e+02 2.206071036572338357e+02
2.849994148260071825e+02 2.205192311061876751e+02
2.860062370247544550e+02 2.204289270807888670e+02
2.870147416301811063e+02 2.203360791170810558e+02
2.880250872573932952e+02 2.202405734962259487e+02
2.890374395926210696e+02 2.201423064832278271e+02
2.900519534276373861e+02 2.200414457433678876e+02
2.910687527681807865e+02 2.199386937793903201e+02
2.920879217266617616e+02 2.198348073372772831e+02
2.931095387430507344e+02 2.197305520122174585e+02
2.941336654868267715e+02 2.196267037477091719e+02
2.951603103193627931e+02 2.195240643241859004e+02
2.961894771438212501e+02 2.194234930558277767e+02
2.972211624863551265e+02 2.193258659270213684e+02
2.982552796420595769e+02 2.192320359182471634e+02
2.992917912249117762e+02 2.191428779608954187e+02
3.003305835902016270e+02 2.190592391702938073e+02
3.013715513885817359e+02 2.189819600566413271e+02
3.024145559387928870e+02 2.189118778891298120e+02
3.034594409258409655e+02 2.188498301848238725e+02
3.045060164052047185e+02 2.187966394591449273e+02
3.055541266835146530e+02 2.187530400402932287e+02
3.066035334758232693e+02 2.187196762784189445e+02
3.076540680969351342e+02 2.186972143619518079e+02
3.087054910904060989e+02 2.186863071733202446e+02
3.097575452862829479e+02 2.186875776704263785e+02
3.108100234591424282e+02 2.187014932956864186e+02
3.118627074612027172e+02 2.187284471828367600e+02
3.129153674895304675e+02 2.187688313165371312e+02
3.139677404581142355e+02 2.188230273740331882e+02
3.150195960532146273e+02 2.188913919431312536e+02
3.160707162723593910e+02 2.189741189887803614e+02
3.171208888700402895e+02 2.190713562088491813e+02
3.181698975273025667e+02 2.191832513086249037e+02
3.192175298108550123e+02 2.193099555084476435e+02
3.202635719899735705e+02 2.194515871057795096e+02
3.213078062322102824e+02 2.196081549533673183e+02
3.223500555181813638e+02 2.197796618702651017e+02
3.233901642509169392e+02 2.199661245605101101e+02
3.244278953636264191e+02 2.201675307365008791e+02
3.254630816978852863e+02 2.203838793486478949e+02
3.264955489161416153e+02 2.206151429775648865e+02
3.275251135741499411e+02 2.208612899094804618e+02
3.285515714855100669e+02 2.211222802318254423e+02
3.295747803115876877e+02 2.213981036799214337e+02
3.305945382158383836e+02 2.216887558487844956e+02
3.316106171321119405e+02 2.219942550588837378e+02
3.326228291912525492e+02 2.223146423764430324e+02
3.336309600663812489e+02 2.226499530114195977e+02
3.346347949300727009e+02 2.230002302196327548e+02
3.356341032201162307e+02 2.233656039085521172e+02
3.366285414303458197e+02 2.237462369546942114e+02
3.376178499081099744e+02 2.241423389723364323e+02
3.386017338903034215e+02 2.245541142784944668e+02
3.395798330154732412e+02 2.249817213658365631e+02
3.405519074951269545e+02 2.254251781653744331e+02
3.415177626222910590e+02 2.258843994878552621e+02
3.424771732211974609e+02 2.263592893508046018e+02
3.434299060203875911e+02 2.268497521983787522e+02
3.443757453893239813e+02 2.273557224392408784e+02
3.453143946574550114e+02 2.278771877529932226e+02
3.462455650174774178e+02 2.284141893442812261e+02
3.471689878090183470e+02 2.289667970099980039e+02
3.480842696059031027e+02 2.295350128206138720e+02
3.489911080382317436e+02 2.301189029075085557e+02
3.498891504458994746e+02 2.307185205032165527e+02
3.507780147475842796e+02 2.313339127334757279e+02
3.516573004382301519e+02 2.319651260118599509e+02
3.525266221370718540e+02 2.326122346984931255e+02
3.533855255325954658e+02 2.332752509108778440e+02
3.542336506615981762e+02 2.339541818988112709e+02
3.550705308794105122e+02 2.346489550081491871e+02
3.558957508937218108e+02 2.353595521112220013e+02
3.567088682291933424e+02 2.360859628502908834e+02
3.575093730553185196e+02 2.368280583158067998e+02
3.582969193604096176e+02 2.375856981083197752e+02
3.590710433445722174e+02 2.383586464764739219e+02
3.598313234479085736e+02 2.391467276631945822e+02
3.605773018720067853e+02 2.399497677694485560e+02
3.613085098356153253e+02 2.407674732682377794e+02
3.620246145846799095e+02 2.415995216231594895e+02
3.627251860895164555e+02 2.424455118943845946e+02
3.634098548352761782e+02 2.433051509383295752e+02
3.640781174321544427e+02 2.441780304175622689e+02
3.647296289746103071e+02 2.450638217020668890e+02
3.653640020420401129e+02 2.459620584947845146e+02
3.659808316991897073e+02 2.468722861942209192e+02
3.665797290995773210e+02 2.477941379702767222e+02
3.671602266597344055e+02 2.487272014305969492e+02
3.677218944293915683e+02 2.496711071456704474e+02
3.682642707661213990e+02 2.506254586481654769e+02
3.687868804321958009e+02 2.515899245563358306e+02
3.692891941174953558e+02 2.525641741108607619e+02
3.697706457607839639e+02 2.535478929278285420e+02
3.702306413877566911e+02 2.545408788613260072e+02
3.706685080255440994e+02 2.555428954515232363e+02
3.710835578252006712e+02 2.565537758803270094e+02
3.714750620129582330e+02 2.575733522959905031e+02
3.718422610360586873e+02 2.586014996128803887e+02
3.721843114100258276e+02 2.596381787079177457e+02
3.725003235419225689e+02 2.606832770060174198e+02
3.727894300433351304e+02 2.617367678462080107e+02
3.730507664576330740e+02 2.627986065372849680e+02
3.732832365389899110e+02 2.638687606822717271e+02
3.734849072959783030e+02 2.649473814347119855e+02
3.736537187596521221e+02 2.660343367307337985e+02
3.737877300586316665e+02 2.671292426929639987e+02
3.738856370363990891e+02 2.682302050134683213e+02
3.739470754409000506e+02 2.693350040972955526e+02
3.739720515918314732e+02 2.704424748993492926e+02
3.739608018096903947e+02 2.715514610179067176e+02
3.739137689197295913e+02 2.726608018268686351e+02
3.738315641034189412e+02 2.737693669770882821e+02
3.737149397610371580e+02 2.748760108587218838e+02
3.735647173698139341e+02 2.759796707758970911e+02
3.733817934490414245e+02 2.770793381596308222e+02
3.731671339382791075e+02 2.781740361286841221e+02
3.729217162891669091e+02 2.792628878684527649e+02
3.726465342794146522e+02 2.803450542510131527e+02
3.723426059582714629e+02 2.814197145831874991e+02
3.720108580175926249e+02 2.824862088270323284e+02
3.716522387984490479e+02 2.835438181947552039e+02
3.712676454258893273e+02 2.845919015944418220e+02
3.708579574809656947e+02 2.856299011099562222e+02
3.704240608590682200e+02 2.866572730587294018e+02
3.699667628468072280e+02 2.876735344969957282e+02
3.694868421602749891e+02 2.886781898248195830e+02
3.689850159910849925e+02 2.896707948285959446e+02
3.684620304913789823e+02 2.906509892406886593e+02
3.679186589514611114e+02 2.916184181619550486e+02
3.673555748638182195e+02 2.925727929208379692e+02
3.667734476202439282e+02 2.935137839513570839e+02
3.661728350459353578e+02 2.944411654334745663e+02
3.655544774874725249e+02 2.953546770057436106e+02
3.649189971456563057e+02 2.962542046030130223e+02
3.642669703138402042e+02 2.971396274406474163e+02
3.635990329974033557e+02 2.980107428512049523e+02
3.629156719286648354e+02 2.988674946672958868e+02
3.622174897561939702e+02 2.997098239765122685e+02
3.615050680628381770e+02 3.005376975531937660e+02
3.607789266736351692e+02 3.013511091287111299e+02
3.600395497223792063e+02 3.021500535708189545e+02
3.592874052262859550e+02 3.029345389025413624e+02
3.585229971323319091e+02 3.037045844110700727e+02
3.577467623555281193e+02 3.044602488132454710e+02
3.569591728477243464e+02 3.052015486120339460e+02
3.561605543676742514e+02 3.059285832041298363e+02
3.553513696695113140e+02 3.066413295617444987e+02
3.545319265779150442e+02 3.073398492266459812e+02
3.537025695733676116e+02 3.080241579028756860e+02
3.528636264708690646e+02 3.086942711597060338e+02
3.520153691931271851e+02 3.093502323690581761e+02
3.511582327939501624e+02 3.099921509063876783e+02
3.502926100852446325e+02 3.106203370069250127e+02
3.494189925065658713e+02 3.112350385156163952e+02
3.485377614105373141e+02 3.118365624846014157e+02
3.476493162802827328e+02 3.124251865841314384e+02
3.467539983147179896e+02 3.130011296053436354e+02
3.458521051924362837e+02 3.135645668228843306e+02
3.449438699421380647e+02 3.141156954708404783e+02
3.440296413386189442e+02 3.146546464007909094e+02
3.431095883170172556e+02 3.151816326139002058e+02
3.421840059341594724e+02 3.156967458199641783e+02
3.412530539256840711e+02 3.162001201830188393e+02
3.403169274720157205e+02 3.166918609174271637e+02
3.393758327409850608e+02 3.171720637993713581e+02
3.384299434257092116e+02 3.176408319011947583e+02
3.374794240948974107e+02 3.180982467109481604e+02
3.365244466778287915e+02 3.185443760564311333e+02
3.355651645179852949e+02 3.189792925775086019e+02
3.346016966350631492e+02 3.194030761888866436e+02
3.336342259806554011e+02 3.198157785358236538e+02
3.326628824682835557e+02 3.202174819282546423e+02
3.316878266094120136e+02 3.206082541988465664e+02
3.307091571398613610e+02 3.209881817885258215e+02
3.297270715565564956e+02 3.213573106477610963e+02
3.287416759563209894e+02 3.217157371468837255e+02
3.277531230443991603e+02 3.220635691865464878e+02
3.267615633960679133e+02 3.224009178997370100e+02
3.257671436382993306e+02 3.227278934343036667e+02
3.247700068416828003e+02 3.230446054249150620e+02
3.237703048398713008e+02 3.233511917174535597e+02
3.227682041554921852e+02 3.236478348660820643e+02
3.217638677215864504e+02 3.239347210999358708e+02
3.207574533437805826e+02 3.242120364036313163e+02
3.197490940117208424e+02 3.244799720875553817e+02
3.187389786118990287e+02 3.247387508502664559e+02
3.177272941250257645e+02 3.249886507934793372e+02
3.167141623809334874e+02 3.252299642651976228e+02
3.156998141291247748e+02 3.254629548504997842e+02
3.146843503959254349e+02 3.256879230928814195e+02
3.136679911530115419e+02 3.259051905927767621e+02
3.126508567373979304e+02 3.261151402673071971e+02
3.116331729044059671e+02 3.263181312094892519e+02
3.106150487468546544e+02 3.265145485748731176e+02
3.095966571060577621e+02 3.267047642960866938e+02
3.085781603760192979e+02 3.268891984019533083e+02
3.075596961779615981e+02 3.270682952041465796e+02
3.065413967008139480e+02 3.272424956125530002e+02
3.055234226561922242e+02 3.274122378958705326e+02
3.045058692165127354e+02 3.275779327691132607e+02
3.034887806360256945e+02 3.277397832438110754e+02
3.024721777711457662e+02 3.278979226143227947e+02
3.014560786600787878e+02 3.280524826132569842e+02
3.004404938884037506e+02 3.282035930628112510e+02
2.994254454216841737e+02 3.283513743663279456e+02
2.984109287009863465e+02 3.284959210654605499e+02
2.973969419024003855e+02 3.286373183977748340e+02
2.963834814025075275e+02 3.287756498564796743e+02
2.953705417472555723e+02 3.289109971647168891e+02
2.943581138613932353e+02 3.290434324680645659e+02
2.933461829372604939e+02 3.291730076981822322e+02
2.923347323443514938e+02 3.292997702544004710e+02
2.913237442342553436e+02 3.294237656372608853e+02
2.903131994897373147e+02 3.295450373179886583e+02
2.893030747466376624e+02 3.296636180273899868e+02
2.882933450082757076e+02 3.297795250413586814e+02
2.872839860124900611e+02 3.298927733912190661e+02
2.862749688483327191e+02 3.300033759493766752e+02
2.852662653324921394e+02 3.301113429901045606e+02
2.842578453123732061e+02 3.302166754825246926e+02
2.832496767678204606e+02 3.303193643404333102e+02
2.822417271712155298e+02 3.304193979480144208e+02
2.812339635428367615e+02 3.305167625556916278e+02
2.802263523833544809e+02 3.306114418799222676e+02
2.792188582925958826e+02 3.307034113963500772e+02
2.782114447660831615e+02 3.307926394078355088e+02
2.772041176761894690e+02 3.308791180471313851e+02
2.761968997367003453e+02 3.309628806561972283e+02
2.751897622344610568e+02 3.310439688410405097e+02
2.741826704552901788e+02 3.311224182916735685e+02
2.731755896099794541e+02 3.311982600996687438e+02
2.721684850701724372e+02 3.312715229015090586e+02
2.711613223609044212e+02 3.313422329195785778e+02
2.701540671074552620e+02 3.314104133670158490e+02
2.691466848648993846e+02 3.314760816345577723e+02
2.681391413424668144e+02 3.315392515476347057e+02
2.671314019143188148e+02 3.315999341311609214e+02
2.661234336844927384e+02 3.316581387753464014e+02
2.651152031799313136e+02 3.317138717227928737e+02
2.641066763516022320e+02 3.317671328588816095e+02
2.630978199170338030e+02 3.318179188878926311e+02
2.620886008892633754e+02 3.318662241882644253e+02
2.610789860224209065e+02 3.319120404042404289e+02
2.600689426146529399e+02 3.319553544777823504e+02
2.590584399803935867e+02 3.319961467830777906e+02
2.580474456024879260e+02 3.320343940017357909e+02
2.570359281307864308e+02 3.320700704495300783e+02
2.560238566257543198e+02 3.321031468868027332e+02
2.550112025330694507e+02 3.321335089586278855e+02
2.539979438030389360e+02 3.321609046210073188e+02
2.529840595269482719e+02 3.321850638484463616e+02
2.519695461726703627e+02 3.322057187025147869e+02
2.509544014926622140e+02 3.322225998900810282e+02
2.499386248811501900e+02 3.322354352075074075e+02
2.489222110730950988e+02 3.322439437707259344e+02
2.479051996539598122e+02 3.322478585141706731e+02
2.468875932876323702e+02 3.322468988567285351e+02
2.458694158157375682e+02 3.322407824761338020e+02
2.448507159329823821e+02 3.322292399849393405e+02
2.438315047220622773e+02 3.322119885182459598e+02
2.428118547199773047e+02 3.321887613690770422e+02
2.417917905840162973e+02 3.321592743217505586e+02
2.407713798284424627e+02 3.321232512441760605e+02
2.397506861671394347e+02 3.320804257623775584e+02
2.387297599484596731e+02 3.320305272731166610e+02
2.377086815357292835e+02 3.319732896671861226e+02
2.366875333784547024e+02 3.319084465209346035e+02
2.356663917923921190e+02 3.318357279413767174e+02
2.346453443871291711e+02 3.317548779301474724e+02
2.336244840951043500e+02 3.316656439853001075e+02
2.326039100380586717e+02 3.315677718307338182e+02
2.315837277148422118e+02 3.314610054268928252e+02
2.305640485524582175e+02 3.313450906307498371e+02
2.295449868143045080e+02 3.312197845732347901e+02
2.285266469469803212e+02 3.310848372339392540e+02
2.275091915880452405e+02 3.309400174154538377e+02
2.264927267936601254e+02 3.307850709095153547e+02
2.254773978900991551e+02 3.306197521837649447e+02
2.244633574842311816e+02 3.304438239959680459e+02
2.234507630935862608e+02 3.302570489461638203e+02
2.224397488430526550e+02 3.300591718204633480e+02
2.214305183418338459e+02 3.298499592116794474e+02
2.204232352292343933e+02 3.296291586924303942e+02
2.194180867635344612e+02 3.293965166396548057e+02
2.184152724710842222e+02 3.291517780415917400e+02
2.174150022251249368e+02 3.288946861832140485e+02
2.164174751781940813e+02 3.286249696505927886e+02
2.154229617343106327e+02 3.283423723623574801e+02
2.144316842567869514e+02 3.280465995989976591e+02
2.134439115487435004e+02 3.277373651148022873e+02
2.124599118545786780e+02 3.274143734646386861e+02
2.114799980085562936e+02 3.270773410387786839e+02
2.105044719973860481e+02 3.267259411171430088e+02
2.095336804703601956e+02 3.263598327852408261e+02
2.085679905729498955e+02 3.259786753083857320e+02
2.076077795966931205e+02 3.255821211647325981e+02
2.066534455844143849e+02 3.251698586591087405e+02
2.057053026125615816e+02 3.247418809617119564e+02
2.047635895106832606e+02 3.242983275063174915e+02
2.038285552216502197e+02 3.238393311210865591e+02
2.029004697062117089e+02 3.233650243799697250e+02
2.019796112510655348e+02 3.228755371653280122e+02
2.010662618334156662e+02 3.223710083150314176e+02
2.001606864317176360e+02 3.218515537972815537e+02
1.992632071438557944e+02 3.213173112901630475e+02
1.983741164252290616e+02 3.207683816429411650e+02
1.974937453395415332e+02 3.202048808454207460e+02
1.966224237830615493e+02 3.196269500836111206e+02
1.957604835940193766e+02 3.190347214359110239e+02
1.949082721361779704e+02 3.184283114674057629e+02
1.940661665386572565e+02 3.178078325265936428e+02
1.932345598223597847e+02 3.171734025389250178e+02
1.924138387308658764e+02 3.165251507266061139e+02
1.916044264681313791e+02 3.158632165284012672e+02
1.908067475643121043e+02 3.151877017833189711e+02
1.900212742217042603e+02 3.144987102588094672e+02
1.892485042450427386e+02 3.137963541165885317e+02
1.884889355667966129e+02 3.130807278143314534e+02
1.877431210425222616e+02 3.123519410655729871e+02
1.870116347525142544e+02 3.116100759856861941e+02
1.862950932985636996e+02 3.108551991406658885e+02
1.855941633085288629e+02 3.100873928728211126e+02
1.849095368666741308e+02 3.093067120527250609e+02
1.842419633769857512e+02 3.085132265151905244e+02
1.835922301390655775e+02 3.077069728706970864e+02
1.829611874902018371e+02 3.068880207114410155e+02
1.823497274618831909e+02 3.060564094273894966e+02
1.817588011888916526e+02 3.052122072093613383e+02
1.811894006427841077e+02 3.043554723909940662e+02
1.806425646740874527e+02 3.034862937438213635e+02
1.801193695603450635e+02 3.026047708903846001e+02
1.796209310449656869e+02 3.017110333130053164e+02
1.791483868485689470e+02 3.008052385002664550e+02
1.787028728386036960e+02 2.998875922822700772e+02
1.782855166255709776e+02 2.989583323614118058e+02
1.778974106617528435e+02 2.980177551502723077e+02
1.775395829711253555e+02 2.970662107229413778e+02
1.772129966971248791e+02 2.961040832411111410e+02
1.769184849337419507e+02 2.951318330697637862e+02
1.766567595539181923e+02 2.941499438641494066e+02
