1.749036241206570992e+02 2.934788578966814043e+02
1.746266568231573046e+02 2.924219735103661151e+02
1.743877194914447557e+02 2.913515303227231925e+02
1.741871507785553490e+02 2.902694837991156760e+02
1.740249690614389237e+02 2.891775053993128495e+02
1.739009461568938377e+02 2.880773487647343813e+02
1.738146604922407334e+02 2.869706875258537480e+02
1.737655009980942111e+02 2.858592263791667278e+02
1.737527145115079179e+02 2.847445685114362277e+02
1.737754421452002589e+02 2.836282286796516132e+02
1.738327508493601670e+02 2.825116259612215686e+02
1.739236511770677964e+02 2.813960959996877023e+02
1.740471596357774615e+02 2.802828115570953855e+02
1.742022366371916178e+02 2.791729729728675125e+02
1.743879066230401520e+02 2.780675611397720672e+02
1.746031944720408546e+02 2.769675487125577433e+02
1.748471354559466135e+02 2.758737859079969894e+02
1.751187634168803697e+02 2.747870378120410919e+02
1.754171164932941451e+02 2.737080688469438314e+02
1.757413690590024089e+02 2.726374487944601128e+02
1.760906827685610097e+02 2.715758215865539000e+02
1.764641910762832993e+02 2.705237465958448979e+02
1.768611048030728909e+02 2.694815970374105518e+02
1.772805856402132463e+02 2.684498672885625297e+02
1.777219509457442825e+02 2.674288717554016444e+02
1.781844458058804150e+02 2.664190532718458826e+02
1.786674004275519962e+02 2.654206126191393764e+02
1.791700736343960045e+02 2.644338044651844939e+02
1.796917661811757796e+02 2.634588574234589373e+02
1.802318698911656725e+02 2.624959279347846746e+02
1.807897644248107554e+02 2.615452046560295116e+02
1.813648328909071097e+02 2.606067722769707302e+02
1.819564386390153459e+02 2.596807183681270317e+02
1.825640107493803441e+02 2.587670864557831010e+02
1.831869904505129796e+02 2.578659355739939087e+02
1.838248775483453130e+02 2.569772744402723674e+02
1.844770989189110821e+02 2.561011357945021700e+02
1.851431805337009564e+02 2.552374573786158010e+02
1.858226111969932504e+02 2.543862372975182780e+02
1.865149265389372317e+02 2.535474436027497802e+02
1.872197082237062773e+02 2.527210187208826824e+02
1.879365442577267800e+02 2.519069098268512619e+02
1.886649951631887063e+02 2.511050984530993730e+02
1.894047121132514349e+02 2.503155015036277007e+02
1.901553244629608628e+02 2.495380733012062535e+02
1.909164574775883239e+02 2.487727967945542105e+02
1.916878852742813422e+02 2.480195838718277912e+02
1.924692300207688902e+02 2.472784832940945421e+02
1.932602688244223543e+02 2.465494277724114625e+02
1.940607291404956527e+02 2.458324030672191611e+02
1.948702980706149503e+02 2.451273341429885591e+02
1.956886118069416796e+02 2.444340676971714856e+02
1.965153168977461178e+02 2.437524420355654513e+02
1.973500768828070591e+02 2.430822903400401742e+02
1.981926335801117602e+02 2.424234088052962477e+02
1.990426032140744326e+02 2.417757467056704854e+02
1.998998508651397117e+02 2.411391462375396202e+02
2.007640947139208549e+02 2.405135615757073708e+02
2.016351195980451223e+02 2.398989035455425665e+02
2.025127283048730931e+02 2.392950836479817553e+02
2.033967355873197960e+02 2.387020556727105998e+02
2.042869740821653295e+02 2.381197925105176125e+02
2.051832812436184099e+02 2.375482689489343500e+02
2.060854988724697137e+02 2.369874614607544459e+02
2.069935233590375105e+02 2.364373279975891364e+02
2.079071381503937062e+02 2.358979186109572197e+02
2.088262751510904991e+02 2.353692120718661442e+02
2.097508067389179871e+02 2.348512297800736235e+02
2.106805945223791241e+02 2.343440002269874753e+02
2.116155134960595490e+02 2.338475477116365653e+02
2.125555085863741454e+02 2.333618769461623685e+02
2.135003856173085524e+02 2.328870662202323558e+02
2.144500770446827005e+02 2.324231292460425493e+02
2.154044715094263154e+02 2.319701085904131901e+02
2.163634561834844305e+02 2.315280453125335214e+02
2.173269132464939446e+02 2.310969724376566887e+02
2.182947245147806541e+02 2.306769230295059572e+02
2.192667722603434299e+02 2.302679318765117671e+02
2.202429389881897350e+02 2.298700353348685610e+02
2.212231002604741832e+02 2.294832574087900241e+02
2.222071189241839306e+02 2.291075971413179673e+02
2.231948574219108821e+02 2.287430517013778797e+02
2.241862026268813679e+02 2.283896123912839187e+02
2.251809916281771393e+02 2.280472899509155127e+02
2.261790656151214307e+02 2.277160557405773034e+02
2.271803006596070418e+02 2.273958281185587111e+02
2.281845035666227091e+02 2.270865498259412902e+02
2.291915037930349399e+02 2.267881520312393491e+02
2.302011918394937595e+02 2.265005481082001495e+02
2.312133137052175300e+02 2.262236449866847181e+02
2.322277662926962307e+02 2.259572572071391221e+02
2.332442783189387399e+02 2.257012506700878021e+02
2.342627372015463720e+02 2.254554423055756729e+02
2.352829199424113256e+02 2.252196791910862714e+02
2.363046388256755961e+02 2.249937346361145956e+02
2.373277287149043673e+02 2.247773458733568930e+02
2.383519351087153382e+02 2.245702691919055383e+02
2.393771071638224726e+02 2.243722325287900787e+02
2.404030798452712361e+02 2.241829747435729701e+02
2.414296343059264700e+02 2.240022405292287999e+02
2.424566281272225865e+02 2.238297551218495016e+02
2.434839121634367416e+02 2.236652508401153341e+02
2.445113227560744633e+02 2.235084625668241074e+02
2.455387047070490780e+02 2.233591167700137419e+02
2.465659254281596020e+02 2.232169215756523215e+02
2.475928493765615599e+02 2.230815831811529506e+02
2.486193599960154472e+02 2.229528076086091914e+02
2.496453196066711655e+02 2.228303011077532290e+02
2.506706249683142573e+02 2.227137658892343097e+02
2.516951788093253128e+02 2.226029107052814311e+02
2.527188906533514228e+02 2.224974451888486158e+02
2.537416788826770357e+02 2.223970784280399187e+02
2.547634738118420330e+02 2.223015200151661475e+02
2.557842120583285919e+02 2.222104891520425554e+02
2.568038414253124984e+02 2.221237216879669347e+02
2.578223264720581938e+02 2.220409561042000348e+02
2.588396370624149085e+02 2.219619319495483865e+02
2.598557520986752252e+02 2.218863895539100781e+02
2.608706625360387079e+02 2.218140856543434722e+02
2.618843718322306131e+02 2.217447987400706211e+02
2.628968920286313278e+02 2.216783097545694545e+02
2.639082454641209665e+02 2.216144026309584092e+02
2.649184585912185526e+02 2.215528608147724583e+02
2.659275722405475904e+02 2.214934850112687457e+02
2.669356362818817843e+02 2.214360906079505469e+02
2.679426784278088576e+02 2.213804389348928225e+02
2.689487436354875740e+02 2.213262308323433558e+02
2.699539154907479315e+02 2.212731640622650957e+02
2.709582861424962630e+02 2.212209495279603004e+02
2.719619541677736834e+02 2.211693078872268927e+02
2.729650239620575576e+02 2.211179645356043011e+02
2.739676051158402856e+02 2.210666487217573319e+02
2.749698119530419262e+02 2.210150906446428394e+02
2.759717652545022588e+02 2.209630292395815445e+02
2.769735905992443463e+02 2.209102085853134270e+02
2.779754185703205849e+02 2.208563767219128522e+02
2.789773847003882565e+02 2.208012857034637761e+02
2.799796294535613015e+02 2.207446926437961849e+02
2.809822990336041926e+02 2.206863666041277838e+02
2.819855423216243935e+02 2.206260763472003248e+02
2.829895142202908573e+02 2.205635965170131669e+02
2.839943742020523700e+02 2.204987068503175180e+02
2.850002860643506324e+02 2.204312018116986849e+02
2.860074183382026263e+02 2.203609127821653715e+02
2.870159423895995019e+02 2.202876814567343615e+02
2.880260288624459122e+02 2.202113484812561239e+02
2.890378570620346181e+02 2.201317646288558763e+02
2.900515968275571481e+02 2.200490394761608570e+02
2.910673898940461299e+02 2.199637922612589307e+02
2.920853407933664130e+02 2.198766938284657897e+02
2.931055503945422060e+02 2.197884242448297414e+02
2.941281045697089098e+02 2.196996744079187067e+02
2.951530389482766168e+02 2.196111657745249488e+02
2.961803853942022897e+02 2.195236834207529455e+02
2.972101693200300474e+02 2.194380298970550598e+02
2.982423378048537757e+02 2.193549855621547522e+02
2.992768853893445566e+02 2.192753540316707586e+02
3.003137322750098974e+02 2.191999344829543190e+02
3.013528040484331427e+02 2.191295409292673071e+02
3.023939940636551000e+02 2.190649854998734725e+02
3.034371784672501917e+02 2.190070810390809868e+02
3.044822006012994962e+02 2.189566288691614773e+02
3.055289316193063769e+02 2.189143758837873577e+02
3.065771594607322754e+02 2.188810014611046029e+02
3.076267370028692199e+02 2.188572068741061400e+02
3.086774476993134613e+02 2.188436806962109813e+02
3.097290558756604923e+02 2.188410851088108586e+02
3.107813690614183884e+02 2.188499502032922521e+02
3.118341807313989307e+02 2.188707421767551864e+02
3.128872708944925876e+02 2.189039261257954934e+02
3.139403850096443875e+02 2.189499569316305667e+02
3.149932985233598970e+02 2.190092639416629936e+02
3.160457979794593939e+02 2.190821130367615410e+02
3.170976739478686568e+02 2.191687234781862514e+02
3.181487111532879908e+02 2.192693144011774393e+02
3.191986963374877178e+02 2.193841082653410410e+02
3.202474151205288990e+02 2.195132875573672493e+02
3.212946533843684165e+02 2.196569042317682943e+02
3.223402375789775078e+02 2.198150001045676447e+02
3.233840148161792740e+02 2.199876308945759433e+02
3.244257503988981739e+02 2.201748233533914174e+02
3.254652828601138026e+02 2.203766007034833194e+02
3.265024526610087037e+02 2.205929301210760514e+02
3.275370929442980810e+02 2.208237712994244362e+02
3.285690166773603664e+02 2.210690761751822890e+02
3.295981000694003455e+02 2.213288265291707262e+02
3.306241680819427415e+02 2.216029882682476000e+02
3.316470316495916109e+02 2.218915199183697951e+02
3.326665459044989461e+02 2.221944019683691920e+02
3.336825420362712293e+02 2.225116104042126040e+02
3.346948544146224549e+02 2.228431289320549240e+02
3.357033212712955219e+02 2.231889888315633641e+02
3.367076861344679628e+02 2.235492166856703591e+02
3.377077854234074152e+02 2.239238883151286927e+02
3.387034263709726361e+02 2.243130775965935584e+02
3.396943537180533212e+02 2.247168181181062607e+02
3.406804268482051157e+02 2.251350401727168276e+02
3.416615464978340242e+02 2.255675963977988374e+02
3.426375866992982537e+02 2.260143323541586824e+02
3.436084182488233978e+02 2.264750979738971637e+02
3.445739367353749003e+02 2.269497780575137256e+02
3.455339612249435390e+02 2.274383120865322212e+02
3.464883272871882127e+02 2.279406983884958322e+02
3.474369002097168959e+02 2.284569715063029207e+02
3.483794183040594703e+02 2.289871001465012341e+02
3.493157237170507869e+02 2.295311333302922492e+02
3.502456003115410113e+02 2.300891365603450538e+02
3.511688039320895882e+02 2.306611832693387498e+02
3.520850782798456748e+02 2.312473544892590667e+02
3.529941939163696247e+02 2.318477714796793805e+02
3.538958404602409473e+02 2.324625171860406567e+02
3.547897834019407242e+02 2.330917446243257700e+02
3.556756640678742087e+02 2.337355390951942127e+02
3.565531908845092630e+02 2.343940588266552254e+02
3.574220509014463687e+02 2.350674837129089099e+02
3.582818240726480781e+02 2.357559148437969441e+02
3.591322229696251043e+02 2.364595514218998176e+02
3.599728085012344536e+02 2.371785011976944872e+02
3.608031968559071743e+02 2.379129557920304876e+02
3.616229632550835049e+02 2.386631233252898028e+02
3.624316103597892607e+02 2.394291445769316340e+02
3.632287321468543837e+02 2.402112354852434919e+02
3.640137762268777806e+02 2.410095238715815356e+02
3.647862704042896098e+02 2.418242873875493331e+02
3.655455388031982693e+02 2.426556557010399047e+02
3.662910642387515736e+02 2.435039386075422954e+02
3.670221854467920366e+02 2.443693154993648591e+02
3.677381854325072368e+02 2.452519778236658681e+02
3.684383559850512597e+02 2.461522387467424551e+02
3.691218343989428377e+02 2.470703292667022311e+02
3.697877716666216656e+02 2.480065468955341998e+02
3.704352136497830088e+02 2.489611304676718362e+02
3.710631504961598353e+02 2.499343907130921991e+02
3.716704329514033134e+02 2.509265912659835749e+02
3.722557963697880723e+02 2.519379572513842902e+02
3.728179439088231675e+02 2.529688101587393305e+02
3.733553912326256636e+02 2.540193020834449555e+02
3.738665743380523736e+02 2.550896144103524250e+02
3.743497784435432436e+02 2.561797953479586454e+02
3.748031801223899038e+02 2.572898138502238226e+02
3.752248433573469129e+02 2.584195933136780354e+02
3.756126746264158669e+02 2.595686833803343916e+02
3.759645863661046974e+02 2.607366104647765610e+02
3.762784444876655243e+02 2.619226166521286245e+02
3.765519802393953910e+02 2.631255999776408316e+02
3.767825420604139595e+02 2.643444138639317771e+02
3.769674975102308849e+02 2.655772875137363940e+02
3.771044873196680669e+02 2.668220488255612395e+02
3.771918946386762173e+02 2.680731454477349871e+02
3.772295865212573744e+02 2.693246579564472540e+02
3.772182845296799201e+02 2.705735830654351730e+02
3.771591260947403725e+02 2.718172302487059255e+02
3.770535846973129424e+02 2.730531699475146752e+02
3.769033823861349788e+02 2.742792862733454626e+02
3.767104540122726348e+02 2.754936566146536734e+02
3.764768314253327048e+02 2.766947507840321236e+02
3.762045898795073526e+02 2.778813225350880316e+02
3.758958253344908940e+02 2.790523287565745250e+02
3.755525622731672684e+02 2.802070352488012759e+02
3.751767840422588733e+02 2.813448696671434277e+02
3.747704438988218385e+02 2.824653678761839615e+02
3.743352795216244431e+02 2.835684065536823937e+02
3.738729989217349043e+02 2.846537885184004608e+02
3.733851662907808873e+02 2.857214717258339647e+02
3.728732332543827965e+02 2.867715380222186923e+02
3.723385949588959534e+02 2.878040744022525246e+02
3.717824981049056419e+02 2.888192576420352111e+02
3.712061199947587511e+02 2.898172359238415083e+02
3.706105154155949322e+02 2.907982162114034850e+02
3.699966757680685419e+02 2.917624479347894635e+02
3.693655770276563430e+02 2.927101366082905542e+02
3.687180536941281730e+02 2.936415596177563998e+02
3.680549284755770145e+02 2.945569180538805085e+02
3.673768576358610858e+02 2.954565179792590470e+02
3.666846321749338244e+02 2.963405153550079376e+02
3.659788662734671902e+02 2.972092084411591486e+02
3.652601249559781991e+02 2.980628641412270099e+02
3.645290484995045972e+02 2.989016269978897640e+02
3.637860791899672108e+02 2.997257857630195872e+02
3.630317362948500772e+02 3.005355369133737327e+02
3.622665069882901321e+02 3.013310752158349146e+02
3.614908141314971886e+02 3.021126107704199626e+02
3.607050474314715416e+02 3.028803395831749299e+02
3.599095709305764217e+02 3.036344424983719250e+02
3.591047645320023207e+02 3.043750630573856597e+02
3.582909363834961596e+02 3.051023723092718001e+02
3.574684416543699967e+02 3.058164812370534946e+02
3.566374805193233897e+02 3.065175841951040638e+02
3.557984080859172877e+02 3.072057231040676584e+02
3.549514085961539536e+02 3.078810184315453853e+02
3.540967131697496484e+02 3.085435308074564205e+02
3.532345405271280470e+02 3.091933133722719731e+02
3.523650530584419585e+02 3.098304410203074895e+02
3.514885572048340237e+02 3.104550003185066203e+02
3.506052824786531801e+02 3.110672336217949123e+02
3.497155713814446472e+02 3.116673049977035248e+02
3.488196564139748830e+02 3.122554355264924766e+02
3.479177994207680058e+02 3.128318109358004335e+02
3.470102322289644690e+02 3.133965867047687084e+02
3.460971635593142537e+02 3.139498950801021806e+02
3.451787385711158436e+02 3.144918890007046457e+02
3.442552292497890107e+02 3.150226469008033519e+02
3.433267228930790793e+02 3.155423349272789437e+02
3.423934578288657917e+02 3.160510106339893923e+02
3.414555388341744333e+02 3.165487862987814651e+02
3.405131107451819048e+02 3.170357418528433300e+02
3.395663322197832485e+02 3.175119455211411719e+02
3.386153314313263536e+02 3.179774746645677510e+02
3.376602371542184073e+02 3.184323976412773050e+02
3.367011900243341529e+02 3.188767722601014611e+02
3.357383123795457323e+02 3.193106605578817039e+02
3.347716917089533126e+02 3.197341316858829714e+02
3.338014848447222107e+02 3.201472256589111112e+02
3.328277967400761099e+02 3.205500202200259423e+02
3.318507660807779303e+02 3.209425784343060286e+02
3.308704672258473920e+02 3.213249829087816920e+02
3.298870794692616073e+02 3.216972724787647167e+02
3.289006858881695621e+02 3.220595382400009044e+02
3.279114185532234842e+02 3.224118809140795179e+02
3.269194078802950116e+02 3.227544039270817393e+02
3.259247808196337814e+02 3.230872092734077228e+02
3.249276612036924803e+02 3.234103979514951561e+02
3.239281805556536824e+02 3.237240951769906587e+02
3.229264832902545663e+02 3.240284648707665838e+02
3.219227106859033825e+02 3.243236736889185181e+02
3.209169995390139434e+02 3.246098876022740569e+02
3.199094607787521340e+02 3.248872778383827722e+02
3.189002624681962743e+02 3.251560382594990415e+02
3.178895677135258779e+02 3.254164105888800691e+02
3.168774701724118472e+02 3.256686518549017251e+02
3.158641835498730757e+02 3.259129860036388777e+02
3.148497812230305044e+02 3.261496771342308989e+02
3.138344640061396831e+02 3.263789980889266076e+02
3.128183215646600388e+02 3.266012803525296704e+02
3.118015623711688136e+02 3.268168266625368119e+02
3.107842674391911260e+02 3.270259694895232769e+02
3.097665907717773166e+02 3.272290242167766792e+02
3.087486740390337445e+02 3.274263494182737873e+02
3.077306318405057937e+02 3.276183258711882331e+02
3.067125751951824668e+02 3.278053302862189753e+02
3.056946510165620339e+02 3.279877344836525594e+02
3.046769365653279351e+02 3.281658886426133677e+02
3.036594685973549872e+02 3.283399571511754971e+02
3.026422634722536600e+02 3.285100422718927007e+02
3.016253353598807507e+02 3.286762445750255779e+02
3.006086906412137409e+02 3.288386628474176518e+02
2.995923512478116209e+02 3.289973858560919098e+02
2.985763099605983371e+02 3.291524789037298433e+02
2.975605643364395405e+02 3.293039978680318427e+02
2.965451107772737487e+02 3.294519967882785636e+02
2.955299445107503971e+02 3.295965278485307408e+02
2.945150579376488054e+02 3.297376341346962931e+02
2.935004386821456706e+02 3.298753397647574275e+02
2.924860732335358193e+02 3.300096644577286611e+02
2.914719475199125895e+02 3.301406259863609876e+02
2.904580468730224538e+02 3.302682400611942626e+02
2.894443526642708662e+02 3.303925121816163823e+02
2.884308461625249720e+02 3.305134329701897968e+02
2.874175107726489387e+02 3.306309907395501568e+02
2.864043244194432987e+02 3.307451719330974242e+02
2.853912670977990160e+02 3.308559602876324561e+02
2.843783175912216734e+02 3.309633303755466045e+02
2.833654535902347789e+02 3.310672468772813204e+02
2.823526530484239174e+02 3.311676719892868164e+02
2.813398942566640812e+02 3.312645658241357296e+02
2.803271557939370950e+02 3.313578860040185532e+02
2.793144147701551674e+02 3.314475817661909218e+02
2.783016478941198102e+02 3.315335950671096725e+02
2.772888983628163260e+02 3.316158891031979010e+02
2.762762360865979758e+02 3.316944680317523648e+02
2.752636505389451145e+02 3.317693482529751350e+02
2.742511223475614202e+02 3.318405404233537297e+02
2.732386325416832733e+02 3.319080505604093219e+02
2.722261628171547159e+02 3.319718823868500408e+02
2.712136955365573954e+02 3.320320373789401174e+02
2.702012136851802211e+02 3.320885141909440676e+02
2.691887007130359848e+02 3.321413059108642187e+02
2.681761407637322350e+02 3.321904022745447378e+02
2.671635178936025454e+02 3.322357904261012891e+02
2.661508192585296229e+02 3.322774560324805293e+02
2.651380315726156596e+02 3.323153821725941839e+02
2.641251412542714547e+02 3.323495469704219545e+02
2.631121363262216732e+02 3.323799258495067761e+02
2.620990056765450049e+02 3.324064921427917625e+02
2.610857383100005222e+02 3.324292167005038436e+02
2.600723245554444816e+02 3.324480672917206903e+02
2.590587579542153662e+02 3.324630086996899081e+02
2.580450298768446942e+02 3.324740027906476030e+02
2.570311336930997186e+02 3.324810093461749716e+02
2.560170637251017638e+02 3.324839855777404978e+02
2.550028160852843087e+02 3.324828519719937958e+02
2.539883904136217438e+02 3.324774702741274837e+02
2.529737838459458885e+02 3.324676917077605935e+02
2.519590103576130673e+02 3.324533698297341857e+02
2.509440813534640995e+02 3.324343569407218411e+02
2.499290067121108905e+02 3.324105020776670472e+02
2.489137885559505889e+02 3.323816451407737986e+02
2.478984743669502961e+02 3.323476400437564848e+02
2.468830687000670707e+02 3.323083269878576402e+02
2.458675962828476997e+02 3.322635442576449236e+02
2.448521044301469942e+02 3.322131394369351938e+02
2.438366004679069192e+02 3.321569437518259065e+02
2.428211502736948262e+02 3.320948043485607286e+02
2.418057705308021639e+02 3.320265508206786080e+02
2.407905173678601045e+02 3.319520196739850348e+02
2.397754416216563129e+02 3.318710489115374571e+02
2.387605806377267754e+02 3.317834679903371011e+02
2.377459978269235421e+02 3.316891103730606574e+02
2.367317565089475977e+02 3.315878089173255603e+02
2.357179132316698826e+02 3.314793909420715750e+02
2.347045346489191786e+02 3.313636861021157642e+02
2.336916914006890238e+02 3.312405232339435770e+02
2.326794584174162139e+02 3.311097290466108802e+02
2.316679150651654311e+02 3.309711281034246895e+02
2.306571451549976075e+02 3.308245436249983982e+02
2.296472355771070966e+02 3.306697990996531757e+02
2.286382650839777000e+02 3.305067085138240373e+02
2.276303598241088935e+02 3.303351024953323076e+02
2.266235987524580935e+02 3.301547903053623827e+02
2.256180932836687987e+02 3.299655857225226896e+02
2.246139613017973886e+02 3.297673037279561186e+02
2.236113244752716582e+02 3.295597576535702729e+02
2.226102858799280568e+02 3.293427439507568693e+02
2.216110039539494210e+02 3.291160773882821786e+02
2.206136049224579949e+02 3.288795557798355844e+02
2.196182337816915719e+02 3.286329752156522090e+02
2.186250451809119681e+02 3.283761295189926841e+02
2.176342018907778311e+02 3.281088098867463145e+02
2.166458585496505123e+02 3.278307934618551940e+02
2.156602240151801766e+02 3.275418746840966833e+02
2.146774679642880130e+02 3.272418197328792075e+02
2.136977962109713758e+02 3.269304002518252332e+02
2.127214140835328635e+02 3.266073781636176818e+02
2.117485609910658866e+02 3.262725245161999510e+02
2.107794635966006354e+02 3.259255860810869194e+02
2.098143792699636094e+02 3.255663061925538955e+02
2.088535802282485463e+02 3.251944259212969541e+02
2.078973457712466484e+02 3.248096774282553270e+02
2.069459709641235463e+02 3.244118160197836005e+02
2.059996898466511652e+02 3.240008177097895441e+02
2.050586806993120774e+02 3.235767605441354817e+02
2.041231298231100482e+02 3.231397130452294277e+02
2.031932398452451309e+02 3.226897397684901989e+02
2.022692201413481143e+02 3.222268983639329463e+02
2.013512850077351004e+02 3.217512446746194996e+02
2.004396367828620669e+02 3.212628082699502556e+02
1.995345230124656553e+02 3.207616322956201884e+02
1.986361684374453205e+02 3.202477233642077863e+02
1.977448309896812759e+02 3.197210906300649640e+02
1.968607762110721922e+02 3.191817426685602754e+02
1.959842748049041461e+02 3.186296701164680485e+02
1.951156120490805392e+02 3.180648431855775584e+02
1.942550996699799839e+02 3.174872210469295624e+02
1.934030688630188308e+02 3.168967528089560801e+02
1.925598592892200998e+02 3.162933702218891767e+02
1.917258474341474255e+02 3.156770034812331573e+02
1.909014150885045353e+02 3.150475398280224226e+02
1.900869904421289220e+02 3.144048586477370009e+02
1.892830347452949979e+02 3.137488306539044061e+02
1.884900234964190702e+02 3.130792863975522664e+02
1.877084916965216337e+02 3.123960601943356323e+02
1.869390015490647841e+02 3.116989489090972256e+02
1.861821638336179490e+02 3.109877221905420583e+02
1.854386519749962190e+02 3.102621525143345025e+02
1.847091762542040101e+02 3.095219678661907778e+02
1.839945205016518344e+02 3.087669018567725061e+02
1.832955171163814896e+02 3.079966381434608138e+02
1.826130879719356415e+02 3.072108897766609061e+02
1.819482086385683601e+02 3.064093253926285456e+02
1.813019453670609096e+02 3.055916450908288198e+02
1.806754288913200810e+02 3.047575249174018950e+02
1.800698790208370497e+02 3.039066766304608223e+02
1.794865898669047226e+02 3.030388211904543141e+02
1.789269446148260272e+02 3.021537292330838227e+02
1.783923969833811611e+02 3.012512191428581900e+02
1.778844586509970611e+02 3.003311985216749349e+02
1.774046821540243570e+02 2.993936390642747369e+02
1.769546504613656452e+02 2.984386482540061820e+02
1.765359370510552992e+02 2.974664711519816365e+02
1.761500859264345422e+02 2.964774552892380370e+02
1.757985670659145967e+02 2.954721918570226649e+02
1.754827294611718287e+02 2.944513705682568911e+02
