1.763426597052388445e+02 2.931769297621063970e+02
1.760732850361778503e+02 2.921856694172598736e+02
1.758362840677798431e+02 2.911803841695079313e+02
1.756321133109654511e+02 2.901620159854372218e+02
1.754610450121487304e+02 2.891315821898402305e+02
1.753231657166097079e+02 2.880902455899123424e+02
1.752184138130778592e+02 2.870392308242826971e+02
1.751465649016640782e+02 2.859798495064383701e+02
1.751072641246919943e+02 2.849134248239984117e+02
1.751000489259766653e+02 2.838412772558747292e+02
1.751243711853715865e+02 2.827647055968902805e+02
1.751796396434513667e+02 2.816849884870927099e+02
1.752652926539240923e+02 2.806033372579288425e+02
1.753807008618948373e+02 2.795209969519436868e+02
1.755252565731511254e+02 2.784390842742603240e+02
1.756983298724024394e+02 2.773587146470817402e+02
1.758992837968655465e+02 2.762809236784098061e+02
1.761274702922003712e+02 2.752066885637271980e+02
1.763822270780504766e+02 2.741369863473246369e+02
1.766629879147708380e+02 2.730726479643163884e+02
1.769691638311406052e+02 2.720145561534634453e+02
1.773001087693267834e+02 2.709635139696478632e+02
1.776552170719542971e+02 2.699201613029950408e+02
1.780338342687044815e+02 2.688852284537993569e+02
1.784354319721918785e+02 2.678592934387411333e+02
1.788594093607096056e+02 2.668430325106071450e+02
1.793051917407642577e+02 2.658368844210478983e+02
1.797721164892804495e+02 2.648413084371687773e+02
1.802595553255505934e+02 2.638567335322580334e+02
1.807669600835516803e+02 2.628835185457438115e+02
1.812937639377561538e+02 2.619220387251009470e+02
1.818393596567344730e+02 2.609725372659366940e+02
1.824031068176000474e+02 2.600352387525877589e+02
1.829844267692521953e+02 2.591103202424517349e+02
1.835827536931370787e+02 2.581979658299663924e+02
1.841975709314640994e+02 2.572983015560110971e+02
1.848282683651367790e+02 2.564114453813613181e+02
1.854743241481598659e+02 2.555374147062053396e+02
1.861351845221390136e+02 2.546762766243141414e+02
1.868103420158052188e+02 2.538280647177624019e+02
1.874993320904351890e+02 2.529927804932709989e+02
1.882016905519415673e+02 2.521704169390012282e+02
1.889169280341986905e+02 2.513609934795341303e+02
1.896446438813804605e+02 2.505644642712476866e+02
1.903844191232409457e+02 2.497808151138087567e+02
1.911358356666349607e+02 2.490100587464878288e+02
1.918986253460845433e+02 2.482521431232588895e+02
1.926723762670575297e+02 2.475071447535863172e+02
1.934568266384704316e+02 2.467750269820722906e+02
1.942516679617353361e+02 2.460558012261550402e+02
1.950565370079152387e+02 2.453493980505750471e+02
1.958710022874643926e+02 2.446556445590882163e+02
1.966946437061099004e+02 2.439743551290870869e+02
1.975270602537364368e+02 2.433053363740973225e+02
1.983679298337946761e+02 2.426483578339489213e+02
1.992168238371268103e+02 2.420033496045006984e+02
2.000735660200196264e+02 2.413701513299101578e+02
2.009378401892002159e+02 2.407487093202947221e+02
2.018093956152162036e+02 2.401389269293588029e+02
2.026880006334704660e+02 2.395407078564011840e+02
2.035734419299600972e+02 2.389540035513690555e+02
2.044655275814709512e+02 2.383787878841814916e+02
2.053640709797959403e+02 2.378150359480231941e+02
2.062688903002819529e+02 2.372627238360087460e+02
2.071798566872305116e+02 2.367218097980647826e+02
2.080967341948307308e+02 2.361923399030677047e+02
2.090194295868585641e+02 2.356742923668185199e+02
2.099477931746883712e+02 2.351676856841412189e+02
2.108816654647369546e+02 2.346725445479670498e+02
2.118208989292402578e+02 2.341888871961358802e+02
2.127654076387605073e+02 2.337167048673411500e+02
2.137149733232561744e+02 2.332560548518759163e+02
2.146694981625289529e+02 2.328069333092819591e+02
2.156288436282189593e+02 2.323693631510733155e+02
2.165928669440876320e+02 2.319433589865688248e+02
2.175614117167865516e+02 2.315289093317042557e+02
2.185343208885579145e+02 2.311259988011793212e+02
2.195114392492839102e+02 2.307346128092409572e+02
2.204926131516412511e+02 2.303547373402891481e+02
2.214776774958785097e+02 2.299863335223589047e+02
2.224664452833098096e+02 2.296293145987779383e+02
2.234587302743739770e+02 2.292835882488020047e+02
2.244543708741676085e+02 2.289490560911882540e+02
2.254531626396268109e+02 2.286256353048188430e+02
2.264548993864481758e+02 2.283131884800582441e+02
2.274593986499292839e+02 2.280115072840771404e+02
2.284664191125070261e+02 2.277204015030492599e+02
2.294757435952250262e+02 2.274396688771974482e+02
2.304872119266163111e+02 2.271690906019933607e+02
2.315005349299441377e+02 2.269084232312592349e+02
2.325155532033101338e+02 2.266573298280867732e+02
2.335319667308043563e+02 2.264155131986763081e+02
2.345496166122948978e+02 2.261826347908966568e+02
2.355682547151378685e+02 2.259583784340698003e+02
2.365876664003107805e+02 2.257423599652632618e+02
2.376076598687983221e+02 2.255341621891332125e+02
2.386279749224809450e+02 2.253333797086316963e+02
2.396484425230958664e+02 2.251395840724274251e+02
2.406688928197460200e+02 2.249523706314232356e+02
2.416891531454728863e+02 2.247714392892008846e+02
2.427091289370629568e+02 2.245965185693517583e+02
2.437287216888279033e+02 2.244273439102466057e+02
2.447478231896679688e+02 2.242636524741773485e+02
2.457663358297382672e+02 2.241051816441409699e+02
2.467841901554065203e+02 2.239516866402316282e+02
2.478013176989946658e+02 2.238029304064480982e+02
2.488176649587192912e+02 2.236586775914244356e+02
2.498331635362383167e+02 2.235186920335956415e+02
2.508477732173901131e+02 2.233827431185613079e+02
2.518614641268711978e+02 2.232506265303260591e+02
2.528742124520552466e+02 2.231221433148994606e+02
2.538860009288068227e+02 2.229970952254620613e+02
2.548968210342096370e+02 2.228752859565643973e+02
2.559066701710878249e+02 2.227565316552173158e+02
2.569155558840952835e+02 2.226406701002830459e+02
2.579234974628987516e+02 2.225275438726221466e+02
2.589305179382437245e+02 2.224169974928122997e+02
2.599366465847526797e+02 2.223088772550514136e+02
2.609419210661750981e+02 2.222030423629496170e+02
2.619463877517346759e+02 2.220993687412865256e+02
2.629500989184588207e+02 2.219977352912377455e+02
2.639531138955275651e+02 2.218980248965378337e+02
2.649554949809071900e+02 2.218001201104257802e+02
2.659573135939166377e+02 2.217039131310918663e+02
2.669586470266419269e+02 2.216093036200128665e+02
2.679595556272074077e+02 2.215161366286451710e+02
2.689601056284626566e+02 2.214241986612009043e+02
2.699603867385536091e+02 2.213332744335040161e+02
2.709604935458974069e+02 2.212431548856206405e+02
2.719605244248181180e+02 2.211536362850235946e+02
2.729605815674752307e+02 2.210645195189459855e+02
2.739607704269785131e+02 2.209756092421093001e+02
2.749611988209281321e+02 2.208867111870776512e+02
2.759619795804104569e+02 2.207976411236736851e+02
2.769632283077789339e+02 2.207082204274980199e+02
2.779650636786019504e+02 2.206182742280997502e+02
2.789676074203381972e+02 2.205276314290330788e+02
2.799709844092258777e+02 2.204361287129353570e+02
2.809753247592364573e+02 2.203436278895012777e+02
2.819807560074035564e+02 2.202499940357694754e+02
2.829874115937232091e+02 2.201550976918178151e+02
2.839954269899341170e+02 2.200588141229062842e+02
2.850049393076187698e+02 2.199610414646049890e+02
2.860160882783521856e+02 2.198617396801384984e+02
2.870290124005512098e+02 2.197608832146621012e+02
2.880438429474054374e+02 2.196584448002650731e+02
2.890607210898818380e+02 2.195544067576137479e+02
2.900797741815074460e+02 2.194490079322170857e+02
2.911010999493309441e+02 2.193429930327660600e+02
2.921247473521147526e+02 2.192371567746550625e+02
2.931507679555992922e+02 2.191323027433929269e+02
2.941791964384901235e+02 2.190292440962888350e+02
2.952100041117838032e+02 2.189287981300355455e+02
2.962431690773311743e+02 2.188318121762010549e+02
2.972786665487349751e+02 2.187391483482231820e+02
2.983163724560950527e+02 2.186516438447322059e+02
2.993562320746863179e+02 2.185701579320804910e+02
3.003981046364762619e+02 2.184954912011474164e+02
3.014418692717298427e+02 2.184284108878555060e+02
3.024873714842992740e+02 2.183696795670995812e+02
3.035344420096198519e+02 2.183200601036638204e+02
3.045828782298383999e+02 2.182802983763548355e+02
3.056325226878063290e+02 2.182510335609920560e+02
3.066831295924760639e+02 2.182328009196318135e+02
3.077345371672859073e+02 2.182261593546007816e+02
3.087865087013350376e+02 2.182316536399454492e+02
3.098387924268257620e+02 2.182497995574960044e+02
3.108911920332827208e+02 2.182809632385664429e+02
3.119435009748349330e+02 2.183254387549509374e+02
3.129955034500638362e+02 2.183835194206152721e+02
3.140469512840734296e+02 2.184554883403742451e+02
3.150976333013367139e+02 2.185416097983107591e+02
3.161473463516132369e+02 2.186420098636106957e+02
3.171958931409860156e+02 2.187567757421730050e+02
3.182430738735486102e+02 2.188859950317699088e+02
3.192886946173962315e+02 2.190297593653412491e+02
3.203325589815969465e+02 2.191881370264537736e+02
3.213744590966928740e+02 2.193611149901622355e+02
3.224142286293736674e+02 2.195486801548412359e+02
3.234517236620119434e+02 2.197508336733986027e+02
3.244867161940811684e+02 2.199675471302258813e+02
3.255190476309473979e+02 2.201988152208045904e+02
3.265485447042624401e+02 2.204446285888242016e+02
3.275750232355818525e+02 2.207049760881249085e+02
3.285982771537375129e+02 2.209798380598359131e+02
3.296181628573502280e+02 2.212692250188784726e+02
3.306344713280647056e+02 2.215731641546843775e+02
3.316469604417449659e+02 2.218917208148428415e+02
3.326554269822844390e+02 2.222249839505250577e+02
3.336596391408270392e+02 2.225730358649907998e+02
3.346593625929178870e+02 2.229359670729426455e+02
3.356543384521075382e+02 2.233139721882835431e+02
3.366441847923261435e+02 2.237072948748672445e+02
3.376286009098305385e+02 2.241162251130481025e+02
3.386072473971702266e+02 2.245410458845279607e+02
3.395797157133186488e+02 2.249819927029923861e+02
3.405457140012357513e+02 2.254391602454431620e+02
3.415049912822852320e+02 2.259125389434286433e+02
3.424572623333420438e+02 2.264021062023340392e+02
3.434022300292776322e+02 2.269078374459661234e+02
3.443396110179791663e+02 2.274297344752200729e+02
3.452690401169585925e+02 2.279678436502688612e+02
3.461901569418067197e+02 2.285222589497384149e+02
3.471026162379860125e+02 2.290930991876663541e+02
3.480059457189793193e+02 2.296804129209679672e+02
3.488997597872910319e+02 2.302843037995116333e+02
3.497836291276163365e+02 2.309048396177952895e+02
3.506570946055139189e+02 2.315420723898933772e+02
3.515196748375756215e+02 2.321960489987954190e+02
3.523708978490775507e+02 2.328668383673168307e+02
3.532102291920290327e+02 2.335544299826644306e+02
3.540372475266634069e+02 2.342587591554733990e+02
3.548514329868514210e+02 2.349796714609459798e+02
3.556523111266682804e+02 2.357170592047670539e+02
3.564393776741153488e+02 2.364708158742731996e+02
3.572120833681081535e+02 2.372406892662331188e+02
3.579700713288648899e+02 2.380263508525748364e+02
3.587128834402818143e+02 2.388273724157871243e+02
3.594401005043348505e+02 2.396433765674271967e+02
3.601512707453974826e+02 2.404739820045364809e+02
3.608459628011610789e+02 2.413186616560661832e+02
3.615239083550090413e+02 2.421768103694219292e+02
3.621847654832662329e+02 2.430477495612352925e+02
3.628282477003729127e+02 2.439308927755635636e+02
3.634539667238774996e+02 2.448255548957592680e+02
3.640616838994331488e+02 2.457311027957937029e+02
3.646511514076375420e+02 2.466467763923774044e+02
3.652221215683864557e+02 2.475718291220096319e+02
3.657743676582245484e+02 2.485055891687696032e+02
3.663076161476835182e+02 2.494473589808679890e+02
3.668216105803145979e+02 2.503965019958612856e+02
3.673160712529645480e+02 2.513523848065430570e+02
3.677907201068512677e+02 2.523144331100495492e+02
3.682452594472827059e+02 2.532820901311984301e+02
3.686793823173814530e+02 2.542548375868636015e+02
3.690927208400568702e+02 2.552322898055444114e+02
3.694848553850861776e+02 2.562140840273262370e+02
3.698553735537606713e+02 2.571999308995182218e+02
3.702038645482504080e+02 2.581895821405819902e+02
3.705299169442597531e+02 2.591828674283217993e+02
3.708330485581415701e+02 2.601797382782868908e+02
3.711127798620075282e+02 2.611801834600146321e+02
3.713686608969469489e+02 2.621843025829641078e+02
3.716002693290981256e+02 2.631922705896539014e+02
3.718069524582393797e+02 2.642043992083359853e+02
3.719871559325376893e+02 2.652212430251422575e+02
3.721391762703191830e+02 2.662432283046621819e+02
3.722613780303064459e+02 2.672706114895617020e+02
3.723527331447098732e+02 2.683030236647960010e+02
3.724129376547759307e+02 2.693398395434608119e+02
3.724418832705675300e+02 2.703806747863430928e+02
3.724396125613609456e+02 2.714250556692313694e+02
3.724063109495536423e+02 2.724724218413505241e+02
3.723422870581403572e+02 2.735221482183702051e+02
3.722479457317881497e+02 2.745735310305023518e+02
3.721237340240363096e+02 2.756258321682819883e+02
3.719701738440750773e+02 2.766782830728899967e+02
3.717878635333446482e+02 2.777300859516127503e+02
3.715774356562523622e+02 2.787804578646675964e+02
3.713395247931639460e+02 2.798285960528655778e+02
3.710747757507583628e+02 2.808736687333784516e+02
3.707837912067779484e+02 2.819149144594625795e+02
3.704672095686731268e+02 2.829515222218982444e+02
3.701256516129190004e+02 2.839827165220519873e+02
3.697597173752010917e+02 2.850077572526209906e+02
3.693700100262717001e+02 2.860258991326648470e+02
3.689570871681315225e+02 2.870364323705250627e+02
3.685214967270243847e+02 2.880386347000466571e+02
3.680637512135542124e+02 2.890318197580702986e+02
3.675844036190908923e+02 2.900153726378179044e+02
3.670840406112253618e+02 2.909886878042548233e+02
3.665631747148345880e+02 2.919512119677788178e+02
3.660223209185383553e+02 2.929023617247945594e+02
3.654619135017504732e+02 2.938416451206657598e+02
3.648825825107943501e+02 2.947685803925663777e+02
3.642848724008322279e+02 2.956828212602212034e+02
3.636692875039665296e+02 2.965840214131782204e+02
3.630363861402462362e+02 2.974717699372149582e+02
3.623866109156900279e+02 2.983457982422782493e+02
3.617205495531137558e+02 2.992058857525842086e+02
3.610387789132821581e+02 3.000518497941366149e+02
3.603418186269599346e+02 3.008835373356260448e+02
3.596301539702162131e+02 3.017008018495313877e+02
3.589042676956532318e+02 3.025035293924731263e+02
3.581647040665850454e+02 3.032916567533114858e+02
3.574119463070326788e+02 3.040651670185696389e+02
3.566465067898537882e+02 3.048240101545202378e+02
3.558687586667064124e+02 3.055682172304088340e+02
3.550792110795504755e+02 3.062977247505594391e+02
3.542782417287812677e+02 3.070125731525079118e+02
3.534662598331379968e+02 3.077127666300238502e+02
3.526436553436403187e+02 3.083983134407130251e+02
3.518107623899979899e+02 3.090692529853549786e+02
3.509680873739736739e+02 3.097257198072819051e+02
3.501161127905089643e+02 3.103680728313412374e+02
3.492554113994701765e+02 3.109966175231263037e+02
3.483864457610233103e+02 3.116117197395199696e+02
3.475096904928681738e+02 3.122137198783223084e+02
3.466255508702342354e+02 3.128028909999136431e+02
3.457343802969301692e+02 3.133794569268442842e+02
3.448364661166008887e+02 3.139436647299722267e+02
3.439322053159761481e+02 3.144956994746644341e+02
3.430218164310117004e+02 3.150358266215703793e+02
3.421056330350152734e+02 3.155641866918700771e+02
3.411838518398562314e+02 3.160809585988388903e+02
3.402567019811024807e+02 3.165862943325857373e+02
3.393244214920277386e+02 3.170803378591000978e+02
3.383872137074222906e+02 3.175632397700621254e+02
3.374452664412560807e+02 3.180351217807856301e+02
3.364987718397704271e+02 3.184960901160029039e+02
3.355479023505783402e+02 3.189462564805048146e+02
3.345927948834231529e+02 3.193857405464713111e+02
3.336336472218802101e+02 3.198146316433580978e+02
3.326705981930146550e+02 3.202330401567448916e+02
3.317038152827750537e+02 3.206410602522435056e+02
3.307334031068816671e+02 3.210388052123755642e+02
3.297595648964511383e+02 3.214263478293556773e+02
3.287824084148106181e+02 3.218038062604999823e+02
3.278020817038561177e+02 3.221712972919097524e+02
3.268187295962362668e+02 3.225289391802705836e+02
3.258324927495231123e+02 3.228768492233841130e+02
3.248435079648356236e+02 3.232151440716218076e+02
3.238519165739654682e+02 3.235439591600695621e+02
3.228578684965514185e+02 3.238634598668672311e+02
3.218615099140616849e+02 3.241738137391376995e+02
3.208629822700751788e+02 3.244751878360824549e+02
3.198624012775234178e+02 3.247677542872358458e+02
3.188599365227660769e+02 3.250517035190002844e+02
3.178557510250411724e+02 3.253272684192820634e+02
3.168499392645139210e+02 3.255946966105206570e+02
3.158427138005239385e+02 3.258542034392590949e+02
3.148341487945547215e+02 3.261060435675546501e+02
3.138244437140792797e+02 3.263504787874152271e+02
3.128136873803143772e+02 3.265878276006320675e+02
3.118020868612426852e+02 3.268183799711850952e+02
3.107897223082504752e+02 3.270424554585678720e+02
3.097767469252547130e+02 3.272603568205548754e+02
3.087633025047623505e+02 3.274724319145057052e+02
3.077495039522977436e+02 3.276790518781718333e+02
3.067354625406304081e+02 3.278805838491959435e+02
3.057213263122621925e+02 3.280773898516089844e+02
3.047071723253512801e+02 3.282698084894957447e+02
3.036930343853397289e+02 3.284579813514276907e+02
3.026789252763613831e+02 3.286419840567114647e+02
3.016648561043312498e+02 3.288218904319864464e+02
3.006508304600822044e+02 3.289977724927884424e+02
2.996368692933664875e+02 3.291696936154886544e+02
2.986229655296179999e+02 3.293376998871146952e+02
2.976091178666665087e+02 3.295018291862182309e+02
2.965953241848633866e+02 3.296621175303005202e+02
2.955815815373849773e+02 3.298185990686452556e+02
2.945678849560732147e+02 3.299713008337420774e+02
2.935542260418368414e+02 3.301202355870532870e+02
2.925405956104564211e+02 3.302654123890129085e+02
2.915269841133300019e+02 3.304068383810155751e+02
2.905133816160946481e+02 3.305445187006612286e+02
2.894997746246868928e+02 3.306784503072611301e+02
2.884861505628375653e+02 3.308086184041614501e+02
2.874724994385739478e+02 3.309350061678434827e+02
2.864588052676056691e+02 3.310575950781508254e+02
2.854450544955802798e+02 3.311763639769612269e+02
2.844312327298819127e+02 3.312912842216368290e+02
2.834173248374029868e+02 3.314023191232855083e+02
2.824033159989195383e+02 3.315094296716617919e+02
2.813891917731360763e+02 3.316125748444850387e+02
2.803749380635997568e+02 3.317117112785754216e+02
2.793605393234778944e+02 3.318067884550689541e+02
2.783459796566844489e+02 3.318977495157725457e+02
2.773313212677280717e+02 3.319845576018478255e+02
2.763166584789702824e+02 3.320672166140541890e+02
2.753019908873342843e+02 3.321457447552648432e+02
2.742873075136523653e+02 3.322201554748330636e+02
2.732725976208910765e+02 3.322904580495346067e+02
2.722578509457637210e+02 3.323566595774509551e+02
2.712430577047904876e+02 3.324187650182555558e+02
2.702282085609423348e+02 3.324767766774156144e+02
2.692132944884808694e+02 3.325306917544816088e+02
2.681983069830607178e+02 3.325805043176296181e+02
2.671832370923865483e+02 3.326262059437866583e+02
2.661680792845187966e+02 3.326677867934591859e+02
2.651528271665328589e+02 3.327052346022094298e+02
2.641374736809306683e+02 3.327385324660161814e+02
2.631220133811900155e+02 3.327676609009169511e+02
2.621064415303765713e+02 3.327925984062836733e+02
2.610907532018214283e+02 3.328133210721700266e+02
2.600749447519401087e+02 3.328298020611886727e+02
2.590590160885159889e+02 3.328420118316295770e+02
2.580429641581861233e+02 3.328499180276523361e+02
2.570267879925502825e+02 3.328534862674827650e+02
2.560104874449236263e+02 3.328526796102868843e+02
2.549940641152265641e+02 3.328474210566874945e+02
2.539775232620046950e+02 3.328375693760253853e+02
2.529608666823039584e+02 3.328229723268918860e+02
2.519441156241028068e+02 3.328034801461540155e+02
2.509272877473822234e+02 3.327789418756007649e+02
2.499103984535585994e+02 3.327492037131411848e+02
2.488934537333083199e+02 3.327141031090357615e+02
2.478765119041829621e+02 3.326734920297458302e+02
2.468595809803021552e+02 3.326272083684960990e+02
2.458426920491158114e+02 3.325750883523238599e+02
2.448259016456107418e+02 3.325169781490434389e+02
2.438092202735718104e+02 3.324527074040293542e+02
2.427927247153875214e+02 3.323821224412993729e+02
2.417764356766905394e+02 3.323050514902992063e+02
2.407604181210685397e+02 3.322213302252116023e+02
2.397447307274786965e+02 3.321307957202664056e+02
2.387294170020520596e+02 3.320332763386149963e+02
2.377145492090753578e+02 3.319286048601948664e+02
2.367001992094382388e+02 3.318166135446389831e+02
2.356864313037442287e+02 3.316971289534048424e+02
2.346733209406869207e+02 3.315699792863958351e+02
2.336609478874277954e+02 3.314349917570193611e+02
2.326493965037381315e+02 3.312919916279431618e+02
2.316387559015171860e+02 3.311408022051481908e+02
2.306291200578443465e+02 3.309812451587933424e+02
2.296205866756705518e+02 3.308131407722101471e+02
2.286132452134801554e+02 3.306362995112847898e+02
2.276072351366682369e+02 3.304505491578441934e+02
2.266026466321856674e+02 3.302556959168080652e+02
2.255996044571181756e+02 3.300515499458728073e+02
2.245982410028898926e+02 3.298379201373008414e+02
2.235986930874064456e+02 3.296146136636477308e+02
2.226010792411466070e+02 3.293814211362538913e+02
2.216055750517058129e+02 3.291381521267107360e+02
2.206123244910365884e+02 3.288845976281813250e+02
2.196214923117908882e+02 3.286205442399869412e+02
2.186332540689273856e+02 3.283457766105205451e+02
2.176477945336437756e+02 3.280600774409057294e+02
2.166652919373035502e+02 3.277632161525172592e+02
2.156859797880748317e+02 3.274549774481414488e+02
2.147100557941280101e+02 3.271351160396101250e+02
2.137377548769673865e+02 3.268033928180273051e+02
2.127693136367949762e+02 3.264595602480376897e+02
2.118050034179941008e+02 3.261033805882400998e+02
2.108450872244471839e+02 3.257345904245603947e+02
2.098898610323637115e+02 3.253529216472264238e+02
2.089396378876019469e+02 3.249581055036977091e+02
2.079947411465589369e+02 3.245498665310128672e+02
2.070555103696113690e+02 3.241279584614115947e+02
2.061222102285025244e+02 3.236923962088289954e+02
2.051950440049242275e+02 3.232433203738584098e+02
2.042742234116994098e+02 3.227808640297358806e+02
2.033599757020274410e+02 3.223051576569446297e+02
2.024525343316822728e+02 3.218163284515900386e+02
2.015521331372656562e+02 3.213145139834222164e+02
2.006589964161198623e+02 3.207998333985162844e+02
1.997733865559973765e+02 3.202724185449364427e+02
1.988955501014763740e+02 3.197323706691942107e+02
1.980257611347101658e+02 3.191797962339582568e+02
1.971642964281334400e+02 3.186148113711477663e+02
1.963114381402488391e+02 3.180375202276013624e+02
1.954674832243393325e+02 3.174480106148207028e+02
1.946327516258044454e+02 3.168463617571521240e+02
1.938075796980803602e+02 3.162326471155664649e+02
1.929923122249720393e+02 3.156069315392499561e+02
1.921873218832002124e+02 3.149692792210175867e+02
1.913929939460627168e+02 3.143197226125035968e+02
1.906097501785963573e+02 3.136582873575099484e+02
1.898380391689556745e+02 3.129849919656524548e+02
1.890783321220415019e+02 3.122998261210635746e+02
1.883311416671382403e+02 3.116027800028132333e+02
1.875970100257173385e+02 3.108938193791845492e+02
1.868765218674052733e+02 3.101728910533565227e+02
1.861703061270188755e+02 3.094399383746016952e+02
1.854790356076773890e+02 3.086948756580811732e+02
1.848034307806036907e+02 3.079376171540086489e+02
1.841442644788574228e+02 3.071680508639572622e+02
1.835023575162502141e+02 3.063860749997505195e+02
1.828785889822900117e+02 3.055915652828205111e+02
1.822738883610527978e+02 3.047844057542047835e+02
1.816892412006444886e+02 3.039644739391989106e+02
1.811256793919046686e+02 3.031316608688727570e+02
1.805842845307124946e+02 3.022858660890979081e+02
1.800661759115949394e+02 3.014270103446411895e+02
1.795725047841750381e+02 3.005550388637815331e+02
1.791044342073211624e+02 2.996699333861212153e+02
1.786631430413183921e+02 2.987717101125523982e+02
1.782497936880726854e+02 2.978604345658967532e+02
1.778655107893230252e+02 2.969362286189550559e+02
1.775113869546530623e+02 2.959992667460049347e+02
1.771884091363534708e+02 2.950497993091711919e+02
1.768974799840426897e+02 2.940881400259751786e+02
