1.744314157019618392e+02 2.935779332833603803e+02
1.741571892731902551e+02 2.924986601826149126e+02
1.739220423392007717e+02 2.914065495152044036e+02
1.737262836936886004e+02 2.903037603820000641e+02
1.735698700873121538e+02 2.891920586724243663e+02
1.734525031705912284e+02 2.880732822401551516e+02
1.733736860541511078e+02 2.869491553648530839e+02
1.733327313414454807e+02 2.858214279621359992e+02
1.733288115478209761e+02 2.846917253445003553e+02
1.733609981095292198e+02 2.835615698696520326e+02
1.734282944549190404e+02 2.824323769171369918e+02
1.735296463981265731e+02 2.813054701510558289e+02
1.736640013940661618e+02 2.801819916448812364e+02
1.738302540323267351e+02 2.790631190939134854e+02
1.740273748811014514e+02 2.779497909821926100e+02
1.742543401560340897e+02 2.768429431847951605e+02
1.745101370714980362e+02 2.757433815101177856e+02
1.747937489253357057e+02 2.746518225388802534e+02
1.751041667058256621e+02 2.735689867119991163e+02
1.754405282222921016e+02 2.724953882435331138e+02
1.758019590147970064e+02 2.714316260011736404e+02
1.761875561235505927e+02 2.703782119006496600e+02
1.765964980169071907e+02 2.693354626866507147e+02
1.770279121105587308e+02 2.683038275373647821e+02
1.774810897895715698e+02 2.672835674509450428e+02
1.779552477815695966e+02 2.662750822334429586e+02
1.784496968902659262e+02 2.652785224998941089e+02
1.789636757798739666e+02 2.642941002151557655e+02
1.794964669855165198e+02 2.633220022461623557e+02
1.800474473479347068e+02 2.623623421445334429e+02
1.806159822470929441e+02 2.614152699170477376e+02
1.812014485899987903e+02 2.604808357411997122e+02
1.818032055121088888e+02 2.595590972863765273e+02
1.824206792843016274e+02 2.586500685516538738e+02
1.830533081449891029e+02 2.577537812217408373e+02
1.837005921219776212e+02 2.568702186304232669e+02
1.843619651986747385e+02 2.559993983069613819e+02
1.850369641117851245e+02 2.551412441566997984e+02
1.857250867381643786e+02 2.542957435601794600e+02
1.864258780083034139e+02 2.534628546088973735e+02
1.871389320708053106e+02 2.526425137250971886e+02
1.878638571380242297e+02 2.518346720719920881e+02
1.886002339302198720e+02 2.510393187183784960e+02
1.893477338863061163e+02 2.502563786238814885e+02
1.901060052574829342e+02 2.494858161542295818e+02
1.908746968857093691e+02 2.487276318691522761e+02
1.916536165981449642e+02 2.479817671547619682e+02
1.924424185827702729e+02 2.472483043335878108e+02
1.932409114493999880e+02 2.465272103473382970e+02
1.940488520700662605e+02 2.458185069111087842e+02
1.948659505797173779e+02 2.451221503676142959e+02
1.956918588819341380e+02 2.444380124024279155e+02
1.965262379538521600e+02 2.437659566091371914e+02
1.973687648798931775e+02 2.431058421777786123e+02
1.982191939222008727e+02 2.424574923811177598e+02
1.990771555344835519e+02 2.418208860706242262e+02
1.999425285577164288e+02 2.411958987086908053e+02
2.008150449103611095e+02 2.405825177528967060e+02
2.016945017750250315e+02 2.399806882413857352e+02
2.025807130723048886e+02 2.393903565573944547e+02
2.034735034717519113e+02 2.388115113116128043e+02
2.043727143290319930e+02 2.382441604302818519e+02
2.052781908378452727e+02 2.376883142201536145e+02
2.061897815600277681e+02 2.371439851359205591e+02
2.071073867454759068e+02 2.366111673289443047e+02
2.080307916084842077e+02 2.360899384973057806e+02
2.089599236639068067e+02 2.355803049600403938e+02
2.098946517809848729e+02 2.350823147918658833e+02
2.108348338678293317e+02 2.345960230226487795e+02
2.117803379238276023e+02 2.341214769983243116e+02
2.127310887532208312e+02 2.336586898421431897e+02
2.136868755138339395e+02 2.332077400045498905e+02
2.146476083764726752e+02 2.327686444293678392e+02
2.156131556294851634e+02 2.323414474498007962e+02
2.165833786858518692e+02 2.319261819222597012e+02
2.175581194100658990e+02 2.315228450331295562e+02
2.185372177808387448e+02 2.311314284498670588e+02
2.195205153610112916e+02 2.307519247004153442e+02
2.205078549783234507e+02 2.303843268815416536e+02
2.214990646156733760e+02 2.300285971170976040e+02
2.224939444857456294e+02 2.296846379913762064e+02
2.234922951623764504e+02 2.293523450326324564e+02
2.244939417999711679e+02 2.290316076436715207e+02
2.254986674738753436e+02 2.287223300605446639e+02
2.265062499636294149e+02 2.284243536600094728e+02
2.275164854925837687e+02 2.281374386087957475e+02
2.285291132683081798e+02 2.278613614337078559e+02
2.295438971872357286e+02 2.275958863139019854e+02
2.305606570054972906e+02 2.273407609090893118e+02
2.315790855815356508e+02 2.270956997020639676e+02
2.325989986564760841e+02 2.268603198701961787e+02
2.336200788873049419e+02 2.266342749183207275e+02
2.346421449678763622e+02 2.264171790709563652e+02
2.356649325843691827e+02 2.262086664313299877e+02
2.366882099332641758e+02 2.260083037891045024e+02
2.377117674137182064e+02 2.258156252828073605e+02
2.387353343181537753e+02 2.256301741557431342e+02
2.397587262041974157e+02 2.254514724792974789e+02
2.407817613389028963e+02 2.252790686591572751e+02
2.418042691553890791e+02 2.251126364532881894e+02
2.428261552186832262e+02 2.249518896083606023e+02
2.438473224038276044e+02 2.247965484290228346e+02
2.448676664131229188e+02 2.246463341946406445e+02
2.458870947530107571e+02 2.245009710679539410e+02
2.469055445833842271e+02 2.243602134564274309e+02
2.479229560547763640e+02 2.242238264419152642e+02
2.489392825111135892e+02 2.240915773960894342e+02
2.499544668196365080e+02 2.239632317094777818e+02
2.509684768454846733e+02 2.238385646077020397e+02
2.519812933895287870e+02 2.237173863794350552e+02
2.529929035835922946e+02 2.235995143476121996e+02
2.540033005640043768e+02 2.234847667443839612e+02
2.550124849259961479e+02 2.233729641277205928e+02
2.560204644267316212e+02 2.232639418936947209e+02
2.570272581196190345e+02 2.231575619505887005e+02
2.580328938736522559e+02 2.230536922768208967e+02
2.590374034710270621e+02 2.229522027557405011e+02
2.600408240996225118e+02 2.228529652504413718e+02
2.610432006501998217e+02 2.227558656330322151e+02
2.620445860332451389e+02 2.226608078858322983e+02
2.630450381245760241e+02 2.225676991993549052e+02
2.640446196696345282e+02 2.224764510672813174e+02
2.650433984765538185e+02 2.223869741910143603e+02
2.660414481724215534e+02 2.222991880315723563e+02
2.670388484009756098e+02 2.222130181787853758e+02
2.680356964223526006e+02 2.221283312266766643e+02
2.690320967683847471e+02 2.220449362105566422e+02
2.700281423131010570e+02 2.219626449756058548e+02
2.710239278340325768e+02 2.218812716227971578e+02
2.720195508667023319e+02 2.218006329448696476e+02
2.730151114028670918e+02 2.217205503840309575e+02
2.740107125770876451e+02 2.216408490870223886e+02
2.750064614077408010e+02 2.215613538450861029e+02
2.760024652309940620e+02 2.214818909166377523e+02
2.769988350136435429e+02 2.214022882355174318e+02
2.779956845765592561e+02 2.213223774060504354e+02
2.789931305747519446e+02 2.212419937329189850e+02
2.799912925037650098e+02 2.211609769885691321e+02
2.809902922085162800e+02 2.210791774329967438e+02
2.819902559094545609e+02 2.209964442178613240e+02
2.829913107770663601e+02 2.209126320250066158e+02
2.839935870672630358e+02 2.208276001395796584e+02
2.849972177514795817e+02 2.207412219334360941e+02
2.860023381261889313e+02 2.206534067493756481e+02
2.870090850231999866e+02 2.205640736172182983e+02
2.880175941633341381e+02 2.204731399904756017e+02
2.890280055767341310e+02 2.203805323709029835e+02
2.900404513475950239e+02 2.202863804117745588e+02
2.910550406672949180e+02 2.201912137346102725e+02
2.920718523511303601e+02 2.200956004998975573e+02
2.930909612408436828e+02 2.200001176047904607e+02
2.941124303475909301e+02 2.199053524124578303e+02
2.951362796867649081e+02 2.198119196580750270e+02
2.961625259656760818e+02 2.197204929168766512e+02
2.971911816068740109e+02 2.196317627331147833e+02
2.982221894872787402e+02 2.195463979892928421e+02
2.992555367891720266e+02 2.194650903704798282e+02
3.002911439056935592e+02 2.193885297140857631e+02
3.013289372714325509e+02 2.193174225033249058e+02
3.023688149793888442e+02 2.192524737229513221e+02
3.034106606927468306e+02 2.191943893130819845e+02
3.044543288183298841e+02 2.191438654676472879e+02
3.054997000074031348e+02 2.191015596402613426e+02
3.065465763770806689e+02 2.190680727712621092e+02
3.075948229243322771e+02 2.190440275548259592e+02
3.086442400759971747e+02 2.190300347876564615e+02
3.096946108117825247e+02 2.190266829644832285e+02
3.107457569450085657e+02 2.190344546806299206e+02
3.117974859498235105e+02 2.190537804624974569e+02
3.128495929769377426e+02 2.190850901094903520e+02
3.139018405280481829e+02 2.191288037161098146e+02
3.149540197870288125e+02 2.191853209012603543e+02
3.160059292108649629e+02 2.192549013463705592e+02
3.170573699889744717e+02 2.193377650279268778e+02
3.181081375840875012e+02 2.194341319786868496e+02
3.191580293770521735e+02 2.195442256888222516e+02
3.202068411071446121e+02 2.196682331027971600e+02
3.212543669005184483e+02 2.198062207174920957e+02
3.223004397411019113e+02 2.199582465935079654e+02
3.233449125676761469e+02 2.201243826538691621e+02
3.243875581076198955e+02 2.203046724575724511e+02
3.254282211418068300e+02 2.204991537317201278e+02
3.264667498061590436e+02 2.207078043532906406e+02
3.275029852282757474e+02 2.209305944530223371e+02
3.285367486445045984e+02 2.211674866863737066e+02
3.295679236058764445e+02 2.214184732325997516e+02
3.305963462879890926e+02 2.216835221439389727e+02
3.316218435435218908e+02 2.219625823351050258e+02
3.326442869187698648e+02 2.222556240806604535e+02
3.336635250855738377e+02 2.225626137789619463e+02
3.346794110078482163e+02 2.228835252009707801e+02
3.356918098774264081e+02 2.232183610210400673e+02
3.367005015210363581e+02 2.235671018301891877e+02
3.377053607397466521e+02 2.239297777986932374e+02
3.387062357592593003e+02 2.243064186418082215e+02
3.397029139626723122e+02 2.246970170118447641e+02
3.406952905708531034e+02 2.251014846766050539e+02
3.416832978757514070e+02 2.255196709700609290e+02
3.426668426466538335e+02 2.259514196621998110e+02
3.436458297411446665e+02 2.263965802512450978e+02
3.446201911893907095e+02 2.268550376154524315e+02
3.455897879311742713e+02 2.273267241376764218e+02
3.465545018941399462e+02 2.278116294111311220e+02
3.475142480197357600e+02 2.283097820290716413e+02
3.484688142247863425e+02 2.288211459739565043e+02
3.494180968666277067e+02 2.293457700629847125e+02
3.503619346196931588e+02 2.298837249369622668e+02
3.513001399951216968e+02 2.304350929812533764e+02
3.522325160213474078e+02 2.309999676404993068e+02
3.531588971861786490e+02 2.315784874951401946e+02
3.540790346638487449e+02 2.321707598820682961e+02
3.549927537974333518e+02 2.327769830179831843e+02
3.558997513172017761e+02 2.333972914774330150e+02
3.567997978028433863e+02 2.340319005659536344e+02
3.576926457866733813e+02 2.346810536214215119e+02
3.585779293057496488e+02 2.353449278872449213e+02
3.594554100234984162e+02 2.360238343654931441e+02
3.603246875306768970e+02 2.367179950756404310e+02
3.611854236704253935e+02 2.374277272753574266e+02
3.620372396295150565e+02 2.381533728418778253e+02
3.628796631571536295e+02 2.388952280654298477e+02
3.637122999335591089e+02 2.396537064896423317e+02
3.645345925221457719e+02 2.404291329928984169e+02
3.653460744441529187e+02 2.412220031524129240e+02
3.661460499308305430e+02 2.420326560802510869e+02
3.669339774297058057e+02 2.428616645146948940e+02
3.677091248743746519e+02 2.437094862196698273e+02
3.684706904476142881e+02 2.445765964334827629e+02
3.692178802904229542e+02 2.454636119105985586e+02
3.699497148573790355e+02 2.463710599585739942e+02
3.706651971062079838e+02 2.472995699838025416e+02
3.713631779512712683e+02 2.482497173996071069e+02
3.720424330682307072e+02 2.492221573688031810e+02
3.727015605688936830e+02 2.502174826821503189e+02
3.733390031470435133e+02 2.512362318793479403e+02
3.739531356803077529e+02 2.522790572439355401e+02
3.745420778635065631e+02 2.533463930876121708e+02
3.751038335950775036e+02 2.544386849874977656e+02
3.756361991683400561e+02 2.555561858259690382e+02
3.761368158891401663e+02 2.566990138327929571e+02
3.766031764893135119e+02 2.578671845075508600e+02
3.770325504931648766e+02 2.590601981396349629e+02
3.774221941793420569e+02 2.602774717435781895e+02
3.777692831221710890e+02 2.615180039391889864e+02
3.780709049873711365e+02 2.627802669416346930e+02
3.783240074711510488e+02 2.640625592255170773e+02
3.785256261831470965e+02 2.653623843643293867e+02
3.786731351930636720e+02 2.666767626412261620e+02
3.787646947475650450e+02 2.679984315773102139e+02
3.788002141407828844e+02 2.693197074980408274e+02
3.787807127494825181e+02 2.706366860843685345e+02
3.787077219677350968e+02 2.719459129891986322e+02
3.785831765063693979e+02 2.732443158955539957e+02
3.784093038615105797e+02 2.745292679937039679e+02
3.781885817108733363e+02 2.757984320966562564e+02
3.779235996188307922e+02 2.770500098816679042e+02
3.776169809177440584e+02 2.782825967936482812e+02
3.772713518721018318e+02 2.794950738830950741e+02
3.768892315196412710e+02 2.806867337089641978e+02
3.764730628861175319e+02 2.818570877061391116e+02
3.760252257965207718e+02 2.830057939076775710e+02
3.755478270502404712e+02 2.841329410740554522e+02
3.750429236956812815e+02 2.852385350501675134e+02
3.745123863831841504e+02 2.863227759061113034e+02
3.739579214454366820e+02 2.873860048329334518e+02
3.733811460772606665e+02 2.884285600268959797e+02
3.727834971360343275e+02 2.894508848316329477e+02
3.721663252810103018e+02 2.904533856278789017e+02
3.715308309639349886e+02 2.914365329111719802e+02
3.708781111187568058e+02 2.924008228079220544e+02
3.702092305398132339e+02 2.933466841203372724e+02
3.695250920202460065e+02 2.942746231684725444e+02
3.688265851743470876e+02 2.951850518372123702e+02
3.681144068827296678e+02 2.960784934402806243e+02
3.673893809385449458e+02 2.969552704548829070e+02
3.666521256927237005e+02 2.978158544058226767e+02
3.659032085634672171e+02 2.986606747567992670e+02
3.651432827707770343e+02 2.994900167326745759e+02
3.643727780962588554e+02 3.003043177554888530e+02
3.635921947712966471e+02 3.011038878889141301e+02
3.628019966067858491e+02 3.018890260739927953e+02
3.620025798634055718e+02 3.026600434308982130e+02
3.611943078160763321e+02 3.034172310110419630e+02
3.603775146335865429e+02 3.041608544785317463e+02
3.595525453544931338e+02 3.048911240808802745e+02
3.587196688464350700e+02 3.056082751525042340e+02
3.578792077512007381e+02 3.063124736695310730e+02
3.570313201139453554e+02 3.070039737770448482e+02
3.561763320199612508e+02 3.076828584464362280e+02
3.553143849622619541e+02 3.083492903071041269e+02
3.544456733569036260e+02 3.090033644002101028e+02
3.535703804062400195e+02 3.096451654213161646e+02
3.526886302993459594e+02 3.102747983551521997e+02
3.518006801496154594e+02 3.108923458998227716e+02
3.509066845291313825e+02 3.114980217531202698e+02
3.500069215489823478e+02 3.120919505899714181e+02
3.491015559987827714e+02 3.126743153759270513e+02
3.481907883568806596e+02 3.132452594263050401e+02
3.472747982090407390e+02 3.138049030488216431e+02
3.463537488693032174e+02 3.143533482312242313e+02
3.454277390831937851e+02 3.148907178352931169e+02
3.444970043137855100e+02 3.154170534271981410e+02
3.435615872572153648e+02 3.159324898303380564e+02
3.426216967505669686e+02 3.164370516352568075e+02
3.416774041012807288e+02 3.169308241577080025e+02
3.407288248633067269e+02 3.174138575378663063e+02
3.397760907940715924e+02 3.178861885680768182e+02
3.388193035894956324e+02 3.183478640581462287e+02
3.378585701002116366e+02 3.187989261357756163e+02
3.368940119212027184e+02 3.192394069378469226e+02
3.359257325063888970e+02 3.196693426019658659e+02
3.349537997950014869e+02 3.200887765679617019e+02
3.339783567293428632e+02 3.204977223434345888e+02
3.329994952287315755e+02 3.208962384187092880e+02
3.320173441945774471e+02 3.212843685485948981e+02
3.310319656284690950e+02 3.216621772174330545e+02
3.300435327966778232e+02 3.220296820374911135e+02
3.290521196788235443e+02 3.223869586857332479e+02
3.280578555633015867e+02 3.227340993290799247e+02
3.270608688746164034e+02 3.230711998236994305e+02
3.260612848243991948e+02 3.233983544651583770e+02
3.250592258023424392e+02 3.237156565332128935e+02
3.240548247271293008e+02 3.240232295273206660e+02
3.230482314535007617e+02 3.243212451163516334e+02
3.220395928857954573e+02 3.246098785859971940e+02
3.210290512802535545e+02 3.248893046043339723e+02
3.200167219331176511e+02 3.251597038891300144e+02
3.190027825852753836e+02 3.254212870886894393e+02
3.179874081390662468e+02 3.256743219396913105e+02
3.169707006044195055e+02 3.259190932645507246e+02
3.159528874873718678e+02 3.261558507354049539e+02
3.149340490691005243e+02 3.263848873375502535e+02
3.139144007518406170e+02 3.266065104347489978e+02
3.128940425635426550e+02 3.268210937512699275e+02
3.118731982678552868e+02 3.270289806448452055e+02
3.108519577385173989e+02 3.272305463853518290e+02
3.098304867008566248e+02 3.274261486333523408e+02
3.088089380531338293e+02 3.276161927179199438e+02
3.077874361551854463e+02 3.278011087652259334e+02
3.067661009845289755e+02 3.279813230141061240e+02
3.057450891581065093e+02 3.281572565084516100e+02
3.047244834165115321e+02 3.283293064462645816e+02
3.037043209416381160e+02 3.284976672000461804e+02
3.026846162804162645e+02 3.286624653519092476e+02
3.016653812691404823e+02 3.288238258226211315e+02
3.006466192085618445e+02 3.289818718374472155e+02
2.996283484960606529e+02 3.291367137424114730e+02
2.986105546538736348e+02 3.292884291428425172e+02
2.975932275162122664e+02 3.294370839666201505e+02
2.965763555467308379e+02 3.295827422297406883e+02
2.955599258077706395e+02 3.297254660086811668e+02
2.945439216981092159e+02 3.298653055390269060e+02
2.935283202849016675e+02 3.300022857251664732e+02
2.925130972764348485e+02 3.301364260454786859e+02
2.914982278026961353e+02 3.302677439015078562e+02
2.904836863654820718e+02 3.303962544640826309e+02
2.894694429050040299e+02 3.305219600819316383e+02
2.884554666608276534e+02 3.306448440773531274e+02
2.874417291903901059e+02 3.307648869255788213e+02
2.864281964221592602e+02 3.308820671250558121e+02
2.854148365733196897e+02 3.309963602181715032e+02
2.844016164579728070e+02 3.311077305066629606e+02
2.833885016345777217e+02 3.312161301296725355e+02
2.823754581238098353e+02 3.313215084641476551e+02
2.813624525002177279e+02 3.314238126341522275e+02
2.803494518295785269e+02 3.315229870129921323e+02
2.793364216669927487e+02 3.316189660718598589e+02
2.783233272472734257e+02 3.317116758028691379e+02
2.773102063845091152e+02 3.318010625698197487e+02
2.762971273342060385e+02 3.318871133075863327e+02
2.752840717076553005e+02 3.319698278207966382e+02
2.742710118421557581e+02 3.320491991730564223e+02
2.732579209008754901e+02 3.321252151653531541e+02
2.722447731852690822e+02 3.321978611831195281e+02
2.712315441264262290e+02 3.322671202573662299e+02
2.702182102231453200e+02 3.323329723670030376e+02
2.692047488418195371e+02 3.323953911032280644e+02
2.681911384873099564e+02 3.324543463654421203e+02
2.671773579057656320e+02 3.325098053885047307e+02
2.661633897316635853e+02 3.325617338399024447e+02
2.651492164333835717e+02 3.326100945829021498e+02
2.641348204431425870e+02 3.326548448800741653e+02
2.631201863599428066e+02 3.326959390992777799e+02
2.621053000955406560e+02 3.327333294710016389e+02
2.610901479830932317e+02 3.327669657034789452e+02
2.600747181885184887e+02 3.327967941796542277e+02
2.590590029748144616e+02 3.328227577691839656e+02
2.580429923027705854e+02 3.328447963340053093e+02
2.570266787732125522e+02 3.328628476310190649e+02
2.560100563811298571e+02 3.328768468665622891e+02
2.549931212979042527e+02 3.328866947340374054e+02
2.539758734958349180e+02 3.328922368120757369e+02
2.529583094272885830e+02 3.328933084448144086e+02
2.519404455586293352e+02 3.328897474018465914e+02
2.509222948506369448e+02 3.328813902116782515e+02
2.499038678892187590e+02 3.328680709793206915e+02
2.488851651053066689e+02 3.328496154994600715e+02
2.478662420017501802e+02 3.328258641994379445e+02
2.468471009863791323e+02 3.327966431936885101e+02
2.458277685206229251e+02 3.327617769781930974e+02
2.448082982498069953e+02 3.327211012300216453e+02
2.437886938788605846e+02 3.326744356135540102e+02
2.427690305494877521e+02 3.326216168597291585e+02
2.417493221679918634e+02 3.325624630424283623e+02
2.407296304751678520e+02 3.324968001712173873e+02
2.397100099077840412e+02 3.324244577041860111e+02
2.386904973352978345e+02 3.323452571924821655e+02
2.376711609435442369e+02 3.322590247995121899e+02
2.366520680636441512e+02 3.321655860184184235e+02
2.356332767750273547e+02 3.320647608660215724e+02
2.346148564935394347e+02 3.319563741639119030e+02
2.335968805297430890e+02 3.318402507240229511e+02
2.325794265034396062e+02 3.317162132196484663e+02
2.315625764920327470e+02 3.315840821644098355e+02
2.305464169545508071e+02 3.314436772090670615e+02
2.295310368343569394e+02 3.312948200662581826e+02
2.285165136772322114e+02 3.311373227387832685e+02
2.275029824285889504e+02 3.309710157473479057e+02
2.264905185452875003e+02 3.307957058547795555e+02
2.254792359971331450e+02 3.306112058629273633e+02
2.244692552746197407e+02 3.304173308114071688e+02
2.234607001175199912e+02 3.302138941091129709e+02
2.224536695487904581e+02 3.300006907905400340e+02
2.214483293916561024e+02 3.297775367866065039e+02
2.204448041044468312e+02 3.295442287258645138e+02
2.194432394077751098e+02 3.293005617462081318e+02
2.184437910515226804e+02 3.290463286969088017e+02
2.174466228469681823e+02 3.287813196910154829e+02
2.164518861925066915e+02 3.285053094142844543e+02
2.154597977369809030e+02 3.282180916106682389e+02
2.144705234193630758e+02 3.279194269056732765e+02
2.134842712939343699e+02 3.276090828626885241e+02
2.125012460388478814e+02 3.272868162632710778e+02
2.115216920287389826e+02 3.269523944209604451e+02
2.105458351517585811e+02 3.266055548616945998e+02
2.095739365419630076e+02 3.262460301491801147e+02
2.086062725060222078e+02 3.258735504133080667e+02
2.076431243485606331e+02 3.254878358697063732e+02
2.066847912380327443e+02 3.250886303498801340e+02
2.057315138727784074e+02 3.246758991544731998e+02
2.047834730024377450e+02 3.242497077192966231e+02
2.038408580372277754e+02 3.238101117921989953e+02
2.029038776007047602e+02 3.233571639515930656e+02
2.019727475474292362e+02 3.228909098443070320e+02
2.010476889562608562e+02 3.224113937818829640e+02
2.001289050150382423e+02 3.219186308482530876e+02
1.992166550016899862e+02 3.214126542116259202e+02
1.983111656893979386e+02 3.208934553696629450e+02
1.974127034387680908e+02 3.203610318584563288e+02
1.965215412853633552e+02 3.198153838092456454e+02
1.956379549190654643e+02 3.192564924396223205e+02
1.947622339996725600e+02 3.186843173169980332e+02
1.938946977548106929e+02 3.180988077521687387e+02
1.930356853541372857e+02 3.174999047118428166e+02
1.921855392427909237e+02 3.168875337442376008e+02
1.913446444488665747e+02 3.162616221991353314e+02
1.905133834207625227e+02 3.156220481161777798e+02
1.896921916951993126e+02 3.149686844157026826e+02
1.888815396101679198e+02 3.143013983529729103e+02
1.880819018174267399e+02 3.136200138710137253e+02
1.872938226732379974e+02 3.129243645992697793e+02
1.865178687513441673e+02 3.122142408293236713e+02
1.857546561508711136e+02 3.114894036780998476e+02
1.850048715335897782e+02 3.107496238304992175e+02
1.842692298919556606e+02 3.099946207040890727e+02
1.835485302086901811e+02 3.092241255281214762e+02
1.828436125301102777e+02 3.084378087535718578e+02
1.821554231214691413e+02 3.076353828158644887e+02
1.814849536353032704e+02 3.068165045262974786e+02
1.808333005024603608e+02 3.059808742657402263e+02
1.802016205588967637e+02 3.051281597558755152e+02
1.795911714346273129e+02 3.042580744274981726e+02
1.790032867812597317e+02 3.033703391761347348e+02
1.784394020204548212e+02 3.024647340424273807e+02
1.779010289372906755e+02 3.015410915962277159e+02
1.773897455420712106e+02 3.005993485918450006e+02
1.769071697241929542e+02 2.996395087508719257e+02
1.764549576758932972e+02 2.986617349385146554e+02
1.760347565207743514e+02 2.976663451613960660e+02
1.756481755206029050e+02 2.966537629543488492e+02
1.752967538417522348e+02 2.956246999518686494e+02
1.749818901616596065e+02 2.945799587026430686e+02
