1.776842378204620161e+02 2.928954494553954646e+02
1.774253314613259249e+02 2.919648150875457873e+02
1.771927357987723894e+02 2.910201210375950041e+02
1.769869607170535915e+02 2.900612504047841753e+02
1.768084695245431419e+02 2.890884938990707838e+02
1.766576072062133278e+02 2.881023464350203653e+02
1.765346226957664157e+02 2.871034994510433762e+02
1.764396359085455117e+02 2.860927872700213470e+02
1.763726547688750657e+02 2.850711667007431060e+02
1.763335839610711275e+02 2.840396779335416113e+02
1.763222372658548238e+02 2.829994150566103031e+02
1.763384248862107881e+02 2.819515230613415611e+02
1.763820520339947677e+02 2.808971886498762842e+02
1.764529491971838127e+02 2.798376532613866630e+02
1.765509278296366915e+02 2.787741268002013157e+02
1.766757545931728544e+02 2.777078360928872485e+02
1.768271952797095423e+02 2.766399869374324680e+02
1.770050218259016219e+02 2.755717749627311264e+02
1.772089706851808444e+02 2.745044103576163366e+02
1.774388324406374977e+02 2.734390107958506633e+02
1.776943595640152864e+02 2.723767363407666835e+02
1.779752191658390643e+02 2.713186823415725257e+02
1.782810839279526078e+02 2.702658086992267954e+02
1.786115708156225139e+02 2.692191474902932669e+02
1.789663924609249648e+02 2.681796059612549925e+02
1.793451789823976696e+02 2.671481693330964049e+02
1.797475056138819127e+02 2.661255725689696305e+02
1.801728251314378610e+02 2.651125355798261012e+02
1.806206149762238624e+02 2.641097447253698647e+02
1.810904216979256205e+02 2.631178167753151911e+02
1.815817584225061410e+02 2.621373685632673869e+02
1.820940225952557228e+02 2.611688313290035808e+02
1.826265517690722788e+02 2.602125869360933166e+02
1.831787430452284013e+02 2.592689628917851223e+02
1.837500067549776759e+02 2.583382847655171304e+02
1.843397897697584540e+02 2.574208046793005451e+02
1.849474019019802427e+02 2.565167172921049428e+02
1.855722299546373222e+02 2.556260999858972411e+02
1.862136332141996888e+02 2.547490698027553435e+02
1.868710194599996441e+02 2.538857034448408854e+02
1.875438361744493818e+02 2.530360332702663868e+02
1.882315188815369424e+02 2.522000608644998181e+02
1.889334790972986013e+02 2.513778048416739637e+02
1.896492201885434952e+02 2.505692128299969852e+02
1.903782309040029190e+02 2.497742582627988668e+02
1.911200056621806880e+02 2.489929382762521186e+02
1.918741951655921127e+02 2.482251835401144433e+02
1.926403090903179134e+02 2.474710499323970225e+02
1.934180105653506985e+02 2.467304758383777141e+02
1.942069184122458978e+02 2.460034443146362264e+02
1.950065966862431708e+02 2.452898511956724974e+02
1.958165405665900209e+02 2.445894818011890948e+02
1.966362591338515244e+02 2.439021054684702108e+02
1.974652832389597279e+02 2.432274809345185815e+02
1.983032269037001072e+02 2.425653277578921632e+02
1.991496136087246214e+02 2.419155457466831365e+02
2.000042370366035414e+02 2.412779581748048088e+02
2.008667503225357791e+02 2.406524960417487478e+02
2.017368739088783229e+02 2.400390456855829768e+02
2.026143493352925589e+02 2.394374939494554440e+02
2.034989464369888026e+02 2.388477878878943272e+02
2.043904623636007898e+02 2.382699043045986116e+02
2.052886998671407923e+02 2.377038209755025377e+02
2.061934666851147142e+02 2.371495163447488324e+02
2.071046254899191581e+02 2.366069516206758010e+02
2.080219359276588875e+02 2.360761866228990584e+02
2.089453051126904484e+02 2.355572154984956512e+02
2.098745822960599696e+02 2.350500734501143825e+02
2.108096063962006781e+02 2.345548020364681179e+02
2.117502288227811391e+02 2.340714373004218203e+02
2.126963660247817529e+02 2.335999921328890991e+02
2.136477997600370600e+02 2.331405483224342845e+02
2.146044340150941423e+02 2.326931252838658111e+02
2.155661306789956768e+02 2.322577698251085110e+02
2.165327464021557375e+02 2.318345197887514644e+02
2.175041224727698648e+02 2.314233848133906690e+02
2.184800988247498879e+02 2.310243703217393545e+02
2.194605167571097013e+02 2.306374825987141435e+02
2.204452186136931005e+02 2.302627285105733392e+02
2.214340321536829492e+02 2.299000849263591419e+02
2.224267580092835033e+02 2.295494710234148101e+02
2.234231969483353168e+02 2.292107991718046662e+02
2.244231745648313279e+02 2.288839753857167523e+02
2.254264727562127746e+02 2.285689210721512836e+02
2.264328665955198971e+02 2.282654912719095819e+02
2.274421488134020137e+02 2.279734548246302381e+02
2.284540528512158915e+02 2.276925975185816640e+02
2.294683372332322335e+02 2.274226924735819750e+02
2.304848179437002500e+02 2.271634949135055308e+02
2.315031759183459599e+02 2.269147197415657331e+02
2.325232174854556604e+02 2.266759740189496029e+02
2.335446098995633974e+02 2.264469032071532979e+02
2.345671625444464325e+02 2.262271108652697365e+02
2.355905972760806719e+02 2.260162207807878190e+02
2.366146659393234586e+02 2.258137754052827688e+02
2.376391416675206756e+02 2.256192757557785455e+02
2.386637331059392864e+02 2.254322330062188939e+02
2.396882405406133500e+02 2.252521350877375426e+02
2.407124683856808076e+02 2.250785001452560437e+02
2.417362389611182323e+02 2.249109989106525802e+02
2.427594580290138992e+02 2.247493517744347571e+02
2.437820277839083758e+02 2.245932860058071014e+02
2.448038417865880660e+02 2.244425302816102885e+02
2.458248052244970268e+02 2.242968160793871562e+02
2.468448538343788528e+02 2.241559044841312698e+02
2.478639254791269479e+02 2.240195673897231075e+02
2.488819717589267100e+02 2.238875787713969885e+02
2.498989313929517380e+02 2.237597112450119994e+02
2.509147696565534034e+02 2.236357464221787836e+02
2.519294640134725398e+02 2.235155002022952431e+02
2.529429978338440890e+02 2.233987953976190681e+02
2.539553602786292004e+02 2.232854557086156717e+02
2.549665480417004062e+02 2.231753070697416774e+02
2.559765642760498565e+02 2.230681904842706444e+02
2.569854229947459316e+02 2.229639737470755847e+02
2.579931476542112136e+02 2.228625305212587193e+02
2.589997649697704105e+02 2.227637364269798752e+02
2.600053068035208526e+02 2.226674690379258834e+02
2.610098125957542834e+02 2.225736206759858078e+02
2.620133296880105718e+02 2.224821027653332521e+02
2.630159100571290196e+02 2.223928299557940420e+02
2.640176105538228057e+02 2.223057210823530454e+02
2.650184918098443063e+02 2.222206943532806349e+02
2.660186207982241058e+02 2.221376781845499693e+02
2.670180699318395909e+02 2.220566085856748373e+02
2.680169200494811435e+02 2.219773636143656006e+02
2.690152600725177763e+02 2.218997632164492302e+02
2.700131763893476204e+02 2.218236289373142540e+02
2.710107576830021685e+02 2.217487865890609271e+02
2.720080952081447663e+02 2.216750659517310567e+02
2.730052824480633831e+02 2.216023013983804901e+02
2.740024155492267255e+02 2.215303309472270143e+02
2.749995938556691044e+02 2.214589924046575220e+02
2.759969173719701416e+02 2.213881263029095976e+02
2.769944891185207325e+02 2.213175753751582704e+02
2.779924145580753816e+02 2.212471859335581712e+02
2.789908015768066321e+02 2.211768078898614363e+02
2.799897604803423974e+02 2.211062951210028302e+02
2.809894036365031411e+02 2.210355100901916785e+02
2.819898469895646826e+02 2.209643135364506179e+02
2.829912075219195344e+02 2.208925715887787931e+02
2.839936048859591438e+02 2.208201548460119170e+02
2.849971611107044964e+02 2.207469448765431252e+02
2.860020004196524042e+02 2.206728502537745555e+02
2.870082485732234545e+02 2.205977874663383602e+02
2.880160305262747329e+02 2.205216712896056777e+02
2.890254753385275990e+02 2.204444254414678142e+02
2.900367038814904959e+02 2.203661820097728139e+02
2.910498131163933522e+02 2.202874835134398097e+02
2.920648703905077923e+02 2.202089121583676103e+02
2.930819372504404328e+02 2.201310586372988496e+02
2.941010623783914184e+02 2.200545235294050599e+02
2.951222546901356054e+02 2.199799206489383607e+02
2.961455194651403531e+02 2.199079032137046283e+02
2.971708566311205004e+02 2.198391397438810202e+02
2.981982025978151682e+02 2.197742774990638281e+02
2.992275318531387143e+02 2.197139850984058569e+02
3.002587592710663102e+02 2.196589161048474352e+02
3.012918054690345002e+02 2.196097276387011732e+02
3.023265650157586606e+02 2.195670749420564505e+02
3.033629187939041572e+02 2.195316141683810827e+02
3.044007209158660885e+02 2.195039917401656169e+02
3.054398492030185821e+02 2.194848124841260812e+02
3.064801118638404773e+02 2.194746244359820651e+02
3.075213725446911326e+02 2.194739961001438360e+02
3.085634368890377459e+02 2.194834850194989428e+02
3.096060945269252898e+02 2.195036288839272629e+02
3.106491684318150419e+02 2.195348746202509744e+02
3.116924678586738651e+02 2.195776241958748471e+02
3.127357903643421650e+02 2.196322789137200004e+02
3.137789038958703145e+02 2.196992309329049817e+02
3.148216003104917604e+02 2.197788575729618969e+02
3.158636737039194031e+02 2.198714262465441323e+02
3.169049182662486714e+02 2.199771730706421238e+02
3.179451216214142164e+02 2.200963339143952169e+02
3.189840714848366474e+02 2.202291475319454435e+02
3.200215506434542476e+02 2.203758271898680334e+02
3.210573330243691998e+02 2.205365005320488478e+02
3.220912230586655483e+02 2.207112914016310299e+02
3.231230396746797169e+02 2.209003356902859991e+02
3.241525289307834896e+02 2.211037428209150733e+02
3.251794929389760682e+02 2.213216302885898017e+02
3.262037246553407499e+02 2.215540899621193489e+02
3.272250055378183333e+02 2.218012088075976180e+02
3.282430954597010100e+02 2.220630652969047105e+02
3.292578032197321818e+02 2.223397631068087037e+02
3.302688831904756057e+02 2.226314075474691663e+02
3.312760641734284945e+02 2.229381188692135254e+02
3.322791053721614389e+02 2.232600357787172243e+02
3.332777389364246119e+02 2.235972904656319145e+02
3.342716920693993643e+02 2.239500207042274553e+02
3.352606723295373854e+02 2.243184409845157177e+02
3.362442842239052538e+02 2.247027944278312077e+02
3.372221989678374143e+02 2.251033631866479254e+02
3.381940519032848442e+02 2.255204228273178160e+02
3.391594202127985795e+02 2.259541980823326810e+02
3.401180220186526526e+02 2.264046933759040883e+02
3.410696406431638934e+02 2.268717593512165820e+02
3.420140336992716925e+02 2.273552357039606591e+02
3.429509518074387415e+02 2.278549618738552454e+02
3.438801612887454553e+02 2.283707999656406002e+02
3.448013694103831881e+02 2.289026366626124229e+02
3.457142946694306147e+02 2.294503952801410378e+02
3.466186718976709358e+02 2.300140239616530664e+02
3.475141325683566720e+02 2.305934125723459260e+02
3.484003874869326864e+02 2.311884987137036376e+02
3.492771232175698515e+02 2.317991776930223295e+02
3.501440088602478227e+02 2.324253309655013027e+02
3.510007001871348962e+02 2.330668403040003227e+02
3.518468658718162487e+02 2.337236120004478721e+02
3.526821273071327028e+02 2.343954914307110755e+02
3.535062038458783604e+02 2.350822889199805275e+02
3.543187381558315110e+02 2.357837455799639201e+02
3.551194163098437002e+02 2.364996498202364137e+02
3.559079045368192169e+02 2.372297999655510807e+02
3.566838276087637496e+02 2.379738955812311758e+02
3.574469512631353609e+02 2.387316152883101950e+02
3.581969585726457126e+02 2.395025662755712688e+02
3.589335679632315532e+02 2.402864084642762066e+02
3.596564732552072883e+02 2.410828104953273225e+02
3.603653624634591210e+02 2.418913630368897145e+02
3.610600197390081689e+02 2.427116502848600987e+02
3.617401642291140433e+02 2.435432073933067727e+02
3.624055570795225094e+02 2.443856588707499782e+02
3.630558721567695102e+02 2.452385576744491971e+02
3.636908705621622744e+02 2.461015475201551510e+02
3.643102671211212851e+02 2.469742076391510750e+02
3.649137654472693271e+02 2.478561384188150782e+02
3.655010740845909822e+02 2.487470149814772924e+02
3.660718483725549390e+02 2.496465002546027563e+02
3.666257325491895358e+02 2.505543287914761663e+02
3.671623261607338691e+02 2.514702516981770657e+02
3.676812092784378478e+02 2.523940804618775644e+02
3.681819216393803345e+02 2.533256476719944601e+02
3.686639721204193734e+02 2.542648206541997808e+02
3.691268124860375792e+02 2.552115754092843929e+02
3.695698290195075515e+02 2.561658998466648995e+02
3.699923826924283503e+02 2.571278495802212660e+02
3.703937990369203703e+02 2.580975088760537801e+02
3.707733699505750451e+02 2.590750178610256853e+02
3.711303113084476308e+02 2.600606012154141808e+02
3.714638057715388300e+02 2.610544742355115204e+02
3.717730265195514221e+02 2.620569295590456136e+02
3.720571317971753160e+02 2.630682783893107057e+02
3.723150318290879568e+02 2.640888855254487453e+02
3.725447827748620853e+02 2.651192817933695665e+02
3.727442845785459440e+02 2.661597694200201545e+02
3.729115020422453881e+02 2.672103978248883323e+02
3.730450009833377294e+02 2.682701383608707602e+02
3.731441526711866459e+02 2.693375348281483639e+02
3.732086075308228601e+02 2.704116410828412427e+02
3.732382298672716274e+02 2.714914178915010439e+02
3.732330896008396053e+02 2.725757405098887602e+02
3.731934367452380457e+02 2.736634383630042180e+02
3.731196710026086976e+02 2.747532722597883321e+02
3.730122754230430928e+02 2.758440166825959068e+02
3.728718405257595236e+02 2.769344554921182748e+02
3.726990603718467696e+02 2.780233757926422413e+02
3.724946779542620448e+02 2.791096340756952827e+02
3.722594800643498161e+02 2.801921117325382511e+02
3.719943022141085862e+02 2.812697025288555892e+02
3.716999232255244578e+02 2.823414446676365515e+02
3.713771646579892263e+02 2.834063318766647512e+02
3.710268224365296419e+02 2.844634370016042340e+02
3.706497081742706996e+02 2.855119296151304411e+02
3.702466630237793765e+02 2.865510121799779313e+02
3.698184635029472247e+02 2.875799580849627546e+02
3.693658668761081572e+02 2.885980419727712274e+02
3.688895816397936187e+02 2.896046030313685833e+02
3.683903799603344851e+02 2.905990967239774818e+02
3.678690772383282024e+02 2.915810081166189320e+02
3.673263915727633844e+02 2.925499007269248750e+02
3.667630373175867931e+02 2.935053098944298426e+02
3.661796232359362193e+02 2.944468899157694182e+02
3.655769674668421203e+02 2.953742951026136438e+02
3.649557762784704096e+02 2.962873447446394266e+02
3.643167065130770084e+02 2.971858622187318133e+02
3.636604725067002732e+02 2.980695972301793404e+02
3.629876394674881226e+02 2.989384604099997773e+02
3.622989014893064450e+02 2.997923821674923488e+02
3.615949307139529765e+02 3.006313295146250653e+02
3.608763328375779338e+02 3.014553039040731619e+02
3.601436736763777162e+02 3.022643143205065712e+02
3.593975006760206838e+02 3.030583904755588947e+02
3.586383978567509416e+02 3.038375821031651185e+02
3.578668778138177800e+02 3.046019846441372465e+02
3.570834859527878393e+02 3.053516543774440493e+02
3.562886147456188723e+02 3.060867370173630206e+02
3.554827941518151420e+02 3.068072551878054242e+02
3.546663917352526028e+02 3.075133212686384923e+02
3.538398101806481577e+02 3.082050032939565085e+02
3.530034325949053482e+02 3.088823717622365166e+02
3.521575816766703610e+02 3.095455278107040158e+02
3.513027342771160875e+02 3.101946258804736090e+02
3.504393098780956279e+02 3.108300121883906399e+02
3.495678284738791035e+02 3.114519683290592411e+02
3.486886955034759694e+02 3.120608382676529686e+02
3.478023341197361447e+02 3.126569358837301706e+02
3.469091021116411753e+02 3.132405081350024716e+02
3.460093086915765639e+02 3.138117526305920819e+02
3.451031956325358010e+02 3.143708904457063795e+02
3.441911247361533128e+02 3.149180735087778658e+02
3.432732701937909496e+02 3.154535397080225039e+02
3.423499348031128875e+02 3.159773962288975326e+02
3.414212790146612519e+02 3.164897930716543897e+02
3.404875001930191161e+02 3.169908502548385059e+02
3.395488071637469716e+02 3.174806780013698813e+02
3.386053741910889130e+02 3.179593934901253078e+02
3.376573632106487253e+02 3.184270864600986215e+02
3.367049431440270837e+02 3.188838306459616661e+02
3.357482635323482327e+02 3.193297049363500264e+02
3.347874378153430257e+02 3.197647963102000972e+02
3.338226460876860529e+02 3.201891596582865986e+02
3.328540091616587233e+02 3.206028757661318878e+02
3.318816799247334757e+02 3.210060084132970815e+02
3.309057459021342424e+02 3.213986416488531859e+02
3.299264002419455437e+02 3.217808156089269005e+02
3.289437371535657917e+02 3.221526209294357841e+02
3.279578971421724987e+02 3.225141518990894838e+02
3.269690185395498361e+02 3.228655048942127905e+02
3.259772361056437262e+02 3.232067750696783150e+02
3.249826813881668954e+02 3.235380567871610538e+02
3.239854936581186280e+02 3.238594690948858670e+02
3.229858251756463119e+02 3.241711703647569038e+02
3.219838249930076017e+02 3.244733219158594011e+02
3.209796376015177088e+02 3.247660845470607001e+02
3.199733810062926977e+02 3.250496249178519861e+02
3.189652336111170712e+02 3.253241371661517860e+02
3.179553704291500367e+02 3.255898692301312849e+02
3.169438947280107186e+02 3.258470856450414885e+02
3.159310336371020753e+02 3.260960165314959909e+02
3.149168693036953073e+02 3.263369348111431236e+02
3.139016187604990478e+02 3.265701309098022307e+02
3.128853856198833796e+02 3.267959631767063797e+02
3.118683965281954897e+02 3.270147600063390882e+02
3.108507451089456595e+02 3.272268815176226440e+02
3.098326010052418837e+02 3.274326714435597410e+02
3.088141242111950078e+02 3.276325301188302888e+02
3.077954474837039243e+02 3.278268873318710916e+02
3.067766989755879194e+02 3.280161691953463219e+02
3.057580437229156018e+02 3.282007966546502189e+02
3.047395717959785202e+02 3.283811649767828840e+02
3.037213245493784939e+02 3.285574553750137170e+02
3.027033198634002815e+02 3.287297774818351854e+02
3.016855732267498524e+02 3.288982392733448705e+02
3.006680917958047417e+02 3.290629470730119124e+02
2.996508991706915594e+02 3.292239964649593276e+02
2.986339879225707250e+02 3.293814584030829451e+02
2.976173556343874793e+02 3.295353939638879979e+02
2.966009985925635419e+02 3.296858623987276928e+02
2.955849117655662894e+02 3.298329211139621293e+02
2.945690870886588186e+02 3.299766181573669428e+02
2.935535114403901389e+02 3.301169819804455301e+02
2.925381704175627533e+02 3.302540365448080024e+02
2.915230489284093096e+02 3.303878038635046437e+02
2.905081311536660564e+02 3.305183038754752829e+02
2.894933969158927312e+02 3.306455458397030043e+02
2.884788259062012230e+02 3.307695232881189895e+02
2.874644000815544587e+02 3.308902273129328364e+02
2.864500952801366793e+02 3.310076472199543218e+02
2.854358895156255471e+02 3.311217695271222965e+02
2.844217593970408871e+02 3.312325710439116619e+02
2.834076802535690831e+02 3.313400180886387147e+02
2.823936275873351178e+02 3.314440744356051027e+02
2.813795771506190135e+02 3.315447017424985461e+02
2.803655048892360355e+02 3.316418591025958449e+02
2.793513849739894681e+02 3.317354966303967103e+02
2.783371909809458771e+02 3.318255566864578441e+02
2.773229722211124226e+02 3.319120017387509165e+02
2.763088091108199933e+02 3.319948349295900698e+02
2.752946902914169414e+02 3.320740730338703202e+02
2.742805941856590266e+02 3.321497266050195094e+02
2.732664995841664108e+02 3.322218012123694280e+02
2.722523859446853294e+02 3.322903000966646232e+02
2.712382333907719385e+02 3.323552242212368810e+02
2.702240226580285594e+02 3.324165715819099773e+02
2.692097349046749741e+02 3.324743339355577518e+02
2.681953519826217871e+02 3.325284994316599523e+02
2.671808555109025747e+02 3.325790536036653293e+02
2.661662306510010580e+02 3.326259804527156234e+02
2.651514619120064822e+02 3.326692612038352763e+02
2.641365333066320886e+02 3.327088714777384553e+02
2.631214306216795080e+02 3.327447840120585738e+02
2.621061405384997443e+02 3.327769694211619935e+02
2.610906497290158086e+02 3.328053958051042969e+02
2.600749463016279037e+02 3.328300278342266552e+02
2.590590220920121851e+02 3.328508264055706150e+02
2.580428661719488446e+02 3.328677493617826713e+02
2.570264698773864893e+02 3.328807524252550820e+02
2.560098255460348469e+02 3.328897884565980121e+02
2.549929277883736063e+02 3.328947555011567374e+02
2.539757761261235487e+02 3.328954633011187525e+02
2.529583676044518086e+02 3.328917083088135200e+02
2.519407202998487776e+02 3.328832894323090272e+02
2.509228497464790451e+02 3.328700044052779390e+02
2.499047700987277381e+02 3.328516492472504638e+02
2.488864864558864269e+02 3.328280124819743264e+02
2.478680595689767472e+02 3.327988973744182886e+02
2.468494985222165781e+02 3.327640930123326370e+02
2.458308373378963267e+02 3.327233870437960377e+02
2.448121377851555565e+02 3.326765792642821111e+02
2.437934134478293799e+02 3.326234543481198216e+02
2.427747492105164042e+02 3.325638141329716291e+02
2.417561709117023270e+02 3.324974421051442164e+02
2.407377524041073400e+02 3.324241298756825813e+02
2.397195613774208311e+02 3.323436732196158800e+02
2.387016495780087553e+02 3.322558605841952613e+02
2.376841004198402345e+02 3.321604852308020099e+02
2.366669976139343987e+02 3.320573400581104693e+02
2.356504172088646669e+02 3.319462127267227061e+02
2.346344476409554147e+02 3.318268951493049599e+02
2.336191824988112842e+02 3.316991793067935532e+02
2.326047209299643441e+02 3.315628554686722396e+02
2.315911678254835806e+02 3.314177122067915207e+02
2.305786339275422563e+02 3.312635369207253007e+02
2.295672344986613780e+02 3.311001165901539025e+02
2.285570761292704844e+02 3.309272285810374683e+02
2.275483211335321698e+02 3.307446688104763552e+02
2.265410780252817062e+02 3.305522109159927595e+02
2.255354940658988596e+02 3.303496326811261952e+02
2.245317259536184338e+02 3.301367092363232700e+02
2.235299360105968276e+02 3.299132141767989310e+02
2.225302669187624360e+02 3.296789044407851748e+02
2.215329251318042054e+02 3.294335576998315673e+02
2.205380835939836004e+02 3.291769298356992977e+02
2.195459401315275159e+02 3.289087684655385715e+02
2.185567055956015565e+02 3.286288196731341600e+02
2.175706020516178114e+02 3.283368285103429685e+02
2.165878454745621582e+02 3.280325270757203953e+02
2.156087153450625067e+02 3.277156594537970022e+02
2.146334550257420233e+02 3.273859331371021426e+02
2.136623504476798132e+02 3.270430635583309709e+02
2.126956911807290282e+02 3.266867589848608873e+02
2.117338067837993947e+02 3.263167392090613816e+02
2.107770228360359397e+02 3.259326898435849102e+02
2.098257057060226884e+02 3.255342867174939556e+02
2.088802432541629059e+02 3.251212073668314702e+02
2.079410377139253967e+02 3.246931252532343706e+02
2.070085098808918076e+02 3.242497543020116950e+02
2.060829813287279819e+02 3.237911474203962143e+02
2.051646969811185102e+02 3.233175259436028455e+02
2.042539109835806528e+02 3.228291062807853677e+02
2.033508941103526126e+02 3.223261046672033103e+02
2.024559225649606731e+02 3.218087398048105001e+02
2.015692645286752054e+02 3.212772629299573168e+02
2.006911756362775634e+02 3.207319167536254554e+02
1.998219486640008142e+02 3.201729590349324894e+02
1.989618612515293421e+02 3.196006203004204167e+02
1.981112150691411102e+02 3.190151441428557177e+02
1.972703032694828948e+02 3.184168061223285804e+02
1.964394207650721569e+02 3.178058778371540143e+02
1.956188759039063711e+02 3.171826182147117379e+02
1.948089970465758540e+02 3.165472807820900698e+02
1.940101238204989613e+02 3.159001202876007142e+02
1.932225973732858790e+02 3.152413966549391944e+02
1.924467785831338063e+02 3.145713724649764913e+02
1.916830418157950078e+02 3.138902862572373920e+02
1.909317893266640169e+02 3.131983720933750419e+02
1.901934440295086688e+02 3.124958571571538073e+02
1.894684553796831779e+02 3.117829450674425402e+02
1.887572990681518093e+02 3.110598389594530886e+02
1.880604775612061417e+02 3.103267272941765214e+02
1.873785273829506934e+02 3.095837861460882436e+02
1.867120172304500159e+02 3.088311773532092843e+02
1.860615670522059020e+02 3.080690376831646518e+02
1.854278209777789073e+02 3.072975001317054762e+02
1.848114732880406166e+02 3.065166900980761397e+02
1.842132290118050548e+02 3.057267278785466829e+02
1.836338581330620059e+02 3.049277195902091080e+02
1.830741508046624517e+02 3.041197543002637076e+02
1.825349409305557060e+02 3.033029284125728395e+02
1.820170675276116015e+02 3.024773327650031547e+02
1.815213926242467437e+02 3.016430640943233925e+02
1.810487697876403104e+02 3.008002109129407131e+02
1.806000470712961032e+02 2.999488614656406753e+02
1.801760376191402315e+02 2.990890906211141669e+02
1.797775417241269622e+02 2.982209764253973958e+02
1.794052954056990927e+02 2.973445635054702620e+02
1.790599655160575310e+02 2.964598724142105084e+02
1.787421791147813224e+02 2.955669224680867728e+02
1.784524245452141997e+02 2.946656472530289079e+02
1.781911355961080972e+02 2.937560000324568819e+02
