1.753872926906295220e+02 2.933773780231820751e+02
1.750903261196104665e+02 2.923462339723055265e+02
1.748286693072085995e+02 2.912994326351490031e+02
1.746029568452376566e+02 2.902385585897083047e+02
1.744135460075500816e+02 2.891650793848783678e+02
1.742605593128557189e+02 2.880806097717796206e+02
1.741439277112771435e+02 2.869867651806113713e+02
1.740633851667185752e+02 2.858852437994260640e+02
1.740185092073636213e+02 2.847777021167349289e+02
1.740087522537343432e+02 2.836657540699508218e+02
1.740334703310334135e+02 2.825509548660685937e+02
1.740919452035478798e+02 2.814348056544548626e+02
1.741834496849565994e+02 2.803186733742195997e+02
1.743071793770830595e+02 2.792039646560654660e+02
1.744623701524848229e+02 2.780918851605904933e+02
1.746482378758970810e+02 2.769836375406220554e+02
1.748639707361563751e+02 2.758803004632001716e+02
1.751087165293258181e+02 2.747828580210457972e+02
1.753816125232953311e+02 2.736922900602369282e+02
1.756819210393257720e+02 2.726093767463993345e+02
1.760088795162742770e+02 2.715349670752928546e+02
1.763616537884134061e+02 2.704698028234152503e+02
1.767394539389258625e+02 2.694144129326145389e+02
1.771414345333421352e+02 2.683694410046770145e+02
1.775669054590879909e+02 2.673353374680316392e+02
1.780150958063892119e+02 2.663126758484208949e+02
1.784852868634686160e+02 2.653017512613527060e+02
1.789766668768629359e+02 2.643028934822471001e+02
1.794884673667887682e+02 2.633163965434065972e+02
1.800200144909497624e+02 2.623424712555685119e+02
1.805706194664621194e+02 2.613813527390139484e+02
1.811395801501477933e+02 2.604331475793317736e+02
1.817261686567934191e+02 2.594979531599902884e+02
1.823297273943994412e+02 2.585758140986829403e+02
1.829496133347601585e+02 2.576667852335458520e+02
1.835852458162179630e+02 2.567708627160808987e+02
1.842359679419944882e+02 2.558880612954814637e+02
1.849012275818645037e+02 2.550182909575635506e+02
1.855804357775793392e+02 2.541615207591490275e+02
1.862730544519059777e+02 2.533176844328080222e+02
1.869785978076316724e+02 2.524866875288416281e+02
1.876965947663018994e+02 2.516684437463259485e+02
1.884265481828830673e+02 2.508629014103554482e+02
1.891680569068932982e+02 2.500699386271231219e+02
1.899206983740682233e+02 2.492894705531893180e+02
1.906840519229605206e+02 2.485214454830549471e+02
1.914578616539469920e+02 2.477657445307916646e+02
1.922417148565823481e+02 2.470223921752584886e+02
1.930353612165309869e+02 2.462912900899553392e+02
1.938384995193417808e+02 2.455723947153058759e+02
1.946507972662843144e+02 2.448656101070022260e+02
1.954718816109481452e+02 2.441707732720829540e+02
1.963013910410571725e+02 2.434877133590487404e+02
1.971389814949575339e+02 2.428162541083855217e+02
1.979843904671012638e+02 2.421561806985276348e+02
1.988372307447499736e+02 2.415074468423178757e+02
1.996973793313951262e+02 2.408699011311618676e+02
2.005645595165902932e+02 2.402435099295126690e+02
2.014385634341914226e+02 2.396281946073655433e+02
2.023192016827234454e+02 2.390238781259578502e+02
2.032063016764197982e+02 2.384305350291446359e+02
2.040997115437151308e+02 2.378481645037422254e+02
2.049992834589426991e+02 2.372767682659047637e+02
2.059048731288415865e+02 2.367163502544332232e+02
2.068163928161694116e+02 2.361668964207852923e+02
2.077336411436202468e+02 2.356284973101953142e+02
2.086565721198699919e+02 2.351011724039537398e+02
2.095850763548169766e+02 2.345849862779408852e+02
2.105190319896565825e+02 2.340800115472377456e+02
2.114583308257773240e+02 2.335863186126909170e+02
2.124029400707278512e+02 2.331039645419441229e+02
2.133526817880662350e+02 2.326330859952238654e+02
2.143075082635340891e+02 2.321737527136785673e+02
2.152673245428471205e+02 2.317260651139683603e+02
2.162320331532598914e+02 2.312901236850044029e+02
2.172015314350001631e+02 2.308660241071234225e+02
2.181757149217194183e+02 2.304538632060288705e+02
2.191544778926160859e+02 2.300537401684347572e+02
2.201377131183760127e+02 2.296657563281192722e+02
2.211253031118449712e+02 2.292899981435915890e+02
2.221171130902185951e+02 2.289265217773972552e+02
2.231130060207740087e+02 2.285753812746577012e+02
2.241128683700117392e+02 2.282366248977679675e+02
2.251165336770917804e+02 2.279103210785370948e+02
2.261238330746886334e+02 2.275964867769275770e+02
2.271346252832162804e+02 2.272950700386150515e+02
2.281486968581067174e+02 2.270060429416069496e+02
2.291658568090717836e+02 2.267293656052311803e+02
2.301859743298647345e+02 2.264649787468344755e+02
2.312087619721984879e+02 2.262127929761847440e+02
2.322340751740837561e+02 2.259726042398404786e+02
2.332616009189794113e+02 2.257442586036592331e+02
2.342911849312589254e+02 2.255275526575086644e+02
2.353225625344886680e+02 2.253223093489096698e+02
2.363554927333079831e+02 2.251282463471691244e+02
2.373897501327531643e+02 2.249450257485783879e+02
2.384250250877263966e+02 2.247723260288877611e+02
2.394611100790108367e+02 2.246097974625033089e+02
2.404977835191946838e+02 2.244570946108404712e+02
2.415347638312829588e+02 2.243138383333882189e+02
2.425718394872262138e+02 2.241796148297991635e+02
2.436087962754643286e+02 2.240540155999572960e+02
2.446454113731221867e+02 2.239366324807086812e+02
2.456814741235314443e+02 2.238270459594795341e+02
2.467167960108780846e+02 2.237248113975787476e+02
2.477511904120344752e+02 2.236294787331277689e+02
2.487844917485154781e+02 2.235405969695518422e+02
2.498165237543739750e+02 2.234577122890289900e+02
2.508471455362405322e+02 2.233803727626671218e+02
2.518762314137727287e+02 2.233081481778188220e+02
2.529036676743334908e+02 2.232406110529322802e+02
2.539293533945986212e+02 2.231773324683664157e+02
2.549532024183473027e+02 2.231178835703182415e+02
2.559751440849791777e+02 2.230618578316619676e+02
2.569951298819909766e+02 2.230088914775514581e+02
2.580131279482380364e+02 2.229586269081989087e+02
2.590291163553064280e+02 2.229107068878463451e+02
2.600430853536868199e+02 2.228647751039634954e+02
2.610550434562076134e+02 2.228205082636989118e+02
2.620650182332438476e+02 2.227776270064117057e+02
2.630730481044706721e+02 2.227358560468784674e+02
2.640791815515402163e+02 2.226949235866333936e+02
2.650834790912016956e+02 2.226545570907111369e+02
2.660860152586661798e+02 2.226145122217022561e+02
2.670868790973028695e+02 2.225745684749198858e+02
2.680862060664568958e+02 2.225344437608337671e+02
2.690841542922768213e+02 2.224937978321571848e+02
2.700808563309960846e+02 2.224522969376855883e+02
2.710764498957712476e+02 2.224096169018528713e+02
2.720710791298418485e+02 2.223654410727988306e+02
2.730648931338482157e+02 2.223194583360964316e+02
2.740580476444303031e+02 2.222713620462994299e+02
2.750507073855609406e+02 2.222208438606765242e+02
2.760430362655960721e+02 2.221675837887200657e+02
2.770352062242276929e+02 2.221112582396831954e+02
2.780273956464425851e+02 2.220515482197933466e+02
2.790197893050198559e+02 2.219881394351365316e+02
2.800125781593708325e+02 2.219207169401375097e+02
2.810059560416119666e+02 2.218489495610019731e+02
2.820001325712767084e+02 2.217724981156872275e+02
2.829953173514222158e+02 2.216910303115043632e+02
2.839917283967372441e+02 2.216042196857760018e+02
2.849895917204692637e+02 2.215117506120742519e+02
2.859891392978620388e+02 2.214133312662002311e+02
2.869906111689950876e+02 2.213086784959274098e+02
2.879942556027963860e+02 2.211975092780172076e+02
2.890003235854876493e+02 2.210795524930179567e+02
2.900090569800599951e+02 2.209549176653590621e+02
2.910206545004216991e+02 2.208244641308299663e+02
2.920352805170679744e+02 2.206891322304421408e+02
2.930530741749900017e+02 2.205498712392599145e+02
2.940741520093516215e+02 2.204076428717148417e+02
2.950985807268386907e+02 2.202635035542805895e+02
2.961263945939419386e+02 2.201186577884366216e+02
2.971576063959081466e+02 2.199743327302638818e+02
2.981921546435454502e+02 2.198317340882641986e+02
2.992299955338807536e+02 2.196920890602485770e+02
3.002710091432373360e+02 2.195566392454124411e+02
3.013150611522423219e+02 2.194266566540111683e+02
3.023619743118814540e+02 2.193034106268536334e+02
3.034115412799921501e+02 2.191881692859446957e+02
3.044635112299122284e+02 2.190821800163631394e+02
3.055176606030633479e+02 2.189865495007138065e+02
3.065736838538981601e+02 2.189022611330022698e+02
3.076313305257090747e+02 2.188303170153610324e+02
3.086902735858309370e+02 2.187717045597024992e+02
3.097501618254149776e+02 2.187273614405881972e+02
3.108107091907950235e+02 2.186979405565371337e+02
3.118716253818212749e+02 2.186839634488472086e+02
3.129326051060045302e+02 2.186859489421249236e+02
3.139933057787432631e+02 2.187044040277241663e+02
3.150534202217340862e+02 2.187397836983991226e+02
3.161126779157604005e+02 2.187922603137496935e+02
3.171708228178702029e+02 2.188619248736299880e+02
3.182275962853753413e+02 2.189488679472829062e+02
3.192827453619034372e+02 2.190531832812409618e+02
3.203360217136157075e+02 2.191749134171389528e+02
3.213871881386585301e+02 2.193139364917850003e+02
3.224360562235592056e+02 2.194701149262761817e+02
3.234824640405497007e+02 2.196433257676565631e+02
3.245261678466334274e+02 2.198334163522358722e+02
3.255670005490697463e+02 2.200402479552501802e+02
3.266047901367536497e+02 2.202636584423133002e+02
3.276393585241091273e+02 2.205034821386733483e+02
3.286705093699856661e+02 2.207595454452459478e+02
3.296981151779219772e+02 2.210317067303258511e+02
3.307219826721727713e+02 2.213198509528207865e+02
3.317418843265440955e+02 2.216239150242427058e+02
3.327576366247313899e+02 2.219438619675514701e+02
3.337690304268731438e+02 2.222796489363870478e+02
3.347758576570055311e+02 2.226312437690075114e+02
3.357778800834928461e+02 2.229987464001156923e+02
3.367747256495724173e+02 2.233823306830299202e+02
3.377661097474137932e+02 2.237822202892296275e+02
3.387517103740475477e+02 2.241986324005134179e+02
3.397311347655492000e+02 2.246317381394031543e+02
3.407041023379794069e+02 2.250815917315772481e+02
3.416703686153147714e+02 2.255481583761974207e+02
3.426296542993006256e+02 2.260313903776599886e+02
3.435816688894790332e+02 2.265312384443196265e+02
3.445261352330591649e+02 2.270476872331152265e+02
3.454626697344646118e+02 2.275808114695431357e+02
3.463908839832379840e+02 2.281307547888468150e+02
3.473104050681847070e+02 2.286976861916944301e+02
3.482207238539908758e+02 2.292816997874518847e+02
3.491214197155455849e+02 2.298829523836159012e+02
3.500120100723810310e+02 2.305015871176603355e+02
3.508919738908414843e+02 2.311377361850536829e+02
3.517607637361167008e+02 2.317915241988794719e+02
3.526178399820284994e+02 2.324630967683264942e+02
3.534625928730918645e+02 2.331525125324535566e+02
3.542945309400716383e+02 2.338597702275900474e+02
3.551130532506435884e+02 2.345847697820182702e+02
3.559176051654467301e+02 2.353274576951761503e+02
3.567075974633582973e+02 2.360877776006231556e+02
3.574823999345583161e+02 2.368654963600245367e+02
3.582416132807045983e+02 2.376602611267378791e+02
3.589847305480234922e+02 2.384716045327845961e+02
3.597112872788360960e+02 2.392991109342102050e+02
3.604207845466791014e+02 2.401423560684013694e+02
3.611127743390981095e+02 2.410007190243011053e+02
3.617870319583867627e+02 2.418734422743098946e+02
3.624432609182715055e+02 2.427596856238711780e+02
3.630812332161873428e+02 2.436587096953377056e+02
3.637006166947223278e+02 2.445696681498969838e+02
3.643012847671514578e+02 2.454917401071376730e+02
3.648831436873828125e+02 2.464239397161105956e+02
3.654461148979806921e+02 2.473653036741108053e+02
3.659901590259625550e+02 2.483149604406997355e+02
3.665152010184320943e+02 2.492720224000041185e+02
3.670212086746780642e+02 2.502356777959074350e+02
3.675081463442982681e+02 2.512051326656952028e+02
3.679759997532046327e+02 2.521796790095330323e+02
3.684247516326549317e+02 2.531586529860580299e+02
3.688543897002667222e+02 2.541414639231800834e+02
3.692648327681113756e+02 2.551277130221055529e+02
3.696559461592129310e+02 2.561170672429301476e+02
3.700276161650763243e+02 2.571093130415890755e+02
3.703797391658640095e+02 2.581043245851757320e+02
3.707122110079649815e+02 2.591021112438374985e+02
3.710248266906100980e+02 2.601028773752574921e+02
3.713173640524026382e+02 2.611069178712878625e+02
3.715896190609611835e+02 2.621147019345986564e+02
3.718413926687351250e+02 2.631268298596207842e+02
3.720721412209982191e+02 2.641441075838296797e+02
3.722801094595174050e+02 2.651676769121149277e+02
3.724632800519344755e+02 2.661985266541408919e+02
3.726196483291563482e+02 2.672374289470910185e+02
3.727477562949979983e+02 2.682842585920454326e+02
3.728468399168125984e+02 2.693384719276912165e+02
3.729162907312476136e+02 2.703998350540558704e+02
3.729556480387018382e+02 2.714679363591348533e+02
3.729646083927235054e+02 2.725421896666165367e+02
3.729430135694806836e+02 2.736218683227882593e+02
3.728907992517992511e+02 2.747060811421089852e+02
3.728079278586681653e+02 2.757938384082530092e+02
3.726944706003457100e+02 2.768840629426156852e+02
3.725506159862094933e+02 2.779755955234120961e+02
3.723766220541168082e+02 2.790672666510969862e+02
3.721727936839854465e+02 2.801578580470999214e+02
3.719394912768111681e+02 2.812460958308466275e+02
3.716770499284601783e+02 2.823307953813340987e+02
3.713858778075611440e+02 2.834106868438441893e+02
3.710663913152210398e+02 2.844845446205389976e+02
3.707190887108022253e+02 2.855512331102360690e+02
3.703445488580039182e+02 2.866096455603970412e+02
3.699433078143430293e+02 2.876587344464696230e+02
3.695159027579961162e+02 2.886974428854975372e+02
3.690628509807090154e+02 2.897247799794421894e+02
3.685848377433916880e+02 2.907399317409663695e+02
3.680826439939045827e+02 2.917421470023807615e+02
3.675569572094872228e+02 2.927307628941030657e+02
3.670084679054853041e+02 2.937050920565853289e+02
3.664377772444939296e+02 2.946645912545870942e+02
3.658457879362225071e+02 2.956087882483065528e+02
3.652333084928459357e+02 2.965374174403931988e+02
3.646010937773050387e+02 2.974502286611496515e+02
3.639499577605417926e+02 2.983469020952743449e+02
3.632805644684803497e+02 2.992273078625018456e+02
3.625937444274906056e+02 3.000913771485489860e+02
3.618903073037348008e+02 3.009390957458574576e+02
3.611709879940424344e+02 3.017704947153561079e+02
3.604364750582286661e+02 3.025856208413899253e+02
3.596874311760349201e+02 3.033845469931900425e+02
3.589245485460710370e+02 3.041673666990815263e+02
3.581484396449476435e+02 3.049342266440499429e+02
3.573597484952291552e+02 3.056852362662248197e+02
3.565589541075528928e+02 3.064206045386299593e+02
3.557466618524163096e+02 3.071403926113053444e+02
3.549232792628184825e+02 3.078447290835074455e+02
3.540892485511882910e+02 3.085336944923179772e+02
3.532449906534776574e+02 3.092073733791309564e+02
3.523908621551657916e+02 3.098658837523207126e+02
3.515273740178159869e+02 3.105093903014356442e+02
3.506549694810064466e+02 3.111382502949095965e+02
3.497741971772298371e+02 3.117527526430019407e+02
3.488854857288592370e+02 3.123532525329486589e+02
3.479892811127617733e+02 3.129400717249531567e+02
3.470859413815316543e+02 3.135134319785967136e+02
3.461757609872817056e+02 3.140734811886947000e+02
3.452589659243840856e+02 3.146203906714003438e+02
3.443359085715422907e+02 3.151542586994669932e+02
3.434067472618641546e+02 3.156752708026746745e+02
3.424717660577932747e+02 3.161834603795337557e+02
3.415310994287814310e+02 3.166788968300934357e+02
3.405849224951591054e+02 3.171616174759660680e+02
3.396334243383284388e+02 3.176316486558278029e+02
3.386767607543523013e+02 3.180890230734669899e+02
3.377150771205148203e+02 3.185337444456839648e+02
3.367485279601489765e+02 3.189657993746467355e+02
3.357772501124277369e+02 3.193851790520122904e+02
3.348013462189638290e+02 3.197918821154987654e+02
3.338209918091463351e+02 3.201858814711134755e+02
3.328363170226364787e+02 3.205672007840682909e+02
3.318474878207994720e+02 3.209358519993191976e+02
3.308546064226595718e+02 3.212918669616345255e+02
3.298578803222782767e+02 3.216352343251235766e+02
3.288574316046828017e+02 3.219660165978502278e+02
3.278534536282539875e+02 3.222843355193780894e+02
3.268461399491803263e+02 3.225903235030598353e+02
3.258356793427332150e+02 3.228841126964015302e+02
3.248222565493658749e+02 3.231658361497920282e+02
3.238060829591835272e+02 3.234356998661650096e+02
3.227874112679030532e+02 3.236940241714374338e+02
3.217664894173019547e+02 3.239411407442711379e+02
3.207435565478215835e+02 3.241773827603935274e+02
3.197188245340395270e+02 3.244030924911004377e+02
3.186925796238504631e+02 3.246187034136642637e+02
3.176651243735581716e+02 3.248247687938655304e+02
3.166366929101964161e+02 3.250218609341462184e+02
3.156076175072378760e+02 3.252105274106851311e+02
3.145781004935482770e+02 3.253913561067023466e+02
3.135484654925971313e+02 3.255650020706095802e+02
3.125189463732139075e+02 3.257322125998406932e+02
3.114898654449089577e+02 3.258937176175177797e+02
3.104614292812205463e+02 3.260502723974728951e+02
3.094338931157931256e+02 3.262026234385585326e+02
3.084074937625052257e+02 3.263515655619779636e+02
3.073824374013238412e+02 3.264979182465129384e+02
3.063589161130774983e+02 3.266424996701430246e+02
3.053371355983489934e+02 3.267861291957393632e+02
3.043172193140250670e+02 3.269295459263227031e+02
3.032991489160365859e+02 3.270729991926115190e+02
3.022828552634819061e+02 3.272165718140696526e+02
3.012682679773229779e+02 3.273603436311431096e+02
3.002553118487051620e+02 3.275043909908357023e+02
2.992439172024742788e+02 3.276487666860158470e+02
2.982339812842904507e+02 3.277934459865688837e+02
2.972254028734544704e+02 3.279383827682099195e+02
2.962180821320499149e+02 3.280835275906006814e+02
2.952119205499142822e+02 3.282288276997924754e+02
2.942068175175519400e+02 3.283742120899798351e+02
2.932026662893761113e+02 3.285195711343016001e+02
2.921993615125923611e+02 3.286647867460872021e+02
2.911968004171325788e+02 3.288097374889968592e+02
2.901948827690353028e+02 3.289542984655625446e+02
2.891935078528359213e+02 3.290983303325627958e+02
2.881925759473256790e+02 3.292416734631963209e+02
2.871919915823698943e+02 3.293841644696695425e+02
2.861916598561835485e+02 3.295256363726926452e+02
2.851914902251806438e+02 3.296659185739619033e+02
2.841913945314469174e+02 3.298048313537507283e+02
2.831912871304319310e+02 3.299421853055874863e+02
2.821910860582016198e+02 3.300777875750057433e+02
2.811907131310026102e+02 3.302114422367532711e+02
2.801900939606596239e+02 3.303429501055554169e+02
2.791891570225423038e+02 3.304721052025149675e+02
2.781878342303415934e+02 3.305986953567032742e+02
2.771860992435877051e+02 3.307225321530460747e+02
2.761839500588351939e+02 3.308434672869672113e+02
2.751813475000876679e+02 3.309613593521104349e+02
2.741782518211824140e+02 3.310760628318129761e+02
2.731746275620055258e+02 3.311874285527179040e+02
2.721704436147424531e+02 3.312953047816760659e+02
2.711656731786429759e+02 3.313995373209353943e+02
2.701602937081144091e+02 3.314999694544555950e+02
2.691542868389034879e+02 3.315964414006854213e+02
2.681476384055981157e+02 3.316887908821789779e+02
2.671403377751789208e+02 3.317768530203038040e+02
2.661323801896981536e+02 3.318604615405106983e+02
2.651237642204148415e+02 3.319394485026926986e+02
2.641144917682282198e+02 3.320136442546953504e+02
2.631045693954073386e+02 3.320828773550204573e+02
2.620940077384704523e+02 3.321469745085246359e+02
2.610828208476017949e+02 3.322057602229687063e+02
2.600710272120264790e+02 3.322590581500625149e+02
2.590586514901636974e+02 3.323066939095809857e+02
2.580457195840444911e+02 3.323484912915890277e+02
2.570322623255752887e+02 3.323842724576097112e+02
2.560183145602287027e+02 3.324138584793636824e+02
2.550039143557710020e+02 3.324371027905585834e+02
2.539891013376156650e+02 3.324539127587134999e+02
2.529739109391881016e+02 3.324641960668414526e+02
2.519583937681553607e+02 3.324678631625614003e+02
2.509425965334395414e+02 3.324648236915186885e+02
2.499265627970256105e+02 3.324549854469203751e+02
2.489103264013619139e+02 3.324382485791518320e+02
2.478939661297024486e+02 3.324145277182437894e+02
2.468775152096411603e+02 3.323837240341482584e+02
2.458610259443066184e+02 3.323457371166804819e+02
2.448445725580858721e+02 3.323004765023394498e+02
2.438281861818251173e+02 3.322478357284049935e+02
2.428119572826801686e+02 3.321877246921592359e+02
2.417959236339398785e+02 3.321200357706769637e+02
2.407801625580412406e+02 3.320446684887370452e+02
2.397647445096951913e+02 3.319615230175157876e+02
2.387497245587497332e+02 3.318704905440061452e+02
2.377351834354415416e+02 3.317714665247412427e+02
2.367212003323948295e+02 3.316643459493138266e+02
2.357078461247068901e+02 3.315490179310913277e+02
2.346952011709308579e+02 3.314253715923590562e+02
2.336833487993319238e+02 3.312932944754975892e+02
2.326723755001559368e+02 3.311526721139433675e+02
2.316623710740412605e+02 3.310033880037876770e+02
2.306534288068699539e+02 3.308453234798739686e+02
2.296456446016966311e+02 3.306783567911165278e+02
2.286391054185497183e+02 3.305023559814878809e+02
2.276339446374305169e+02 3.303172058325224612e+02
2.266302475046939833e+02 3.301227698510604114e+02
2.256281310946467613e+02 3.299189146900213814e+02
2.246277187285529351e+02 3.297055046435357326e+02
2.236291367555686236e+02 3.294824018920419348e+02
2.226324929013756844e+02 3.292494520221544008e+02
2.216379480310529857e+02 3.290065186915930440e+02
2.206456315092088403e+02 3.287534473520580605e+02
2.196556911287044329e+02 3.284900790768992920e+02
2.186682836185717065e+02 3.282162525248983798e+02
2.176835730997737812e+02 3.279318038554537225e+02
2.167017160456912563e+02 3.276365556194274973e+02
2.157229197310158213e+02 3.273303460130435951e+02
2.147473552161569330e+02 3.270129849831136539e+02
2.137752273801795582e+02 3.266842875788424294e+02
2.128067409541718007e+02 3.263440596292716123e+02
2.118421319338366970e+02 3.259921156524335970e+02
2.108816252016452779e+02 3.256282477066689580e+02
2.099254740398207844e+02 3.252522448060618672e+02
2.089739456799617585e+02 3.248638938800223741e+02
2.080273147327990841e+02 3.244629735687923926e+02
2.070858702235519218e+02 3.240492847277563442e+02
2.061498412127370159e+02 3.236228405193849653e+02
2.052194046095855811e+02 3.231837529988240476e+02
2.042947449300058622e+02 3.227321251870791343e+02
2.033760611139897208e+02 3.222680560891300843e+02
2.024635577921501124e+02 3.217916391398147198e+02
2.015574413759105425e+02 3.213029715770386474e+02
2.006579088612876944e+02 3.208021287641271329e+02
1.997651943554667469e+02 3.202891968991745557e+02
1.988795152219023237e+02 3.197642295842550766e+02
1.980011162228489070e+02 3.192272818915820380e+02
1.971302472310082408e+02 3.186784102829070662e+02
1.962671634794502324e+02 3.181176552324725435e+02
1.954121341031697909e+02 3.175450380018324950e+02
1.945654508229341673e+02 3.169605683541622057e+02
1.937274223213850064e+02 3.163642454946864291e+02
1.928983670922866906e+02 3.157560519817063209e+02
1.920786330756479856e+02 3.151359660355888082e+02
1.912685785271747818e+02 3.145039284267903099e+02
1.904685997054815232e+02 3.138598692382064428e+02
1.896791212410925027e+02 3.132037067296863597e+02
1.889005882697517222e+02 3.125353220261310412e+02
1.881334921434944079e+02 3.118545931552578168e+02
1.873783528461113974e+02 3.111613651000599816e+02
1.866357343241454316e+02 3.104554559235638180e+02
1.859062507606395513e+02 3.097366770117149031e+02
1.851905577860785854e+02 3.090047994868692740e+02
1.844893684914825656e+02 3.082595898855464611e+02
1.838034476251717990e+02 3.075007723804995976e+02
1.831336253082033068e+02 3.067280812855435101e+02
1.824807889934841114e+02 3.059412125692477957e+02
1.818458949118736996e+02 3.051398722271671318e+02
1.812299623585855670e+02 3.043237431368726789e+02
1.806340801285159614e+02 3.034925218686904032e+02
1.800594036919284804e+02 3.026459040105684153e+02
1.795071587990428270e+02 3.017836089526732053e+02
1.789786314016939741e+02 3.009053822280688451e+02
1.784751527275885508e+02 3.000110237471860160e+02
1.779980948934673961e+02 2.991003756289890703e+02
1.775488520716686480e+02 2.981733683239652350e+02
1.771288120775385551e+02 2.972300287894690882e+02
1.767393497953542578e+02 2.962704626952286162e+02
1.763817713117212804e+02 2.952949478862553292e+02
1.760572978232367234e+02 2.943038528438547132e+02
