1.748626901858150120e+02 2.934874463615672653e+02
1.745539594096011058e+02 2.924338485009317310e+02
1.742817735970437809e+02 2.913640477020460935e+02
1.740468966342779140e+02 2.902799150773715269e+02
1.738497708620786568e+02 2.891831079328031251e+02
1.736905826432319202e+02 2.880754411679495206e+02
1.735693074103103299e+02 2.869587072802752914e+02
1.734857080382366235e+02 2.858347890582583091e+02
1.734393787219062233e+02 2.847055084980480615e+02
1.734297799394059609e+02 2.835726326779796977e+02
1.734562697683114436e+02 2.824378583902322362e+02
1.735181045062080898e+02 2.813028153767845083e+02
1.736144920423469671e+02 2.801689643158283616e+02
1.737445556100636281e+02 2.790378106413602382e+02
1.739074678981574209e+02 2.779106225467026547e+02
1.741023817785453787e+02 2.767886659322111313e+02
1.743284006617967350e+02 2.756730570570239820e+02
1.745845594906725466e+02 2.745647937838979828e+02
1.748698841815015044e+02 2.734648661311007345e+02
1.751835410197058422e+02 2.723740358899769376e+02
1.755246703350381949e+02 2.712931413667232619e+02
1.758923273772827258e+02 2.702228952091884935e+02
1.762856087163694383e+02 2.691637678985064213e+02
1.767035529296718437e+02 2.681163550540373990e+02
1.771453694735695876e+02 2.670810374631970490e+02
1.776101841528894170e+02 2.660583300642846325e+02
1.780971903165860795e+02 2.650484495221496672e+02
1.786054876301041929e+02 2.640516538634307153e+02
1.791342242452775793e+02 2.630681620074841476e+02
1.796826506025510923e+02 2.620981029649875040e+02
1.802500061385817958e+02 2.611416342038954781e+02
1.808355386633611488e+02 2.601987925564579882e+02
1.814384773699493962e+02 2.592696126815145021e+02
1.820581257174105474e+02 2.583540745177629105e+02
1.826938027181359985e+02 2.574521698893944972e+02
1.833448986952769815e+02 2.565638347770117207e+02
1.840107482751510588e+02 2.556890467669628606e+02
1.846908003503847624e+02 2.548276812424710158e+02
1.853844644977707219e+02 2.539796774171411755e+02
1.860912023967892424e+02 2.531449395007711871e+02
1.868105366033914834e+02 2.523233516474366809e+02
1.875420243754077489e+02 2.515148289373805142e+02
1.882851979586852451e+02 2.507193281671630984e+02
1.890396863229273379e+02 2.499367361916374648e+02
1.898050947039976677e+02 2.491669803808643735e+02
1.905810415100042121e+02 2.484100376363874432e+02
1.913673337829689558e+02 2.476658437680740690e+02
1.921636183064802594e+02 2.469344866812911619e+02
1.929697040127448702e+02 2.462159320414624801e+02
1.937853448412047612e+02 2.455102038147988992e+02
1.946102541759720452e+02 2.448172681373213209e+02
1.954440945408453558e+02 2.441370161824717684e+02
1.962865373641402584e+02 2.434693322512552243e+02
1.971372696544652854e+02 2.428140967348948038e+02
1.979960582347949298e+02 2.421711533688163058e+02
1.988625485682300393e+02 2.415405222034041515e+02
1.997366520630588695e+02 2.409221257111755676e+02
2.006181248266977377e+02 2.403160054108460884e+02
2.015067893371657988e+02 2.397221594130895141e+02
2.024024839702424288e+02 2.391405887676827149e+02
2.033050607616812897e+02 2.385713457191181703e+02
2.042143896675867722e+02 2.380145073850563335e+02
2.051303425504993072e+02 2.374701544685569843e+02
2.060527926723250971e+02 2.369383709092234938e+02
2.069816638943316320e+02 2.364192217258613482e+02
2.079167560120412475e+02 2.359128540662934199e+02
2.088580122996442867e+02 2.354193397254363731e+02
2.098053136289024678e+02 2.349387943226803088e+02
2.107585279421494420e+02 2.344713412648311532e+02
2.117175279906693106e+02 2.340170902856268356e+02
2.126822263507539503e+02 2.335760894468865274e+02
2.136523927685609863e+02 2.331484461091359606e+02
2.146279192721897573e+02 2.327342049082337780e+02
2.156086546102417003e+02 2.323334381994971238e+02
2.165944291780855337e+02 2.319461871762303247e+02
2.175850238871909426e+02 2.315724020143365465e+02
2.185802141308645901e+02 2.312120165604573856e+02
2.195797786060134342e+02 2.308649641691802969e+02
2.205834987948903176e+02 2.305311771165870880e+02
2.215911241927529716e+02 2.302105182310591260e+02
2.226023444392708370e+02 2.299027189775612499e+02
2.236168505011778223e+02 2.296074933442926920e+02
2.246343617409275453e+02 2.293245470654858309e+02
2.256545621410697890e+02 2.290535958922362454e+02
2.266771150582457608e+02 2.287942472431599015e+02
2.277016799210320528e+02 2.285459702181922808e+02
2.287278699737037186e+02 2.283082409083967264e+02
2.297553302473139070e+02 2.280805200610831207e+02
2.307837637703106282e+02 2.278622499920099926e+02
2.318127593906624782e+02 2.276528129201738864e+02
2.328420141466525592e+02 2.274514811943016355e+02
2.338711202815944148e+02 2.272575515386849929e+02
2.348997973093628957e+02 2.270702857057806909e+02
2.359277068566452158e+02 2.268889591070211509e+02
2.369545573715001581e+02 2.267128091323535841e+02
2.379800903739428293e+02 2.265410579164052933e+02
2.390040108390373064e+02 2.263729288906008321e+02
2.400261027500682189e+02 2.262076282776268954e+02
2.410461784216753358e+02 2.260444241372503313e+02
2.420641697698270605e+02 2.258829667718542851e+02
2.430801076998260157e+02 2.257230613129816277e+02
2.440940206358904163e+02 2.255645210508735943e+02
2.451059320990507331e+02 2.254071608812865861e+02
2.461158779312508500e+02 2.252508118237331871e+02
2.471239305505050368e+02 2.250953866621887016e+02
2.481301672767479545e+02 2.249408238172223946e+02
2.491346713407980644e+02 2.247870673524232643e+02
2.501375182998743867e+02 2.246340597647049151e+02
2.511387981019702522e+02 2.244817605910302518e+02
2.521386119096691516e+02 2.243301746674894730e+02
2.531370629418465796e+02 2.241793175800345352e+02
2.541342550690729070e+02 2.240292081852193746e+02
2.551302934191966187e+02 2.238798700820083525e+02
2.561252849807727330e+02 2.237313382664062544e+02
2.571193407802554134e+02 2.235836660174792030e+02
2.581125730562924332e+02 2.234369139429175277e+02
2.591050936682113957e+02 2.232911461921278828e+02
2.600970144131204620e+02 2.231464304484701984e+02
2.610884474476650325e+02 2.230028402111404091e+02
2.620795053287131395e+02 2.228604555688073958e+02
2.630703004079028915e+02 2.227193603551812373e+02
2.640609445847962888e+02 2.225796440980699060e+02
2.650515502398073977e+02 2.224413963217176615e+02
2.660422285166297343e+02 2.223047091779207847e+02
2.670330904413131634e+02 2.221696752297906414e+02
2.680242538389830429e+02 2.220363294592533805e+02
2.690158269781113631e+02 2.219046513122516444e+02
2.700079006417642518e+02 2.217746233737319415e+02
2.710005628173110495e+02 2.216462314154786100e+02
2.719938994547080711e+02 2.215194644151252419e+02
2.729879945133206434e+02 2.213943158304194014e+02
2.739829302429021709e+02 2.212707826072152386e+02
2.749787868778180382e+02 2.211488626522267111e+02
2.759756429024154727e+02 2.210285655405562295e+02
2.769735751121106091e+02 2.209099067005779489e+02
2.779726582221381932e+02 2.207929047123666066e+02
2.789729649148777639e+02 2.206775812385395170e+02
2.799745659969619282e+02 2.205639648173760179e+02
2.809775321779648607e+02 2.204521076850641634e+02
2.819819277637623713e+02 2.203420642216217971e+02
2.829878171706709509e+02 2.202338932845432851e+02
2.839952622285807706e+02 2.201276573555717846e+02
2.850043218181288012e+02 2.200234321577642902e+02
2.860150532962530860e+02 2.199213289294335709e+02
2.870275092879504655e+02 2.198214674849164680e+02
2.880417319552929030e+02 2.197239646017159771e+02
2.890577693308995890e+02 2.196289439867408362e+02
2.900756599498157016e+02 2.195366197356004250e+02
2.910954314061388573e+02 2.194473840582505204e+02
2.921170770217210588e+02 2.193616401260961766e+02
2.931406030028134637e+02 2.192797995107541453e+02
2.941660095738456562e+02 2.192022828592843666e+02
2.951932487854376745e+02 2.191295048754836898e+02
2.962222901395437020e+02 2.190618964266313640e+02
2.972531100986341244e+02 2.189999024220274464e+02
2.982856045469079049e+02 2.189439441895888194e+02
2.993197417740016704e+02 2.188944665985972904e+02
3.003554185535504075e+02 2.188518866346894924e+02
3.013925552155662899e+02 2.188166159016684276e+02
3.024310494908554006e+02 2.187890637813671617e+02
3.034707935015531461e+02 2.187696412774989483e+02
3.045116564373487336e+02 2.187587509453333610e+02
3.055535445745566108e+02 2.187567675576743511e+02
3.065962847799341375e+02 2.187640152683113968e+02
3.076397821528399845e+02 2.187808423381596583e+02
3.086838797303064439e+02 2.188075855116678383e+02
3.097284095692443771e+02 2.188445675551014915e+02
3.107732417305662125e+02 2.188920574713290819e+02
3.118182322393313939e+02 2.189502953045538618e+02
3.128632297090547354e+02 2.190195216047741269e+02
3.139080550146117616e+02 2.190999684355959687e+02
3.149525600791926081e+02 2.191918636708997781e+02
3.159965926310171653e+02 2.192953653964605962e+02
3.170400011218232521e+02 2.194106129639869209e+02
3.180826304837713110e+02 2.195377466856559181e+02
3.191243296197940253e+02 2.196769112459997189e+02
3.201649432085579861e+02 2.198282343500828802e+02
3.212043016408096037e+02 2.199917809332806939e+02
3.222422704334509262e+02 2.201676184973570116e+02
3.232787338650764468e+02 2.203558285260297396e+02
3.243134986697651243e+02 2.205564654592419345e+02
3.253464368360668004e+02 2.207695921999979589e+02
3.263774144148084133e+02 2.209952417174510515e+02
3.274062882984746921e+02 2.212334429632485353e+02
3.284328950264231253e+02 2.214842177275924371e+02
3.294571289390801780e+02 2.217476163950498460e+02
3.304788364169386341e+02 2.220236700640717231e+02
3.314978516967972837e+02 2.223123966585528706e+02
3.325140495141661745e+02 2.226138348772447841e+02
3.335272810542406887e+02 2.229280196475479841e+02
3.345373998454644493e+02 2.232549925325368747e+02
3.355442715077961680e+02 2.235948162963199479e+02
3.365476817657462902e+02 2.239475263909145610e+02
3.375475047379905504e+02 2.243132052712970221e+02
3.385435878022209408e+02 2.246919350892828788e+02
3.395357193058035250e+02 2.250837628718496148e+02
3.405237866565035461e+02 2.254886621736161771e+02
3.415077096501024698e+02 2.259065494865360222e+02
3.424873821286498696e+02 2.263373358709878289e+02
3.434626942789625446e+02 2.267809375311924214e+02
3.444335612960581443e+02 2.272373013124820318e+02
3.453998393885325413e+02 2.277063984851817224e+02
3.463614080080861868e+02 2.281882456323125439e+02
3.473181768233702655e+02 2.286828968837275227e+02
3.482699346734731307e+02 2.291903450504457567e+02
3.492165728057211709e+02 2.297106622102429014e+02
3.501579313886526847e+02 2.302439336795849556e+02
3.510938265655923374e+02 2.307902540972582983e+02
3.520240649449992816e+02 2.313497292034009831e+02
3.529484822111105586e+02 2.319225084909512589e+02
3.538668348627753062e+02 2.325087118513195321e+02
3.547789498420604559e+02 2.331085450483582804e+02
3.556845318282595940e+02 2.337221536891337337e+02
3.565833547534134595e+02 2.343497612279821283e+02
3.574751745464047303e+02 2.349916191045879543e+02
3.583596328966636975e+02 2.356479180635978707e+02
3.592364892679534023e+02 2.363189808017417590e+02
3.601053476619476896e+02 2.370050464311031249e+02
3.609658698237304861e+02 2.377064460447245722e+02
3.618176771743354720e+02 2.384235356476146421e+02
3.626602975581079704e+02 2.391566323375935781e+02
3.634933264341527774e+02 2.399061717665773870e+02
3.643162009625687574e+02 2.406725056951574118e+02
3.651284421315996269e+02 2.414561502852902208e+02
3.659293489703657656e+02 2.422574722576405293e+02
3.667183592579605715e+02 2.430770683477591092e+02
3.674947194805775439e+02 2.439154300785770033e+02
3.682576045932902389e+02 2.447730650139752981e+02
3.690061920400898430e+02 2.456506159707301151e+02
3.697394755291699084e+02 2.465486386271849710e+02
3.704564205875888092e+02 2.474677896087601425e+02
3.711558363682887602e+02 2.484086734191979531e+02
3.718364523836679609e+02 2.493719673582884866e+02
3.724968198904591077e+02 2.503582832679120997e+02
3.731353326781729720e+02 2.513681741257795181e+02
3.737503087543814786e+02 2.524022967413249603e+02
3.743398111132879649e+02 2.534610881656875847e+02
3.749017831787501791e+02 2.545449849081819025e+02
3.754339607945470334e+02 2.556542235621295447e+02
3.759339252748061995e+02 2.567888942795187859e+02
3.763991165118441131e+02 2.579489677324606305e+02
3.768267586938343925e+02 2.591338961966743568e+02
3.772140627073494556e+02 2.603430320520672012e+02
3.775581636475579330e+02 2.615753016382159331e+02
3.778561392933666525e+02 2.628290946990593966e+02
3.781050123468701827e+02 2.641026021555360330e+02
3.783019211216254689e+02 2.653932386340022731e+02
3.784443499125544577e+02 2.666979524448786947e+02
3.785305803824685995e+02 2.680095528827066005e+02
3.785606249696575674e+02 2.693204626587240682e+02
3.785355897052842806e+02 2.706267861069468381e+02
3.784570878810204135e+02 2.719250861991356487e+02
3.783271305701440497e+02 2.732123190301604723e+02
3.781480158553169986e+02 2.744858944006147112e+02
3.779222808934987370e+02 2.757435234713393015e+02
3.776525632793698151e+02 2.769834559403964818e+02
3.773415291636872553e+02 2.782043382268732898e+02
3.769918426380272081e+02 2.794051073518647854e+02
3.766060576673113474e+02 2.805851094206225866e+02
3.761866397775824566e+02 2.817439090612264181e+02
3.757359786984104630e+02 2.828812171492468792e+02
3.752561938883620201e+02 2.839971633141899474e+02
3.747493504318257465e+02 2.850918025835320577e+02
3.742173270712049771e+02 2.861653794944268725e+02
3.736618290278579479e+02 2.872182709486642125e+02
3.730844641667330848e+02 2.882508482725727958e+02
3.724866624459942273e+02 2.892635830908573098e+02
3.718697668504777312e+02 2.902569114358344677e+02
3.712349714291894998e+02 2.912313292914413410e+02
3.705833600441137605e+02 2.921873509069664010e+02
3.699159794922076117e+02 2.931254224032121556e+02
3.692337189202271475e+02 2.940460619176476484e+02
3.685374526222568647e+02 2.949496959799790829e+02
3.678278676020250373e+02 2.958368547944902502e+02
3.671057672861506376e+02 2.967078731578516226e+02
3.663717561664250866e+02 2.975632251267084030e+02
3.656263884946130815e+02 2.984033427803077529e+02
3.648702995934955879e+02 2.992285196023555613e+02
3.641039104326658844e+02 3.000391927595822494e+02
3.633277095917587189e+02 3.008356781711140684e+02
3.625421502679515129e+02 3.016182804185511372e+02
3.617476201731763581e+02 3.023873146160625538e+02
3.609444745911977179e+02 3.031430757328825507e+02
3.601330425634821495e+02 3.038858362964521689e+02
3.593136680902927651e+02 3.046158214344491171e+02
3.584866219031563332e+02 3.053332805547003659e+02
3.576522253461705532e+02 3.060383966313598307e+02
3.568106410132724022e+02 3.067314363862261075e+02
3.559621987159612218e+02 3.074125115376726285e+02
3.551070602890028454e+02 3.080818229933569228e+02
3.542454374347367434e+02 3.087395085023803745e+02
3.533775295168977095e+02 3.093856963262826412e+02
3.525034771778035179e+02 3.100205340336043491e+02
3.516235402740892368e+02 3.106441381242279931e+02
3.507378711890966088e+02 3.112567401056298309e+02
3.498467405378086141e+02 3.118584852690663638e+02
3.489503090323148058e+02 3.124495746882644198e+02
3.480487715981997212e+02 3.130301715354215730e+02
3.471423069834682451e+02 3.136004234977120291e+02
3.462310806879630150e+02 3.141604655431769402e+02
3.453151944910591169e+02 3.147104530312341808e+02
3.443948825261065281e+02 3.152504626345749443e+02
3.434701902597797130e+02 3.157806618303537789e+02
3.425413253542245116e+02 3.163011122692361710e+02
3.416083605710954316e+02 3.168119355962456893e+02
3.406714109685191829e+02 3.173132192748441298e+02
3.397306067980524062e+02 3.178050378007492327e+02
3.387860470506877846e+02 3.182874741041833317e+02
3.378378305299081603e+02 3.187605984467384133e+02
3.368860687670226071e+02 3.192244684728532889e+02
3.359308548873220275e+02 3.196791457436807491e+02
3.349722458716269671e+02 3.201246992269255429e+02
3.340103703128025359e+02 3.205611617921994707e+02
3.330452948766328518e+02 3.209885902601313319e+02
3.320771215907535066e+02 3.214070216547255541e+02
3.311058848013544775e+02 3.218165138795456528e+02
3.301317326593937764e+02 3.222170764376569991e+02
3.291547053694924898e+02 3.226087628974586892e+02
3.281748846161000870e+02 3.229916087925797683e+02
3.271923506814172811e+02 3.233656477531391147e+02
3.262071822719909733e+02 3.237309109303324135e+02
3.252194566872877317e+02 3.240874271553077506e+02
3.242292523253213403e+02 3.244352286399277432e+02
3.232366499300899250e+02 3.247743542752716621e+02
3.222417290856803334e+02 3.251048416371489793e+02
3.212445679928961226e+02 3.254267262728794208e+02
3.202452183573279854e+02 3.257400479925077548e+02
3.192437887340662996e+02 3.260448388423921529e+02
3.182403738345906277e+02 3.263411498268483228e+02
3.172349916748667056e+02 3.266290484456551440e+02
3.162278068111882590e+02 3.269085592365000821e+02
3.152188224737407722e+02 3.271797529183044162e+02
3.142081881333767797e+02 3.274426747764446759e+02
3.131959173258678106e+02 3.276974176043594866e+02
3.121821750515179588e+02 3.279440338252607603e+02
3.111669771980821793e+02 3.281826134290022310e+02
3.101504360908922990e+02 3.284132199186956313e+02
3.091326494345963738e+02 3.286359461762241949e+02
3.081136851224915745e+02 3.288509010346575110e+02
3.070936146058197664e+02 3.290581873879886530e+02
3.060725646383490925e+02 3.292578979036905480e+02
3.050505927341325787e+02 3.294501392061475826e+02
3.040277767504276767e+02 3.296350042161374745e+02
3.030041920126269019e+02 3.298125831248568716e+02
3.019799116786186346e+02 3.299829651977923959e+02
3.009549991786223018e+02 3.301462391506760241e+02
2.999295434278508310e+02 3.303024932188366165e+02
2.989036060650739159e+02 3.304518330344971559e+02
2.978772573912144708e+02 3.305943634540918197e+02
2.968505654392639030e+02 3.307301884767605884e+02
2.958235959958206536e+02 3.308594112449641216e+02
2.947964134939181804e+02 3.309821379142481419e+02
2.937690820614894847e+02 3.310984829282534747e+02
2.927416635710015385e+02 3.312085611998550689e+02
2.917142173292327243e+02 3.313124867809141278e+02
2.906868000849177633e+02 3.314103728813230987e+02
2.896594639461635552e+02 3.315023342862062350e+02
2.886322629755766229e+02 3.315884886444902691e+02
2.876052519063517821e+02 3.316689537490316866e+02
2.865784749817601096e+02 3.317438470313575749e+02
2.855519767628130126e+02 3.318132843394607789e+02
2.845257989988921850e+02 3.318773806095050531e+02
2.834999806008964356e+02 3.319362498427293531e+02
2.824745575935473312e+02 3.319900049644646742e+02
2.814495630828517392e+02 3.320387577813734197e+02
2.804250271928056577e+02 3.320826187306223574e+02
2.794009752652522707e+02 3.321216936348507716e+02
2.783774290178893125e+02 3.321560840400015877e+02
2.773544911832868820e+02 3.321859115166885772e+02
2.763322877939876321e+02 3.322113398257978361e+02
2.753108328941695504e+02 3.322325488816182428e+02
2.742901248973316228e+02 3.322497123724788821e+02
2.732701587364348370e+02 3.322629990327173459e+02
2.722509262473852232e+02 3.322725755338418594e+02
2.712324162141142097e+02 3.322786064803927388e+02
2.702146143175301631e+02 3.322812530974811125e+02
2.691975028375866259e+02 3.322806672993371535e+02
2.681810611760104166e+02 3.322769963325617937e+02
2.671652651949385131e+02 3.322703848111525531e+02
2.661500905186719024e+02 3.322609757801683372e+02
2.651355087725009980e+02 3.322489083453427838e+02
2.641214878359380123e+02 3.322343120065086737e+02
2.631079939541646695e+02 3.322173123126166274e+02
2.620949910412937243e+02 3.321980324485484743e+02
2.610824400357395234e+02 3.321765927939763969e+02
2.600702999831549391e+02 3.321531086359337905e+02
2.590585295713894425e+02 3.321276878759884426e+02
2.580470826988631643e+02 3.321004344577087863e+02
2.570359120383621416e+02 3.320714497568668548e+02
2.560249681340083612e+02 3.320408310411758066e+02
2.550142019131259588e+02 3.320085678042776749e+02
2.540035699200520583e+02 3.319744749331747471e+02
2.529930296157595819e+02 3.319383456992542278e+02
2.519825534126216553e+02 3.318999751393977249e+02
2.509721141786776855e+02 3.318591565219674635e+02
2.499616864097160374e+02 3.318156765600323297e+02
2.489512421307908028e+02 3.317693093651153617e+02
2.479407880427547752e+02 3.317198418117703795e+02
2.469303031668134452e+02 3.316670475396790607e+02
2.459197835863733985e+02 3.316106975808234552e+02
2.449092439063020663e+02 3.315505692119473906e+02
2.438986736960691530e+02 3.314864224092588643e+02
2.428881062027697055e+02 3.314180313673102205e+02
2.418775429860790496e+02 3.313451539819939740e+02
2.408670160799827045e+02 3.312675536980578954e+02
2.398565566317213609e+02 3.311849938301528482e+02
2.388461891073006313e+02 3.310972287271755476e+02
2.378359592889311500e+02 3.310040159021572777e+02
2.368259157144203471e+02 3.309051122908310276e+02
2.358161048556526964e+02 3.308002696066154726e+02
2.348065831958510898e+02 3.306892414145097518e+02
2.337974129051956140e+02 3.305717803786932905e+02
2.327886621383852912e+02 3.304476370624463470e+02
2.317804051867518922e+02 3.303165599353115454e+02
2.307727224286542480e+02 3.301782965859679280e+02
2.297656990347745989e+02 3.300325964667647440e+02
2.287594167620229371e+02 3.298792005975277561e+02
2.277539963754029486e+02 3.297178648678830655e+02
2.267495254074117099e+02 3.295483263317800038e+02
2.257461191135940339e+02 3.293703266882009189e+02
2.247439001195262449e+02 3.291836117258830541e+02
2.237429968880762772e+02 3.289879263329895025e+02
2.227435261883639157e+02 3.287830000260310612e+02
2.217456518481763510e+02 3.285685786654000822e+02
2.207495147326702920e+02 3.283443950204719499e+02
2.197552732872154593e+02 3.281101828195637609e+02
2.187630969002491099e+02 3.278656741206996799e+02
2.177731648549338104e+02 3.276105988183498425e+02
2.167856531675292899e+02 3.273446741961442399e+02
2.158007856375292022e+02 3.270676347335634091e+02
2.148187568817462818e+02 3.267791915252076365e+02
2.138397952033828915e+02 3.264790606693206314e+02
2.128641323551242976e+02 3.261669498926819415e+02
2.118920326089784680e+02 3.258425757289986109e+02
2.109237539893026110e+02 3.255056330978562187e+02
2.099595850718850727e+02 3.251558140016364291e+02
2.089998316110190046e+02 3.247928092829818070e+02
2.080448102856428818e+02 3.244163026127277476e+02
2.070948523311968188e+02 3.240260087282769064e+02
2.061502033440538071e+02 3.236219289234318808e+02
2.052110412100573171e+02 3.232042034664207222e+02
2.042775499853444217e+02 3.227729633789629133e+02
2.033499271129889507e+02 3.223283350805957639e+02
2.024283752547823951e+02 3.218704376837612244e+02
2.015131009705764598e+02 3.213993867934251512e+02
2.006043007934067361e+02 3.209152725908487014e+02
1.997022091923446396e+02 3.204181961069766089e+02
1.988070414390726057e+02 3.199082241855645066e+02
1.979190408013000706e+02 3.193854242857986492e+02
1.970384561835016086e+02 3.188498625115514642e+02
1.961655408923149082e+02 3.183015872235531560e+02
1.953005611080627659e+02 3.177406262234260907e+02
1.944438056913914750e+02 3.171669949631152576e+02
1.935955800089172953e+02 3.165806976209344725e+02
1.927561969777444233e+02 3.159817206223119683e+02
1.919260003951475824e+02 3.153700458445870822e+02
1.911053405651165917e+02 3.147456137580152813e+02
1.902946075438492528e+02 3.141083534720477815e+02
1.894942196710002236e+02 3.134581821297624060e+02
1.887046102292504202e+02 3.127949767226319295e+02
1.879262626054201064e+02 3.121186116173319078e+02
1.871596858182035703e+02 3.114289228711733131e+02
1.864054325156152743e+02 3.107257157540967683e+02
1.856641090576879947e+02 3.100087896368333986e+02
1.849363580783362409e+02 3.092778968995705213e+02
1.842228852570627282e+02 3.085327851651685478e+02
1.835244435071335829e+02 3.077731493837826520e+02
1.828418614419731796e+02 3.069986979391483715e+02
1.821760205022354171e+02 3.062090895902439343e+02
1.815278809485199361e+02 3.054039961340235436e+02
1.808984651870186724e+02 3.045830555892513871e+02
1.802888754036466992e+02 3.037459211950023246e+02
1.797002851544677924e+02 3.028922385730729729e+02
1.791339544511286874e+02 3.020216770689962686e+02
1.785912149441015799e+02 3.011339305838920382e+02
1.780734566191737542e+02 3.002287556764901524e+02
1.775821172532273238e+02 2.993059509792811923e+02
1.771186717807225079e+02 2.983654213166001909e+02
1.766845990387800214e+02 2.974071837979469137e+02
1.762813680793740616e+02 2.964313393896939033e+02
1.759103936726742461e+02 2.954382061788284091e+02
1.755729990090735555e+02 2.944281942864278676e+02
