3.649149370540900463e+02 3.024820108808561372e+02
3.644132806393031956e+02 3.032839026724926157e+02
3.638946466114173859e+02 3.040729997422872088e+02
3.633589610299211472e+02 3.048497548011249023e+02
3.628062719169070647e+02 3.056144198648489692e+02
3.622366585008520588e+02 3.063672213834454396e+02
3.616502347800654320e+02 3.071083437670076250e+02
3.610471389302410330e+02 3.078379652136113123e+02
3.604275480115875894e+02 3.085562303496408276e+02
3.597916871178049405e+02 3.092632010167723706e+02
3.591397708663246817e+02 3.099589985733894082e+02
3.584720870107373685e+02 3.106436477861725507e+02
3.577889354788184733e+02 3.113171904663112173e+02
3.570906424064222620e+02 3.119796540127757112e+02
3.563775596014508551e+02 3.126310325898296014e+02
3.556500407444151506e+02 3.132713275192685387e+02
3.549084668368944904e+02 3.139004907757471301e+02
3.541531923709101761e+02 3.145184869024132013e+02
3.533846019745418516e+02 3.151252235905751036e+02
3.526030602064534492e+02 3.157206385423124857e+02
3.518089599654520043e+02 3.163046204820746539e+02
3.510026714925955957e+02 3.168770752516079483e+02
3.501845669601754594e+02 3.174378644571518180e+02
3.493550082375751913e+02 3.179868422049839296e+02
3.485143590721816054e+02 3.185238425827175206e+02
3.476629764006225969e+02 3.190487121738725023e+02
3.468012199215040710e+02 3.195612664350053365e+02
3.459294347577368285e+02 3.200613142812090928e+02
3.450479630732117471e+02 3.205486454666336726e+02
3.441571465416338924e+02 3.210230509633983047e+02
3.432573212006787458e+02 3.214843077935989299e+02
3.423488218837127874e+02 3.219321902483519011e+02
3.414319772226362488e+02 3.223664663143979396e+02
3.405071195418630623e+02 3.227869042578652170e+02
3.395745737072203951e+02 3.231932647874078839e+02
3.386346686762694276e+02 3.235853064778260659e+02
3.376877214156960463e+02 3.239627814010563043e+02
3.367340600600555263e+02 3.243254577444824349e+02
3.357740004657200075e+02 3.246731043394777885e+02
3.348078762560457449e+02 3.250054908481533289e+02
3.338360002280605272e+02 3.253223814189781820e+02
3.328586874069887358e+02 3.256235362561328657e+02
3.318762559400620376e+02 3.259087334520734771e+02
3.308890419413675090e+02 3.261777652576056425e+02
3.298973330631750400e+02 3.264304112016475301e+02
3.289014770579731817e+02 3.266664550400120106e+02
3.279017693970674827e+02 3.268856761132207680e+02
3.268985264269949766e+02 3.270878578180635827e+02
3.258920646358195654e+02 3.272727870251626996e+02
3.248827000687865620e+02 3.274402488854943840e+02
3.238707486482005038e+02 3.275900268378308624e+02
3.228565298013771780e+02 3.277219358966341929e+02
3.218403738536125047e+02 3.278361293065451605e+02
3.208226610361186886e+02 3.279329751422209256e+02
3.198036916794110311e+02 3.280128346130630348e+02
3.187838069135406727e+02 3.280760769276339488e+02
3.177632827039291783e+02 3.281230638676874491e+02
3.167423936827884177e+02 3.281541355811336871e+02
3.157214050517101214e+02 3.281696210953542163e+02
3.147005634900585278e+02 3.281698485925900286e+02
3.136800920008676599e+02 3.281551406171755616e+02
3.126602154370564222e+02 3.281258201588818224e+02
3.116411401939940333e+02 3.280822041332477852e+02
3.106230595465922306e+02 3.280246037813049043e+02
3.096061426556452147e+02 3.279533203526515877e+02
3.085905834690316283e+02 3.278686646748936937e+02
3.075765279229499356e+02 3.277709360177781264e+02
3.065641392666612433e+02 3.276604434271740729e+02
3.055535460850780396e+02 3.275374879338567098e+02
3.045449003410771525e+02 3.274023810275268147e+02
3.035383150943622468e+02 3.272554229254567986e+02
3.025339025033871962e+02 3.270969085322997216e+02
3.015317812973052014e+02 3.269271506201048396e+02
3.005320444383505674e+02 3.267464635242068880e+02
2.995347813404066528e+02 3.265551589319332493e+02
2.985400741815442984e+02 3.263535459624290525e+02
2.975479972371464896e+02 3.261419316245241475e+02
2.965586158650503421e+02 3.259206307764604844e+02
2.955719864622016075e+02 3.256899648550369193e+02
2.945881564223881242e+02 3.254502500255525206e+02
2.936071685501223669e+02 3.252018021605773583e+02
2.926290568730314590e+02 3.249449365808923744e+02
2.916538453719981021e+02 3.246799688550021301e+02
2.906815509557257542e+02 3.244072111878499527e+02
2.897121849325727112e+02 3.241269811266849956e+02
2.887457483185972364e+02 3.238395925452242068e+02
2.877822393159365788e+02 3.235453440350870551e+02
2.868216423477267654e+02 3.232445480136095171e+02
2.858639451592200658e+02 3.229374941458610238e+02
2.849091164973924037e+02 3.226244828396974071e+02
2.839571335527046472e+02 3.223057979292136679e+02
2.830079474009071419e+02 3.219817325656139815e+02
2.820615289195755508e+02 3.216525557393886174e+02
2.811178170968069026e+02 3.213185357505801107e+02
2.801767657580394939e+02 3.209799321657744144e+02
2.792383200142205624e+02 3.206369974510823795e+02
2.783024021544504194e+02 3.202899863781751719e+02
2.773689509237349284e+02 3.199391378903947043e+02
2.764379029766055851e+02 3.195846708756411090e+02
2.755091648103998523e+02 3.192268050151811849e+02
2.745826625699729675e+02 3.188657561643328222e+02
2.736583109936069036e+02 3.185017310235837158e+02
2.727360554952974212e+02 3.181348322791739065e+02
2.718158595732720073e+02 3.177650324644677653e+02
2.708977138353313308e+02 3.173922950773370530e+02
2.699816030003534024e+02 3.170165792597818495e+02
2.690675134039602199e+02 3.166378421755737236e+02
2.681554384423345141e+02 3.162560393524383926e+02
2.672453582677634927e+02 3.158711254795293257e+02
2.663372632087793477e+02 3.154830559021430076e+02
2.654311470330856082e+02 3.150917834877420773e+02
2.645270027548946814e+02 3.146972584136238993e+02
2.636248239081170368e+02 3.142994313621134665e+02
2.627246039043184282e+02 3.138982548213130030e+02
2.618263373231338846e+02 3.134936796380031865e+02
2.609300202820085133e+02 3.130856546986407807e+02
2.600356550160658458e+02 3.126741268754807948e+02
2.591432284775440849e+02 3.122590425348241752e+02
2.582527412335182362e+02 3.118403552861481671e+02
2.573641898824940881e+02 3.114180151277577693e+02
2.564775720627833380e+02 3.109919699925173404e+02
2.555928864484130543e+02 3.105621657777718951e+02
2.547101312310867343e+02 3.101285493975480563e+02
2.538293027110742628e+02 3.096910712518800892e+02
2.529503976846688715e+02 3.092496801101586357e+02
2.520734129591160695e+02 3.088043224465794765e+02
2.511982601785874465e+02 3.083549370854446465e+02
2.503247591825429765e+02 3.079014885097959677e+02
2.494528453035827056e+02 3.074440133722041537e+02
2.485824716495238533e+02 3.069825549073415232e+02
2.477135873190582345e+02 3.065171528183577152e+02
2.468461417789361292e+02 3.060478455481513151e+02
2.459800882647846549e+02 3.055746717840947326e+02
2.451153769633004913e+02 3.050976696730689355e+02
2.442519582680484120e+02 3.046168753915113712e+02
2.433897830125429209e+02 3.041323227692201385e+02
2.425288024873744064e+02 3.036440432780538003e+02
2.416689686367803631e+02 3.031520657483065406e+02
2.408102343319953604e+02 3.026564159964070768e+02
2.399525530369589035e+02 3.021571173690736600e+02
2.390958839008262373e+02 3.016541908303178161e+02
2.382401738268054316e+02 3.011476523824421179e+02
2.373853817157078367e+02 3.006375178875090910e+02
2.365314696894404278e+02 3.001237934981335798e+02
2.356784008372925427e+02 2.996064817968401712e+02
2.348261391218044025e+02 2.990855830547660048e+02
2.339746523955453199e+02 2.985610946014098772e+02
2.331239085785760494e+02 2.980330059913850960e+02
2.322738839676989642e+02 2.975012947595235460e+02
2.314245631610516512e+02 2.969659350814654317e+02
2.305759304034869501e+02 2.964268977069706352e+02
2.297279772045950779e+02 2.958841473799809023e+02
2.288807254072195576e+02 2.953376026657383591e+02
2.280343393664780933e+02 2.947870295016458613e+02
2.271890163456705807e+02 2.942321628570296639e+02
2.263449584844827029e+02 2.936727452047653628e+02
2.255023754104977627e+02 2.931085264525979142e+02
2.246614913873901003e+02 2.925392447622030545e+02
2.238225506383033405e+02 2.919646420388529577e+02
2.229858066028965027e+02 2.913844544945523580e+02
2.221515221758361065e+02 2.907984181589067703e+02
2.213199715432610901e+02 2.902062908870638012e+02
2.204914282266721273e+02 2.896078088041956562e+02
2.196661853787461780e+02 2.890027476186970148e+02
2.188445279972900153e+02 2.883908553471458731e+02
2.180267634168868085e+02 2.877719102608084540e+02
2.172131996421180986e+02 2.871456887338939623e+02
2.164041404878123274e+02 2.865119534012924873e+02
2.155999031626346039e+02 2.858705376993206073e+02
2.148007809934101431e+02 2.852212445030792196e+02
2.140070838240937690e+02 2.845638885009144019e+02
2.132191326285181958e+02 2.838982955051531007e+02
2.124372505736575363e+02 2.832243111841831933e+02
2.116617260409392713e+02 2.825417980678141134e+02
2.108928503872973010e+02 2.818506365381228420e+02
2.101309211855131025e+02 2.811507111966152479e+02
2.093762423187785373e+02 2.804419110364318612e+02
2.086291167045162069e+02 2.797241356093904301e+02
2.078898179609279850e+02 2.789973174418129247e+02
2.071586141018149476e+02 2.782614001223898867e+02
2.064357709702375701e+02 2.775163121292720803e+02
2.057215879153501419e+02 2.767620380323867266e+02
2.050163342092666880e+02 2.759985241656906965e+02
2.043202510792900739e+02 2.752257190917446223e+02
2.036336241643936660e+02 2.744436740362305613e+02
2.029566787961252885e+02 2.736523269516862342e+02
2.022897088935620218e+02 2.728517301910281390e+02
2.016329500190480815e+02 2.720418271378218833e+02
2.009866908979927302e+02 2.712226838944727660e+02
2.003511797503642811e+02 2.703943046347470727e+02
1.997266818020771382e+02 2.695567101274588140e+02
1.991134720393161501e+02 2.687099299971597475e+02
1.985118330102493758e+02 2.678539976299123282e+02
1.979220598549632086e+02 2.669889476903986747e+02
1.973444572958823642e+02 2.661148188370327148e+02
1.967793377685593441e+02 2.652316555636700173e+02
1.962270078529749071e+02 2.643394675003604561e+02
1.956878297607087518e+02 2.634383689487527249e+02
1.951621495193928695e+02 2.625283421892133902e+02
1.946503856394798788e+02 2.616094808837561345e+02
1.941529233773133285e+02 2.606817836069849363e+02
1.936701994730735805e+02 2.597453500756604967e+02
1.932026111384875549e+02 2.588002673855102103e+02
1.927503281686847743e+02 2.578467464431295753e+02
1.923134197616363394e+02 2.568850595717717624e+02
1.918919541882634405e+02 2.559154517824383674e+02
1.914860318021605963e+02 2.549382514168494254e+02
1.910957203884975399e+02 2.539536627328526208e+02
1.907211504594314704e+02 2.529619919564851216e+02
1.903624364989619551e+02 2.519634329592873030e+02
1.900197377655433399e+02 2.509582931924494460e+02
1.896931982377426777e+02 2.499468103603995246e+02
1.893829767276334621e+02 2.489292275100637255e+02
1.890892365698636013e+02 2.479058122013883008e+02
1.888121491544879973e+02 2.468768740388184426e+02
1.885518747004630882e+02 2.458425903650677640e+02
1.883086282787944867e+02 2.448033341392400928e+02
1.880825993533811129e+02 2.437593308782001600e+02
1.878739806146478486e+02 2.427108812343305999e+02
1.876829598773414602e+02 2.416582960822004509e+02
1.875097377889054542e+02 2.406018340673981868e+02
1.873545440381590765e+02 2.395418855543065320e+02
1.872176041534550848e+02 2.384786894427074344e+02
1.870991455397150673e+02 2.374126117594220773e+02
1.869993848942202987e+02 2.363439741916692469e+02
1.869185598129051584e+02 2.352731430366588086e+02
1.868569241949040816e+02 2.342004645120148325e+02
1.868147535347654582e+02 2.331262850893330381e+02
1.867923218810822732e+02 2.320509660559840484e+02
1.867899045226880901e+02 2.309749032687228407e+02
1.868077919309279196e+02 2.298985017267158923e+02
1.868462974580370997e+02 2.288221454394690682e+02
1.869057561020518961e+02 2.277462428333449509e+02
1.869865141971759783e+02 2.266712056232409225e+02
1.870889227582656815e+02 2.255974840207686327e+02
1.872133426403233898e+02 2.245255402599511854e+02
1.873601647214281627e+02 2.234557965007344649e+02
1.875297735506451033e+02 2.223887677099094446e+02
1.877225799407437705e+02 2.213249178422037744e+02
1.879389932829984957e+02 2.202647671888106515e+02
1.881794153575503969e+02 2.192088492323933338e+02
1.884442720581456001e+02 2.181576506533687052e+02
1.887339168463933845e+02 2.171118020886280817e+02
1.890487475999917990e+02 2.160718165160594992e+02
1.893891299226273190e+02 2.150382853701096622e+02
1.897553855474102420e+02 2.140118054294587466e+02
1.901477834736261627e+02 2.129929732642027034e+02
1.905665337894731124e+02 2.119823797899242095e+02
1.910118201448476043e+02 2.109806227558644025e+02
1.914837503113232628e+02 2.099883394039435416e+02
1.919813967784345436e+02 2.090069497125136593e+02
1.925034819238484545e+02 2.080373526454966679e+02
1.930490655120593431e+02 2.070795743964512781e+02
1.936175728985899696e+02 2.061338001279632408e+02
1.942087688201326614e+02 2.052004667223065439e+02
1.948223616521459007e+02 2.042800218863326336e+02
1.954579820346959025e+02 2.033729176685942264e+02
1.961151998109354793e+02 2.024795989716095050e+02
1.967935999086878951e+02 2.016004844109982628e+02
1.974926531449783909e+02 2.007360712961562683e+02
1.982118825122211092e+02 1.998867814515135422e+02
1.989507365615718015e+02 1.990530738728640188e+02
1.997086369638268764e+02 1.982353988334619999e+02
2.004849981460811534e+02 1.974341699213836989e+02
2.012792250914289127e+02 1.966497718302874205e+02
2.020906991360269558e+02 1.958825977846477713e+02
2.029187869544422540e+02 1.951330413840211691e+02
2.037629320953847412e+02 1.944014567829964335e+02
2.046224119847895793e+02 1.936882130305970691e+02
2.054966857847202562e+02 1.929935031814100057e+02
2.063850060509992659e+02 1.923176240432900670e+02
2.072867905739238665e+02 1.916607924610951272e+02
2.082014658238492473e+02 1.910232396387043536e+02
2.091283376692313709e+02 1.904051634940779252e+02
2.100668353717528589e+02 1.898065964834237320e+02
2.110162704590733540e+02 1.892276191916293726e+02
2.119760802213469901e+02 1.886682715985003540e+02
2.129456849664650520e+02 1.881286124409962497e+02
2.139245653630997879e+02 1.876086197141075615e+02
2.149120294733483263e+02 1.871082138512745132e+02
2.159076062964251719e+02 1.866272457299752148e+02
2.169107612044300026e+02 1.861656043722881861e+02
2.179209782299402320e+02 1.857231809715310646e+02
2.189377530356438513e+02 1.852998241699919220e+02
2.199605853818894445e+02 1.848953105267252397e+02
2.209891176297755919e+02 1.845093943610187637e+02
2.220227755154911904e+02 1.841418843014682238e+02
2.230612335125308334e+02 1.837925410762367449e+02
2.241040865691427939e+02 1.834611415983790721e+02
2.251509445662427709e+02 1.831474374778357515e+02
2.262014380680947738e+02 1.828511804180134277e+02
2.272552450491167519e+02 1.825721236748115928e+02
2.283120632065319171e+02 1.823100291407006353e+02
2.293715352812440358e+02 1.820646799610732103e+02
2.304334021594434887e+02 1.818358693103388362e+02
2.314974128969803360e+02 1.816234030683841070e+02
2.325632927466426167e+02 1.814270973283757939e+02
2.336307846967814612e+02 1.812467715302132660e+02
2.346996625768576905e+02 1.810822797026020510e+02
2.357696873653974023e+02 1.809335482595939197e+02
2.368406457331819865e+02 1.808005149145336929e+02
2.379124165582186095e+02 1.806831250912120197e+02
2.389846401534444453e+02 1.805813351504511957e+02
2.400572771595436166e+02 1.804950434096356275e+02
2.411299881392174029e+02 1.804240420018674342e+02
2.422026257322948481e+02 1.803681001604635412e+02
2.432750000884915664e+02 1.803269964134528891e+02
2.443469222636983602e+02 1.803005133138323686e+02
2.454182126388705569e+02 1.802884681013624117e+02
2.464887004704147273e+02 1.802907616722572186e+02
2.475582187070189377e+02 1.803073109623584287e+02
2.486266029893469636e+02 1.803380361736776649e+02
2.496937451905205592e+02 1.803828675250944400e+02
2.507594003385892165e+02 1.804417423544791177e+02
2.518234632330800764e+02 1.805146462743801408e+02
2.528857780250453686e+02 1.806015756889040631e+02
2.539461647470563150e+02 1.807025264299666105e+02
2.550044496309091073e+02 1.808174946543119574e+02
2.560605516825812060e+02 1.809464934315678875e+02
2.571141983153461865e+02 1.810895140669506702e+02
2.581652816063441946e+02 1.812465641714561002e+02
2.592136336428276309e+02 1.814176507201934783e+02
2.602590846494199468e+02 1.816027820777522948e+02
2.613014644715179884e+02 1.818019517740175957e+02
2.623406065462160655e+02 1.820151008185594037e+02
2.633763455261777153e+02 1.822421602346744294e+02
2.644085163261978551e+02 1.824830621681352056e+02
2.654369539578017907e+02 1.827377397868177979e+02
2.664614971191761015e+02 1.830060969165505753e+02
2.674819997338145185e+02 1.832879278791899367e+02
2.684983296098846495e+02 1.835830051810093551e+02
2.695103712313387518e+02 1.838911083002171551e+02
2.705179396754703021e+02 1.842119974528753517e+02
2.715209472963019834e+02 1.845454150120784789e+02
2.725193412527559644e+02 1.848909651337745572e+02
2.735129649354731782e+02 1.852481805331952387e+02
2.745018295051304449e+02 1.856166383363645309e+02
2.754858348991450612e+02 1.859958876117996169e+02
2.764649678189182964e+02 1.863854660931162641e+02
2.774392162617344297e+02 1.867847636522237451e+02
2.784086204781334573e+02 1.871931454302253144e+02
2.793731955746256403e+02 1.876099653880526716e+02
2.803330431202548993e+02 1.880346102340966752e+02
2.812881828803151052e+02 1.884664160359575931e+02
2.822387734751591779e+02 1.889046834375936896e+02
2.831849312166866639e+02 1.893486744190377351e+02
2.841268034051510085e+02 1.897976566676115340e+02
2.850645856371075411e+02 1.902509204262644573e+02
2.859984600218660944e+02 1.907077513923027823e+02
2.869286303859562395e+02 1.911674410025538009e+02
2.878553375756457626e+02 1.916292983555316027e+02
2.887788390202737787e+02 1.920926454466007272e+02
2.896993874700354468e+02 1.925567967909702816e+02
2.906172551675992963e+02 1.930211548099239565e+02
2.915325961779370232e+02 1.934855314595403399e+02
2.924455196079858865e+02 1.939498869587037859e+02
2.933561366114684574e+02 1.944141890417731702e+02
2.942645494961673194e+02 1.948783976162821716e+02
2.951708714786515202e+02 1.953424955015969999e+02
2.960751879515627252e+02 1.958065292333290017e+02
2.969775739975557372e+02 1.962705726006101656e+02
2.978781028265076998e+02 1.967347023878128880e+02
2.987768462097243969e+02 1.971990024112124331e+02
2.996738697066288637e+02 1.976635542215909425e+02
3.005692305336396544e+02 1.981284743364374208e+02
3.014629763510694147e+02 1.985938923314765816e+02
3.023551517046237223e+02 1.990599401846226328e+02
3.032457980950934484e+02 1.995267522286262363e+02
3.041349534433846884e+02 1.999944663057617333e+02
3.050226483772016763e+02 2.004632315679218664e+02
3.059089067824604058e+02 2.009332062013122311e+02
3.067937515350711806e+02 2.014045450658179277e+02
3.076772009484786849e+02 2.018774075270795834e+02
3.085592695555783962e+02 2.023519550818952268e+02
3.094399679582677436e+02 2.028283517619523764e+02
3.103193029350415486e+02 2.033067637580949736e+02
3.111972775642438478e+02 2.037873590475699928e+02
3.120738911872082326e+02 2.042703073386739447e+02
3.129491482023370281e+02 2.047557681683516080e+02
3.138230946587250401e+02 2.052438375114697635e+02
3.146957815885652963e+02 2.057345813091112916e+02
3.155672499961766562e+02 2.062280668360552056e+02
3.164375366436614172e+02 2.067243625000200211e+02
3.173066737067077270e+02 2.072235377813863124e+02
3.181746878217107337e+02 2.077256648024178105e+02
3.190416005591479234e+02 2.082308175121421812e+02
3.199074283086826540e+02 2.087390722854867988e+02
3.207721837929886988e+02 2.092505048248561366e+02
3.216358762276732932e+02 2.097651894216625976e+02
3.224985062885941147e+02 2.102832089355991059e+02
3.233600676311638153e+02 2.108046501248585116e+02
3.242205496074756184e+02 2.113296001359731235e+02
3.250799370636874528e+02 2.118581487163091026e+02
3.259382097545807255e+02 2.123903852905479539e+02
3.267953369579362288e+02 2.129264034725221393e+02
3.276512805716519665e+02 2.134663082714983204e+02
3.285059966462653733e+02 2.140102036913141035e+02
3.293594376066263862e+02 2.145581997354698274e+02
3.302115469182373886e+02 2.151103956060531743e+02
3.310622584847969279e+02 2.156669052403364333e+02
3.319114951201440817e+02 2.162278540206240791e+02
3.327591762933093946e+02 2.167933773072761312e+02
3.336052039333785046e+02 2.173635822016288159e+02
3.344494859445729844e+02 2.179385993679409808e+02
3.352918497347027937e+02 2.185186544941985574e+02
3.361320359363301122e+02 2.191040106514462877e+02
3.369697887552642328e+02 2.196949434544246174e+02
3.378048507210770595e+02 2.202917455894990724e+02
3.386369211365440606e+02 2.208946462347987278e+02
3.394657435830397390e+02 2.215039284467724485e+02
3.402910188064339536e+02 2.221198092760789962e+02
3.411124680490245282e+02 2.227425380828722723e+02
3.419297838277193478e+02 2.233723311482350766e+02
3.427426694851242246e+02 2.240094248411532760e+02
3.435508130363662644e+02 2.246539957387897744e+02
3.443539517862626553e+02 2.253062618171644260e+02
3.451517584699636245e+02 2.259663496821767410e+02
3.459439555737458249e+02 2.266344573005497978e+02
3.467302347486647704e+02 2.273107519587527747e+02
3.475102882653162624e+02 2.279953431397181021e+02
3.482838577185369218e+02 2.286883553578512078e+02
3.490506674863163994e+02 2.293898953754817001e+02
3.498104378225328901e+02 2.301000704207011438e+02
3.505628678344785953e+02 2.308189544307467997e+02
3.513076981743662941e+02 2.315466301754686071e+02
3.520446813619889213e+02 2.322831429402690446e+02
3.527735666506636107e+02 2.330285337341928766e+02
3.534940984954583882e+02 2.337828403521332632e+02
3.542060169436767296e+02 2.345460968195959026e+02
3.549090774516159854e+02 2.353183272691603065e+02
3.556030494917445708e+02 2.360995357059926789e+02
3.562876855416226931e+02 2.368896952462296497e+02
3.569627545485603832e+02 2.376888083663924647e+02
3.576280280645729590e+02 2.384968970258776437e+02
3.582832374437162457e+02 2.393139003165015595e+02
3.589281603153175411e+02 2.401398175711192096e+02
3.595625505274661577e+02 2.409746162462994903e+02
3.601861621526962267e+02 2.418182709273457363e+02
3.607987286874920301e+02 2.426707207279656870e+02
3.614000040797096744e+02 2.435319707655342540e+02
3.619896940397298408e+02 2.444019727629493559e+02
3.625675026126490366e+02 2.452806772139123836e+02
3.631331408094242192e+02 2.461680573820326856e+02
3.636863026159276160e+02 2.470640656152673955e+02
3.642266544680616107e+02 2.479686595261126456e+02
3.647538256651235997e+02 2.488818137245429796e+02
3.652674376184012885e+02 2.498035104707437029e+02
3.657670738484168282e+02 2.507336504363443055e+02
3.662523528138975166e+02 2.516722264594885985e+02
3.667228103863050706e+02 2.526191726677802478e+02
3.671779185397755327e+02 2.535744735521851396e+02
3.676171156983073729e+02 2.545380606017563991e+02
3.680398481770340027e+02 2.555099017394498162e+02
3.684455346762906061e+02 2.564899138578738871e+02
3.688337023956572125e+02 2.574779365045682766e+02
3.692040911347589827e+02 2.584736924177471451e+02
3.695564571310720794e+02 2.594768840817219484e+02
3.698905512366285393e+02 2.604872134699434696e+02
3.702061217949583352e+02 2.615044104026218861e+02
3.705028796009083294e+02 2.625280785871087232e+02
3.707805681687411266e+02 2.635579262957140827e+02
3.710389039563218034e+02 2.645936108869991585e+02
3.712775868448403571e+02 2.656347430007816683e+02
3.714963172440928929e+02 2.666809596060128911e+02
3.716948020209467245e+02 2.677318274969534286e+02
3.718728037845955328e+02 2.687868994235955711e+02
3.720300868531813308e+02 2.698457782893124204e+02
3.721663809651426504e+02 2.709078921547850882e+02
3.722814347204328556e+02 2.719727904673104604e+02
3.723750131901357463e+02 2.730399312385523558e+02
3.724469738576494819e+02 2.741087261895367533e+02
3.724971830030040678e+02 2.751785802486744501e+02
3.725254970865796622e+02 2.762488871573744973e+02
3.725317659061742006e+02 2.773189834169211281e+02
3.725158782845542191e+02 2.783882097427936060e+02
3.724778208093514991e+02 2.794558641303610784e+02
3.724175960503731631e+02 2.805212143972963759e+02
3.723351984676195343e+02 2.815835518135522761e+02
3.722306346957034862e+02 2.826420717725677036e+02
3.721039292449069080e+02 2.836960405792913775e+02
3.719551732767448584e+02 2.847446573915050294e+02
3.717844810568063281e+02 2.857871134399942434e+02
3.715919805906592615e+02 2.868225968052096277e+02
3.713777934998091723e+02 2.878503176568715958e+02
3.711420787337979732e+02 2.888694311380795625e+02
3.708850044404667869e+02 2.898791339760488768e+02
3.706067599374484303e+02 2.908786149185836507e+02
3.703075554799868314e+02 2.918670737672809992e+02
3.699876421226558705e+02 2.928437234751386313e+02
3.696472680789805736e+02 2.938078066895259326e+02
3.692866405251261881e+02 2.947585778286921254e+02
3.689059920566551796e+02 2.956953238176118930e+02
3.685055975942912028e+02 2.966173781860414351e+02
3.680857574714969473e+02 2.975241131496489402e+02
3.676468325453240027e+02 2.984150006902401060e+02
3.671892097283894145e+02 2.992895608472581443e+02
3.667133080191329100e+02 3.001474154620519812e+02
3.662195816046244659e+02 3.009883105704424793e+02
3.657085067835021732e+02 3.018120879231487947e+02
