3.648784363044493944e+02 3.024632256342908363e+02
3.643762102477888334e+02 3.032631866887469982e+02
3.638572913188311304e+02 3.040504230412022366e+02
3.633215834490953284e+02 3.048254151908995482e+02
3.627691137346404844e+02 3.055884359661089320e+02
3.621999397865404831e+02 3.063397299027147938e+02
3.616141538589478159e+02 3.070794964496667490e+02
3.610118720343168093e+02 3.078079265421150126e+02
3.603932497006177869e+02 3.085251746625090163e+02
3.597584917952027013e+02 3.092313089340227634e+02
3.591077919595552999e+02 3.099264563736713285e+02
3.584414196678208668e+02 3.106106437835846350e+02
3.577596578891499348e+02 3.112839147690220329e+02
3.570628171224443008e+02 3.119462971511216551e+02
3.563512349803735333e+02 3.125977837710137237e+02
3.556252515177765190e+02 3.132383738157279822e+02
3.548852358966324800e+02 3.138680152681606614e+02
3.541315302068144319e+02 3.144866676894816919e+02
3.533645087293775191e+02 3.150942318806245908e+02
3.525845256106344436e+02 3.156906387486802714e+02
3.517919655591207970e+02 3.162757688855116953e+02
3.509871904858689504e+02 3.168495199401386344e+02
3.501705650392087250e+02 3.174117432888165808e+02
3.493424439655464084e+02 3.179622821740207428e+02
3.485031851253618242e+02 3.185009593744941867e+02
3.476531398220324149e+02 3.190276102519184178e+02
3.467926635729824625e+02 3.195420383711944510e+02
3.459220970498583370e+02 3.200440399254195540e+02
3.450417788429541019e+02 3.205333913214467429e+02
3.441520475303786384e+02 3.210098702117581979e+02
3.432532369582548881e+02 3.214732401623270448e+02
3.423456802169399111e+02 3.219232620794168724e+02
3.414297048848064833e+02 3.223596906392412507e+02
3.405056426527047506e+02 3.227822809103270743e+02
3.395738183071119352e+02 3.231907804258446504e+02
3.386345611457942937e+02 3.235849346538766440e+02
3.376881889597001987e+02 3.239644827612207791e+02
3.367350313627760556e+02 3.243291811991820168e+02
3.357754060962768676e+02 3.246787876722679584e+02
3.348096490153130844e+02 3.250130608024863932e+02
3.338380753320338385e+02 3.253317538200702757e+02
3.328610027686526678e+02 3.256346162602625895e+02
3.318787526447214873e+02 3.259214169185821675e+02
3.308916646677292306e+02 3.261919394764146887e+02
3.299000298406091929e+02 3.264459550831850834e+02
3.289041999068319342e+02 3.266832391310182402e+02
3.279044740149323047e+02 3.269035628317161581e+02
3.269011725525124916e+02 3.271067019835300584e+02
3.258946161830896813e+02 3.272924362139036134e+02
3.248851252177418587e+02 3.274605435348073001e+02
3.238730199341727598e+02 3.276108003445368695e+02
3.228586242768253669e+02 3.277430154388632673e+02
3.218422736404965576e+02 3.278573435387115751e+02
3.208243539248425691e+02 3.279541587816274841e+02
3.198051701622165979e+02 3.280338286717804408e+02
3.187850684098598890e+02 3.280967287711034714e+02
3.177643287490250259e+02 3.281432272636226344e+02
3.167432297264350609e+02 3.281736698442770717e+02
3.157220402156178807e+02 3.281883905601653737e+02
3.147010102770880167e+02 3.281877226688081350e+02
3.136803659725484295e+02 3.281719938470709508e+02
3.126603351142052247e+02 3.281415322575329583e+02
3.116411267822582545e+02 3.280966599651935667e+02
3.106229367167279065e+02 3.280376933504317094e+02
3.096059362626173197e+02 3.279649388323595645e+02
3.085903215946422620e+02 3.278787124396574200e+02
3.075762404460237462e+02 3.277793186987435661e+02
3.065638578209400293e+02 3.276670724444956591e+02
3.055533037343337242e+02 3.275422808940755317e+02
3.045447315043506364e+02 3.274052617505986404e+02
3.035382552490145258e+02 3.272563214484175091e+02
3.025339880475852397e+02 3.270957611623620664e+02
3.015320492966851020e+02 3.269239006820882310e+02
3.005325323625306169e+02 3.267410619685024926e+02
2.995355268506863808e+02 3.265475643450406551e+02
2.985411149153904375e+02 3.263437245552385662e+02
2.975493705938092148e+02 3.261298572472949786e+02
2.965603587287399705e+02 3.259062854633326083e+02
2.955741349150954989e+02 3.256733392996857788e+02
2.945907455556185823e+02 3.254313435757175057e+02
2.936102321540670914e+02 3.251806227751956726e+02
2.926326271852676655e+02 3.249215007933188417e+02
2.916579529220252311e+02 3.246543018352358558e+02
2.906862244414217571e+02 3.243793468059183169e+02
2.897174506335762771e+02 3.240969618498046998e+02
2.887516300513096894e+02 3.238074694128444548e+02
2.877887586372999067e+02 3.235111766665847881e+02
2.868288173493213549e+02 3.232084039233820931e+02
2.858717916717989738e+02 3.228994484925555639e+02
2.849176466209174805e+02 3.225846180914982142e+02
2.839663566777771280e+02 3.222642040502969394e+02
2.830178687036811311e+02 3.219385066406892975e+02
2.820721507981788250e+02 3.216078015232358780e+02
2.811291376655131558e+02 3.212723624558813071e+02
2.801887798445104636e+02 3.209324546175241153e+02
2.792510187359558813e+02 3.205883359571730011e+02
2.783157721166677447e+02 3.202402664635741303e+02
2.773829750965375069e+02 3.198884897724892085e+02
2.764525606775600863e+02 3.195332285583018574e+02
2.755244307404724395e+02 3.191747059214901583e+02
2.745985076388662378e+02 3.188131413239774474e+02
2.736747019411911879e+02 3.184487447902658914e+02
2.727529564499874937e+02 3.180816173998884437e+02
2.718332335389431478e+02 3.177117234010265747e+02
2.709155237855133578e+02 3.173390178192871645e+02
2.699998118447208526e+02 3.169634512751445072e+02
2.690860842133194524e+02 3.165849724542205763e+02
2.681743346818942655e+02 3.162035288684981538e+02
2.672645434453623920e+02 3.158190676298588642e+02
2.663567013148069691e+02 3.154315366733416113e+02
2.654508027742089666e+02 3.150408815117890526e+02
2.645468416847971298e+02 3.146470449939832861e+02
2.636448125031951690e+02 3.142499708205598381e+02
2.627447095602179274e+02 3.138496050078188091e+02
2.618465285113405798e+02 3.134458920159925128e+02
2.609502667270455163e+02 3.130387743956901545e+02
2.600559279568656166e+02 3.126281927779803027e+02
2.591635004490641450e+02 3.122140874109722972e+02
2.582729863989107457e+02 3.117964063157759256e+02
2.573843840661988907e+02 3.113750939427845310e+02
2.564976929085038932e+02 3.109500927363177425e+02
2.556129135776747319e+02 3.105213431691901178e+02
2.547300463673633431e+02 3.100887868696586906e+02
2.538490897720142812e+02 3.096523691521712180e+02
2.529700429302763496e+02 3.092120337867567628e+02
2.520929051357241519e+02 3.087677223184489890e+02
2.512175893998158358e+02 3.083193680291239502e+02
2.503439161187848754e+02 3.078669293056259448e+02
2.494718237077603646e+02 3.074104379400729385e+02
2.486012688269482851e+02 3.069499325699023302e+02
2.477322041957942815e+02 3.064854483607124962e+02
2.468645830462625952e+02 3.060170193220788519e+02
2.459983626349236090e+02 3.055446797504319534e+02
2.451334973991128265e+02 3.050684632787030068e+02
2.442699421356363132e+02 3.045884016540662742e+02
2.434076522138922201e+02 3.041045243908739621e+02
2.425465835897637419e+02 3.036168587603520450e+02
2.416866930634426183e+02 3.031254294113818446e+02
2.408279386418300305e+02 3.026302578716152425e+02
2.399702790767412921e+02 3.021313632928934112e+02
2.391136790076018599e+02 3.016287626251478855e+02
2.382580907449602705e+02 3.011224678424026706e+02
2.374034789147939932e+02 3.006124910158546868e+02
2.365498114849038700e+02 3.000988345672417950e+02
2.356970575042276153e+02 2.995814974697232742e+02
2.348451870124210643e+02 2.990604765247684327e+02
2.339941741127039450e+02 2.985357657792504256e+02
2.331439928685967402e+02 2.980073517295098782e+02
2.322946254433487070e+02 2.974752093903503010e+02
2.314460624834848090e+02 2.969393107432036913e+02
2.305982943049412768e+02 2.963996244283847545e+02
2.297513187626092588e+02 2.958561133772234939e+02
2.289051607923831000e+02 2.953086973358514911e+02
2.280599797630233354e+02 2.947571539404505074e+02
2.272159659607367530e+02 2.942012315358149976e+02
2.263733139083121557e+02 2.936406854808352591e+02
2.255322253088700961e+02 2.930752783488031810e+02
2.246929164377258701e+02 2.925047613063876497e+02
2.238556219098925339e+02 2.919288889983736794e+02
2.230205855813064204e+02 2.913474106695423984e+02
2.221880604361147107e+02 2.907600751184915566e+02
2.213583098556910613e+02 2.901666521473098896e+02
2.205315972849382717e+02 2.895668902729366323e+02
2.197082048615135079e+02 2.889605757010514253e+02
2.188884074785677001e+02 2.883474676137433903e+02
2.180725012258448317e+02 2.877273543169125674e+02
2.172607828881222645e+02 2.871000222281844003e+02
2.164535457003145495e+02 2.864652438414745461e+02
2.156510965339523977e+02 2.858228592791710980e+02
2.148537196882028013e+02 2.851726785963300586e+02
2.140617154798556498e+02 2.845145231111685575e+02
2.132753950009169159e+02 2.838482248462878488e+02
2.124950717480262767e+02 2.831736347844677084e+02
2.117210269987817242e+02 2.824906188275384693e+02
2.109535453853943636e+02 2.817990597986045600e+02
2.101929176489275903e+02 2.810988445632119124e+02
2.094394407337801454e+02 2.803898641953783795e+02
2.086934109590122546e+02 2.796720197751425303e+02
2.079550974103264878e+02 2.789452434495281068e+02
2.072247641930951829e+02 2.782094778131421435e+02
2.065026734736454728e+02 2.774646505797035729e+02
2.057891200982143687e+02 2.767107444159105967e+02
2.050843697786678490e+02 2.759477044511574491e+02
2.043886614985698884e+02 2.751754774367098548e+02
2.037022777524921082e+02 2.743941107212581869e+02
2.030254423355928282e+02 2.736035404790698067e+02
2.023584461532648504e+02 2.728038151486977654e+02
2.017015231261158874e+02 2.719948761851515542e+02
2.010549585761438323e+02 2.711767859976268937e+02
2.004189980223238479e+02 2.703495462758098142e+02
1.997939037855111053e+02 2.695131749014904017e+02
1.991799478721377739e+02 2.686676983784435038e+02
1.985774095270035104e+02 2.678131470117647268e+02
1.979865785897171975e+02 2.669495534178257685e+02
1.974077536422175285e+02 2.660769544140663925e+02
1.968412408982199793e+02 2.651953923535703552e+02
1.962873409299189404e+02 2.643048749170278029e+02
1.957464085141217822e+02 2.634055131285552420e+02
1.952187789723760432e+02 2.624972894606266891e+02
1.947048573963405431e+02 2.615802967529384091e+02
1.942050160969900503e+02 2.606545333444909147e+02
1.937196780894774975e+02 2.597200969371785391e+02
1.932492277110696932e+02 2.587770719508619663e+02
1.927938277689224833e+02 2.578256629234985553e+02
1.923535432108494945e+02 2.568661338326231771e+02
1.919284381783987783e+02 2.558987210326824027e+02
1.915186086301491457e+02 2.549237430418445172e+02
1.911241184570326368e+02 2.539413946268656730e+02
1.907450943303375084e+02 2.529519710102264582e+02
1.903816474130157417e+02 2.519556549758405879e+02
1.900339335045167957e+02 2.509527416417732582e+02
1.897020933997416137e+02 2.499434560193959953e+02
1.893862831528838626e+02 2.489280274953672745e+02
1.890866664279268718e+02 2.479067080766060940e+02
1.888034168577760568e+02 2.468797906401771627e+02
1.885366971908237872e+02 2.458474348898450330e+02
1.882867255418258878e+02 2.448099957963335100e+02
1.880536951646752755e+02 2.437676795886858656e+02
1.878378076497626523e+02 2.427207657459997279e+02
1.876392630861298869e+02 2.416695427472830886e+02
1.874582750327165286e+02 2.406142457846597438e+02
1.872950872674884977e+02 2.395552427284825967e+02
1.871499402464447996e+02 2.384927475122610758e+02
1.870230822247408753e+02 2.374271013537380668e+02
1.869147546934984518e+02 2.363585996788599743e+02
1.868252215297057717e+02 2.352875834262169690e+02
1.867547642106931107e+02 2.342143731966928897e+02
1.867036875206541993e+02 2.331392898843499211e+02
1.866722995514847412e+02 2.320626693528358544e+02
1.866609136530570652e+02 2.309848835562663965e+02
1.866698602313097979e+02 2.299063151362646238e+02
1.866994944055716132e+02 2.288273262536952188e+02
1.867501950524626864e+02 2.277483058827852744e+02
1.868223555992373406e+02 2.266696481698384673e+02
1.869163770735802643e+02 2.255917899991674744e+02
1.870326722334182818e+02 2.245151840228046183e+02
1.871716858534113044e+02 2.234402437108313961e+02
1.873338577303422881e+02 2.223674848030659064e+02
1.875196557144931830e+02 2.212973732962418580e+02
1.877295470408378719e+02 2.202304403198089631e+02
1.879639916157298671e+02 2.191672371687902512e+02
1.882234742346202268e+02 2.181082707366387297e+02
1.885084039496872776e+02 2.170542110822656809e+02
1.888192350316872989e+02 2.160056085087358895e+02
1.891563856991708690e+02 2.149631064089053893e+02
1.895202258926973968e+02 2.139273631320806146e+02
1.899110671327017883e+02 2.128990464062820820e+02
1.903291551250678708e+02 2.118788276407324815e+02
1.907747024049927518e+02 2.108673945405736276e+02
1.912478354740261466e+02 2.098654871042010086e+02
1.917475806127480098e+02 2.088747300197022696e+02
1.922726039654972681e+02 2.078962000908718153e+02
1.928219355530213193e+02 2.069300244495233301e+02
1.933949473102034062e+02 2.059764709098605806e+02
1.939913286232521727e+02 2.050360379481385849e+02
1.946107115756512087e+02 2.041092236364607970e+02
1.952526509770166285e+02 2.031965210013237595e+02
1.959166427644804003e+02 2.022984061129742202e+02
1.966021993035331548e+02 2.014153122184459903e+02
1.973087121431840671e+02 2.005477437736011268e+02
1.980356355876677981e+02 1.996961153785826752e+02
1.987823516561183510e+02 1.988608751130739449e+02
1.995482208359832157e+02 1.980424560309223807e+02
2.003325995763107699e+02 1.972412438025473591e+02
2.011348370205855076e+02 1.964575847671367228e+02
2.019542632945067453e+02 1.956918303006580118e+02
2.027901990714200906e+02 1.949443291305454693e+02
2.036420505647849666e+02 1.942153856160036867e+02
2.045090562754317887e+02 1.935053198525239964e+02
2.053906491336361739e+02 1.928142672592562121e+02
2.062860508888777531e+02 1.921424713303425449e+02
2.071946586351667179e+02 1.914900910828735903e+02
2.081158812260291313e+02 1.908572999844065237e+02
2.090490088084233946e+02 1.902442428701431538e+02
2.099934648532936592e+02 1.896509014245730214e+02
2.109485533358212308e+02 1.890773082795286371e+02
2.119137090280313203e+02 1.885234544574170741e+02
2.128883504886819367e+02 1.879893508682438323e+02
2.138719619342301144e+02 1.874749330508820435e+02
2.148638559642887174e+02 1.869800894997327134e+02
2.158635712869934764e+02 1.865046390465310537e+02
2.168705813954838959e+02 1.860484403507355751e+02
2.178843788718720305e+02 1.856113550948282978e+02
2.189044699346383993e+02 1.851932078853818950e+02
2.199303675014866997e+02 1.847937600606595652e+02
2.209617286195667702e+02 1.844127518738861795e+02
2.219979899002200909e+02 1.840499796900593878e+02
2.230388395495372720e+02 1.837051917976365871e+02
2.240838852045737042e+02 1.833781565625581607e+02
2.251327502257202298e+02 1.830686228358189567e+02
2.261850781444859706e+02 1.827763407357226697e+02
2.272405595219213126e+02 1.825010624529295740e+02
2.282989039792452672e+02 1.822425493653133515e+02
2.293597651106509261e+02 1.820005856540414584e+02
2.304228951067563003e+02 1.817749677016931571e+02
2.314880536055706557e+02 1.815655052581104201e+02
2.325549755180640261e+02 1.813720187100186081e+02
2.336234129552242109e+02 1.811943321111916134e+02
2.346931483857155172e+02 1.810323042122851405e+02
2.357639506538302214e+02 1.808858660624225649e+02
2.368356139269359915e+02 1.807549601836915940e+02
2.379080245816358570e+02 1.806395369807423776e+02
2.389808286261448700e+02 1.805395581423039175e+02
2.400539938800348523e+02 1.804549292456543981e+02
2.411271863586720485e+02 1.803854545334242800e+02
2.422002645309468392e+02 1.803309160721902629e+02
2.432730434766262420e+02 1.802911053884884609e+02
2.443453385442751653e+02 1.802658181533312529e+02
2.454169737793904176e+02 1.802548834638736821e+02
2.464877814922567154e+02 1.802582106692531738e+02
2.475575972978844277e+02 1.802757246755802214e+02
2.486262591570680911e+02 1.803073537123669610e+02
2.496936611360854954e+02 1.803530360728603625e+02
2.507595595897044234e+02 1.804127167045979832e+02
2.518238509076749096e+02 1.804863874384001292e+02
2.528863803920141038e+02 1.805740506788044399e+02
2.539469689104484758e+02 1.806757082758956301e+02
2.550054433343955793e+02 1.807913624178724490e+02
2.560617234317127213e+02 1.809210320064211430e+02
2.571155365325863045e+02 1.810647134768050819e+02
2.581667750432028470e+02 1.812224194670888835e+02
2.592152709988808965e+02 1.813941619701274988e+02
2.602608544009900697e+02 1.815799543632293478e+02
2.613033547130474403e+02 1.817797950753684688e+02
2.623426048611086117e+02 1.819936296527457102e+02
2.633784388453124166e+02 1.822213935687684625e+02
2.644106907831539957e+02 1.824630234032769067e+02
2.654391947456934986e+02 1.827184567393986185e+02
2.664637883661260958e+02 1.829876016575707354e+02
2.674843244333821417e+02 1.832702562029397200e+02
2.685006695364023130e+02 1.835661964677545654e+02
2.695127068579422485e+02 1.838752054956917448e+02
2.705202498467715486e+02 1.841970470088054981e+02
2.715232094009297725e+02 1.845314666665022685e+02
2.725215312697170589e+02 1.848780709838716518e+02
2.735150570809399824e+02 1.852363947290810700e+02
2.745037965605142176e+02 1.856060171190252959e+02
2.754876478356925418e+02 1.859864892291682850e+02
2.764665959380307640e+02 1.863773505418955381e+02
2.774406272740670829e+02 1.867779915159997870e+02
2.784097805873013272e+02 1.871877775576544707e+02
2.793740693877476247e+02 1.876060628520327498e+02
2.803335937048873916e+02 1.880322343215880210e+02
2.812883716757440880e+02 1.884656280367269119e+02
2.822385605331150487e+02 1.889055438678904295e+02
2.831842752168469133e+02 1.893512427585614546e+02
2.841256616861870725e+02 1.898019913422360219e+02
2.850629141559460322e+02 1.902570787720069916e+02
2.859962133799585331e+02 1.907157896759186144e+02
2.869257618038162718e+02 1.911774145994081664e+02
2.878517988056368040e+02 1.916412617674143348e+02
2.887745802956673629e+02 1.921066522577179967e+02
2.896943576723064098e+02 1.925728996894451370e+02
2.906114019784093330e+02 1.930394046118179006e+02
2.915258678183701022e+02 1.935059718698031759e+02
2.924378656497906377e+02 1.939725527382736061e+02
2.933475081525236305e+02 1.944391060349703935e+02
2.942548996628391365e+02 1.949055828984974141e+02
2.951601553203794879e+02 1.953719574945740192e+02
2.960633624148079548e+02 1.958382687669066229e+02
2.969645979882830602e+02 1.963045833460722349e+02
2.978639374052302742e+02 1.967709709163613923e+02
2.987614546477815907e+02 1.972375081997331563e+02
2.996572180537361305e+02 1.977042699915874948e+02
3.005512870969714072e+02 1.981713667202733120e+02
3.014437118577275783e+02 1.986389223056865490e+02
3.023345394703662237e+02 1.991070631367711599e+02
3.032238141916660084e+02 1.995759180258249614e+02
3.041115768549840368e+02 2.000456193954242679e+02
3.049978610713748708e+02 2.005163112674551371e+02
3.058826936601167290e+02 2.009881467948270029e+02
3.067661010817470810e+02 2.014612761177154994e+02
3.076481049372937946e+02 2.019358537521381436e+02
3.085287233620214806e+02 2.024120364709958153e+02
3.094079708643390632e+02 2.028899834452735718e+02
3.102858583732108855e+02 2.033698559930548697e+02
3.111623933041348096e+02 2.038518173345393620e+02
3.120375795236487875e+02 2.043360325441618102e+02
3.129114271471743223e+02 2.048226571528267641e+02
3.137839928039283564e+02 2.053117853654083547e+02
3.146553355333101081e+02 2.058034797757549370e+02
3.155255021975308978e+02 2.062978031759070348e+02
3.163945357399233558e+02 2.067948197392907161e+02
3.172624746689501194e+02 2.072945948104978982e+02
3.181293523510742034e+02 2.077971960858281193e+02
3.189951973862338832e+02 2.083026929850143176e+02
3.198600331989858319e+02 2.088111574201825249e+02
3.207238799219937846e+02 2.093226609455682308e+02
3.215867544058165777e+02 2.098372739248081587e+02
3.224486647937677617e+02 2.103550751390029347e+02
3.233096125335973170e+02 2.108761474892952492e+02
3.241695948976316686e+02 2.114005744349606744e+02
3.250286046333684453e+02 2.119284421040273685e+02
3.258866296941371843e+02 2.124598366609659763e+02
3.267436475268435743e+02 2.129948493288744373e+02
3.275996275106123790e+02 2.135335828668719671e+02
3.284545334753096881e+02 2.140761393540377355e+02
3.293083254284797476e+02 2.146226268073241954e+02
3.301609551411480652e+02 2.151731432562797011e+02
3.310123633847265978e+02 2.157278026035658343e+02
3.318624789426543202e+02 2.162867312239672515e+02
3.327112269783204965e+02 2.168500653764945412e+02
3.335585162599190312e+02 2.174179141290488815e+02
3.344042600407130976e+02 2.179904098886051997e+02
3.352482833295221667e+02 2.185677887556786629e+02
3.360903186767801003e+02 2.191503319479860181e+02
3.369301008515727176e+02 2.197383325088427739e+02
3.377673621363753114e+02 2.203320998951003844e+02
3.386017923594082504e+02 2.209318809069943654e+02
3.394331231756723355e+02 2.215379750627820954e+02
3.402610435941110723e+02 2.221506170430413363e+02
3.410852619523567455e+02 2.227700728133000325e+02
3.419054578322927682e+02 2.233965752759912391e+02
3.427213209195694503e+02 2.240303766782559478e+02
3.435325262530939199e+02 2.246716686748950451e+02
3.443387980447487848e+02 2.253206827529194811e+02
3.451397961489545878e+02 2.259775592060280758e+02
3.459352293453059133e+02 2.266425088334755742e+02
3.467247755000340703e+02 2.273157115183529129e+02
3.475081146538515213e+02 2.279972872998239950e+02
3.482849777629213008e+02 2.286873690829593500e+02
3.490550784730355645e+02 2.293860717141354826e+02
3.498181260899968379e+02 2.300935102388479265e+02
3.505738085708092058e+02 2.308097659938701725e+02
3.513218575163610353e+02 2.315349270414706098e+02
3.520620187900083238e+02 2.322690416228136314e+02
3.527940350326967973e+02 2.330121534385078803e+02
3.535176439968118416e+02 2.337643028212290517e+02
3.542325789922500121e+02 2.345255261327542087e+02
3.549385905756896591e+02 2.352958482829874924e+02
3.556354455954962646e+02 2.360752722089804365e+02
3.563228939074330128e+02 2.368637696173455538e+02
3.570007020329752550e+02 2.376613417834580844e+02
3.576686392764010520e+02 2.384680096129453659e+02
3.583264353860253095e+02 2.392837096957640881e+02
3.589738683211446073e+02 2.401084384841548740e+02
3.596106922388800058e+02 2.409421602729752294e+02
3.602366616576083516e+02 2.417848466410946173e+02
3.608515103715024566e+02 2.426364334194548462e+02
3.614549932865107280e+02 2.434969230936097802e+02
3.620468169491113031e+02 2.443662640857812960e+02
3.626266863545615138e+02 2.452444036845623714e+02
3.631943137301394131e+02 2.461313123425686626e+02
3.637493942131944209e+02 2.470269394961283353e+02
3.642915946819062469e+02 2.479312403611932041e+02
3.648205437685379593e+02 2.488441879560655252e+02
3.653358622315294610e+02 2.497657632017956075e+02
3.658371324407647194e+02 2.506958645087175910e+02
3.663239724303166440e+02 2.516344838113754463e+02
3.667959151566877836e+02 2.525815544486762292e+02
3.672524264936282066e+02 2.535370621545035306e+02
3.676929380631584081e+02 2.545009390529205859e+02
3.681168896601222968e+02 2.554731542311015460e+02
3.685236931298986747e+02 2.564536250352210800e+02
3.689128688356871066e+02 2.574421911120796267e+02
3.692841498721387552e+02 2.584385748847291779e+02
3.696372856931550359e+02 2.594424781927407366e+02
3.699720203252902593e+02 2.604536021723839667e+02
3.702880954160148690e+02 2.614716760631293369e+02
3.705852131160844465e+02 2.624963012024676345e+02
3.708631067699946016e+02 2.635271858070039457e+02
3.711214819901434794e+02 2.645639860529440739e+02
3.713600274690406309e+02 2.656063102015355071e+02
3.715784325602407421e+02 2.666537928839439360e+02
3.717763932614661258e+02 2.677059968447761662e+02
3.719536626057090416e+02 2.687624700152012451e+02
3.721099958010439082e+02 2.698228109357663698e+02
3.722451125598570343e+02 2.708864395542310604e+02
3.723587522355186934e+02 2.719528990040687404e+02
3.724506725160290443e+02 2.730216383505886597e+02
3.725207287423828006e+02 2.740920582531701939e+02
3.725687860429827083e+02 2.751635520433225679e+02
3.725946999720815711e+02 2.762355013549122873e+02
3.725983195396440237e+02 2.773072291021029514e+02
3.725795361814416538e+02 2.783780618672757328e+02
3.725383470206883203e+02 2.794472816809584970e+02
3.724747668474396392e+02 2.805141398495936187e+02
3.723888030333760639e+02 2.815779119631333174e+02
3.722804755576080993e+02 2.826377759322729162e+02
3.721498253116571391e+02 2.836929824822424848e+02
3.719969664192976779e+02 2.847427140170312327e+02
3.718220379812563010e+02 2.857861458155694550e+02
3.716251937042800364e+02 2.868224510969926087e+02
3.714065817727421290e+02 2.878508270155190871e+02
3.711663890370675745e+02 2.888704157361190141e+02
3.709048138338330887e+02 2.898804036893376406e+02
3.706220767542468479e+02 2.908799709556029143e+02
3.703184200692341506e+02 2.918683109171585102e+02
3.699941275137695698e+02 2.928446324474211906e+02
3.696494789295555279e+02 2.938081769372428766e+02
3.692847084128825372e+02 2.947581993783179541e+02
3.689000746715634591e+02 2.956939897825296839e+02
3.684958787702233280e+02 2.966148877176361225e+02
3.680724470258380165e+02 2.975202743603511522e+02
3.676301655873929235e+02 2.984096346012653385e+02
3.671694458992226373e+02 2.992825044440936608e+02
3.666907301029101518e+02 3.001385256948373126e+02
3.661944935833236627e+02 3.009774685911754091e+02
3.656812316939098650e+02 3.017992025766199617e+02
