3.649126235923454828e+02 3.024808202491644806e+02
3.644105976293777758e+02 3.032824033306261526e+02
3.638917532877309213e+02 3.040712510823386765e+02
3.633560042847695399e+02 3.048478294217147209e+02
3.628033859809386854e+02 3.056124017933664732e+02
3.622339646809252827e+02 3.063652045073102954e+02
3.616478414049694265e+02 3.071064302224314133e+02
3.610451414356461441e+02 3.078362638423286626e+02
3.604260292243463937e+02 3.085548551512696349e+02
3.597907177004399273e+02 3.092622696584845130e+02
3.591394097661336104e+02 3.099586311125934230e+02
3.584723821539319601e+02 3.106439654174320708e+02
3.577899245884119068e+02 3.113183146473585339e+02
3.570923537350684569e+02 3.119817055480966701e+02
3.563800125932474998e+02 3.126341307951014983e+02
3.556532467563409341e+02 3.132755894499890132e+02
3.549124296215077266e+02 3.139060305188792768e+02
3.541579083769074714e+02 3.145254141696220245e+02
3.533900606987411379e+02 3.151336430965184832e+02
3.526092451494538409e+02 3.157306493898892654e+02
3.518158489617920850e+02 3.163163160093708370e+02
3.510102375480050796e+02 3.168905423999067921e+02
3.501927781679293048e+02 3.174531828081468348e+02
3.493638283670330225e+02 3.180040833672325675e+02
3.485237479383770278e+02 3.185430701111457097e+02
3.476728908701089154e+02 3.190699811912853647e+02
3.468116137666614236e+02 3.195846237722412297e+02
3.459402595134981198e+02 3.200867978089609096e+02
3.450591681150557974e+02 3.205762840454048046e+02
3.441686798924860682e+02 3.210528642400415720e+02
3.432691294965914608e+02 3.215163063508703658e+02
3.423608510961374805e+02 3.219663755545752224e+02
3.414441728922402604e+02 3.224028314597883309e+02
3.405194275717647656e+02 3.228254340956846704e+02
3.395869403041679107e+02 3.232339360790579690e+02
3.386470409266631236e+02 3.236280878288746408e+02
3.377000470766574836e+02 3.240076336253948170e+02
3.367462885263530552e+02 3.243723351384630860e+02
3.357860825816274541e+02 3.247219555010991030e+02
3.348197652192083069e+02 3.250562585467720282e+02
3.338476509201552176e+02 3.253750028590207535e+02
3.328700567047507093e+02 3.256779432492682531e+02
3.318873030774603876e+02 3.259648538252546359e+02
3.308997292367569116e+02 3.262355234993863746e+02
3.299076243450755896e+02 3.264897288393227086e+02
3.289113397528046221e+02 3.267272503232622967e+02
3.279111727823292313e+02 3.269478644568192749e+02
3.269074424205668379e+02 3.271513523337454217e+02
3.259004678044436218e+02 3.273374989151794239e+02
3.248905675842382834e+02 3.275060875081937866e+02
3.238780602468074221e+02 3.276568997655681983e+02
3.228632677676181402e+02 3.277897491737197129e+02
3.218465225600512554e+02 3.279047896847228003e+02
3.208282084192408661e+02 3.280023912603925851e+02
3.198086271687658382e+02 3.280829172362255690e+02
3.187881232225790882e+02 3.281467388370429603e+02
3.177669741669408268e+02 3.281942199111312561e+02
3.167454566182354938e+02 3.282257014464498752e+02
3.157238378784015822e+02 3.282415125463933805e+02
3.147023665507699661e+02 3.282419814936237685e+02
3.136812671766994640e+02 3.282274309663247891e+02
3.126607666240706180e+02 3.281981840547978209e+02
3.116410730667128632e+02 3.281545572357193237e+02
3.106223815001032449e+02 3.280968609350396719e+02
3.096048622965052459e+02 3.280253955910293939e+02
3.085887119776231202e+02 3.279404712592373130e+02
3.075740775915942322e+02 3.278423864339478655e+02
3.065611245923431625e+02 3.277314494037014470e+02
3.055499827224406886e+02 3.276079604030562678e+02
3.045408065399417978e+02 3.274722302103662628e+02
3.035337103928592342e+02 3.273245582916142666e+02
3.025288080152262182e+02 3.271652388539114895e+02
3.015262205022003172e+02 3.269945845052889126e+02
3.005260423301712081e+02 3.268129097529492810e+02
2.995283646391471279e+02 3.266205265017753163e+02
2.985332713693908318e+02 3.264177441130404986e+02
2.975408385494065442e+02 3.262048698972860166e+02
2.965511331992543091e+02 3.259822197489737050e+02
2.955642132719553956e+02 3.257501167927688357e+02
2.945801275238867447e+02 3.255088788998648397e+02
2.935989203684651443e+02 3.252588237016023527e+02
2.926206273882571622e+02 3.250002683282171461e+02
2.916452737303346794e+02 3.247335308310105688e+02
2.906728771238655327e+02 3.244589265411183305e+02
2.897034503316306200e+02 3.241767762829127264e+02
2.887369953150158040e+02 3.238873971474586710e+02
2.877735105714343149e+02 3.235910908564734996e+02
2.868129821755698572e+02 3.232881736546209481e+02
2.858553975720007543e+02 3.229789391236997744e+02
2.849007266726034118e+02 3.226636919146498599e+02
2.839489464036695381e+02 3.223427198274815737e+02
2.830000087648414251e+02 3.220163202497515158e+02
2.820538841706129460e+02 3.216847661195184287e+02
2.811105122807958310e+02 3.213483299624389815e+02
2.801698466245230179e+02 3.210072753596303414e+02
2.792318321770452485e+02 3.206618588391629601e+02
2.782963913293427822e+02 3.203123392993110770e+02
2.773634624886451547e+02 3.199589593024277860e+02
2.764329821437862620e+02 3.196019409130263398e+02
2.755048568646230365e+02 3.192415070392028724e+02
2.745790124576233211e+02 3.188778766593492833e+02
2.736553633803348475e+02 3.185112596322111926e+02
2.727338545905450360e+02 3.181417621173317798e+02
2.718144490011674179e+02 3.177693605654456519e+02
2.708971364227973595e+02 3.173940223677706740e+02
2.699819007361227818e+02 3.170157105554827126e+02
2.690687273522790974e+02 3.166343861544540346e+02
2.681576087891328939e+02 3.162500082074405441e+02
2.672485243819407401e+02 3.158625344151500940e+02
2.663414635991609885e+02 3.154719230853541490e+02
2.654364192978453048e+02 3.150781300369598625e+02
2.645333835087969305e+02 3.146811083755475806e+02
2.636323487802098953e+02 3.142808115317861279e+02
2.627333075774030249e+02 3.138771944751897536e+02
2.618362534863894098e+02 3.134702104960882707e+02
2.609411815768788188e+02 3.130598109080945619e+02
2.600480930345901811e+02 3.126459450166546503e+02
2.591569735231358891e+02 3.122285615218492012e+02
2.582678224438627694e+02 3.118076164246096482e+02
2.573806351079354044e+02 3.113830620653606616e+02
2.564954078042129026e+02 3.109548486943509147e+02
2.556121377933206702e+02 3.105229245012231445e+02
2.547308217231228582e+02 3.100872387956417811e+02
2.538514541576708154e+02 3.096477445800982764e+02
2.529740300645023297e+02 3.092043932131790598e+02
2.520985443251422566e+02 3.087571337084950756e+02
2.512249048106667999e+02 3.083059064282921895e+02
2.503529254477201391e+02 3.078506764333410501e+02
2.494825380642681694e+02 3.073914827557281342e+02
2.486136925971594565e+02 3.069283712250820599e+02
2.477463347993229945e+02 3.064613840062330041e+02
2.468804107307776121e+02 3.059905619332006950e+02
2.460158700983481879e+02 3.055159463698346940e+02
2.451526590547822195e+02 3.050375786533010682e+02
2.442907238258914333e+02 3.045554981426777204e+02
2.434300109940777759e+02 3.040697417602008272e+02
2.425704675169150448e+02 3.035803439804348614e+02
2.417120407310286225e+02 3.030873368385194908e+02
2.408546783492793963e+02 3.025907499432695431e+02
2.399983285039861300e+02 3.020906104177478824e+02
2.391429451032270492e+02 3.015869430230818011e+02
2.382884691591791864e+02 3.010797670619102178e+02
2.374348538948278247e+02 3.005691021138082988e+02
2.365820551572684849e+02 3.000549584051807415e+02
2.357300295454021466e+02 2.995373425161463956e+02
2.348787344097180494e+02 2.990162585715299883e+02
2.340281310308983223e+02 2.984917077317415988e+02
2.331781803066173211e+02 2.979636830966173306e+02
2.323288511280641728e+02 2.974321657016520817e+02
2.314801209443425876e+02 2.968971334148076835e+02
2.306319665476080445e+02 2.963585603744790546e+02
2.297843723289022932e+02 2.958164149231598685e+02
2.289373531613697139e+02 2.952706160435300262e+02
2.280910726375956301e+02 2.947209252855861337e+02
2.272457281768336372e+02 2.941670720621493729e+02
2.264015215891324431e+02 2.936087928007876258e+02
2.255586624493248564e+02 2.930458315219191832e+02
2.247173764302398524e+02 2.924779207743252414e+02
2.238779096235153361e+02 2.919047939609270657e+02
2.230405188027249608e+02 2.913261793740911685e+02
2.222054703679808938e+02 2.907418052360154093e+02
2.213730413789852776e+02 2.901514209339093782e+02
2.205435101084266023e+02 2.895547551803721262e+02
2.197171743897953604e+02 2.889515736338409511e+02
2.188943258628456761e+02 2.883416155555204909e+02
2.180752776816968321e+02 2.877246496046846005e+02
2.172603443109028660e+02 2.871004431387101477e+02
2.164498367942086645e+02 2.864687503818341270e+02
2.156440789543744074e+02 2.858293950297758670e+02
2.148433721015118181e+02 2.851821714622248578e+02
2.140480339795795715e+02 2.845268857713152784e+02
2.132583935640573713e+02 2.838633552630996633e+02
2.124747819887051321e+02 2.831914174041518208e+02
2.116974952461866906e+02 2.825109277274953001e+02
2.109268321495438556e+02 2.818217598834607998e+02
2.101630979085537092e+02 2.811237919466104245e+02
2.094066042225535398e+02 2.804169065932061926e+02
2.086576616793773837e+02 2.797009975360098792e+02
2.079165501741362050e+02 2.789759929196671351e+02
2.071835436601288620e+02 2.782418324965387910e+02
2.064589141231163865e+02 2.774984411815688077e+02
2.057429668855060356e+02 2.767457997790189097e+02
2.050359772736975685e+02 2.759838516210832040e+02
2.043381910438233717e+02 2.752125437082444819e+02
2.036498975346231646e+02 2.744319257475149243e+02
2.029713262529173790e+02 2.736419348491967298e+02
2.023027749903878032e+02 2.728426221383474513e+02
2.016444833349958969e+02 2.720339304536208260e+02
2.009967426239784629e+02 2.712159258928106169e+02
2.003598034410493653e+02 2.703886132151355923e+02
1.997339333493640083e+02 2.695520137806147432e+02
1.991194096783995349e+02 2.687061578577340129e+02
1.985165172707166903e+02 2.678510795893525938e+02
1.979255531568027777e+02 2.669868147272310921e+02
1.973468237918798991e+02 2.661134031786165792e+02
1.967806433482656132e+02 2.652308907475540991e+02
1.962273201490178565e+02 2.643392884422477778e+02
1.956872182145887962e+02 2.634387119545046403e+02
1.951606858913026201e+02 2.625291447688506992e+02
1.946481442435488987e+02 2.616106817481275471e+02
1.941499810865520033e+02 2.606833227509588937e+02
1.936666357614743390e+02 2.597471689402340189e+02
1.931985077196270595e+02 2.588023091611865425e+02
1.927457661165207981e+02 2.578489575925615327e+02
1.923084781201597480e+02 2.568873904834801465e+02
1.918867098786241456e+02 2.559178567066775258e+02
1.914805595904861661e+02 2.549406885141355019e+02
1.910900928707580988e+02 2.539560938483344898e+02
1.907154390630366549e+02 2.529643822799444592e+02
1.903567118908501925e+02 2.519657506994535083e+02
1.900140698669687822e+02 2.509605097467424741e+02
1.896876561405856307e+02 2.499489002699190792e+02
1.893776286545760286e+02 2.489311685085078523e+02
1.890841498959670162e+02 2.479075852649766603e+02
1.888073904002334018e+02 2.468784634705089331e+02
1.885475094261798574e+02 2.458439837214172314e+02
1.883047210869120818e+02 2.448045225008844170e+02
1.880792137172574883e+02 2.437603087882219199e+02
1.878711782891497535e+02 2.427116469890641213e+02
1.876808004860782830e+02 2.416588518655805728e+02
1.875082787076799207e+02 2.406021859666156786e+02
1.873538402933490659e+02 2.395420436530713459e+02
1.872177082143806786e+02 2.384786678226769823e+02
1.871001063776845967e+02 2.374124287256904324e+02
1.870012472966070050e+02 2.363436523379808705e+02
1.869213641962868735e+02 2.352727091697918240e+02
1.868607064190978235e+02 2.341999495768951931e+02
1.868195446522052521e+02 2.331257240941383770e+02
1.867981472227752704e+02 2.320503980308230325e+02
1.867967829740099148e+02 2.309743710688683791e+02
1.868157356832981293e+02 2.298980517374038470e+02
1.868553117711822154e+02 2.288218273160990464e+02
1.869158390323814558e+02 2.277461091136006530e+02
1.869976559907381386e+02 2.266713113309194227e+02
1.871011053405783855e+02 2.255978860469738834e+02
1.872265393997869580e+02 2.245262967135005567e+02
1.873743403092376809e+02 2.234569662336667193e+02
1.875448837497975205e+02 2.223904091749042209e+02
1.877385715038978731e+02 2.213270885063695914e+02
1.879558038869436700e+02 2.202675223368310355e+02
1.881969736666480912e+02 2.192122408616945393e+02
1.884624977955188569e+02 2.181617267143527670e+02
1.887527212625421100e+02 2.171166043206328879e+02
1.890680338051549256e+02 2.160773800510855551e+02
1.894087936376286336e+02 2.150446369677788141e+02
1.897753158421761270e+02 2.140189620987416106e+02
1.901678636728176741e+02 2.130009409017942232e+02
1.905866425633967651e+02 2.119911518788675266e+02
1.910318330582780391e+02 2.109901793013674478e+02
1.915035416538525794e+02 2.099986457160542273e+02
1.920008455489667938e+02 2.090179477136902619e+02
1.925224730362389209e+02 2.080489632992299960e+02
1.930674880345702604e+02 2.070917044002405305e+02
1.936353251652789709e+02 2.061463456320895773e+02
1.942257631244886511e+02 2.052133178541266432e+02
1.948385241026689414e+02 2.042930647271796545e+02
1.954732520784901055e+02 2.033860359219398788e+02
1.961295295968150185e+02 2.024926755907146969e+02
1.968069539782117658e+02 2.016134039225704839e+02
1.975050086690001763e+02 2.007487214677123291e+02
1.982232278956670939e+02 1.998990550257221059e+02
1.989610706219660017e+02 1.990648694289206446e+02
1.997179678907945686e+02 1.982466217399343407e+02
2.004933425958072348e+02 1.974447334214342789e+02
2.012866073895000056e+02 1.966595980034421700e+02
2.020971503848184909e+02 1.958916180573769736e+02
2.029243441336992078e+02 1.951411969566606786e+02
2.037676370513275117e+02 1.944086990526680268e+02
2.046263105103307112e+02 1.936945030862992212e+02
2.054998261324930979e+02 1.929988113755409529e+02
2.063874386540179842e+02 1.923219298016670677e+02
2.072885673343623125e+02 1.916640844297620561e+02
2.082026396800480370e+02 1.910255156240660028e+02
2.091289616205882851e+02 1.904064291953704640e+02
2.100669612898483933e+02 1.898068636864598489e+02
2.110159489142932614e+02 1.892269054624150044e+02
2.119753603427504913e+02 1.886666001416189431e+02
2.129446143288410838e+02 1.881260119345448629e+02
2.139231894479414109e+02 1.876051229552392670e+02
2.149103908700452052e+02 1.871038557509462237e+02
2.159057448560988632e+02 1.866220629213921427e+02
2.169087141088135411e+02 1.861596350568231060e+02
2.179187800878133316e+02 1.857164647561810682e+02
2.189354357486730294e+02 1.852924011679356511e+02
2.199581779040291281e+02 1.848872199361378819e+02
2.209866462759537455e+02 1.845006741561589365e+02
2.220202638755099258e+02 1.841325711860198453e+02
2.230587029121994647e+02 1.837826702859066188e+02
2.241015560621479210e+02 1.834507465474459309e+02
2.251484309966679973e+02 1.831365491422033358e+02
2.261989562572664454e+02 1.828398271905572301e+02
2.272528080298980626e+02 1.825603312780439467e+02
2.283096824116694847e+02 1.822978205589154186e+02
2.293692206024043969e+02 1.820520754083138968e+02
2.304311622412739951e+02 1.818228861623697412e+02
2.314952552892093252e+02 1.816100558223264159e+02
2.325612239950815479e+02 1.814133975753111656e+02
2.336288104976010231e+02 1.812327279209451945e+02
2.346977879551371018e+02 1.810678980030786249e+02
2.357679167743738446e+02 1.809188315234802360e+02
2.368389832082435476e+02 1.807854634852085951e+02
2.379108659973144881e+02 1.806677365710993968e+02
2.389832049614194318e+02 1.805656044408933099e+02
2.400559610111043582e+02 1.804789630868438337e+02
2.411287945570941247e+02 1.804076034151292447e+02
2.422015585072646502e+02 1.803512935506572035e+02
2.432740632155293383e+02 1.803098109248681169e+02
2.443461199630083911e+02 1.802829369989872532e+02
2.454175494039996579e+02 1.802704882553297523e+02
2.464881811158754203e+02 1.802723656842546802e+02
2.475578483652674038e+02 1.802884864550879911e+02
2.486263871010111188e+02 1.803187710088883193e+02
2.496936896330007016e+02 1.803631498088543594e+02
2.507595110662653610e+02 1.804215607516321995e+02
2.518237465984795449e+02 1.804939908678782672e+02
2.528862406067075312e+02 1.805804381339188467e+02
2.539468132338727173e+02 1.806808999551425075e+02
2.550052907877358166e+02 1.807953740626287242e+02
2.560615925742972081e+02 1.809238754617305460e+02
2.571154456139070703e+02 1.810663984326048705e+02
2.581667419939975616e+02 1.812229537804659572e+02
2.592153135422668129e+02 1.813935516624568436e+02
2.602609901300444903e+02 1.815782036180064267e+02
2.613036011317026350e+02 1.817769066487840632e+02
2.623429793184776031e+02 1.819896062446779297e+02
2.633789585257344470e+02 1.822162381055983928e+02
2.644113727158232905e+02 1.824567390349569109e+02
2.654400558139334407e+02 1.827110468369424723e+02
2.664648452851283764e+02 1.829790700627249862e+02
2.674855936303382009e+02 1.832606081443183257e+02
2.685021671068327578e+02 1.835554387658547455e+02
2.695144485660684381e+02 1.838633465607788935e+02
2.705222509362798178e+02 1.841840968103700789e+02
2.715254847315049460e+02 1.845174367685155516e+02
2.725240953230534728e+02 1.848629746222148640e+02
2.735179235714613242e+02 1.852202467621654307e+02
2.745069788658155403e+02 1.855888340968675152e+02
2.754911585767665656e+02 1.859682893158959587e+02
2.764704472293958020e+02 1.863581533270848070e+02
2.774448307453922098e+02 1.867578170074079651e+02
2.784143475707606967e+02 1.871666459383885410e+02
2.793790107068292627e+02 1.875839944312030525e+02
2.803389200889391759e+02 1.880092496217835958e+02
2.812940932184598068e+02 1.884417473141790822e+02
2.822446877735911812e+02 1.888807856602672928e+02
2.831908188812590197e+02 1.893256233133695332e+02
2.841326328057363639e+02 1.897755246407363927e+02
2.850703244296906860e+02 1.902297766229800970e+02
2.860040750417994673e+02 1.906876613536631453e+02
2.869340881467269924e+02 1.911484652497258594e+02
2.878606046898291879e+02 1.916114919831904899e+02
2.887838823354882720e+02 1.920760581416813864e+02
2.897041739784497167e+02 1.925414727832871904e+02
2.906217523944825984e+02 1.930071327961074985e+02
2.915367725955719038e+02 1.934728437175972715e+02
2.924493449020077378e+02 1.939385590589587878e+02
2.933595818818963039e+02 1.944042398978572521e+02
2.942675873323335622e+02 1.948698394960852625e+02
2.951734762146174376e+02 1.953353342866554101e+02
2.960773354133679049e+02 1.958007654834473215e+02
2.969792414986471272e+02 1.962662019999126528e+02
2.978792693038103039e+02 1.967317157900603775e+02
2.987774923668977749e+02 1.971973858896689649e+02
2.996739780867480363e+02 1.976632892160667154e+02
3.005687853767834667e+02 1.981295384491319282e+02
3.014619635642724802e+02 1.985962596796615287e+02
3.023535589660427263e+02 1.990635814465546787e+02
3.032436149598427164e+02 1.995316346911674259e+02
3.041321714289442752e+02 2.000005539619959620e+02
3.050192609016103233e+02 2.004704855304066768e+02
3.059049091549396735e+02 2.009415849066705277e+02
3.067891411185563584e+02 2.014140043602282049e+02
3.076719771865812731e+02 2.018879006892373127e+02
3.085534340810390290e+02 2.023634328922395014e+02
3.094335246685073457e+02 2.028407626013537310e+02
3.103122580756279945e+02 2.033200536892840660e+02
3.111896398227672762e+02 2.038014718804165568e+02
3.120656717881190616e+02 2.042851846987606734e+02
3.129403612370542191e+02 2.047713496832866440e+02
3.138137583283736376e+02 2.052600613866372328e+02
3.146859177362776450e+02 2.057513840428644869e+02
3.155568836410892004e+02 2.062453829984602862e+02
3.164266960800526363e+02 2.067421248286599962e+02
3.172953905638281640e+02 2.072416772399070908e+02
3.181629971946202886e+02 2.077441105259960068e+02
3.190295411105811922e+02 2.082494968074118731e+02
3.198950422889585070e+02 2.087579106826520672e+02
3.207595171556901619e+02 2.092694261947402765e+02
3.216229787027025395e+02 2.097841160747097149e+02
3.224854313088922027e+02 2.103020616837767136e+02
3.233468724019653564e+02 2.108233484161379465e+02
3.242072951519377852e+02 2.113480621327765618e+02
3.250666882309150196e+02 2.118762913472560285e+02
3.259250352987530164e+02 2.124081243936796284e+02
3.267823093925357512e+02 2.129436542499281302e+02
3.276384758933643866e+02 2.134829854932030457e+02
3.284934944112793573e+02 2.140262218093978106e+02
3.293473208875047362e+02 2.145734729005314136e+02
3.301999024591664238e+02 2.151248379223128779e+02
3.310511760236091163e+02 2.156804314716392810e+02
3.319010669121516912e+02 2.162403801651321658e+02
3.327494970350841754e+02 2.168048206086117489e+02
3.335963709819233713e+02 2.173738613875853218e+02
3.344415988450293753e+02 2.179476347812552035e+02
3.352850062479000712e+02 2.185263725895659945e+02
3.361263287650679104e+02 2.191103476825766165e+02
3.369653050575586803e+02 2.196998452856035442e+02
3.378016718290973017e+02 2.202951674839089264e+02
3.386351224219616256e+02 2.208965527784735059e+02
3.394653940094925133e+02 2.215042933041513322e+02
3.402921806933138100e+02 2.221186151180578463e+02
3.411151968065252618e+02 2.227397763635744923e+02
3.419341277095494434e+02 2.233680018854773266e+02
3.427486694165189647e+02 2.240035364087484027e+02
3.435585029167411335e+02 2.246465639908165315e+02
3.443633590270592890e+02 2.252973094924176394e+02
3.451629035850279479e+02 2.259559059369332203e+02
3.459568522440570746e+02 2.266225577764473940e+02
3.467448896097882312e+02 2.272974384678146578e+02
3.475267017331678403e+02 2.279806623147801758e+02
3.483020252158216863e+02 2.286723576468052670e+02
3.490705793343348091e+02 2.293726348012729090e+02
3.498320791603769067e+02 2.300816044773050635e+02
3.505862184163957522e+02 2.307993437444552569e+02
3.513327336930321394e+02 2.315259375451355766e+02
3.520713747283506336e+02 2.322614320133311310e+02
3.528018880396893451e+02 2.330058688882026274e+02
3.535240153177444995e+02 2.337592866375888150e+02
3.542374938454199764e+02 2.345217198786863548e+02
3.549420773005599585e+02 2.352931925817491674e+02
3.556375345592601320e+02 2.360737076515129615e+02
3.563236174408878583e+02 2.368632368445398981e+02
3.570000944576555071e+02 2.376617815495760908e+02
3.576667368840560925e+02 2.384693628154417979e+02
3.583232758813511509e+02 2.392859178427784173e+02
3.589694900340576851e+02 2.401114442300580265e+02
3.596051340579411431e+02 2.409459074636542937e+02
3.602299630030655067e+02 2.417892803033122391e+02
3.608437112025309830e+02 2.426414998078747658e+02
3.614461338716121190e+02 2.435025696901851973e+02
3.620369376862000195e+02 2.443724398113137966e+02
3.626158277303183581e+02 2.452510589012225068e+02
3.631825162604873185e+02 2.461383987867481267e+02
3.637366984434555093e+02 2.470344102954155403e+02
3.642780414398982316e+02 2.479390498673199374e+02
3.648061745675264547e+02 2.488522914872331739e+02
3.653207192775024055e+02 2.497741169963177299e+02
3.658212587401413884e+02 2.507044259496889254e+02
3.663074116320101439e+02 2.516432111463460330e+02
3.667787124634012912e+02 2.525904066026716919e+02
3.672346299822313540e+02 2.535459980107549427e+02
3.676745989209346703e+02 2.545099176354931956e+02
3.680980621338916876e+02 2.554821346485286711e+02
3.685044346181114747e+02 2.564625667259345505e+02
3.688932395471136942e+02 2.574510541684967393e+02
3.692642121559320003e+02 2.584473205061330532e+02
3.696171039835899705e+02 2.594510688399185483e+02
3.699516611440841416e+02 2.604620016587269333e+02
3.702676273325516263e+02 2.614798495363053803e+02
3.705647074353900052e+02 2.625042155603249512e+02
3.708426383272668545e+02 2.635348090272067338e+02
3.711011293680235212e+02 2.645712875473607255e+02
3.713398730798175507e+02 2.656132612127422590e+02
3.715585626075603045e+02 2.666603665842877149e+02
3.717568976023118239e+02 2.677121688993665316e+02
3.719346342386152742e+02 2.687682189457991626e+02
3.720915307123321440e+02 2.698281181539446720e+02
3.722273099124442979e+02 2.708912903779078647e+02
3.723417141540665511e+02 2.719572823882286912e+02
3.724345032533155972e+02 2.730255477498303662e+02
3.725055325549437839e+02 2.740954924539850026e+02
3.725546667662257505e+02 2.751665154285445851e+02
3.725817608813670176e+02 2.762380041423479042e+02
3.725866632211977958e+02 2.773092877731250496e+02
3.725692631830643791e+02 2.783796995134096051e+02
3.725295527099670494e+02 2.794485286899010248e+02
3.724675406818456054e+02 2.805150340448091129e+02
3.723832282477277431e+02 2.815784984981929711e+02
3.722766288634882699e+02 2.826381074831925844e+02
3.721477757597883738e+02 2.836931190457644902e+02
3.719967728959163082e+02 2.847427230158376688e+02
3.718237484238277943e+02 2.857861017473707079e+02
3.716288446747888656e+02 2.868224350799334843e+02
3.714121980217856276e+02 2.878509263853222819e+02
3.711739829876352132e+02 2.888707233007247623e+02
3.709143849134592870e+02 2.898810171622877760e+02
3.706336109254907569e+02 2.908809921053234575e+02
3.703318894245126671e+02 2.918698446715281420e+02
3.700094899427721771e+02 2.928467855977726799e+02
3.696666785455200284e+02 2.938110573302532202e+02
3.693036778375313816e+02 2.947619149936398344e+02
3.689207353821811353e+02 2.956986476022187276e+02
3.685181410121808199e+02 2.966205924623500323e+02
3.680962097007608804e+02 2.975271276171479258e+02
3.676553167147838508e+02 2.984177322509956412e+02
3.671958626498773128e+02 2.992919361813011960e+02
3.667182794513334443e+02 3.001493729002207829e+02
3.662230332291554760e+02 3.009898022162424240e+02
3.657106108592709006e+02 3.018130819343805911e+02
