3.648931236810061591e+02 3.024707845472647136e+02
3.643917690570970080e+02 3.032718813916503677e+02
3.638737090750261132e+02 3.040603455648511613e+02
3.633388429021618435e+02 3.048366542371690002e+02
3.627871924819017408e+02 3.056010780360253989e+02
3.622188108325560165e+02 3.063538587470283687e+02
3.616337860850305788e+02 3.070951927522658593e+02
3.610322309626581045e+02 3.078252673129550203e+02
3.604142980227949238e+02 3.085442330385544096e+02
3.597801893220350848e+02 3.092521546215158992e+02
3.591300971225699072e+02 3.099491544313254394e+02
3.584642888345557594e+02 3.106352554377522779e+02
3.577830454590391582e+02 3.113104961134828841e+02
3.570866757860461007e+02 3.119748988409245953e+02
3.563755158426294543e+02 3.126284512585900757e+02
3.556499049395989118e+02 3.132711469863410798e+02
3.549102109400638483e+02 3.139029289308569446e+02
3.541567754438291900e+02 3.145237500220006837e+02
3.533899711933649996e+02 3.151335050439225256e+02
3.526101524855665730e+02 3.157321179892804821e+02
3.518177029561986728e+02 3.163194635567229511e+02
3.510129849716500985e+02 3.168954326577313623e+02
3.501963627949868965e+02 3.174598700796300932e+02
3.493681914384721949e+02 3.180126120881481597e+02
3.485288286136689635e+02 3.185534748636019913e+02
3.476786269769630735e+02 3.190822865755251314e+02
3.468179419102747261e+02 3.195988445521562085e+02
3.459471157028602875e+02 3.201029385788530703e+02
3.450664879401171561e+02 3.205943392712902096e+02
3.441763991438488688e+02 3.210728182134625399e+02
3.432771842310099828e+02 3.215381333682911986e+02
3.423691782048564392e+02 3.219900400100244156e+02
3.414527104223136007e+02 3.224282887354009404e+02
3.405281153500775417e+02 3.228526308682044714e+02
3.395957199192387179e+02 3.232628104967038780e+02
3.386558561535922536e+02 3.236585695363915534e+02
3.377088437561970409e+02 3.240396441313934019e+02
3.367550153515570059e+02 3.244057891148924000e+02
3.357946909973239258e+02 3.247567615822288190e+02
3.348282100558990351e+02 3.250923192964049804e+02
3.338558899070558823e+02 3.254122150136020650e+02
3.328780506865302868e+02 3.257161978997234542e+02
3.318950162809489370e+02 3.260040375379750799e+02
3.309071297775963671e+02 3.262755188594415472e+02
3.299146831266307345e+02 3.265304147568556346e+02
3.289180319048477372e+02 3.267685018560296157e+02
3.279174764472539891e+02 3.269895531114213441e+02
3.269133392419939810e+02 3.271933460630549462e+02
3.259059429217863340e+02 3.273796621999068179e+02
3.248956096298101670e+02 3.275482814305415786e+02
3.238826613461754960e+02 3.276989820791760621e+02
3.228674235875657246e+02 3.278315748165840091e+02
3.218502323475041749e+02 3.279462155377887598e+02
3.208314759524020019e+02 3.280432789119297468e+02
3.198114593323631993e+02 3.281231331985875386e+02
3.187905308886305988e+02 3.281861545227371266e+02
3.177689710589887682e+02 3.282327116789931551e+02
3.167470593595543278e+02 3.282631496954715544e+02
3.157250658949860735e+02 3.282778011544013452e+02
3.147032418326317611e+02 3.282769978519250458e+02
3.136818139592290322e+02 3.282610660181213689e+02
3.126610114934879334e+02 3.282303323176703884e+02
3.116410447143543365e+02 3.281851168095467415e+02
3.106221105657093631e+02 3.281257335101020089e+02
3.096043810487221322e+02 3.280524864654594808e+02
3.085880547193943926e+02 3.279656893650876555e+02
3.075732799798932433e+02 3.278656443855068687e+02
3.065602238876483625e+02 3.277526641054144534e+02
3.055490173014647439e+02 3.276270534920618616e+02
3.045398161693269117e+02 3.274891280947209680e+02
3.035327357180379408e+02 3.273391921393483130e+02
3.025278905345863336e+02 3.271775446528874909e+02
3.015254025174432968e+02 3.270045039303258818e+02
3.005253665601987336e+02 3.268203908520605410e+02
2.995278740959310539e+02 3.266255237139940277e+02
2.985330091942598756e+02 3.264202182602260791e+02
2.975408478406091604e+02 3.262047882102133372e+02
2.965514567604080867e+02 3.259795565538572077e+02
2.955648933465599271e+02 3.257448541137438269e+02
2.945812056109018613e+02 3.255010064590689467e+02
2.936004369994917056e+02 3.252483388890831293e+02
2.926226219046208143e+02 3.249871761786463367e+02
2.916477840922451605e+02 3.247178442274750410e+02
2.906759397591545167e+02 3.244406664147456922e+02
2.897070997044856995e+02 3.241559715440751006e+02
2.887412638229354798e+02 3.238640846557710802e+02
2.877784286660707380e+02 3.235653154202884139e+02
2.868185774376776749e+02 3.232599875063947366e+02
2.858616955878463273e+02 3.229484017193481122e+02
2.849077498655294676e+02 3.226308696680872004e+02
2.839567148306565514e+02 3.223076862560043878e+02
2.830085388581342727e+02 3.219791556574920719e+02
2.820631899571197323e+02 3.216455571249187528e+02
2.811206041027957099e+02 3.213071683668216565e+02
2.801807320001194057e+02 3.209642582774454809e+02
2.792435154382475844e+02 3.206170885893940863e+02
2.783088728875179640e+02 3.202659231616682973e+02
2.773767396788120436e+02 3.199110089026078185e+02
2.764470492781123880e+02 3.195525712342271163e+02
2.755197043286590883e+02 3.191908360734504413e+02
2.745946275130930303e+02 3.188260255972797950e+02
2.736717298212854530e+02 3.184583526203174983e+02
2.727509540839986357e+02 3.180879221126301104e+02
2.718322622371636044e+02 3.177147036756032321e+02
2.709156441577686110e+02 3.173386577338495727e+02
2.700010837269544481e+02 3.169597403015976624e+02
2.690885665494041632e+02 3.165779054269001449e+02
2.681780855944080599e+02 3.161931055125339753e+02
2.672696203065567602e+02 3.158052918659656143e+02
2.663631607004511466e+02 3.154144165605874832e+02
2.654587003963111442e+02 3.150204292394577124e+02
2.645562322906885697e+02 3.146232768554484664e+02
2.636557498787802274e+02 3.142229069615192429e+02
2.627572465938552000e+02 3.138192690490581072e+02
2.618607171323801595e+02 3.134123110076758394e+02
2.609661578347800628e+02 3.130019788030093650e+02
2.600735714240839229e+02 3.125882164986898601e+02
2.591829447961438859e+02 3.121709676270713771e+02
2.582942789883835530e+02 3.117501835576139229e+02
2.574075709389942972e+02 3.113258120272217297e+02
2.565228187038844112e+02 3.108977987430642997e+02
2.556400214508099396e+02 3.104660874168542364e+02
2.547591778238814300e+02 3.100306230521397310e+02
2.538802844251857778e+02 3.095913546042762619e+02
2.530033383826182103e+02 3.091482294754380860e+02
2.521283368524220521e+02 3.087011927872887327e+02
2.512551881121584074e+02 3.082501800002275445e+02
2.503837048127574292e+02 3.077951503122997110e+02
2.495138210366944520e+02 3.073361388338825577e+02
2.486454895852614300e+02 3.068731878296184732e+02
2.477786590724840039e+02 3.064063359139092313e+02
2.469132785389575417e+02 3.059356204550732059e+02
2.460493008866507978e+02 3.054610795087324959e+02
2.451866755029436149e+02 3.049827511750760323e+02
2.443253519500082405e+02 3.045006716650305520e+02
2.434652802470556026e+02 3.040148748403481136e+02
2.426064108863145350e+02 3.035253922040878933e+02
2.417486948159971973e+02 3.030322529378950662e+02
2.408920834087741412e+02 3.025354839530532445e+02
2.400365285385578318e+02 3.020351097750478857e+02
2.391819881044782790e+02 3.015311527736168387e+02
2.383284067406175382e+02 3.010236296386033246e+02
2.374757416926560154e+02 3.005125578019728891e+02
2.366239526425915756e+02 2.999979456420190331e+02
2.357730000370864332e+02 2.994797980027372546e+02
2.349228451404156317e+02 2.989581173628386637e+02
2.340734533472067653e+02 2.984329034329034016e+02
2.332247893005605874e+02 2.979041480403554942e+02
2.323768250251489462e+02 2.973718316715537640e+02
2.315295413845705923e+02 2.968359321131495108e+02
2.306829184608066612e+02 2.962964233754412362e+02
2.298369443854927567e+02 2.957532741003184356e+02
2.289916339376453607e+02 2.952064057299105002e+02
2.281471436710783394e+02 2.946555926925764197e+02
2.273036619794701210e+02 2.941005787540210576e+02
2.264613806430101874e+02 2.935411138708735166e+02
2.256204989370510248e+02 2.929769553757904532e+02
2.247812327633204177e+02 2.924078496999184154e+02
2.239438165198940283e+02 2.918335426355058644e+02
2.231084959315443257e+02 2.912537754973876645e+02
2.222755260145676175e+02 2.906682892429739127e+02
2.214451710337199586e+02 2.900768446567769843e+02
2.206176982176280319e+02 2.894791828718232409e+02
2.197933931316067344e+02 2.888750783918475804e+02
2.189725371732952510e+02 2.882642807423450222e+02
2.181554314382408961e+02 2.876465670213476074e+02
2.173423786485095661e+02 2.870217132944626428e+02
2.165336792932652941e+02 2.863894825065103191e+02
2.157296467634284909e+02 2.857497023303826609e+02
2.149305742540654194e+02 2.851021722928870190e+02
2.141367707225467427e+02 2.844467028839349609e+02
2.133485559526587281e+02 2.837831153085853089e+02
2.125662521781547696e+02 2.831112498888220443e+02
2.117901497771866559e+02 2.824309629397886283e+02
2.110205424131100074e+02 2.817421277884665756e+02
2.102577300997077430e+02 2.810446220569681373e+02
2.095020192929382006e+02 2.803383278345096414e+02
2.087537157457829267e+02 2.796231377358945451e+02
2.080130966875728404e+02 2.788989769147506195e+02
2.072804341087897058e+02 2.781657815683971080e+02
2.065559984381206107e+02 2.774234734913265470e+02
2.058400923083832197e+02 2.766720288156078027e+02
2.051329896384728784e+02 2.759113874567134417e+02
2.044349358676315660e+02 2.751414928344836994e+02
2.037462185110501025e+02 2.743623884221496496e+02
2.030670675656519677e+02 2.735740081402437340e+02
2.023977792772991506e+02 2.727763970015205359e+02
2.017385935519367877e+02 2.719694946342402773e+02
2.010897991458055571e+02 2.711533618983211227e+02
2.004516448781573104e+02 2.703280001695857777e+02
1.998243962863026866e+02 2.694934269285135997e+02
1.992083285947586830e+02 2.686496683093831734e+02
1.986037241124924435e+02 2.677967544502697024e+02
1.980108745674656916e+02 2.669347186202510898e+02
1.974300799618187625e+02 2.660635986161790356e+02
1.968616479252912654e+02 2.651834377995073737e+02
1.963058805337592219e+02 2.642942450465938009e+02
1.957631337537100364e+02 2.633961322279273531e+02
1.952337438960534541e+02 2.624890834531730661e+02
1.947181165952420940e+02 2.615731929211991655e+02
1.942166248702791052e+02 2.606484606702031783e+02
1.937296922844813594e+02 2.597149858433041345e+02
1.932577034465539896e+02 2.587728546015882216e+02
1.928008188653002435e+02 2.578222744574686089e+02
1.923590999233356058e+02 2.568635127994593290e+02
1.919326071072109698e+02 2.558968092542708916e+02
1.915214325942831692e+02 2.549224853647413056e+02
1.911256366355399905e+02 2.539407387662456870e+02
1.907453437047842613e+02 2.529518666424766025e+02
1.903806635195900299e+02 2.519560533278792889e+02
1.900317504028472797e+02 2.509535953908857095e+02
1.896987436432348204e+02 2.499447192033159695e+02
1.893817978547902783e+02 2.489296553632979396e+02
1.890810761839400698e+02 2.479086566697859269e+02
1.887967522801712903e+02 2.468820166199781738e+02
1.885289888592259331e+02 2.458498953200674180e+02
1.882780041081455522e+02 2.448126483963544331e+02
1.880439913399061140e+02 2.437704824496977096e+02
1.878271527886397507e+02 2.427236772601494863e+02
1.876276895380313192e+02 2.416725215431093545e+02
1.874458161458039456e+02 2.406172506019918274e+02
1.872817775187434393e+02 2.395582328106922603e+02
1.871358151831273915e+02 2.384956821805552920e+02
1.870081787013690189e+02 2.374299403834018278e+02
1.868991109538990827e+02 2.363613031737255596e+02
1.868088772896122975e+02 2.352901120477631594e+02
1.867377606935277186e+02 2.342166881594495749e+02
1.866860674948596852e+02 2.331413530251359134e+02
1.866541071973220483e+02 2.320644432770873777e+02
1.866421944933443342e+02 2.309863318959592959e+02
1.866506611735965464e+02 2.299074027042513819e+02
1.866798637742659253e+02 2.288280190366600664e+02
1.867301826136038869e+02 2.277485712875951549e+02
1.868020122783219676e+02 2.266694551627418264e+02
1.868957547371686303e+02 2.255911094603918343e+02
1.870118236776405922e+02 2.245139889594209990e+02
1.871506648102906638e+02 2.234385091085885051e+02
1.873127187853394275e+02 2.223651884178297564e+02
1.874984540360790106e+02 2.212944954210056778e+02
1.877083380646275259e+02 2.202269643073461793e+02
1.879428309050946666e+02 2.191631496860021855e+02
1.882024174203209270e+02 2.181035615247448050e+02
1.884875063013888052e+02 2.170488742850638459e+02
1.887985513564009921e+02 2.159996418423570219e+02
1.891359698737640258e+02 2.149565118712476135e+02
1.895001305170463866e+02 2.139201471847331675e+02
1.898913431457757213e+02 2.128912201104277244e+02
1.903098513923870314e+02 2.118704067364716366e+02
1.907558653675047253e+02 2.108583994981215426e+02
1.912295086134372468e+02 2.098559434188770751e+02
1.917297998716639142e+02 2.088646752652878433e+02
1.922553977489621104e+02 2.078856806743077072e+02
1.928053274422036623e+02 2.069190891149603715e+02
1.933789559779516765e+02 2.059651698558451187e+02
1.939759677825985591e+02 2.050244220453060109e+02
1.945959902290338448e+02 2.040973437435751521e+02
1.952385736783300842e+02 2.031844274164538433e+02
1.959032099597074250e+02 2.022861480322877696e+02
1.965894078054911631e+02 2.014029369715832729e+02
1.972965550288453755e+02 2.005352967432898197e+02
1.980241029787981688e+02 1.996836392616269222e+02
1.987714308959156995e+02 1.988484098831220024e+02
1.995378968646585633e+02 1.980300387260822106e+02
2.003228553320891763e+02 1.972289082588378619e+02
2.011256537647772120e+02 1.964453614376493817e+02
2.019456208466076248e+02 1.956797462469162951e+02
2.027820760597873004e+02 1.949324080086309721e+02
2.036344248925384193e+02 1.942036475305659735e+02
2.045019050394157318e+02 1.934937817280701324e+02
2.053839494588848993e+02 1.928029426618656146e+02
2.062797795278230240e+02 1.921313708897080232e+02
2.071887924862281523e+02 1.914792223252833878e+02
2.081103974136552210e+02 1.908466674412534587e+02
2.090438846934710853e+02 1.902338484718517577e+02
2.099886785641767233e+02 1.896407447351916460e+02
2.109440835495146302e+02 1.890673867467704099e+02
2.119095351957388971e+02 1.885137634057020080e+02
2.128844527891336327e+02 1.879798836193876070e+02
2.138683214728516191e+02 1.874656811609434897e+02
2.148604546595176998e+02 1.869710432422212705e+02
2.158603921590937205e+02 1.864957874002372193e+02
2.168676084040979219e+02 1.860397711301503989e+02
2.178815968919567183e+02 1.856028550183401649e+02
2.189018647709911818e+02 1.851848627234085427e+02
2.199279259146700269e+02 1.847855548432230819e+02
2.209594384333197752e+02 1.844046709212259714e+02
2.219958396888868890e+02 1.840420067454758737e+02
2.230368188715605697e+02 1.836973099964743881e+02
2.240819844480027712e+02 1.833703484587250045e+02
2.251309605660994748e+02 1.830608703491505196e+02
2.261833915260952210e+02 1.827686251749702251e+02
2.272389686696091928e+02 1.824933645400368221e+02
2.282974023827522103e+02 1.822348492631821557e+02
2.293583469044174308e+02 1.819928628309060912e+02
2.304215550850687180e+02 1.817672005876580670e+02
2.314867872191769038e+02 1.815576712249608704e+02
2.325537788498389773e+02 1.813640940952452070e+02
2.336222827383521405e+02 1.811862922313775073e+02
2.346920819845125834e+02 1.810241230088436453e+02
2.357629459649366765e+02 1.808775153246599530e+02
2.368346694449598147e+02 1.807464094525810197e+02
2.379071395553750108e+02 1.806307535499342976e+02
2.389800028536949981e+02 1.805305070980232358e+02
2.400532281356929616e+02 1.804455736016964522e+02
2.411264821365379305e+02 1.803757556476845423e+02
2.421996242968962179e+02 1.803208336963374734e+02
2.432724706456938577e+02 1.802805976891031889e+02
2.443448375067267477e+02 1.802548417278950694e+02
2.454165499269764723e+02 1.802433931133537897e+02
2.464874412442741800e+02 1.802461587907569367e+02
2.475573481640824980e+02 1.802630611801825751e+02
2.486261098051912768e+02 1.802940260422670349e+02
2.496936215570418085e+02 1.803389892191719355e+02
2.507596409203504493e+02 1.803978931044444494e+02
2.518240657534277034e+02 1.804707266471844491e+02
2.528867428263020258e+02 1.805574893333907482e+02
2.539474945060529194e+02 1.806581801167719163e+02
2.550061492523861943e+02 1.807727983128962137e+02
2.560626287450169229e+02 1.809013600763896932e+02
2.571166618008977025e+02 1.810438593752753320e+02
2.581681428111471632e+02 1.812003064782028332e+02
2.592169057190869239e+02 1.813707110327030989e+02
2.602627825039660365e+02 1.815550841017480650e+02
2.613056046457007255e+02 1.817534222129578154e+02
2.623452070283402691e+02 1.819656703134470206e+02
2.633814256049433311e+02 1.821917635719041186e+02
2.644140964606728517e+02 1.824316382931739611e+02
2.654430556503173193e+02 1.826852318156035153e+02
2.664681427282932873e+02 1.829524526501814989e+02
2.674892120944759881e+02 1.832331016537347352e+02
2.685061318490383542e+02 1.835269582924899510e+02
2.695187867109924014e+02 1.838338090179949518e+02
2.705269910374272513e+02 1.841534208959691057e+02
2.715306570601665044e+02 1.844855437133851410e+02
2.725297314422378463e+02 1.848297908766433579e+02
2.735240553017014236e+02 1.851857045314079642e+02
2.745136391561367759e+02 1.855528715146095919e+02
2.754983805180193599e+02 1.859308502961306999e+02
2.764782642977789351e+02 1.863191882302593854e+02
2.774532757938500822e+02 1.867172851018728466e+02
2.784234527035958422e+02 1.871245161163408284e+02
2.793888065829960397e+02 1.875402450772207033e+02
2.803494364741372920e+02 1.879638687490459290e+02
2.813053574408829718e+02 1.883947324121204758e+02
2.822567255716600130e+02 1.888321447908459447e+02
2.832036531747589834e+02 1.892753750949107143e+02
2.841462834825069308e+02 1.897236981895047165e+02
2.850848086105532389e+02 1.901764116221625613e+02
2.860194062774887698e+02 1.906328075648877984e+02
2.869502764701677506e+02 1.910921810633689404e+02
2.878776569235405418e+02 1.915538440165546206e+02
2.888018019227651507e+02 1.920171211834406790e+02
2.897229599571310814e+02 1.924813294686342431e+02
2.906414001865112482e+02 1.929458724642546485e+02
2.915572760773154073e+02 1.934105551947433241e+02
2.924706972323588161e+02 1.938753280873894482e+02
2.933817757333266627e+02 1.943401491895802167e+02
2.942906142877502589e+02 1.948049685019167043e+02
2.951973276491666525e+02 1.952697594062420308e+02
2.961020024508910637e+02 1.957345595866698602e+02
2.970047151666740888e+02 1.961994342887433618e+02
2.979055406344321000e+02 1.966644518177432985e+02
2.988045527443882179e+02 1.971296876809485923e+02
2.997018185931658536e+02 1.975952150336898399e+02
3.005973975178110891e+02 1.980611433608324887e+02
3.014913390804618416e+02 1.985275955983937024e+02
3.023836899137978662e+02 1.989946971523282286e+02
3.032744937989914433e+02 1.994625758569012817e+02
3.041637910800564555e+02 1.999313632477343674e+02
3.050516145941384707e+02 2.004012031206850963e+02
3.059379905963537567e+02 2.008722488694832577e+02
3.068229439319208609e+02 2.013446503739920388e+02
3.077064955702060161e+02 2.018185623457383429e+02
3.085886626633625838e+02 2.022941417002583080e+02
3.094694582857446790e+02 2.027715485245036859e+02
3.103488916753967146e+02 2.032509454230212782e+02
3.112269684959999267e+02 2.037324968663588436e+02
3.121036908019956400e+02 2.042163691377386670e+02
3.129790650431704080e+02 2.047027180324680558e+02
3.138531359917783448e+02 2.051916342561243880e+02
3.147259560772227474e+02 2.056831801035515639e+02
3.155975696360482061e+02 2.061774203162659660e+02
3.164680166887469568e+02 2.066744207629193681e+02
3.173373327352244360e+02 2.071742484847777632e+02
3.182055476889589158e+02 2.076769734382576189e+02
3.190726863899221257e+02 2.081826675981124026e+02
3.199387686459701285e+02 2.086914055019467753e+02
3.208038104955710992e+02 2.092032609886529144e+02
3.216678244581939907e+02 2.097183065448389243e+02
3.225308146276174170e+02 2.102366237023115048e+02
3.233927779048289040e+02 2.107582980520283797e+02
3.242537069241166137e+02 2.112834156456264054e+02
3.251135899454039304e+02 2.118120652745622294e+02
3.259724100196479526e+02 2.123443354166789447e+02
3.268301392936789398e+02 2.128803190869404887e+02
3.276867426823530991e+02 2.134201212866323658e+02
3.285421791194219168e+02 2.139638459698163615e+02
3.293964041297770677e+02 2.145116033091466079e+02
3.302493637474307207e+02 2.150634923876367282e+02
3.311009941655268562e+02 2.156196280364422080e+02
3.319512201140377101e+02 2.161801371919552253e+02
3.327999631803803595e+02 2.167451570172048605e+02
3.336471264407421700e+02 2.173147956492355490e+02
3.344926195055992935e+02 2.178891858225136104e+02
3.353362672266675304e+02 2.184685603756813919e+02
3.361778029742533818e+02 2.190531926313209112e+02
3.370169639219547548e+02 2.196433689018700477e+02
3.378534857434131595e+02 2.202393927847748500e+02
3.386870590550734619e+02 2.208415026552827953e+02
3.395174209192148851e+02 2.214499917070701827e+02
3.403442642578426671e+02 2.220650849444834876e+02
3.411673033109952939e+02 2.226870404429596420e+02
3.419862226362433830e+02 2.233160822811171897e+02
3.428007180805193457e+02 2.239524549847177752e+02
3.436104702479967159e+02 2.245963410887806049e+02
3.444152113295159552e+02 2.252479646674583478e+02
3.452146069718461945e+02 2.259074562801068851e+02
3.460083741311971721e+02 2.265750194643848658e+02
3.467961981979601092e+02 2.272508261923438511e+02
3.475777659682823355e+02 2.279349885362051111e+02
3.483528158611338199e+02 2.286276330457881727e+02
3.491210687896418676e+02 2.293288680454557777e+02
3.498822415534430093e+02 2.300388023216506497e+02
3.506360293246189030e+02 2.307575106929909623e+02
3.513821706786122832e+02 2.314850763478485192e+02
3.521204172892608995e+02 2.322215434716485163e+02
3.528505176625964168e+02 2.329669519087863705e+02
3.535722155265360698e+02 2.337213382904013486e+02
3.542852502438751117e+02 2.344847354603122369e+02
3.549893774992268618e+02 2.352571658802331740e+02
3.556843679778997966e+02 2.360386311336099538e+02
3.563699751217070002e+02 2.368291014337878551e+02
3.570459693797959631e+02 2.376285770467478073e+02
3.577121241156896758e+02 2.384370781422436494e+02
3.583681717431494462e+02 2.392545405626631236e+02
3.590138922121755058e+02 2.400809616092708154e+02
3.596490413716907710e+02 2.409163062184566115e+02
3.602733754862811111e+02 2.417605467292228525e+02
3.608866299260949972e+02 2.426136195394952892e+02
3.614885609224967311e+02 2.434755285770899036e+02
3.620788752417494152e+02 2.443462238036113661e+02
3.626572780454878853e+02 2.452256541333710516e+02
3.632234818049548721e+02 2.461137918114635283e+02
3.637771817973952011e+02 2.470105879500221135e+02
3.643180448033409675e+02 2.479159995512619048e+02
3.648456990183823905e+02 2.488300016174527798e+02
3.653597647272936229e+02 2.497525770996769268e+02
3.658598236072031682e+02 2.506836260845061588e+02
3.663454932205381738e+02 2.516231426222842344e+02
3.668163059068566554e+02 2.525710617858372302e+02
3.672717270704442285e+02 2.535273710877460758e+02
3.677111877685740069e+02 2.544920042573341448e+02
3.681341272991168694e+02 2.554649321634898627e+02
3.685399569104598640e+02 2.564460737925697345e+02
3.689281956772419448e+02 2.574352707053165545e+02
3.692985741507713442e+02 2.584322477167307852e+02
3.696508390466560741e+02 2.594367090046732187e+02
3.699847315958836020e+02 2.604483579465642151e+02
3.702999906229547946e+02 2.614669259772201713e+02
3.705963160854345233e+02 2.624920159083569615e+02
3.708734408101390159e+02 2.635233370206232166e+02
3.711310700198629320e+02 2.645605463514131657e+02
3.713688919801809902e+02 2.656032529361628463e+02
3.715865956383979096e+02 2.666510922418965492e+02
3.717838771095886159e+02 2.677036275625276289e+02
3.719604907808863459e+02 2.687604070580903226e+02
3.721161934196517791e+02 2.698210296221398607e+02
3.722507062445034762e+02 2.708849154001379134e+02
3.723637701981083978e+02 2.719516080337331232e+02
3.724551448622318048e+02 2.730205570281336236e+02
3.725246882350172086e+02 2.740911634436736790e+02
3.725722682387922191e+02 2.751628211923179492e+02
3.725977432440853363e+02 2.762349126997198141e+02
3.726009650858353552e+02 2.773067618611549392e+02
3.725818280089133054e+02 2.783776965209318064e+02
3.725403318633050276e+02 2.794470002357638236e+02
3.724764941384432291e+02 2.805139261075569834e+02
3.723903248815450411e+02 2.815777518462493845e+02
3.722818466978806669e+02 2.826376577521410240e+02
3.721511027533411493e+02 2.836928973651307047e+02
3.719982085284363507e+02 2.847426562591541028e+02
3.718233042243729756e+02 2.857861131918180035e+02
3.716265445099897988e+02 2.868224451709148752e+02
3.714080783641458083e+02 2.878508534951128581e+02
3.711680928934972599e+02 2.888704847444601000e+02
3.709067854245934086e+02 2.898805300614552607e+02
3.706243750784720987e+02 2.908801744321328329e+02
3.703211023585968746e+02 2.918686163492259880e+02
3.699972489074434066e+02 2.928450699322671653e+02
3.696530920064305406e+02 2.938087820136235564e+02
3.692888624740045316e+02 2.947590130505003572e+02
3.689048152602787809e+02 2.956950585167016925e+02
3.685012472404558821e+02 2.966162633990360291e+02
3.680784800613562879e+02 2.975220143135258013e+02
3.676368948233137530e+02 2.984118011441241833e+02
3.671768974039330828e+02 2.992851649012841904e+02
3.666989239881475555e+02 3.001417519328845174e+02
3.662034436806232520e+02 3.009813364438130066e+02
3.656909451882344229e+02 3.018037914429535817e+02
