3.648905310367978814e+02 3.024694502332797583e+02
3.643886735392500213e+02 3.032701515286847211e+02
3.638699192690310724e+02 3.040580550911004138e+02
3.633341883273501480e+02 3.048336232615366157e+02
3.627815238692366506e+02 3.055971140999956788e+02
3.622119999395763443e+02 3.063487593981917030e+02
3.616257252801195818e+02 3.070887480000232017e+02
3.610228324612130564e+02 3.078172621145936318e+02
3.604034929900187194e+02 3.085344495329571828e+02
3.597679271392402143e+02 3.092403738488729914e+02
3.591163437112284669e+02 3.099351587603068765e+02
3.584490260497045142e+02 3.106188297241812961e+02
3.577662699683806409e+02 3.112914297847532907e+02
3.570683978498034890e+02 3.119529873092740786e+02
3.563557582604431104e+02 3.126034968150513009e+02
3.556287014512388964e+02 3.132429600049711098e+02
3.548876059267435039e+02 3.138713284328446207e+02
3.541328230264659283e+02 3.144885666919817595e+02
3.533647354775032454e+02 3.150945816156766455e+02
3.525837050688857062e+02 3.156893106332269099e+02
3.517901233254982003e+02 3.162726413045760978e+02
3.509843582942785361e+02 3.168444788001926327e+02
3.501667806607362650e+02 3.174046833727266517e+02
3.493377506104465056e+02 3.179531078305878964e+02
3.484976308272874235e+02 3.184895846864433793e+02
3.476467765016190583e+02 3.190139593376802054e+02
3.467855468259425606e+02 3.195260454197777449e+02
3.459142854799356428e+02 3.200256500085197899e+02
3.450333337934130782e+02 3.205125605945102052e+02
3.441430322616520243e+02 3.209865660823680855e+02
3.432437164681655304e+02 3.214474411859440579e+02
3.423357205006881827e+02 3.218949579861858865e+02
3.414193725774821928e+02 3.223288816824340870e+02
3.404950042316443160e+02 3.227489777219704479e+02
3.395629400167831022e+02 3.231550038803248412e+02
3.386235083881721266e+02 3.235467159071781111e+02
3.376770263713047484e+02 3.239238628771855133e+02
3.367238218010682544e+02 3.242862097399865320e+02
3.357642107181752635e+02 3.246335218240305380e+02
3.347985263870368158e+02 3.249655654715261903e+02
3.338270819908800036e+02 3.252821013670061916e+02
3.328501928807643822e+02 3.255828862846348102e+02
3.318681775685859634e+02 3.258676946557240512e+02
3.308813722007211027e+02 3.261363150385828362e+02
3.298900657048340008e+02 3.263885230740953034e+02
3.288946057124815638e+02 3.266240989291709411e+02
3.278952889201911489e+02 3.268428181305421845e+02
3.268924324617710795e+02 3.270444601454029225e+02
3.258863537104845136e+02 3.272288078086662040e+02
3.248773697120826114e+02 3.273956422563698538e+02
3.238657975009442680e+02 3.275447429361178706e+02
3.228519577517741368e+02 3.276759211711967623e+02
3.218361828040920045e+02 3.277893293742492915e+02
3.208188540085513409e+02 3.278853366305707482e+02
3.198002740440186926e+02 3.279643051084713079e+02
3.187807849798226130e+02 3.280266051208836871e+02
3.177606646944127533e+02 3.280725995400482589e+02
3.167401893044809640e+02 3.281026300095068109e+02
3.157196252633754625e+02 3.281170273095451080e+02
3.146992205052436020e+02 3.281161213996392689e+02
3.136791994633356353e+02 3.281002366206229794e+02
3.126597879600317924e+02 3.280696978226952183e+02
3.116411934295675223e+02 3.280248242001495669e+02
3.106236101334743580e+02 3.279659295729252335e+02
3.096072085531598077e+02 3.278933177994185826e+02
3.085921827531278723e+02 3.278073023155358214e+02
3.075786799137804337e+02 3.277081850595972696e+02
3.065668635075849693e+02 3.275962781586643473e+02
3.055568631699929369e+02 3.274718860885531058e+02
3.045488305116422225e+02 3.273353237393703807e+02
3.035428793518306065e+02 3.271868947893531185e+02
3.025391222908286863e+02 3.270268976218112016e+02
3.015376775537683898e+02 3.268556487082631747e+02
3.005386382938685870e+02 3.266734663673827299e+02
2.995420937926069769e+02 3.264806662587369601e+02
2.985481259442111650e+02 3.262775614635608008e+02
2.975568086339278580e+02 3.260644629439246387e+02
2.965682067249895795e+02 3.258416894973392459e+02
2.955823760165885119e+02 3.256095664846451996e+02
2.945993634099293672e+02 3.253684140098323496e+02
2.936192107348481386e+02 3.251185518202111666e+02
2.926419509282505373e+02 3.248602990704774243e+02
2.916676071823941925e+02 3.245939748544118402e+02
2.906961959150596613e+02 3.243198946179925315e+02
2.897277267020863860e+02 3.240383789288153480e+02
2.887621994117981785e+02 3.237497447621775564e+02
2.877996121652970487e+02 3.234542939835632183e+02
2.868399464354192787e+02 3.231523411216159047e+02
2.858831906273593972e+02 3.228441779877377371e+02
2.849293108381974093e+02 3.225301064442239181e+02
2.839782845696987579e+02 3.222104123811586760e+02
2.830300600749433215e+02 3.218853902999309184e+02
2.820846088896061588e+02 3.215553106092073676e+02
2.811418674232077137e+02 3.212204414907140517e+02
2.802017894558800890e+02 3.208810429306670358e+02
2.792643194385844367e+02 3.205373676728497685e+02
2.783293776819214145e+02 3.201896703937036932e+02
2.773969028622150290e+02 3.198381898276633137e+02
2.764668315276119870e+02 3.194831439236549500e+02
2.755390684199136899e+02 3.191247509021103497e+02
2.746135398379441312e+02 3.187632256839759179e+02
2.736901601156827724e+02 3.183987738879696963e+02
2.727688743923164338e+02 3.180314976643445561e+02
2.718496444759497876e+02 3.176613692275132621e+02
2.709324606850861983e+02 3.172883522329220796e+02
2.700173069348048784e+02 3.169124058129256127e+02
2.691041687498470196e+02 3.165334871156701979e+02
2.681930389185226318e+02 3.161515519386978212e+02
2.672838961352733236e+02 3.157665552453939881e+02
2.663767297452374692e+02 3.153784528343907141e+02
2.654715325867844058e+02 3.149871980401456995e+02
2.645682965923615484e+02 3.145927414462528873e+02
2.636670140981348709e+02 3.141950343477971046e+02
2.627676771412810126e+02 3.137940301715281066e+02
2.618702788705847411e+02 3.133896807034853964e+02
2.609748139375767551e+02 3.129819357425739099e+02
2.600812832658692173e+02 3.125707431337757498e+02
2.591896716503853213e+02 3.121560501551689981e+02
2.582999779439093686e+02 3.117378120495180269e+02
2.574121966954748473e+02 3.113159803374418289e+02
2.565263234204371656e+02 3.108905044217904106e+02
2.556423545942688804e+02 3.104613316178105720e+02
2.547602859941962947e+02 3.100284104811365182e+02
2.538801111595612099e+02 3.095916934996532746e+02
2.530018239948526571e+02 3.091511315074470758e+02
2.521254182783316651e+02 3.087066729441647226e+02
2.512507990467913430e+02 3.082582566273917450e+02
2.503777762903213215e+02 3.078058453949950035e+02
2.495062812033765169e+02 3.073494778459236727e+02
2.486362635039058659e+02 3.068891996133254452e+02
2.477676686178643877e+02 3.064250526088698621e+02
2.469004422768695406e+02 3.059570774140796061e+02
2.460345339668610620e+02 3.054853150885123796e+02
2.451698896806378229e+02 3.050098064485306395e+02
2.443064554897186156e+02 3.045305903044054503e+02
2.434441778129370846e+02 3.040477030253455837e+02
2.425830034351301663e+02 3.035611785269570646e+02
2.417228796493521656e+02 3.030710480701510505e+02
2.408637544517840183e+02 3.025773399982247724e+02
2.400055763169505099e+02 3.020800801058724687e+02
2.391482995297940022e+02 3.015792918491366663e+02
2.382918654186482001e+02 3.010749931810540261e+02
2.374362278394072518e+02 3.005672020664868000e+02
2.365813438740713366e+02 3.000559262966937126e+02
2.357271714926545485e+02 2.995411699160250691e+02
2.348736694628948385e+02 2.990229345464141488e+02
2.340208005058594836e+02 2.985012188604776497e+02
2.331685273547796839e+02 2.979760130995228451e+02
2.323168217606087467e+02 2.974472943499842472e+02
2.314656642134869458e+02 2.969150363461050119e+02
2.306150346632934998e+02 2.963792091865316820e+02
2.297649205926317961e+02 2.958397771180875111e+02
2.289153417067237797e+02 2.952966540353019695e+02
2.280664698724957589e+02 2.947495918240704214e+02
2.272185117438809527e+02 2.941983096226083489e+02
2.263716789133937937e+02 2.936425340684643857e+02
2.255261909880308053e+02 2.930819996355256194e+02
2.246822834503072954e+02 2.925164291366032785e+02
2.238402132396855961e+02 2.919455471667224629e+02
2.230002476930372666e+02 2.913690729842094811e+02
2.221626639883182008e+02 2.907867260049004585e+02
2.213277508572391525e+02 2.901982477004262932e+02
2.204957970029514911e+02 2.896033585154294769e+02
2.196671107708656336e+02 2.890018188695149775e+02
2.188419928542341779e+02 2.883933620794006742e+02
2.180207666348515545e+02 2.877777520859855827e+02
2.172037565963052259e+02 2.871547513965271605e+02
2.163912827377338886e+02 2.865241096053849787e+02
2.155836768519936015e+02 2.858856499069424331e+02
2.147812463468406179e+02 2.852391655687078469e+02
2.139843154742899571e+02 2.845844620758182373e+02
2.131932199553283453e+02 2.839213564704886039e+02
2.124082972722669922e+02 2.832496868201913571e+02
2.116298467294115824e+02 2.825693112649673822e+02
2.108581698782507772e+02 2.818801069662888494e+02
2.100935746292323927e+02 2.811819555618064896e+02
2.093363753467572224e+02 2.804747433464830806e+02
2.085868848926916712e+02 2.797583680011070442e+02
2.078453836690105732e+02 2.790327630682054405e+02
2.071121455177236328e+02 2.782978740885900493e+02
2.063874419450434061e+02 2.775536313954203251e+02
2.056715785595219756e+02 2.768000223031340283e+02
2.049648300344908876e+02 2.760369956223480017e+02
2.042674409951374059e+02 2.752645036227895616e+02
2.035797008240612342e+02 2.744826030940596411e+02
2.029018373288706130e+02 2.736912359688948300e+02
2.022341480350837912e+02 2.728904602902117063e+02
2.015768709935267680e+02 2.720802235848494774e+02
2.009302988190409565e+02 2.712605975586363343e+02
2.002946830304208561e+02 2.704315910532437783e+02
1.996702922934350681e+02 2.695932298770343891e+02
1.990574050740227108e+02 2.687455489371615727e+02
1.984563077903342787e+02 2.678885868345329300e+02
1.978673020014024928e+02 2.670223821000612361e+02
1.972906999053958259e+02 2.661469769739363187e+02
1.967268214921156186e+02 2.652624199010593316e+02
1.961759807232672017e+02 2.643687244241914414e+02
1.956385486887664058e+02 2.634660098585457604e+02
1.951148850391138012e+02 2.625542596403025186e+02
1.946054250937039853e+02 2.616335692283438448e+02
1.941105706000764997e+02 2.607039388007282241e+02
1.936307755084213511e+02 2.597654714717549496e+02
1.931664531170016232e+02 2.588182588631743215e+02
1.927177807216644112e+02 2.578625216395553821e+02
1.922848309729728555e+02 2.568985445529343679e+02
1.918676754357815923e+02 2.559265854805523759e+02
1.914664178647323638e+02 2.549469866552720418e+02
1.910811290082241101e+02 2.539599662812601082e+02
1.907119419766861483e+02 2.529658458743030280e+02
1.903589733364930225e+02 2.519648351008137865e+02
1.900223843389323406e+02 2.509572581926995554e+02
1.897023206852805117e+02 2.499433703106475093e+02
1.893989422635901576e+02 2.489234330715587191e+02
1.891124091011923554e+02 2.478977349445434015e+02
1.888428865324630408e+02 2.468666077043909013e+02
1.885905284842482672e+02 2.458302524244087124e+02
1.883555427472960844e+02 2.447890652329237184e+02
1.881381106715389819e+02 2.437432969417801587e+02
1.879384097423614435e+02 2.426932755316535122e+02
1.877566079536698851e+02 2.416393405656629909e+02
1.875928853207987856e+02 2.405817806592000352e+02
1.874474492229877001e+02 2.395210140753879671e+02
1.873205019208289457e+02 2.384573110737280217e+02
1.872122397255623127e+02 2.373910680116511855e+02
1.871228431613050134e+02 2.363226385775688811e+02
1.870525117295748032e+02 2.352524193015260323e+02
1.870014596300045469e+02 2.341807865744432888e+02
1.869699205639894330e+02 2.331081164765077745e+02
1.869581212387546429e+02 2.320347990718305198e+02
1.869662848978330487e+02 2.309612563581622737e+02
1.869946477577429675e+02 2.298879169147726600e+02
1.870434668024691973e+02 2.288151871526525554e+02
1.871130182968605311e+02 2.277434941237153225e+02
1.872035870001714954e+02 2.266732650997462883e+02
1.873154597290834715e+02 2.256049597591949407e+02
1.874489312170417747e+02 2.245390444702494221e+02
1.876043242122000834e+02 2.234759439119682725e+02
1.877819540990470841e+02 2.224161628182325217e+02
1.879821619887760846e+02 2.213601530124198860e+02
1.882052881688141213e+02 2.203084111786331505e+02
1.884516657869214669e+02 2.192614381535921098e+02
1.887216519909808312e+02 2.182196847702240063e+02
1.890155366294095813e+02 2.171837215528909155e+02
1.893336547364514217e+02 2.161540043191789948e+02
1.896763154903526924e+02 2.151310494883069566e+02
1.900437906373693693e+02 2.141153673623142311e+02
1.904363071416097455e+02 2.131074567910416420e+02
1.908540424798452477e+02 2.121078002563082805e+02
1.912971576875619917e+02 2.111168768410154826e+02
1.917657517943563619e+02 2.101351912557318826e+02
1.922589663616978157e+02 2.091639113362965929e+02
1.927756033805198115e+02 2.082037203622406025e+02
1.933147698955719989e+02 2.072545230321183851e+02
1.938759703175987568e+02 2.063164092529386267e+02
1.944590776760784649e+02 2.053897508516305379e+02
1.950639082360783334e+02 2.044749461428292250e+02
1.956901981333516005e+02 2.035724108497640543e+02
1.963376185851312528e+02 2.026825668049359592e+02
1.970058532603508752e+02 2.018058307758764158e+02
1.976944780789607421e+02 2.009427092367784269e+02
1.984031072452781075e+02 2.000936507003905263e+02
1.991312760213215256e+02 1.992591461461692006e+02
1.998784848204380182e+02 1.984396857832869614e+02
2.006442215075473143e+02 1.976357357576117977e+02
2.014279605531601192e+02 1.968477454676489344e+02
2.022291459821715307e+02 1.960761770979061964e+02
2.030471998255920596e+02 1.953214967945966123e+02
2.038816103613955306e+02 1.945841364971242626e+02
2.047316984620641449e+02 1.938645407273879471e+02
2.055969514427169713e+02 1.931629842758020459e+02
2.064766530640588940e+02 1.924798411790794717e+02
2.073702414411158372e+02 1.918154096137961062e+02
2.082771594029268272e+02 1.911700016340238335e+02
2.091967243916945165e+02 1.905438877104039932e+02
2.101283650118044193e+02 1.899371647434015529e+02
2.110713930805460450e+02 1.893499742343871048e+02
2.120252415580293643e+02 1.887824173098730114e+02
2.129893254516088064e+02 1.882346122308571523e+02
2.139631138506194645e+02 1.877065870667997842e+02
2.149458995799345189e+02 1.871982962539833864e+02
2.159371927429977234e+02 1.867096232776577551e+02
2.169364414447389606e+02 1.862404877604364799e+02
2.179431125038665584e+02 1.857908101518673334e+02
2.189566822393233565e+02 1.853604603879514627e+02
2.199766280395125477e+02 1.849492236184724447e+02
2.210025698258243381e+02 1.845568606138564576e+02
2.220339137753146872e+02 1.841831847666634872e+02
2.230703142007014605e+02 1.838279609597617537e+02
2.241113467492369580e+02 1.834909656383897527e+02
2.251566015945565766e+02 1.831719427167521417e+02
2.262056907584156988e+02 1.828706346648737053e+02
2.272582749074424839e+02 1.825867847374953499e+02
2.283140357254853825e+02 1.823201441066503037e+02
2.293726010710401226e+02 1.820704837051974891e+02
2.304336976884557942e+02 1.818375822733159453e+02
2.314970617023791135e+02 1.816212305322912925e+02
2.325624065847512725e+02 1.814212289586232600e+02
2.336294646072473427e+02 1.812373809774261701e+02
2.346979999647234649e+02 1.810695244955777241e+02
2.357677650035705597e+02 1.809175700402622624e+02
2.368385387046027688e+02 1.807814392357196880e+02
2.379101933766757213e+02 1.806610611569312539e+02
2.389823629750202088e+02 1.805563756803741171e+02
2.400550035209849966e+02 1.804672647481688728e+02
2.411277708863780447e+02 1.803935049299648483e+02
2.422005143268807217e+02 1.803348498468611183e+02
2.432730411292417614e+02 1.802910623293432479e+02
2.443451601115898200e+02 1.802619091587415880e+02
2.454166901309246498e+02 1.802471939469830602e+02
2.464874596170378140e+02 1.802468095699713899e+02
2.475573010390018567e+02 1.802606658077480120e+02
2.486260498483162564e+02 1.802886756880079133e+02
2.496935983763507352e+02 1.803307622448621714e+02
2.507597014698185376e+02 1.803868571524616868e+02
2.518242548252923143e+02 1.804569445967688921e+02
2.528871032404160815e+02 1.805410202993239750e+02
2.539480672557026537e+02 1.806390794109938724e+02
2.550069736895450490e+02 1.807511174120455735e+02
2.560637429823040634e+02 1.808771483500751742e+02
2.571181019700747470e+02 1.810171693548301164e+02
2.581699434697001152e+02 1.811711948567944432e+02
2.592190996006685850e+02 1.813392386256831799e+02
2.602654004393637024e+02 1.815213158130759155e+02
2.613086753731486738e+02 1.817174283033770052e+02
2.623487566700389380e+02 1.819275307060323144e+02
2.633854773235929656e+02 1.821515687033112840e+02
2.644186701810624527e+02 1.823894890534956517e+02
2.654481677823599171e+02 1.826412394837286115e+02
2.664738058209206315e+02 1.829067393913939554e+02
2.674954342712819084e+02 1.831858025121093192e+02
2.685129164447337757e+02 1.834782215810022876e+02
2.695261320299758268e+02 1.837837962412113768e+02
2.705348893243528323e+02 1.841023065492266255e+02
2.715390949729836620e+02 1.844335147654441300e+02
2.725386901701032230e+02 1.847770446276014411e+02
2.735335091217269223e+02 1.851324477800389161e+02
2.745235567928654064e+02 1.854993207218583962e+02
2.755087235685074916e+02 1.858772312402425655e+02
2.764889880174043810e+02 1.862657345884269375e+02
2.774643297098478456e+02 1.866642319688741338e+02
2.784347812919372132e+02 1.870720982747217818e+02
2.794003487084794415e+02 1.874886968006923667e+02
2.803611263566154435e+02 1.879134239375383402e+02
2.813171235744536602e+02 1.883456226203695962e+02
2.822684940873888877e+02 1.887845920047318486e+02
2.832153476985995439e+02 1.892295892486768594e+02
2.841578255852014081e+02 1.896798771956842700e+02
2.850961185983862833e+02 1.901347415052477174e+02
2.860304032382167065e+02 1.905934614239005214e+02
2.869608800046256647e+02 1.910553142864199003e+02
2.878877883931726274e+02 1.915195928660479865e+02
2.888113849557497019e+02 1.919856028897377200e+02
2.897319205275771878e+02 1.924526422004887820e+02
2.906496672057382398e+02 1.929200965225843163e+02
2.915647799931441568e+02 1.933877586844510290e+02
2.924773696478427496e+02 1.938555689647632221e+02
2.933875496944434644e+02 1.943234753257084151e+02
2.942954243618862620e+02 1.947914176748281818e+02
2.952011102778399732e+02 1.952593598043905274e+02
2.961046952513860901e+02 1.957273321572937164e+02
2.970062567674209504e+02 1.961953936789144848e+02
2.979058708267288011e+02 1.966636064077478352e+02
2.988036126275428046e+02 1.971320396151166960e+02
2.996995506542809267e+02 1.976007604818565255e+02
3.005937451439190795e+02 1.980698740753429092e+02
3.014862463808591428e+02 1.985394995777871543e+02
3.023771018022180215e+02 1.990097586572019566e+02
3.032663560778756846e+02 1.994807754249333982e+02
3.041540504779623575e+02 1.999526778161284994e+02
3.050402184716796796e+02 2.004256068521831082e+02
3.059248867423794991e+02 2.008997134921725944e+02
3.068080808469817953e+02 2.013751452969198112e+02
3.076898222979241382e+02 2.018520545594324460e+02
3.085701288929138855e+02 2.023305958224963774e+02
3.094490143438890186e+02 2.028109269303394058e+02
3.103264885422433395e+02 2.032932083101211447e+02
3.112025578527535004e+02 2.037776022589504237e+02
3.120772250805142676e+02 2.042642728913053816e+02
3.129504982354795857e+02 2.047533742176647422e+02
3.138224274684129682e+02 2.052449968976448815e+02
3.146930689748461987e+02 2.057392021534597291e+02
3.155624692058974006e+02 2.062360527616964703e+02
3.164306704761284550e+02 2.067356127567980195e+02
3.172977106487255128e+02 2.072379473320073089e+02
3.181636224348639530e+02 2.077431240084538047e+02
3.190284337664076020e+02 2.082512120109445561e+02
3.198921674748012265e+02 2.087622831035005220e+02
3.207548429084598069e+02 2.092764085657271949e+02
3.216164761010822417e+02 2.097936584082233651e+02
3.224770748564034761e+02 2.103141108110426671e+02
3.233366403434817471e+02 2.108378477482098958e+02
3.241951695618839153e+02 2.113649517442868557e+02
3.250526550559769703e+02 2.118955080373817168e+02
3.259090845076410119e+02 2.124296017687050266e+02
3.267644355074248779e+02 2.129673224031055838e+02
3.276186781842493474e+02 2.135087706614628189e+02
3.284717770601845928e+02 2.140540465219144153e+02
3.293236929552793981e+02 2.146032559882895896e+02
3.301743783060853730e+02 2.151564948579257077e+02
3.310237754483212029e+02 2.157138740899254401e+02
3.318718153474782753e+02 2.162755165305034666e+02
3.327184254606506215e+02 2.168415549720249089e+02
3.335635167367610734e+02 2.174120949154381890e+02
3.344070050225553814e+02 2.179872652540854574e+02
3.352487203727217207e+02 2.185672958576588201e+02
3.360884025120673186e+02 2.191524595861586988e+02
3.369257937199395201e+02 2.197430413080344067e+02
3.377606339217347227e+02 2.203393424312462514e+02
3.385926209667370586e+02 2.209416021050414543e+02
3.394214941161355341e+02 2.215501125606417361e+02
3.402469501025160525e+02 2.221651019781292860e+02
3.410687049404612594e+02 2.227868298242302103e+02
3.418864462479264716e+02 2.234155228780169864e+02
3.426998716748887546e+02 2.240514273235263545e+02
3.435086635730211242e+02 2.246947303371865985e+02
3.443125519954987226e+02 2.253456595937685165e+02
3.451112034514955553e+02 2.260043525452051938e+02
3.459043327626193332e+02 2.266710165506992496e+02
3.466916241307088171e+02 2.273458285185332102e+02
3.474727628164440034e+02 2.280289073170503968e+02
3.482474830607701506e+02 2.287203857060729320e+02
3.490155018753424656e+02 2.294203786654934163e+02
3.497765319020121524e+02 2.301290013866903905e+02
3.505302646734814971e+02 2.308463357767319337e+02
3.512764336912172780e+02 2.315724712375609045e+02
3.520147853073445390e+02 2.323074587590128885e+02
3.527450625091281040e+02 2.330513448321019894e+02
3.534670033342030138e+02 2.338041725540509788e+02
3.541803412944377101e+02 2.345659810442066657e+02
3.548848262087844319e+02 2.353367984872843124e+02
3.555802231270833431e+02 2.361166318183832686e+02
3.562662801983807981e+02 2.369054570395492760e+02
3.569427618176426336e+02 2.377032792070899347e+02
3.576094348821659423e+02 2.385101226577595526e+02
3.582660271259661044e+02 2.393259284397915110e+02
3.589123134518033567e+02 2.401506966304727086e+02
3.595480451207439501e+02 2.409843954394317791e+02
3.601729735632173970e+02 2.418270001057952072e+02
3.607868296664149739e+02 2.426784504056805076e+02
3.613893651174115007e+02 2.435387515663847182e+02
3.619802841503471882e+02 2.444078550736682871e+02
3.625592893630591789e+02 2.452857110887643159e+02
3.631260902816983958e+02 2.461722924572342208e+02
3.636803794230006019e+02 2.470675511058210816e+02
3.642218217864738108e+02 2.479714441629136559e+02
3.647500452879710906e+02 2.488839456735675810e+02
3.652646699534237769e+02 2.498050372867458577e+02
3.657652779330556996e+02 2.507346190588299066e+02
3.662514862721450868e+02 2.516726831162269775e+02
3.667228289526362914e+02 2.526191631139260778e+02
3.671787752115557737e+02 2.535740434063148996e+02
3.676187606203162659e+02 2.545372552713923824e+02
3.680422286112561210e+02 2.555087663118471539e+02
3.684485949764116981e+02 2.564884929662974855e+02
3.688373850103099016e+02 2.574762737228883793e+02
3.692083384974698106e+02 2.584718293244094411e+02
3.695612118863360251e+02 2.594748601488753366e+02
3.698957562704152338e+02 2.604850660549878967e+02
3.702117202746168232e+02 2.615021747744842173e+02
3.705088143569309409e+02 2.625257880129181558e+02
3.707867805768307790e+02 2.635556125605908733e+02
3.710453337780439256e+02 2.645913041912265840e+02
3.712841722096193848e+02 2.656324717861160707e+02
3.715029946696696470e+02 2.666787504716724015e+02
3.717015063462292233e+02 2.677297050007963435e+02
3.718794680806419706e+02 2.687848859783395596e+02
3.720366424496706941e+02 2.698438940860247612e+02
3.721727573942538356e+02 2.709061547203132250e+02
3.722875598063494635e+02 2.719712146675550457e+02
3.723808134754690400e+02 2.730385288473929677e+02
3.724523756476509107e+02 2.741075054338900259e+02
3.725021125862360805e+02 2.751775456167770812e+02
3.725298808211967980e+02 2.762480392186620293e+02
3.725355303100180322e+02 2.773183185698561033e+02
3.725189508340350812e+02 2.783877199394671038e+02
3.724801318080758961e+02 2.794555364371322526e+02
3.724190790751412123e+02 2.805210308817603959e+02
3.723357905635865563e+02 2.815834895178757620e+02
3.722302765831371403e+02 2.826421026386950643e+02
3.721025660648317057e+02 2.836961314092308726e+02
3.719527562765907192e+02 2.847447697816273262e+02
3.717809681156583679e+02 2.857872039481417232e+02
3.715873365078553547e+02 2.868226171791207548e+02
3.713719902950654159e+02 2.878502149792109321e+02
3.711350960715915335e+02 2.888691483314258335e+02
3.708768302960292544e+02 2.898786100417908074e+02
3.705973909731118283e+02 2.908777854601759714e+02
3.702969973469466822e+02 2.918658715135464945e+02
3.699759097176696514e+02 2.928420790976826993e+02
3.696343853940705344e+02 2.938056492462641245e+02
3.692726394556090099e+02 2.947558353845018928e+02
3.688909122804526532e+02 2.956919241824394931e+02
3.684894866876454103e+02 2.966132497334938307e+02
3.680686710534487247e+02 2.975191853538093483e+02
3.676288340205809391e+02 2.984092058903981410e+02
3.671703703514197628e+02 2.992828345070259957e+02
3.666937065241606319e+02 3.001396976228305107e+02
3.661993036554141554e+02 3.009795473004228370e+02
3.656876445193731229e+02 3.018022321350763377e+02
