3.649434007579601484e+02 3.024966598319222157e+02
3.644415556900285083e+02 3.032997035709267948e+02
3.639226868057458546e+02 3.040899466068916581e+02
3.633867230738324565e+02 3.048678329461768612e+02
3.628337140903713021e+02 3.056336095725527571e+02
3.622637410191396725e+02 3.063874981971520697e+02
3.616769199345241645e+02 3.071296790072154295e+02
3.610733915731315165e+02 3.078603259713426041e+02
3.604533356350244162e+02 3.085795799649042124e+02
3.598169792408923513e+02 3.092875001775933583e+02
3.591645402935509424e+02 3.099842043020752271e+02
3.584963085587058913e+02 3.106697148645631614e+02
3.578125859539185285e+02 3.113440706179590620e+02
3.571137004597717919e+02 3.120072959335626024e+02
3.564000054137662232e+02 3.126593823520030924e+02
3.556718564359575225e+02 3.133003283365226252e+02
3.549296357240090174e+02 3.139300836525885074e+02
3.541736998532912821e+02 3.145486100214924932e+02
3.534044344643644422e+02 3.151558131129319804e+02
3.526222061859388077e+02 3.157516279115471320e+02
3.518274087688655527e+02 3.163359412250758851e+02
3.510204143008406845e+02 3.169086564411369977e+02
3.502015963420120102e+02 3.174696334801776061e+02
3.493713185036143045e+02 3.180187247237658994e+02
3.485299458047886105e+02 3.185557627675475487e+02
3.476778372042080036e+02 3.190805923153831714e+02
3.468153533937570501e+02 3.195930275660139728e+02
3.459428415835193960e+02 3.200928764914268072e+02
3.450606455900114611e+02 3.205799284144765693e+02
3.441691090946183067e+02 3.210539737113538195e+02
3.432685695642151131e+02 3.215147890253946912e+02
3.423593635760503844e+02 3.219621482346230437e+02
3.414418213812919589e+02 3.223958197055919754e+02
3.405162772924163050e+02 3.228155722613090006e+02
3.395830577957424339e+02 3.232211672766803758e+02
3.386424936175856146e+02 3.236123639290358369e+02
3.376949030945475556e+02 3.239889150316975588e+02
3.367406159961878984e+02 3.243505896942717754e+02
3.357799495050060159e+02 3.246971578646945318e+02
3.348132389135054154e+02 3.250283902191065977e+02
3.338407982252946340e+02 3.253440520220399890e+02
3.328629437137132641e+02 3.256439045194671280e+02
3.318799946621687695e+02 3.259277264701091212e+02
3.308922884369227972e+02 3.261953105642888886e+02
3.299001134255494776e+02 3.264464368561312995e+02
3.289038187314238257e+02 3.266808895027165818e+02
3.279037006439668289e+02 3.268984482205422069e+02
3.269000763841903563e+02 3.270988957108856994e+02
3.258932632698746943e+02 3.272820175759962353e+02
3.248835782277186013e+02 3.274475976825763155e+02
3.238713381140884735e+02 3.275954181772423794e+02
3.228568633756016197e+02 3.277252931056942202e+02
3.218404856932613143e+02 3.278373781794028901e+02
3.208225867830916513e+02 3.279320459911624539e+02
3.198034682737967955e+02 3.280096623133476328e+02
3.187834724179361388e+02 3.280706009299946686e+02
3.177628762028314782e+02 3.281152282183321631e+02
3.167419551455496389e+02 3.281438891043433159e+02
3.157209751589230677e+02 3.281569175121674675e+02
3.147001834934906697e+02 3.281546465227708040e+02
3.136798036616559102e+02 3.281374035758532841e+02
3.126600607874142383e+02 3.281055166134073602e+02
3.116411614361880993e+02 3.280593082462286247e+02
3.106232989071265820e+02 3.279990959271847260e+02
3.096066424200600977e+02 3.279251871217389294e+02
3.085913853170755488e+02 3.278378988541520584e+02
3.075776733259427829e+02 3.277375366490234683e+02
3.065656688393079889e+02 3.276244167164936698e+02
3.055554998727174052e+02 3.274988479599755919e+02
3.045473168740077199e+02 3.273611497012062728e+02
3.035412318848140671e+02 3.272116299943049285e+02
3.025373557448702400e+02 3.270505915925634213e+02
3.015358050667649650e+02 3.268783557260940142e+02
3.005366709559960441e+02 3.266952457452921408e+02
2.995400406017130877e+02 3.265015823172737441e+02
2.985459936962647589e+02 3.262976834912922186e+02
2.975546017984796663e+02 3.260838651607030556e+02
2.965659273083506378e+02 3.258604511168676368e+02
2.955800234225567351e+02 3.256277717626875301e+02
2.945969342644172571e+02 3.253861521923351461e+02
2.936166988418626715e+02 3.251359171032361814e+02
2.926393471379334983e+02 3.248773905383153533e+02
2.916648992199540089e+02 3.246108962126471624e+02
2.906933682275340516e+02 3.243367539325003577e+02
2.897247605661941634e+02 3.240552885965979613e+02
2.887590726806116663e+02 3.237668214306917207e+02
2.877962989331404060e+02 3.234716584326706652e+02
2.868364175371052056e+02 3.231701179565593520e+02
2.858794129201628493e+02 3.228624950855369207e+02
2.849252477324593542e+02 3.225490949954071311e+02
2.839738953308823284e+02 3.222302066988581828e+02
2.830253003442159638e+02 3.219061278752041062e+02
2.820794299248895527e+02 3.215771316556559896e+02
2.811362167875063847e+02 3.212434887840295232e+02
2.801956103692162969e+02 3.209054615900410568e+02
2.792575507961744279e+02 3.205633051064178858e+02
2.783219542970086309e+02 3.202172763104530304e+02
2.773887548795680686e+02 3.198676161611524549e+02
2.764578843009572893e+02 3.195145448967206789e+02
2.755292429128134017e+02 3.191582830886554234e+02
2.746027519468586888e+02 3.187990477539873950e+02
2.736783207718436870e+02 3.184370463692744693e+02
2.727558916505370235e+02 3.180723755348112718e+02
2.718354272213384206e+02 3.177049924590991168e+02
2.709169187002040076e+02 3.173348450265970087e+02
2.700003514978262160e+02 3.169618767281105534e+02
2.690857130387713596e+02 3.165860291607190220e+02
2.681729980532847435e+02 3.162072432062060443e+02
2.672621876307994739e+02 3.158254599939501759e+02
2.663532736067543283e+02 3.154406215540998915e+02
2.654462516197540367e+02 3.150526675214424017e+02
2.645411168335290313e+02 3.146615349065198757e+02
2.636378650642819821e+02 3.142671618282175814e+02
2.627364920023278501e+02 3.138694890971879090e+02
2.618369947807524909e+02 3.134684560329801002e+02
2.609393723758050214e+02 3.130640000827512495e+02
2.600436302191365598e+02 3.126560567908762778e+02
2.591497585467571980e+02 3.122445614533986031e+02
2.582577614873089829e+02 3.118294571294360367e+02
2.573676394274615973e+02 3.114106833851239458e+02
2.564793940884172230e+02 3.109881778341094787e+02
2.555930285248722953e+02 3.105618761740244622e+02
2.547085456560442651e+02 3.101317151540345094e+02
2.538259469024785346e+02 3.096976349775021049e+02
2.529452345045841639e+02 3.092595743487512436e+02
2.520664110360559391e+02 3.088174698382902079e+02
2.511893948200679745e+02 3.083712508537416284e+02
2.503140139637392849e+02 3.079208729356666367e+02
2.494402121994663162e+02 3.074663630874856040e+02
2.485679512312860879e+02 3.070077549665213610e+02
2.476971890788016140e+02 3.065450789480219100e+02
2.468278844079913199e+02 3.060783643749905423e+02
2.459600001333500359e+02 3.056076405764321180e+02
2.450934970155679764e+02 3.051329356230052099e+02
2.442283363929340112e+02 3.046542757486192272e+02
2.433644803313455895e+02 3.041716851050820196e+02
2.425018916350327629e+02 3.036851857520035196e+02
2.416405343181863543e+02 3.031947969522391872e+02
2.407803742744947897e+02 3.027005342431890540e+02
2.399213783922719472e+02 3.022024108572987302e+02
2.390635194113212378e+02 3.017004378627032111e+02
2.382067584950485184e+02 3.011946219423458047e+02
2.373510689200311674e+02 3.006849695362096782e+02
2.364964279149104698e+02 3.001714772284728951e+02
2.356428140571171639e+02 2.996541383134106127e+02
2.347902070939987311e+02 2.991329441275552199e+02
2.339385908464790305e+02 2.986078833421580612e+02
2.330879495160180284e+02 2.980789375730691404e+02
2.322382755580114235e+02 2.975460774224379747e+02
2.313895696313827557e+02 2.970092703806952841e+02
2.305418324130065173e+02 2.964684809698682670e+02
2.296950718228230528e+02 2.959236678594093632e+02
2.288493220850328385e+02 2.953747505715838315e+02
2.280047436036751662e+02 2.948215137585949037e+02
2.271615263459132166e+02 2.942637144027789304e+02
2.263198649153736426e+02 2.937011169513100981e+02
2.254799607430068420e+02 2.931334928756646150e+02
2.246420282128537167e+02 2.925606021669480583e+02
2.238062989090356041e+02 2.919822116304183055e+02
2.229730120685805446e+02 2.913980822234838683e+02
2.221424158191327933e+02 2.908079743173130396e+02
2.213147691119837361e+02 2.902116697836927983e+02
2.204903291573448030e+02 2.896089283799230429e+02
2.196693713352022712e+02 2.889995501044859907e+02
2.188521619738470747e+02 2.883833069229162334e+02
2.180389890992621247e+02 2.877600004900867248e+02
2.172301407937310103e+02 2.871294300028945941e+02
2.164259009765534074e+02 2.864913802107516290e+02
2.156265675346972159e+02 2.858457041104887253e+02
2.148324147868466127e+02 2.851922236919659781e+02
2.140437329893497633e+02 2.845307721638477005e+02
2.132608229458438984e+02 2.838611932364821655e+02
2.124839879281234403e+02 2.831833490127569917e+02
2.117135001360495323e+02 2.824971148291260761e+02
2.109496353627610006e+02 2.818023824153801797e+02
2.101926752921063155e+02 2.810990473204614091e+02
2.094429075951053392e+02 2.803870090734525888e+02
2.087006196456670182e+02 2.796661765357770832e+02
2.079660740059537432e+02 2.789364873224272401e+02
2.072395289186578111e+02 2.781978887339468542e+02
2.065212406498301903e+02 2.774503131626570394e+02
2.058114978271237590e+02 2.766937475620313762e+02
2.051105605616372713e+02 2.759281410356437050e+02
2.044186652003079416e+02 2.751534422606598014e+02
2.037360920055905353e+02 2.743696990841785919e+02
2.030630632326126204e+02 2.735768491412405297e+02
2.023998675162070242e+02 2.727749413418666791e+02
2.017467377249185176e+02 2.719639184441483621e+02
2.011039598614295869e+02 2.711438413304246069e+02
2.004717816161311248e+02 2.703147104274556227e+02
1.998504674513249597e+02 2.694765423618506475e+02
1.992402915418754219e+02 2.686293624788522152e+02
1.986415356388919804e+02 2.677731999172908104e+02
1.980544938976110245e+02 2.669080852433297082e+02
1.974794700026504586e+02 2.660340530656907276e+02
1.969167753862286645e+02 2.651511438151935067e+02
1.963667163338548391e+02 2.642593642218287755e+02
1.958296526362402687e+02 2.633588229252055726e+02
1.953059270597410659e+02 2.624495018560987774e+02
1.947959516501475719e+02 2.615314915229795929e+02
1.943001068709333765e+02 2.606047903368922789e+02
1.938188230825672633e+02 2.596694948302027228e+02
1.933524920350174625e+02 2.587256897761341179e+02
1.929012804341450646e+02 2.577735824362241033e+02
1.924652553701751856e+02 2.568134405764703274e+02
1.920444833585410151e+02 2.558455052834690377e+02
1.916390617706803710e+02 2.548700981831749743e+02
1.912490568178074568e+02 2.538874206374048299e+02
1.908745929570512772e+02 2.528977734753348443e+02
1.905157785646146351e+02 2.519013488728667767e+02
1.901727651596669091e+02 2.508984485211073832e+02
1.898456898524611915e+02 2.498893061939768359e+02
1.895347044517035329e+02 2.488741603348049125e+02
1.892399653401984096e+02 2.478532726244798710e+02
1.889616367025043644e+02 2.468269449537176854e+02
1.886998729584304897e+02 2.457953506502032042e+02
1.884548812502024475e+02 2.447588517010037776e+02
1.882268449955761014e+02 2.437176668440434355e+02
1.880159529230843418e+02 2.426720863237146659e+02
1.878223906129460659e+02 2.416224094474593471e+02
1.876463570748001928e+02 2.405688844145894905e+02
1.874880795001720344e+02 2.395118863396725715e+02
1.873477826993260180e+02 2.384516431320064100e+02
1.872256968119106091e+02 2.373885045193562746e+02
1.871220446456758850e+02 2.363227765741706321e+02
1.870370701515285248e+02 2.352548082719970921e+02
1.869710342367997953e+02 2.341849288734418337e+02
1.869242202653453830e+02 2.331134675555109084e+02
1.868969146158206911e+02 2.320407672885772854e+02
1.868894082796571467e+02 2.309672044594268527e+02
1.869020083507041647e+02 2.298931646542665419e+02
1.869350457694042973e+02 2.288190134302475087e+02
1.869888742234226697e+02 2.277451405214601436e+02
1.870638622661698776e+02 2.266719394624350912e+02
1.871603861326374556e+02 2.255998423179239865e+02
1.872788331484168509e+02 2.245292942517879169e+02
1.874196218003600620e+02 2.234607027454854631e+02
1.875831656138819596e+02 2.223945678454283552e+02
1.877699063680269376e+02 2.213313418408341988e+02
1.879802863557389401e+02 2.202715348533150177e+02
1.882147413118548229e+02 2.192156729271491997e+02
1.884737317862664270e+02 2.181642391192252433e+02
1.887576468742066709e+02 2.171178622129169185e+02
1.890669200824694087e+02 2.160770587729949455e+02
1.894019527706095687e+02 2.150424272919871100e+02
1.897631019467521583e+02 2.140145762724790472e+02
1.901506708808307167e+02 2.129941189607152410e+02
1.905649023360560932e+02 2.119816680978769909e+02
1.910060102488648397e+02 2.109778484204074687e+02
1.914741295800016303e+02 2.099833294224535791e+02
1.919683533736223069e+02 2.089995738539094248e+02
1.924874174947256620e+02 2.080275312869509321e+02
1.930303910547097246e+02 2.070672785103542708e+02
1.935966948696571421e+02 2.061190456516636687e+02
1.941860761808327140e+02 2.051833064965697702e+02
1.947982235069820831e+02 2.042605427865968295e+02
1.954327461200098242e+02 2.033512378930334137e+02
1.960891914000360714e+02 2.024558650452464690e+02
1.967671196012856569e+02 2.015748658055755413e+02
1.974659738880340285e+02 2.007087558074129561e+02
1.981852508302537785e+02 1.998579709730945524e+02
1.989243729421708622e+02 1.990229817756015507e+02
1.996827368176842583e+02 1.982042470605691165e+02
2.004597316323052212e+02 1.974021842508707607e+02
2.012547368583274476e+02 1.966171768826990842e+02
2.020671097800215250e+02 1.958496146473434294e+02
2.028961946952398137e+02 1.950998855683642716e+02
2.037414150917545044e+02 1.943683359749142880e+02
2.046020284709924226e+02 1.936553253565683406e+02
2.054774766941806092e+02 1.929610336624143940e+02
2.063669950948684573e+02 1.922857442730844468e+02
2.072699869761459865e+02 1.916296588787732844e+02
2.081858657675855966e+02 1.909929927483835286e+02
2.091139256323667155e+02 1.903759283085375387e+02
2.100535869255233479e+02 1.897784827715582310e+02
2.110041526887575003e+02 1.892007215175798649e+02
2.119650533280213267e+02 1.886426687026511786e+02
2.129357030680144760e+02 1.881043670840830941e+02
2.139155784516156587e+02 1.875857803244549871e+02
2.149039847332485067e+02 1.870868177120117934e+02
2.159004494520775950e+02 1.866073189271720310e+02
2.169044366228475269e+02 1.861471619398258213e+02
2.179154293614220421e+02 1.857062269286323044e+02
2.189329234653661445e+02 1.852843535310274774e+02
2.199564201249473854e+02 1.848813127287953080e+02
2.209855635228247195e+02 1.844968536473292033e+02
2.220197808075049579e+02 1.841307799786281976e+02
2.230587483495195613e+02 1.837828475174726748e+02
2.241020632027905890e+02 1.834528298267339892e+02
2.251493379453340253e+02 1.831404778822613650e+02
2.262002057664859080e+02 1.828455431630299302e+02
2.272543471405058426e+02 1.825677788200317195e+02
2.283114621121862626e+02 1.823069467627960307e+02
2.293711957549188298e+02 1.820628310749963532e+02
2.304332914442267111e+02 1.818352275761623389e+02
2.314975005150282357e+02 1.816239450851770982e+02
2.325635502724865944e+02 1.814288027242949681e+02
2.336311855520766301e+02 1.812496230434718427e+02
2.347001819004523782e+02 1.810862638428754110e+02
2.357703019626303274e+02 1.809386566472300046e+02
2.368413338310029417e+02 1.808067445087379497e+02
2.379131574690906348e+02 1.806904782508499352e+02
2.389854142378435427e+02 1.805898196575018915e+02
2.400580653184532594e+02 1.805046729083304058e+02
2.411307719396077687e+02 1.804348368776046243e+02
2.422033869454148203e+02 1.803800877090358767e+02
2.432757204783933958e+02 1.803402108543999134e+02
2.443475833413731948e+02 1.803149958008798990e+02
2.454187954054449392e+02 1.803042665066330414e+02
2.464891851662551403e+02 1.803079300190994161e+02
2.475585845998328125e+02 1.803259093296938431e+02
2.486268281714664568e+02 1.803581306851393720e+02
2.496938062286210140e+02 1.804045303341656563e+02
2.507592724514782390e+02 1.804650514942748885e+02
2.518231197303954048e+02 1.805396852791384958e+02
2.528851902592263912e+02 1.806284335030640307e+02
2.539453020275500990e+02 1.807312973798310622e+02
2.550032790486836802e+02 1.808482784161726329e+02
2.560590375526919047e+02 1.809793945908694184e+02
2.571123029017936119e+02 1.811246409307090914e+02
2.581629643043808073e+02 1.812840284743556367e+02
2.592108511136864877e+02 1.814575675919188882e+02
2.602557907119114020e+02 1.816452699988654444e+02
2.612976100577628813e+02 1.818471317590661727e+02
2.623361398540295113e+02 1.820630937995132115e+02
2.633712120639593195e+02 1.822930864852709192e+02
2.644026589181912072e+02 1.825370412645677902e+02
2.654303127472149413e+02 1.827948905680867711e+02
2.664540097026419971e+02 1.830665363676064601e+02
2.674736017098848038e+02 1.833517671649601368e+02
2.684889547738545730e+02 1.836503487191288571e+02
2.694999515596568358e+02 1.839620537166323686e+02
2.705064064293833326e+02 1.842866357060950691e+02
2.715082302893690667e+02 1.846238292486338537e+02
2.725053694722438991e+02 1.849732267032206039e+02
2.734976689402417378e+02 1.853343483481937710e+02
2.744851392060789408e+02 1.857067584698117457e+02
2.754676819512021098e+02 1.860899936911817178e+02
2.764452847316487123e+02 1.864835787568017906e+02
2.774179378324129743e+02 1.868868892103537007e+02
2.783856835853871985e+02 1.872992753711303351e+02
2.793485406596210510e+02 1.877200766823953586e+02
2.803066125259846331e+02 1.881486649603511694e+02
2.812599242484049569e+02 1.885843626426259334e+02
2.822086362366661092e+02 1.890264583231567030e+02
2.831528689220249362e+02 1.894742031975758323e+02
2.840927737954459076e+02 1.899268542112542661e+02
2.850285495287836852e+02 1.903836905820927257e+02
2.859603827516157821e+02 1.908439884564101874e+02
2.868884806436598751e+02 1.913070351727504317e+02
2.878130859258652663e+02 1.917721372198166705e+02
2.887344577803844459e+02 1.922386139469692807e+02
2.896528527079948390e+02 1.927057778413150118e+02
2.905685450154142586e+02 1.931730293861160987e+02
2.914816900493751746e+02 1.936401816595403602e+02
2.923923978864499986e+02 1.941071970981088555e+02
2.933007802113064599e+02 1.945740455184727011e+02
2.942069415024170098e+02 1.950406894937367781e+02
2.951109951319814968e+02 1.955071138713798575e+02
2.960130271878876442e+02 1.959733676345605033e+02
2.969131133425696589e+02 1.964395270829150490e+02
2.978113273184190462e+02 1.969056714944863415e+02
2.987077406920449221e+02 1.973718869085278129e+02
2.996024206708534052e+02 1.978382577495738701e+02
3.004954244071757898e+02 1.983049021169264563e+02
3.013868001348459416e+02 1.987719511566469066e+02
3.022765929443339701e+02 1.992395384104017069e+02
3.031648448367481024e+02 1.997077997616777907e+02
3.040515942572022254e+02 2.001768744421377733e+02
3.049368728473651800e+02 2.006469118510005671e+02
3.058207051907213554e+02 2.011180696348080801e+02
3.067031165389128660e+02 2.015905029092761822e+02
3.075841260128356680e+02 2.020643705647734407e+02
3.084637495162478444e+02 2.025398337005269411e+02
3.093419997548597848e+02 2.030170546892072423e+02
3.102188860291088304e+02 2.034961974560196438e+02
3.110944140389207746e+02 2.039774277666206785e+02
3.119685858458400389e+02 2.044609131804874664e+02
3.128414115238065847e+02 2.049468125860263115e+02
3.137129558513017855e+02 2.054352272969078683e+02
3.145832802412642195e+02 2.059262234921495178e+02
3.154524295818358723e+02 2.064198651031768463e+02
3.163204451601190499e+02 2.069162175996886219e+02
3.171873638219634586e+02 2.074153475216813547e+02
3.180532175933576013e+02 2.079173231487026499e+02
3.189180339334538417e+02 2.084222141149010099e+02
3.197818348998019360e+02 2.089300923686550391e+02
3.206446396518394977e+02 2.094410297301138826e+02
3.215064642287499623e+02 2.099550968658667784e+02
3.223673157013471382e+02 2.104723719906119186e+02
3.232271949295602553e+02 2.109929373035269009e+02
3.240860986234316670e+02 2.115168755491770582e+02
3.249440187535179803e+02 2.120442719607254674e+02
3.258009428711488908e+02 2.125752120062473125e+02
3.266568487266285388e+02 2.131097861367573501e+02
3.275117053837730055e+02 2.136480954511886523e+02
3.283654767587445349e+02 2.141902406330235920e+02
3.292181224866129696e+02 2.147363279178588584e+02
3.300695952665703885e+02 2.152864545053512018e+02
3.309198364470336742e+02 2.158407324609114823e+02
3.317687755000208085e+02 2.163992858320257540e+02
3.326163377951395432e+02 2.169622480966332887e+02
3.334624345776890664e+02 2.175297274321866041e+02
3.343069797999727371e+02 2.181018535413116979e+02
3.351498016078420505e+02 2.186788565989854760e+02
3.359906400704011276e+02 2.192610113726305485e+02
3.368292363115810986e+02 2.198486033119714591e+02
3.376653282089503705e+02 2.204419335503789057e+02
3.384986146572261418e+02 2.210412438917575173e+02
3.393288313867602142e+02 2.216468266307609838e+02
3.401556737543838835e+02 2.222589135058722434e+02
3.409788544134266886e+02 2.228777656931604270e+02
3.417980588270677345e+02 2.235036128363416879e+02
3.426129813774899162e+02 2.241367029057304023e+02
3.434233020238472704e+02 2.247772264865599539e+02
3.442287460026816461e+02 2.254254128901540071e+02
3.450289775784746098e+02 2.260814038870083209e+02
3.458237068857322356e+02 2.267454085869488836e+02
3.466126143059348692e+02 2.274176065161059910e+02
3.473953819447085039e+02 2.280981196883641360e+02
3.481717398908877499e+02 2.287870826939127937e+02
3.489414013409217432e+02 2.294846126719050403e+02
3.497040750059022116e+02 2.301908268131896307e+02
3.504594489205416039e+02 2.309058094772302923e+02
3.512072528681852646e+02 2.316296513270267212e+02
3.519472302005208917e+02 2.323624043948931615e+02
3.526791209021877762e+02 2.331041161267689006e+02
3.534026599789319789e+02 2.338548305085754180e+02
3.541175778986702767e+02 2.346145874668585805e+02
3.548236219248458383e+02 2.353834153838534746e+02
3.555205552949312846e+02 2.361613208426635424e+02
3.562081246576334479e+02 2.369482797872761068e+02
3.568860925518949898e+02 2.377442967109242034e+02
3.575542238909162052e+02 2.385493951303314475e+02
3.582122456624897495e+02 2.393635157802927154e+02
3.588599321531188480e+02 2.401866570119635469e+02
3.594970343592022459e+02 2.410187856567137317e+02
3.601233034010832625e+02 2.418598754720032105e+02
3.607384701072560915e+02 2.427098650745266184e+02
3.613422861883361179e+02 2.435687575795058422e+02
3.619344570175977651e+02 2.444365025341461148e+02
3.625146863896838454e+02 2.453130481109184586e+02
3.630826849245518133e+02 2.461983649668128749e+02
3.636381463913073162e+02 2.470924030454481226e+02
3.641807375145942274e+02 2.479951173086278970e+02
3.647100886220545704e+02 2.489064792916406930e+02
3.652258222293480117e+02 2.498264681055940741e+02
3.657275233415392108e+02 2.507549819039115562e+02
3.662148115183275081e+02 2.516920102558736403e+02
3.666872241860011172e+02 2.526374845983574744e+02
3.671442349609308167e+02 2.535913865084312988e+02
3.675852841177402865e+02 2.545536448897809407e+02
3.680098197134000770e+02 2.555242248180542219e+02
3.684172623762136709e+02 2.565030406334959707e+02
3.688071426888563451e+02 2.574899287975603670e+02
3.691792064757822232e+02 2.584846080012531502e+02
3.695332164064208769e+02 2.594867768445224669e+02
3.698689298846721840e+02 2.604961336838084662e+02
3.701861018761151740e+02 2.615124049112404236e+02
3.704844489271362136e+02 2.625351920767781166e+02
3.707637178383866967e+02 2.635642019943829837e+02
3.710236282046606107e+02 2.645990910563261309e+02
3.712638831275207281e+02 2.656394692513075029e+02
3.714841862237735199e+02 2.666849729871077557e+02
3.716842467090801847e+02 2.677351691619129497e+02
3.718638274983056817e+02 2.687896113771043929e+02
3.720226928903749126e+02 2.698479034550470033e+02
3.721605726605018276e+02 2.709094747880317300e+02
3.722772153188855100e+02 2.719738759919899280e+02
3.723723850969666955e+02 2.730405666580903130e+02
3.724459368369290360e+02 2.741089605468330888e+02
3.724977338238816174e+02 2.751784646411630320e+02
3.725276294139233642e+02 2.762484747047375890e+02
3.725354701766189578e+02 2.773183291902665246e+02
3.725211412609531294e+02 2.783873707576564698e+02
3.724846246223058301e+02 2.794548993684978200e+02
3.724259179102205621e+02 2.805201846164032418e+02
3.723450105196632762e+02 2.815825194666794005e+02
3.722419038232705475e+02 2.826411004737088888e+02
3.721166171224546133e+02 2.836951951743660061e+02
3.719692366881269550e+02 2.847440034451151405e+02
3.717998718230304007e+02 2.857867169090872608e+02
3.716086454170142019e+02 2.868225236954685897e+02
3.713956738253728531e+02 2.878506340182756276e+02
3.711611110679365879e+02 2.888702019716915856e+02
3.709051216868611505e+02 2.898804234216471514e+02
3.706278915576208419e+02 2.908804857550379666e+02
3.703296273938877334e+02 2.918695870942882493e+02
3.700105766877874203e+02 2.928469379125799037e+02
3.696709845987507492e+02 2.938117784583094476e+02
3.693110572219318328e+02 2.947633604224944861e+02
3.689310265149161410e+02 2.957009676695950020e+02
3.685311668253376638e+02 2.966239303534255782e+02
3.681117778649891079e+02 2.975316175421103821e+02
3.676732203561700203e+02 2.984234965022193933e+02
3.672158809545015856e+02 2.992990834414250685e+02
3.667401788226292183e+02 3.001579954990047554e+02
3.662465688301700197e+02 3.009999733052724196e+02
3.657355281996372582e+02 3.018248534288100018e+02
