3.649229407617269771e+02 3.024861300187608890e+02
3.644262839143368637e+02 3.032911692705304176e+02
3.639124562221380188e+02 3.040837634715968534e+02
3.633813676742183816e+02 3.048643456060032122e+02
3.628330524102125878e+02 3.056331468741860817e+02
3.622675785245169777e+02 3.063903713561695099e+02
3.616850514156915892e+02 3.071361802663413414e+02
3.610856035898455048e+02 3.078707275887451260e+02
3.604694088797590439e+02 3.085941336162520088e+02
3.598366902158487051e+02 3.093064373047276945e+02
3.591876640690852582e+02 3.100077353917119467e+02
3.585226192086319656e+02 3.106980302214108178e+02
3.578418562385232917e+02 3.113773380126149277e+02
3.571457028464043901e+02 3.120456602925517018e+02
3.564345131431070399e+02 3.127029666922003912e+02
3.557086454008229452e+02 3.133492339623176122e+02
3.549684840631743441e+02 3.139843913783651601e+02
3.542143888359893822e+02 3.146083774297122773e+02
3.534467470435007499e+02 3.152210758004234208e+02
3.526659300662282703e+02 3.158223986690159109e+02
3.518723346159170546e+02 3.164122123456505165e+02
3.510663384520314594e+02 3.169903988182556418e+02
3.502483192662185729e+02 3.175567970466063343e+02
3.494186459619998573e+02 3.181112381491913652e+02
3.485776881263806217e+02 3.186535346205621408e+02
3.477258120686798861e+02 3.191835104018463767e+02
3.468633830635408799e+02 3.197009611726324465e+02
3.459907562990986207e+02 3.202056768179290884e+02
3.451082823682407366e+02 3.206974302378357038e+02
3.442163134468806334e+02 3.211759951802925457e+02
3.433151937076052036e+02 3.216411328546420805e+02
3.424052679832306580e+02 3.220926020133957763e+02
3.414868746154774044e+02 3.225301598004497237e+02
3.405603578939464455e+02 3.229535649735061043e+02
3.396260528928448821e+02 3.233625696480197576e+02
3.386842999184057135e+02 3.237569237281434766e+02
3.377354251612968596e+02 3.241363720187254103e+02
3.367797683586865674e+02 3.245006788941327613e+02
3.358176551974884205e+02 3.248496118629524858e+02
3.348494316619135702e+02 3.251829388133149905e+02
3.338754196894523716e+02 3.255004231015915366e+02
3.328959438390986634e+02 3.258018243517115025e+02
3.319113318128827359e+02 3.260869217918556160e+02
3.309219308342417207e+02 3.263555094442604627e+02
3.299280343881425779e+02 3.266073697271417018e+02
3.289300021232372728e+02 3.268422882632941082e+02
3.279281357235345808e+02 3.270600471640838123e+02
3.269227593376731988e+02 3.272604305004772982e+02
3.259141968663255398e+02 3.274432249314332353e+02
3.249027715680056758e+02 3.276082154909883570e+02
3.238888063973462295e+02 3.277551855970350516e+02
3.228726276825889840e+02 3.278839506708363842e+02
3.218545713956379473e+02 3.279946681170043234e+02
3.208350268214044831e+02 3.280877120323503391e+02
3.198142986081941785e+02 3.281634501527559564e+02
3.187927362280691455e+02 3.282222579375379041e+02
3.177706203707408577e+02 3.282645035453377318e+02
3.167482312582687314e+02 3.282905312537861846e+02
3.157258398788815725e+02 3.283006728310072617e+02
3.147036983011463462e+02 3.282952592437787303e+02
3.136820342302481777e+02 3.282746158788759772e+02
3.126610780368387736e+02 3.282390686194862042e+02
3.116410411694009213e+02 3.281889377356004616e+02
3.106221217827450118e+02 3.281245381480109131e+02
3.096044931700635630e+02 3.280461748204241985e+02
3.085883551471504802e+02 3.279541623599898230e+02
3.075738575073484071e+02 3.278488039786279273e+02
3.065611685124530936e+02 3.277304149336515025e+02
3.055504204173087714e+02 3.275993041305276279e+02
3.045417700240233216e+02 3.274557910689553637e+02
3.035353338248297064e+02 3.273001839508156650e+02
3.025312276033566832e+02 3.271327858910431132e+02
3.015295737388848920e+02 3.269539209359039660e+02
3.005304678479137692e+02 3.267639171397811992e+02
2.995340018182382096e+02 3.265631000012969594e+02
2.985402599931998111e+02 3.263517924574994140e+02
2.975493184746616180e+02 3.261303154722166937e+02
2.965612438166544393e+02 3.258990004052104155e+02
2.955760929282321854e+02 3.256581874404689643e+02
2.945939133575893152e+02 3.254082115528680674e+02
2.936147474710497818e+02 3.251494073699986416e+02
2.926386283128617833e+02 3.248821089580412718e+02
2.916655784851790827e+02 3.246066516596061433e+02
2.906956132720923733e+02 3.243233684675400355e+02
2.897287408229643688e+02 3.240325975190077088e+02
2.887649589957297849e+02 3.237346732714651694e+02
2.878042637991981678e+02 3.234299150519566979e+02
2.868466336277613209e+02 3.231186543718371809e+02
2.858920544169166646e+02 3.228011998288326367e+02
2.849404882683602978e+02 3.224778697517954811e+02
2.839919096802198624e+02 3.221489667005689626e+02
2.830462618012138591e+02 3.218148013239292595e+02
2.821035132841882955e+02 3.214756588458080842e+02
2.811635953385779771e+02 3.211318196674107526e+02
2.802264582367865273e+02 3.207835562646112635e+02
2.792920422914926348e+02 3.204311337174913774e+02
2.783602619951122961e+02 3.200748185048648793e+02
2.774310524569518748e+02 3.197148590098671548e+02
2.765043472411691710e+02 3.193514796709864640e+02
2.755800458660176560e+02 3.189849043422455566e+02
2.746580716482211528e+02 3.186153541850100623e+02
2.737383351390058692e+02 3.182430407912245300e+02
2.728207783077394311e+02 3.178680713582970156e+02
2.719053581888013582e+02 3.174904211602056421e+02
2.709920624924304775e+02 3.171100574686095683e+02
2.700808717013190972e+02 3.167269427560348731e+02
2.691717678541444911e+02 3.163410374631642981e+02
2.682647408776625753e+02 3.159523004123821011e+02
2.673597653982736801e+02 3.155606884679031054e+02
2.664568275874438541e+02 3.151661595660413582e+02
2.655559172480323014e+02 3.147686692158860637e+02
2.646570229946624977e+02 3.143681700558686316e+02
2.637601337686402303e+02 3.139646154857161946e+02
2.628652381095200212e+02 3.135579611304150944e+02
2.619723256082049829e+02 3.131481609437321367e+02
2.610813873239889631e+02 3.127351668588343045e+02
2.601924210174212249e+02 3.123189290350618990e+02
2.593054063675108978e+02 3.118993968475615475e+02
2.584203382996938103e+02 3.114765292391382445e+02
2.575372066960919710e+02 3.110502811916671249e+02
2.566560022801125456e+02 3.106206054868396791e+02
2.557767166026408745e+02 3.101874527405955178e+02
2.548993399520147420e+02 3.097507755807731655e+02
2.540238594127187071e+02 3.093105320253172295e+02
2.531502621284819838e+02 3.088666784598534036e+02
2.522785347941586451e+02 3.084191686694576902e+02
2.514085646950209139e+02 3.079679409876134741e+02
2.505401332516138950e+02 3.075129526639814230e+02
2.496731591377542543e+02 3.070542476091002300e+02
2.488075818080496617e+02 3.065918781910133362e+02
2.479433356222259022e+02 3.061258924877384970e+02
2.470803551058791641e+02 3.056563370450909360e+02
2.462185782938066723e+02 3.051832601554441453e+02
2.453579377364663969e+02 3.047067118797713192e+02
2.444983656035580566e+02 3.042267403028520789e+02
2.436397941466211137e+02 3.037433907761218848e+02
2.427821557213116250e+02 3.032567059059406347e+02
2.419253822684128465e+02 3.027667263511914939e+02
2.410694045617456993e+02 3.022734918793165662e+02
2.402141532749853923e+02 3.017770396674766289e+02
2.393595654257966885e+02 3.012774047845235827e+02
2.385055622660372876e+02 3.007746146916919656e+02
2.376520789627841452e+02 3.002686985060473148e+02
2.367990520692228813e+02 2.997596759209774291e+02
2.359464183304360176e+02 2.992475625565997461e+02
2.350941149001912436e+02 2.987323711399091621e+02
2.342420831637328149e+02 2.982141114793644761e+02
2.333902630181102040e+02 2.976927835321200746e+02
2.325386027170401064e+02 2.971683731091912364e+02
2.316870605766235940e+02 2.966408634422653563e+02
2.308355932621826412e+02 2.961102330365383750e+02
2.299841663837158876e+02 2.955764554877123373e+02
2.291327779960548412e+02 2.950394423060643589e+02
2.282816012150285871e+02 2.944989260600860916e+02
2.274308472332173778e+02 2.939546023485042952e+02
2.265807303922751146e+02 2.934061724912074283e+02
2.257314741892311076e+02 2.928533463551798377e+02
2.248833238481225862e+02 2.922958227222587198e+02
2.240365493467213298e+02 2.917332900491371106e+02
2.231914368494864789e+02 2.911654333726074810e+02
2.223482830739686733e+02 2.905919384028453578e+02
2.215073942836566232e+02 2.900125108075658318e+02
2.206690834470715856e+02 2.894268388984269222e+02
2.198336836454803347e+02 2.888346417153090897e+02
2.190015271928836285e+02 2.882356156076485831e+02
2.181729665993039191e+02 2.876294849688766249e+02
2.173483578142696331e+02 2.870159749804498688e+02
2.165280545828784113e+02 2.863948003208252544e+02
2.157124196053013350e+02 2.857657466670228246e+02
2.149017952695646159e+02 2.851285741050788829e+02
2.140965407362349424e+02 2.844830548656946121e+02
2.132970271763697099e+02 2.838289733069120189e+02
2.125036269992785094e+02 2.831661366778163824e+02
2.117166704467022953e+02 2.824943787166491802e+02
2.109364888534590250e+02 2.818135539139731236e+02
2.101634205512438029e+02 2.811235220216952939e+02
2.093978109589770895e+02 2.804241482557019367e+02
2.086400029335928821e+02 2.797153114163954228e+02
2.078902992995310512e+02 2.789969334737658073e+02
2.071489942472915970e+02 2.782689509065507423e+02
2.064163800516434719e+02 2.775312856332681690e+02
2.056927830264777128e+02 2.767839165925012708e+02
2.049784978378838503e+02 2.760267863469228473e+02
2.042737817330179553e+02 2.752598468882071074e+02
2.035789341493736799e+02 2.744831565820866217e+02
2.028941931524180404e+02 2.736966593721702452e+02
2.022198665719420489e+02 2.729004155446680784e+02
2.015562018604118180e+02 2.720943754226779561e+02
2.009034967329279198e+02 2.712786172044920363e+02
2.002620059036863722e+02 2.704531571375034105e+02
1.996320011598900237e+02 2.696180285078737597e+02
1.990137640228906264e+02 2.687732737832230328e+02
1.984075837791267247e+02 2.679189392544993780e+02
1.978137640976569855e+02 2.670550716247578293e+02
1.972326189292524532e+02 2.661817215172522992e+02
1.966644699225279851e+02 2.652989458098526256e+02
1.961096322864852652e+02 2.644067659752712984e+02
1.955684795841416985e+02 2.635053104200773078e+02
1.950413764350460610e+02 2.625945680418612938e+02
1.945287655809947864e+02 2.616746408106878903e+02
1.940310553385077412e+02 2.607455340901174736e+02
1.935487070506252110e+02 2.598073579730428264e+02
1.930821402777183380e+02 2.588602111742362126e+02
1.926315322905263940e+02 2.579043247936327248e+02
1.921969527421773876e+02 2.569399956371629514e+02
1.917784698130575123e+02 2.559674932032297647e+02
1.913761844199510165e+02 2.549871729083760670e+02
1.909901638627963507e+02 2.539992636737516989e+02
1.906205435394747099e+02 2.530040977856592406e+02
1.902674438772397707e+02 2.520018929220588575e+02
1.899310308922468096e+02 2.509929839333368307e+02
1.896114544456862063e+02 2.499776357184437359e+02
1.893088786177225131e+02 2.489561202459155425e+02
1.890234679230630661e+02 2.479287372001729466e+02
1.887553924600521782e+02 2.468958308674247633e+02
1.885048099833427955e+02 2.458576130001141564e+02
1.882719332269389554e+02 2.448144948381443839e+02
1.880569470854900658e+02 2.437667403011078306e+02
1.878600295994746148e+02 2.427146934452652829e+02
1.876813471280654255e+02 2.416587111710540512e+02
1.875210774468246484e+02 2.405990991841863433e+02
1.873794258483988528e+02 2.395362957674842619e+02
1.872565909776748754e+02 2.384705894155175656e+02
1.871527603937867070e+02 2.374023984590279213e+02
1.870681017350836441e+02 2.363320987941484930e+02
1.870028009040537711e+02 2.352601100759990231e+02
1.869570575802733572e+02 2.341868317408901987e+02
1.869310896599310752e+02 2.331126632134339047e+02
1.869251023786621317e+02 2.320380187187301146e+02
1.869392931097777080e+02 2.309633447680386951e+02
1.869738708498429105e+02 2.298890938631538177e+02
1.870290640034334899e+02 2.288156954406267403e+02
1.871051186726914466e+02 2.277435988884701601e+02
1.872022853507169486e+02 2.266732527503573635e+02
1.873208130680319812e+02 2.256051364198148121e+02
1.874609571774431345e+02 2.245397338122394331e+02
1.876229995117201383e+02 2.234774849495013882e+02
1.878072130630469303e+02 2.224189067731461193e+02
1.880138945817851379e+02 2.213644603338411514e+02
1.882433383787188745e+02 2.203146473591318397e+02
1.884958307507537256e+02 2.192699692248124279e+02
1.887716812314324955e+02 2.182308734662361474e+02
1.890711324470902071e+02 2.171979194951661896e+02
1.893944722171329147e+02 2.161715484747610105e+02
1.897419638927650283e+02 2.151522546491688672e+02
1.901138352578102513e+02 2.141405193326903884e+02
1.905102719946655725e+02 2.131368053616429279e+02
1.909314138279818565e+02 2.121415521076192761e+02
1.913773880174677231e+02 2.111551883442921849e+02
1.918482654538286170e+02 2.101781601208633958e+02
1.923431854234780189e+02 2.092115360094869629e+02
1.928609561881970365e+02 2.082559027660269351e+02
1.934006859247757575e+02 2.073110930137364107e+02
1.939619001154467810e+02 2.063771357309914265e+02
1.945445114068907912e+02 2.054543560342582396e+02
1.951483776478677044e+02 2.045431116164272964e+02
1.957732773304538796e+02 2.036437828752821417e+02
1.964189240132100451e+02 2.027567619201392688e+02
1.970850446633696151e+02 2.018824451926198265e+02
1.977712625344819060e+02 2.010213248044766488e+02
1.984772347241874400e+02 2.001738427113191108e+02
1.992025382043892137e+02 1.993404865915532866e+02
1.999467125067290851e+02 1.985217476132335150e+02
2.007092837712404503e+02 1.977181001133661198e+02
2.014897643243158711e+02 1.969300090868016753e+02
2.022876332920385778e+02 1.961579552936086088e+02
2.031023447067949235e+02 1.954024259969044977e+02
2.039334142651849220e+02 1.946638774863808123e+02
2.047801904371354453e+02 1.939427798516638575e+02
2.056421822645122290e+02 1.932394388598667376e+02
2.065186962749245936e+02 1.925542585443414225e+02
2.074091881099370482e+02 1.918875697152180635e+02
2.083131159319425763e+02 1.912397176126764577e+02
2.092298105311733707e+02 1.906110037909112123e+02
2.101587084658214053e+02 1.900015547185321338e+02
2.110991295431018955e+02 1.894115405382257222e+02
2.120505119931706872e+02 1.888410917070835637e+02
2.130122751715042000e+02 1.882903555498937180e+02
2.139838892069131475e+02 1.877593856793599514e+02
2.149646461950965204e+02 1.872481555637601218e+02
2.159540531025285190e+02 1.867565675792583306e+02
2.169515552777025960e+02 1.862845595840101396e+02
2.179566163621976500e+02 1.858320699136896792e+02
2.189687080303218067e+02 1.853989827947290792e+02
2.199873011421202875e+02 1.849850917379346811e+02
2.210120084974415420e+02 1.845901650923082116e+02
2.220422305165297416e+02 1.842140230920872455e+02
2.230776147843035346e+02 1.838564374161703654e+02
2.241177303867273736e+02 1.835171889355337669e+02
2.251621603350621399e+02 1.831960221903921138e+02
2.262105097687872046e+02 1.828926795847512210e+02
2.272624327643900699e+02 1.826069040284935170e+02
2.283176047902666710e+02 1.823384460695648386e+02
2.293756478996365615e+02 1.820870751696957655e+02
2.304362829778169726e+02 1.818525672824899573e+02
2.314992406824689795e+02 1.816347099903304354e+02
2.325642294551424811e+02 1.814333004295035039e+02
2.336309768633965973e+02 1.812481385213881140e+02
2.346992427367512448e+02 1.810790587785125751e+02
2.357687754640309379e+02 1.809259687499308882e+02
2.368393503157912789e+02 1.807887870403515080e+02
2.379108360748889766e+02 1.806674396064038888e+02
2.389828636189261886e+02 1.805618630881492663e+02
2.400553858284797286e+02 1.804719356710962472e+02
2.411280558064929096e+02 1.803974289867435630e+02
2.422007201730360180e+02 1.803380915024767717e+02
2.432731838776810207e+02 1.802936808291525779e+02
2.443452536561715362e+02 1.802639584764610845e+02
2.454167465648658322e+02 1.802487238327261423e+02
2.464874895074594576e+02 1.802478683146179890e+02
2.475573135285801527e+02 1.802613006542289327e+02
2.486260527295920326e+02 1.802889328035779499e+02
2.496935981634827328e+02 1.803306866966516679e+02
2.507597034647067176e+02 1.803864935573560615e+02
2.518242631335729982e+02 1.804563389797284572e+02
2.528871207457345633e+02 1.805402203981126661e+02
2.539480955849506927e+02 1.806381346550581952e+02
2.550070131799113256e+02 1.807500789014605118e+02
2.560637926392528811e+02 1.808760693335423753e+02
2.571181593084523911e+02 1.810161067279558154e+02
2.581700044221276471e+02 1.811702094262184630e+02
2.592191584025938482e+02 1.813383950805523170e+02
2.602654495227496341e+02 1.815206826951060464e+02
2.613087052405648478e+02 1.817170782087835050e+02
2.623487557091264648e+02 1.819275410306867400e+02
2.633854316539641900e+02 1.821520217665383825e+02
2.644185635129064167e+02 1.823904720566732465e+02
2.654479812752408634e+02 1.826428444663487767e+02
2.664735179623666568e+02 1.829090630250401261e+02
2.674950208168726817e+02 1.831889454698344935e+02
2.685123503125938100e+02 1.834822883552080270e+02
2.695253831678458596e+02 1.837888950905100387e+02
2.705339246585622277e+02 1.841085494550841304e+02
2.715378783151333550e+02 1.844410167898575708e+02
2.725371824632800326e+02 1.847859215441430933e+02
2.735316687085311855e+02 1.851428154861848157e+02
2.745213391223115877e+02 1.855112951487774069e+02
2.755060814127824074e+02 1.858909283497800118e+02
2.764858714360229328e+02 1.862812695549054069e+02
2.774606868337976380e+02 1.866817159073833068e+02
2.784305584995136087e+02 1.870916373079870993e+02
2.793954909380503295e+02 1.875103920849579140e+02
2.803555768284356873e+02 1.879373715609218038e+02
2.813108246498358653e+02 1.883719132343913429e+02
2.822613872929510421e+02 1.888133082747906144e+02
2.832073745707539274e+02 1.892608052614465635e+02
2.841489278633883941e+02 1.897136584765223688e+02
2.850862380772523466e+02 1.901711449458975665e+02
2.860194823442524807e+02 1.906325354048171050e+02
2.869488620595324164e+02 1.910970987407352766e+02
2.878746175208244154e+02 1.915641192326546047e+02
2.887970062135034937e+02 1.920328941201786108e+02
2.897162807395202435e+02 1.925027129852037149e+02
2.906327145157495124e+02 1.929729537297958757e+02
2.915464630837260529e+02 1.934434045130559241e+02
2.924576374975315503e+02 1.939140020732256460e+02
2.933663515065202887e+02 1.943846907881283528e+02
2.942727102925354075e+02 1.948554072137723097e+02
2.951768307125008164e+02 1.953261117471433579e+02
2.960788006667882541e+02 1.957968327689246166e+02
2.969786975792025032e+02 1.962676276389819634e+02
2.978765974065856881e+02 1.967385567995066538e+02
2.987725750381947591e+02 1.972096878002760718e+02
2.996666994726798521e+02 1.976810865109180497e+02
3.005590303955663671e+02 1.981528569697928219e+02
3.014496176853219822e+02 1.986251176724919389e+02
3.023385083708374736e+02 1.990979895785798703e+02
3.032257467054346307e+02 1.995715960645160294e+02
3.041113735336836612e+02 2.000460643069114326e+02
3.049954218802239438e+02 2.005215345674095886e+02
3.058779176702581708e+02 2.009981568849646862e+02
3.067588865733864054e+02 2.014760782854567935e+02
3.076383493763727301e+02 2.019554501052444095e+02
3.085163234143832369e+02 2.024364259608841223e+02
3.093928221745062501e+02 2.029191623218487450e+02
3.102678554518438432e+02 2.034038180031001559e+02
3.111414295397404999e+02 2.038905536682630668e+02
3.120135471974101051e+02 2.043795317789959824e+02
3.128842181708490671e+02 2.048709055591122592e+02
3.137535025744491008e+02 2.053647686745117937e+02
3.146214618424033347e+02 2.058611824453554959e+02
3.154881436965291641e+02 2.063602075470768398e+02
3.163535920995745414e+02 2.068619061401310262e+02
3.172178466536389578e+02 2.073663414897027906e+02
3.180809424303269566e+02 2.078735783029358402e+02
3.189429101406158793e+02 2.083836825007730340e+02
3.198037752287274884e+02 2.088967224371161251e+02
3.206635601751872855e+02 2.094127663313737742e+02
3.215222844576186958e+02 2.099318812501883258e+02
3.223799593978793609e+02 2.104541411074908126e+02
3.232365905185403676e+02 2.109796232900415305e+02
3.240921793032786695e+02 2.115084058318373081e+02
3.249467226048599287e+02 2.120405693721370994e+02
3.258002129787608396e+02 2.125761947896362756e+02
3.266526340972682192e+02 2.131153670439113910e+02
3.275039616320684104e+02 2.136581811605757935e+02
3.283541662535530463e+02 2.142047318826239177e+02
3.292032144112918672e+02 2.147551195967649846e+02
3.300510659833357749e+02 2.153094358879047263e+02
3.308976702943825785e+02 2.158677864250781511e+02
3.317429654495491036e+02 2.164302883227898633e+02
3.325868854401711019e+02 2.169970681381184363e+02
3.334293509639718422e+02 2.175682278835067223e+02
3.342702849934610754e+02 2.181438908886896400e+02
3.351095239392828375e+02 2.187242818180411348e+02
3.359468164573582385e+02 2.193096714859049428e+02
3.367819118189955248e+02 2.199003411160154542e+02
3.376145556401614272e+02 2.204965873009372217e+02
3.384444562126432743e+02 2.210986490192651956e+02
3.392713557282371539e+02 2.217068152033620549e+02
3.400949567597494934e+02 2.223213169010909382e+02
3.409149780373828662e+02 2.229424136585243161e+02
3.417311119576010014e+02 2.235703344001569519e+02
3.425430590525393200e+02 2.242053258377230804e+02
3.433505047933257970e+02 2.248475800738739849e+02
3.441531766324388855e+02 2.254973278711720752e+02
3.449507432122746309e+02 2.261547149102830190e+02
3.457429168952075997e+02 2.268199520478793261e+02
3.465293809558780254e+02 2.274932214565953075e+02
3.473098193116152856e+02 2.281746501357396824e+02
3.480839608862207228e+02 2.288643780489389883e+02
3.488515178658386162e+02 2.295625281115158600e+02
3.496121977270140633e+02 2.302692231047479652e+02
3.503656876955003554e+02 2.309845536377449946e+02
3.511117146364990163e+02 2.317086166297768273e+02
3.518500177546624172e+02 2.324414716912726249e+02
3.525803326199389289e+02 2.331831737323396965e+02
3.533023896309834981e+02 2.339337740250446132e+02
3.540159144461571259e+02 2.346933196112985627e+02
3.547206487421387351e+02 2.354618460082926390e+02
3.554163494421395626e+02 2.362393672156856042e+02
3.561027571133138281e+02 2.370258670250698287e+02
3.567796273992733518e+02 2.378213567318767048e+02
3.574467178088942205e+02 2.386258659482238897e+02
3.581037491504615105e+02 2.394393429348027951e+02
3.587504883178540354e+02 2.402617915001640938e+02
3.593866792605588216e+02 2.410931843856450598e+02
3.600120657110026059e+02 2.419335007560854365e+02
3.606263714198344132e+02 2.427826850754672137e+02
3.612293404041947156e+02 2.436407441932092297e+02
3.618206718184750912e+02 2.445076319458999876e+02
3.624000630680836821e+02 2.453833003843621725e+02
3.629672178526856214e+02 2.462677231413599088e+02
3.635218231369882460e+02 2.471608532224222188e+02
3.640635394812325671e+02 2.480626479230032544e+02
3.645919920527047111e+02 2.489730800184140378e+02
3.651067980548834271e+02 2.498921292371583149e+02
3.656075379901925544e+02 2.508196957048931210e+02
3.660938255645408503e+02 2.517557683504951171e+02
3.665651943027857556e+02 2.527002786795097791e+02
3.670211154430098190e+02 2.536532063948882580e+02
3.674610275213951240e+02 2.546144791478320997e+02
3.678843762162924236e+02 2.555840592834930192e+02
3.682905802052222839e+02 2.565618589266447884e+02
3.686791722927803789e+02 2.575477102518349852e+02
3.690499082466518530e+02 2.585413242945555226e+02
3.694025617491635103e+02 2.595423919577527272e+02
3.697369013928335448e+02 2.605506040233988188e+02
3.700526932283207771e+02 2.615656786828739655e+02
3.703496675357126264e+02 2.625872122062304470e+02
3.706275861798759479e+02 2.636149025593064152e+02
3.708861848673698205e+02 2.646483987943623220e+02
3.711251834897336721e+02 2.656873051210012591e+02
3.713443023640718934e+02 2.667312516366547470e+02
3.715432685700621391e+02 2.677798008803472953e+02
3.717218637956294174e+02 2.688325020502813345e+02
3.718798709235202864e+02 2.698889532084805296e+02
3.720170402102862113e+02 2.709485841739419811e+02
3.721331395891094189e+02 2.720109423291540338e+02
3.722279526551695312e+02 2.730754874883372736e+02
3.723013515887506060e+02 2.741416355042259738e+02
3.723532167938295174e+02 2.752087961969895673e+02
3.723834189094972089e+02 2.762763691098801928e+02
3.723918222808871406e+02 2.773436994443213734e+02
3.723783273654290156e+02 2.784101371025226399e+02
3.723429256095464552e+02 2.794749918966859923e+02
3.722856232509521419e+02 2.805375452499847597e+02
3.722064178923499185e+02 2.815971010918859747e+02
3.721053194336049614e+02 2.826528728368331826e+02
3.719823522273612753e+02 2.837041413675484023e+02
3.718376001542249014e+02 2.847501245229805136e+02
3.716711682851936303e+02 2.857900328538456165e+02
3.714831746071893122e+02 2.868230741445533454e+02
3.712737298488565898e+02 2.878484764307366959e+02
3.710429797792299951e+02 2.888654175050409094e+02
3.707910743081484384e+02 2.898731133809193921e+02
3.705181825810871601e+02 2.908707729383684182e+02
3.702244934391072206e+02 2.918576154995677712e+02
3.699102350136689665e+02 2.928328743350778041e+02
3.695756321501838784e+02 2.937958099316320499e+02
3.692208696597125481e+02 2.947456950323086744e+02
3.688461566805837037e+02 2.956818343303467032e+02
3.684517430759636909e+02 2.966035778563469876e+02
3.680379028598263744e+02 2.975103116755407768e+02
3.676049684345814512e+02 2.984015221332039687e+02
3.671532975829600787e+02 2.992767389100458217e+02
3.666832787658199209e+02 3.001355918256743394e+02
3.661953346550212132e+02 3.009778320667081175e+02
3.656899098365906866e+02 3.018033023202813183e+02
