3.649091851083699112e+02 3.024790506205972065e+02
3.644063591981354762e+02 3.032800347753145616e+02
3.638867338975910002e+02 3.040682174755062306e+02
3.633502253544298810e+02 3.048440662859290455e+02
3.627968712595655916e+02 3.056078461921462122e+02
3.622267399164445578e+02 3.063597952908594948e+02
3.616399340495510160e+02 3.071001081556987060e+02
3.610365802415935264e+02 3.078289718227442791e+02
3.604168439334346772e+02 3.085465382542358270e+02
3.597809390071176381e+02 3.092528748741543723e+02
3.591290686097253229e+02 3.099481078017253708e+02
3.584615100113014137e+02 3.106322648855506259e+02
3.577785535078812131e+02 3.113053907476156041e+02
3.570805162214052189e+02 3.119675147744856076e+02
3.563677415503280486e+02 3.126186320845403088e+02
3.556405750808074799e+02 3.132587442839426330e+02
3.548993905244672078e+02 3.138878026172066598e+02
3.541445350686264533e+02 3.145057703269334866e+02
3.533763869840094571e+02 3.151125528347193381e+02
3.525953045600975884e+02 3.157080853799757847e+02
3.518016754473462697e+02 3.162922534729867721e+02
3.509958646979853825e+02 3.168649595443478688e+02
3.501782397815943000e+02 3.174260608412624265e+02
3.493491581463246689e+02 3.179754067296996141e+02
3.485089797534453737e+02 3.185128262361457701e+02
3.476580579292125321e+02 3.190381608222132854e+02
3.467967495170833558e+02 3.195512204181506490e+02
3.459253967279011022e+02 3.200518079932473938e+02
3.450443393026349668e+02 3.205397070021523405e+02
3.441539167498969505e+02 3.210147020736620220e+02
3.432544634489190116e+02 3.214765637521193185e+02
3.423463128153549633e+02 3.219250598338974783e+02
3.414297924517848628e+02 3.223599517471594140e+02
3.405052338615208782e+02 3.227810012044648715e+02
3.395729614290938798e+02 3.231879623235059285e+02
3.386333038441632084e+02 3.235805870969858233e+02
3.376865781255825709e+02 3.239586210477238524e+02
3.367331127378781161e+02 3.243218262183485763e+02
3.357732241475922024e+02 3.246699654817956002e+02
3.348072467086287247e+02 3.250028025839964698e+02
3.338354941727160963e+02 3.253200957727049172e+02
3.328582826740651512e+02 3.256215994345404283e+02
3.318759316981944494e+02 3.259070862765242964e+02
3.308887788492400546e+02 3.261763434068795959e+02
3.298971134270983612e+02 3.264291452472852484e+02
3.289012848921360046e+02 3.266652704979875921e+02
3.279015905722661159e+02 3.268844934733646710e+02
3.268983487543023898e+02 3.270865925365811222e+02
3.258918779707728959e+02 3.272713495378875450e+02
3.248824964178397181e+02 3.274385446501566435e+02
3.238705222729182083e+02 3.275879563770864706e+02
3.228562773718581411e+02 3.277193953566094251e+02
3.218400950385054671e+02 3.278330158792117004e+02
3.208223585736805035e+02 3.279291903363244387e+02
3.198033712326861746e+02 3.280082843556426155e+02
3.187834767366587130e+02 3.280706716314155642e+02
3.177629535139085988e+02 3.281167184541399706e+02
3.167420784133851157e+02 3.281467692725569236e+02
3.157211186341818348e+02 3.281611572899442990e+02
3.147003226825751767e+02 3.281602148945916611e+02
3.136799152660644836e+02 3.281442688648104422e+02
3.126601227115484107e+02 3.281136464703928937e+02
3.116411527513640749e+02 3.280686691789669567e+02
3.106231998419091269e+02 3.280096529771285532e+02
3.096064342811991423e+02 3.279369038796019709e+02
3.085910507044589508e+02 3.278507374859337347e+02
3.075771959089151437e+02 3.277514578867493924e+02
3.065650335710804484e+02 3.276393794740237695e+02
3.055546928185156617e+02 3.275148090361170148e+02
3.045463255525870636e+02 3.273780638083829899e+02
3.035400450141601709e+02 3.272294497676793412e+02
3.025359633219034095e+02 3.270692676020341310e+02
3.015341986382581467e+02 3.268978363423441351e+02
3.005348434599144412e+02 3.267154770072149859e+02
2.995379864704054285e+02 3.265225079558984476e+02
2.985437089171313119e+02 3.263192449561123567e+02
2.975520839628558747e+02 3.261060016514978201e+02
2.965631756483692811e+02 3.258830997177242921e+02
2.955770388460628055e+02 3.256508675642477897e+02
2.945937193399784064e+02 3.254096283143483674e+02
2.936132579541124414e+02 3.251597047367007463e+02
2.926356865363593442e+02 3.249014189916290434e+02
2.916610269147083727e+02 3.246350932485017893e+02
2.906892938846868333e+02 3.243610460888479565e+02
2.897204958624055280e+02 3.240796012804660222e+02
2.887546311443403511e+02 3.237910789181684095e+02
2.877916956700377682e+02 3.234957838558511867e+02
2.868316699666544878e+02 3.231940338557364498e+02
2.858745397791841469e+02 3.228861236504973817e+02
2.849202699340669938e+02 3.225723582786309862e+02
2.839688352171594943e+02 3.222530264867107803e+02
2.830201824586837915e+02 3.219284258879576441e+02
2.820742801657552263e+02 3.215988296473237256e+02
2.811310631344159106e+02 3.212645090303700499e+02
2.801904823045913986e+02 3.209257267959097248e+02
2.792524794593366551e+02 3.205827384660728967e+02
2.783169727427730322e+02 3.202358016022338916e+02
2.773838977325169708e+02 3.198851576846340663e+02
2.764531878308301884e+02 3.195310275161575646e+02
2.755247453178545811e+02 3.191736323415361767e+02
2.745984930425095172e+02 3.188131897923674387e+02
2.736743420885225078e+02 3.184499080687990613e+02
2.727522357939726021e+02 3.180838864801588670e+02
2.718321371174222918e+02 3.177150875842832534e+02
2.709140372378076904e+02 3.173434647259269923e+02
2.699979214582929785e+02 3.169689668597183640e+02
2.690837769642550938e+02 3.165915410217376689e+02
2.681715982166437016e+02 3.162111331917890311e+02
2.672613661114493198e+02 3.158276891383305269e+02
2.663530721617855761e+02 3.154411554687427497e+02
2.654467115781982329e+02 3.150514763786856633e+02
2.645422789924281233e+02 3.146585934186081772e+02
2.636397696562634678e+02 3.142624490332224809e+02
2.627391787138108725e+02 3.138629880403104266e+02
2.618405026666211484e+02 3.134601537219801912e+02
2.609437397644302337e+02 3.130538874678464367e+02
2.600488946400212171e+02 3.126441287521872141e+02
2.591559565841251356e+02 3.122308166857899892e+02
2.582649288019221103e+02 3.118138980519242978e+02
2.573758106428275028e+02 3.113933160950516026e+02
2.564886026956697265e+02 3.109690120788271770e+02
2.556033067862395853e+02 3.105409253210482348e+02
2.547199244725072731e+02 3.101089962280540817e+02
2.538384556479988419e+02 3.096731687509196149e+02
2.529589009128428359e+02 3.092333853137385518e+02
2.520812610833395695e+02 3.087895861573522893e+02
2.512054515517583297e+02 3.083417037350516807e+02
2.503312960279512822e+02 3.078896960095631243e+02
2.494587351145243019e+02 3.074335934788514919e+02
2.485877275169269467e+02 3.069734333953140322e+02
2.477182280870235047e+02 3.065092496113116454e+02
2.468501922244143998e+02 3.060410748666250811e+02
2.459835794142873340e+02 3.055689420832836731e+02
2.451183465451872507e+02 3.050928833213175153e+02
2.442544509317430368e+02 3.046129287737311415e+02
2.433918505065979616e+02 3.041291064541287597e+02
2.425305038334756773e+02 3.036414421866144835e+02
2.416703704215570099e+02 3.031499591407238086e+02
2.408114111691219819e+02 3.026546772190864090e+02
2.399535877899407410e+02 3.021556139815460824e+02
2.390968678655889619e+02 3.016527848000994254e+02
2.382412068951251172e+02 3.011462002716362463e+02
2.373865725789800365e+02 3.006358710259074769e+02
2.365329360633543274e+02 3.001217981032306170e+02
2.356802696385426543e+02 2.996039791664447307e+02
2.348285466336242564e+02 2.990824097759530673e+02
2.339777444395259351e+02 2.985570827703061809e+02
2.331278404677487401e+02 2.980279836722293680e+02
2.322788200876159976e+02 2.974950868834546895e+02
2.314306770279347347e+02 2.969583637889055012e+02
2.305834047765781634e+02 2.964177825416231258e+02
2.297370042781229813e+02 2.958733055585386751e+02
2.288915024164191436e+02 2.953248542271922474e+02
2.280470554584671277e+02 2.947722130231364872e+02
2.272038495624010750e+02 2.942151380872801951e+02
2.263620750574052067e+02 2.936533925544285353e+02
2.255219292050800846e+02 2.930867465931242464e+02
2.246836232881605042e+02 2.925149589006317115e+02
2.238473862975567670e+02 2.919377924413639676e+02
2.230134559384912620e+02 2.913550046028004772e+02
2.221820788490186374e+02 2.907663521616245248e+02
2.213535119453636071e+02 2.901716128017252458e+02
2.205280118596006673e+02 2.895705425950245058e+02
2.197058538594441757e+02 2.889629352318957558e+02
2.188873056647329918e+02 2.883485570797882360e+02
2.180726560533908014e+02 2.877272034901106963e+02
2.172621942747023240e+02 2.870986676948406284e+02
2.164562060675133921e+02 2.864627286295258841e+02
2.156549914013557157e+02 2.858192318344511591e+02
2.148588277651544729e+02 2.851679924515379412e+02
2.140680085121207696e+02 2.845088367012269828e+02
2.132828376063096130e+02 2.838416013048372974e+02
2.125036215540924900e+02 2.831661414501584773e+02
2.117306359192042180e+02 2.824823259219095348e+02
2.109641598763292336e+02 2.817900399312146646e+02
2.102044786162001628e+02 2.810891725848716760e+02
2.094518834402892082e+02 2.803796170464912620e+02
2.087066652099166220e+02 2.796612761037425230e+02
2.079690888085765721e+02 2.789340823877967068e+02
2.072394144950953887e+02 2.781979785469082458e+02
2.065179006063486611e+02 2.774528923160981435e+02
2.058048379362469404e+02 2.766988060374711154e+02
2.051004884153267653e+02 2.759356645061569111e+02
2.044050880278714999e+02 2.751634135431205550e+02
2.037189161951148435e+02 2.743820988746060152e+02
2.030421940050294154e+02 2.735916554762241617e+02
2.023752092792417443e+02 2.727921299885059625e+02
2.017181931532394685e+02 2.719834624737425202e+02
2.010714276280252761e+02 2.711657134832998395e+02
2.004351550190699527e+02 2.703388830630971142e+02
1.998096343697129669e+02 2.695029872440774739e+02
1.991951343667759318e+02 2.686580505075711471e+02
1.985919307177782116e+02 2.678041010964165594e+02
1.980003084787585124e+02 2.669411701320506722e+02
1.974205609136687940e+02 2.660692929932838524e+02
1.968529888507926273e+02 2.651885103352504416e+02
1.962978874630504151e+02 2.642988279549847448e+02
1.957556055495163037e+02 2.634003546688122697e+02
1.952264699193703734e+02 2.624930721341824551e+02
1.947108757786342039e+02 2.615770723066144683e+02
1.942091854950662650e+02 2.606523522874694550e+02
1.937218119297789087e+02 2.597190078573184451e+02
1.932491299908263329e+02 2.587771205744177792e+02
1.927912993326096682e+02 2.578268884137639247e+02
1.923483847498428929e+02 2.568685670154459899e+02
1.919204503189472746e+02 2.559023840880958289e+02
1.915075920916230814e+02 2.549286493535409193e+02
1.911098741160313921e+02 2.539475482525920711e+02
1.907274238736544874e+02 2.529593664183240662e+02
1.903603535502858506e+02 2.519642762892963788e+02
1.900088203007705943e+02 2.509625627031142301e+02
1.896729663396222634e+02 2.499544397532596633e+02
1.893529495506542730e+02 2.489401253985503217e+02
1.890489377843807972e+02 2.479198591622603658e+02
1.887611104151869483e+02 2.468939210610742236e+02
1.884896358753212553e+02 2.458624564391255660e+02
1.882347389234080026e+02 2.448258073830700141e+02
1.879966196564043059e+02 2.437841653271104860e+02
1.877754901739324964e+02 2.427377944252630471e+02
1.875715634232301170e+02 2.416869672632195716e+02
1.873850662295204188e+02 2.406319021838427261e+02
1.872162568156002180e+02 2.395729522687817621e+02
1.870653903778650715e+02 2.385103138631527600e+02
1.869327340008233023e+02 2.374443121354687776e+02
1.868185504764171583e+02 2.363752253459695396e+02
1.867231261290830560e+02 2.353033786316412943e+02
1.866467657712048549e+02 2.342290767643584672e+02
1.865897986931698256e+02 2.331526252045016179e+02
1.865525603974282376e+02 2.320743450374305610e+02
1.865353941468229095e+02 2.309945952573203272e+02
1.865386614844760516e+02 2.299137471446001086e+02
1.865627498202786114e+02 2.288321520953990102e+02
1.866080716431685858e+02 2.277501907223436319e+02
1.866750557003132656e+02 2.266682506632098466e+02
1.867641398675440882e+02 2.255867661590102671e+02
1.868757747368877915e+02 2.245061904764369274e+02
1.870104439552218878e+02 2.234269384454056251e+02
1.871686266048351115e+02 2.223495352640935607e+02
1.873508302368203715e+02 2.212744572491280337e+02
1.875575614025013920e+02 2.202022529987262658e+02
1.877893187762646221e+02 2.191334967033980661e+02
1.880466257565212516e+02 2.180687197891569440e+02
1.883299265011048931e+02 2.170086318891153780e+02
1.886397096462269189e+02 2.159538204165928903e+02
1.889764234931783164e+02 2.149049766237634742e+02
1.893404639147377964e+02 2.138628133077551752e+02
1.897321633361225679e+02 2.128280590320385386e+02
1.901517824512853565e+02 2.118014520197006618e+02
1.905995416290443245e+02 2.107837519499275913e+02
1.910755658897854801e+02 2.097757779750841962e+02
1.915788329678453579e+02 2.087793056434356913e+02
1.921079551902100491e+02 2.077955382719021031e+02
1.926619293075886787e+02 2.068246709963111982e+02
1.932400743660406874e+02 2.058670223986316330e+02
1.938420088725953576e+02 2.049231220111967957e+02
1.944672951292968435e+02 2.039934888422861547e+02
1.951154205094087786e+02 2.030786284749442530e+02
1.957858168845008322e+02 2.021790212026918141e+02
1.964779355044069291e+02 2.012950921171538425e+02
1.971911044103055701e+02 2.004273313981640001e+02
1.979247232366604692e+02 1.995761290442980282e+02
1.986781225747228632e+02 1.987419054220299302e+02
1.994506167375833741e+02 1.979250612992469200e+02
2.002415207012652445e+02 1.971259442042835417e+02
2.010501460468357209e+02 1.963448572445285834e+02
2.018757894756506346e+02 1.955821065446753551e+02
2.027177425648510507e+02 1.948379938343086621e+02
2.035753885993431993e+02 1.941127738303798651e+02
2.044479448810517113e+02 1.934067199919790880e+02
2.053348328393079498e+02 1.927199198342588886e+02
2.062352609056228516e+02 1.920525719944521086e+02
2.071486187376422663e+02 1.914047886995023191e+02
2.080743097664821164e+02 1.907766972380995014e+02
2.090116215659289196e+02 1.901684018921165205e+02
2.099599820621356230e+02 1.895798496554249652e+02
2.109186989216586596e+02 1.890110407831038515e+02
2.118872128509595996e+02 1.884619340597914174e+02
2.128649486062920460e+02 1.879325092770583012e+02
2.138513997689089194e+02 1.874226762431120790e+02
2.148458900945744574e+02 1.869323066943701974e+02
2.158479711718727856e+02 1.864612036436327003e+02
2.168571282777727163e+02 1.860092111603833018e+02
2.178728655366092823e+02 1.855761771879609512e+02
2.188947015542597114e+02 1.851619166777969951e+02
2.199221629308138120e+02 1.847661877106271504e+02
2.209549202540181909e+02 1.843887284654130099e+02
2.219924220471613978e+02 1.840293341920096850e+02
2.230343685807495433e+02 1.836877524592594284e+02
2.240803789026960828e+02 1.833637530510567899e+02
2.251300877450574092e+02 1.830570894438800451e+02
2.261831493142972249e+02 1.827675171591602634e+02
2.272392641293143072e+02 1.824947942284220517e+02
2.282981510282341446e+02 1.822386882749922279e+02
2.293594721192103236e+02 1.819989901730582176e+02
2.304229875409221791e+02 1.817755034741465465e+02
2.314884642253364007e+02 1.815680454061036073e+02
2.325556437783882018e+02 1.813764440850111157e+02
2.336242844442853368e+02 1.812005315119293982e+02
2.346941741871163742e+02 1.810401739426717711e+02
2.357650867125199170e+02 1.808953087150304384e+02
2.368368205980210348e+02 1.807658846060176074e+02
2.379092661003573426e+02 1.806518584160147896e+02
2.389820730870439718e+02 1.805531983051664895e+02
2.400552124059042285e+02 1.804698168439867061e+02
2.411283532983978546e+02 1.804015261882582877e+02
2.422013567666921290e+02 1.803481165495666403e+02
2.432740401409241997e+02 1.803093876568488270e+02
2.443462206794994529e+02 1.802851434345282939e+02
2.454177239480122807e+02 1.802752200247378482e+02
2.464883833966991347e+02 1.802795306463848419e+02
2.475580355995869297e+02 1.802980035937708010e+02
2.486265193279366201e+02 1.803305705046766434e+02
2.496937291456439993e+02 1.803771730966185487e+02
2.507594221924762792e+02 1.804377591906963119e+02
2.518234951199472391e+02 1.805123219390710574e+02
2.528857935823469631e+02 1.806008648018436418e+02
2.539461388314601891e+02 1.807033906926986901e+02
2.550043580562001750e+02 1.808199028696180335e+02
2.560603709307915210e+02 1.809504210625250948e+02
2.571139054361753438e+02 1.810949418675053550e+02
2.581648539657131778e+02 1.812534779264981637e+02
2.592130487551360147e+02 1.814260412475786950e+02
2.602583199946160448e+02 1.816126452257029200e+02
2.613004973137005891e+02 1.818132884333658694e+02
2.623394137504422474e+02 1.820279169747807657e+02
2.633749033805435715e+02 1.822564669670195485e+02
2.644068003672848590e+02 1.824988756323047596e+02
2.654349387983249926e+02 1.827550811942277562e+02
2.664591562376470506e+02 1.830249928326465465e+02
2.674793051413653870e+02 1.833084113713581758e+02
2.684952515753230387e+02 1.836051160464331247e+02
2.695068779978687985e+02 1.839148930134716124e+02
2.705139975567317379e+02 1.842375091652251626e+02
2.715165200411194064e+02 1.845727138754831742e+02
2.725143894352740404e+02 1.849201199202614987e+02
2.735074462787550829e+02 1.852792691014075785e+02
2.744956976880206980e+02 1.856497474001685077e+02
2.754790400061564810e+02 1.860311127851977346e+02
2.764574555239473170e+02 1.864229120110202871e+02
2.774309275502852188e+02 1.868245452202211823e+02
2.783994909752958051e+02 1.872353880132712618e+02
2.793631556288954130e+02 1.876548047808990702e+02
2.803220166277853309e+02 1.880821923492510450e+02
2.812760882005922554e+02 1.885168971221114873e+02
2.822255216179809736e+02 1.889582299293116989e+02
2.831704263748464427e+02 1.894054630892904925e+02
2.841109425174622061e+02 1.898578744528621485e+02
2.850472573686631108e+02 1.903147640822142819e+02
2.859795450325443085e+02 1.907754275307412968e+02
2.869080009559049245e+02 1.912391661994028027e+02
2.878328566643619411e+02 1.917052988869324395e+02
2.887543597416096759e+02 1.921731570232401793e+02
2.896727537514571509e+02 1.926420646465342656e+02
2.905883016047202432e+02 1.931114298325683194e+02
2.915011542212229187e+02 1.935810505066885696e+02
2.924114202531097249e+02 1.940508658824679458e+02
2.933192106622626056e+02 1.945208226400844467e+02
2.942246292164482497e+02 1.949908600841160649e+02
2.951277898167022045e+02 1.954609401521484813e+02
2.960287792962111553e+02 1.959310892516491833e+02
2.969276745990123345e+02 1.964013613282463098e+02
2.978245512918125542e+02 1.968718134081538551e+02
2.987194834774795140e+02 1.973425094344112551e+02
2.996125410177295976e+02 1.978135119950021874e+02
3.005037838583892835e+02 1.982849195017377326e+02
3.013932630806722841e+02 1.987568442821126951e+02
3.022810271101076296e+02 1.992294011793299831e+02
3.031671217779589824e+02 1.997027075072391540e+02
3.040515897661114764e+02 2.001768842696268109e+02
3.049344667275188954e+02 2.006520643318459065e+02
3.058157813342753002e+02 2.011283896414055903e+02
3.066955634306115712e+02 2.016059997900689780e+02
3.075738371084412961e+02 2.020850382644804881e+02
3.084506236566307393e+02 2.025656509886111962e+02
3.093259413157325071e+02 2.030479858930575574e+02
3.101998051972292956e+02 2.035321929142429838e+02
3.110722272322838080e+02 2.040184240080392897e+02
3.119432161396734955e+02 2.045068331133000470e+02
3.128127898438355601e+02 2.049975660736733687e+02
3.136810254546227270e+02 2.054907132052113923e+02
3.145479959234063472e+02 2.059863291163354120e+02
3.154137564045582280e+02 2.064844655353257394e+02
3.162783589558731023e+02 2.069851760983428619e+02
3.171418515984973965e+02 2.074885157070499702e+02
3.180042784907988676e+02 2.079945403202864895e+02
3.188656799578210439e+02 2.085033069910781194e+02
3.197260911372605960e+02 2.090148753063239724e+02
3.205855448946327897e+02 2.095293052315723514e+02
3.214440715109753341e+02 2.100466559304674945e+02
3.223016928679732587e+02 2.105669932275473855e+02
3.231584256153174124e+02 2.110903868172456157e+02
3.240142826325962346e+02 2.116169073150581141e+02
3.248692722142942557e+02 2.121466280625035949e+02
3.257233988851704680e+02 2.126796232079319680e+02
3.265766582914688456e+02 2.132159723123399147e+02
3.274290371112459184e+02 2.137557652479551678e+02
3.282805175375125941e+02 2.142990921175392600e+02
3.291310773381920853e+02 2.148460486191718246e+02
3.299806888028094249e+02 2.153967228535275638e+02
3.308293115874438968e+02 2.159512187661390215e+02
3.316768928534755787e+02 2.165096533380492474e+02
3.325233753517262016e+02 2.170721529290203762e+02
3.333686901256621127e+02 2.176388208263558965e+02
3.342127684477666207e+02 2.182097814939602642e+02
3.350554430497867884e+02 2.187852743317580178e+02
3.358964498160008247e+02 2.193655967349551759e+02
3.367355233757008932e+02 2.199510555781883170e+02
3.375723936521276869e+02 2.205419722564752760e+02
3.384067539719613933e+02 2.211386114286426903e+02
3.392383283305251211e+02 2.217412866038885397e+02
3.400668008414434098e+02 2.223502548435628796e+02
3.408918703490720645e+02 2.229658004742154844e+02
3.417132091033266761e+02 2.235881770034550016e+02
3.425304966254019519e+02 2.242176548125350450e+02
3.433433981530497476e+02 2.248544481598381140e+02
3.441516212276899296e+02 2.254988080595425117e+02
3.449548142723076012e+02 2.261509000448814959e+02
3.457526687872223192e+02 2.268109541537506573e+02
3.465448468666947406e+02 2.274791711519371802e+02
3.473310136036959648e+02 2.281556931612275605e+02
3.481108820260372454e+02 2.288406721631440917e+02
3.488841482065274704e+02 2.295342425191188909e+02
3.496505032290399981e+02 2.302365380999083015e+02
3.504096174778289310e+02 2.309476597743218917e+02
3.511612047021821468e+02 2.316677115601432888e+02
3.519049949029411550e+02 2.323967562802091038e+02
3.526407145688748415e+02 2.331348516824578496e+02
3.533680849179294796e+02 2.338820516856583538e+02
3.540868224209856976e+02 2.346384057088278041e+02
3.547966627410619935e+02 2.354039491341266057e+02
3.554973606545054849e+02 2.361786927801342983e+02
3.561886545154512760e+02 2.369626165981140105e+02
3.568702982894212141e+02 2.377557286787294970e+02
3.575420482354278988e+02 2.385580558713430719e+02
3.582036248127590738e+02 2.393695408081237019e+02
3.588547983030244382e+02 2.401901814608135908e+02
3.594953159394036106e+02 2.410199441736319557e+02
3.601249250604984127e+02 2.418588021385400850e+02
3.607433527103147526e+02 2.427066933053694413e+02
3.613503478372308564e+02 2.435636194434593165e+02
3.619456144919226972e+02 2.444295277730039970e+02
3.625288552771291393e+02 2.453043640443489153e+02
3.630997796990544657e+02 2.461880965644481591e+02
3.636580804267898657e+02 2.470806729037444995e+02
3.642034229756692980e+02 2.479820457315728390e+02
3.647354362896680868e+02 2.488921844387558053e+02
3.652537415489337604e+02 2.498110660738240369e+02
3.657579222347540053e+02 2.507385863364236798e+02
3.662475966827044545e+02 2.516747328815413312e+02
3.667222994046344411e+02 2.526194356084931769e+02
3.671814986503709974e+02 2.535726759328128992e+02
3.676246288795417740e+02 2.545343822553390396e+02
3.680511324559334412e+02 2.555045193257625726e+02
3.684604241431008518e+02 2.564830007065060613e+02
3.688520299723414837e+02 2.574696611997586047e+02
3.692256937178818248e+02 2.584642165072978628e+02
3.695811762690571527e+02 2.594663620101260904e+02
3.699182332885166602e+02 2.604757928231883284e+02
3.702366181398901404e+02 2.614922323666218631e+02
3.705360436730780407e+02 2.625152786055295451e+02
3.708162501785004110e+02 2.635446369692473922e+02
3.710769501122448446e+02 2.645799618449538002e+02
3.713178392254516780e+02 2.656208604293163944e+02
3.715386138766886006e+02 2.666669663473117566e+02
3.717389756640679366e+02 2.677178427358001045e+02
3.719186796665945849e+02 2.687730392084530422e+02
3.720774825109699577e+02 2.698321558745754487e+02
3.722151056636211592e+02 2.708946157630472271e+02
3.723312898453855269e+02 2.719599642482538115e+02
3.724257925920859407e+02 2.730276538107564761e+02
3.724984652189017424e+02 2.740970896079614363e+02
3.725491680937205388e+02 2.751676695021648698e+02
3.725777518184731321e+02 2.762387796089136032e+02
3.725840602839861617e+02 2.773097474887234739e+02
3.725679784855734056e+02 2.783799043104709767e+02
3.725294941396388140e+02 2.794485369950116365e+02
3.724686119170287952e+02 2.805149014857965994e+02
3.723853287608084202e+02 2.815782774987424091e+02
3.722796539361071382e+02 2.826378467487598982e+02
3.721516171906474142e+02 2.836928630877008572e+02
3.720013209079785383e+02 2.847425115340009825e+02
3.718288920945632299e+02 2.857859692247664611e+02
3.716344720798432490e+02 2.868224103921199344e+02
3.714181964110791796e+02 2.878510325164356800e+02
3.711802397390574129e+02 2.888709767070733392e+02
3.709207900408258070e+02 2.898814277086979132e+02
3.706400577907306229e+02 2.908815628628142917e+02
3.703382750522593483e+02 2.918705718024305611e+02
3.700157153847176232e+02 2.928476581363869400e+02
3.696726496146019940e+02 2.938120572959317087e+02
3.693093067299977292e+02 2.947630175467999720e+02
3.689259413486315111e+02 2.956998212527035435e+02
3.685228507817121226e+02 2.966217993503574917e+02
3.681003578787074275e+02 2.975283239693599171e+02
3.676588462529584831e+02 2.984188686200897109e+02
3.671987251772052900e+02 2.992929582072823678e+02
3.667204356459265000e+02 3.001502218744047923e+02
3.662244531139361925e+02 3.009904158302524593e+02
3.657112739864235778e+02 3.018133952100941428e+02
