3.646859521324759612e+02 3.023641629392493542e+02
3.641847788784862701e+02 3.031562094227167563e+02
3.636679306663698981e+02 3.039359777095800155e+02
3.631352197764241510e+02 3.047040585098955034e+02
3.625865900263390245e+02 3.054608011555541225e+02
3.620220136805855873e+02 3.062065157582369466e+02
3.614414979812853517e+02 3.069414551042845574e+02
3.608450729378094479e+02 3.076658549723168221e+02
3.602328102393780682e+02 3.083799034357058417e+02
3.596048382933747689e+02 3.090836878292731740e+02
3.589612702465741449e+02 3.097773537517070963e+02
3.583023071230319374e+02 3.104609317331886018e+02
3.576281683353241192e+02 3.111344691814811654e+02
3.569391062254966869e+02 3.117979929225700744e+02
3.562354062469074165e+02 3.124514884620946304e+02
3.555173583271082975e+02 3.130949453711401134e+02
3.547852886675015611e+02 3.137282948366467963e+02
3.540394926714706685e+02 3.143514751980093820e+02
3.532803061321300788e+02 3.149643582614244224e+02
3.525080441122648267e+02 3.155668470463854192e+02
3.517230612542211361e+02 3.161587892648250886e+02
3.509256883889886467e+02 3.167400497057103621e+02
3.501162612591407992e+02 3.173104373191739569e+02
3.492951069474490851e+02 3.178697500617333276e+02
3.484625605280922400e+02 3.184177639616912074e+02
3.476189516899742671e+02 3.189542681555954573e+02
3.467646197326919264e+02 3.194790174751605036e+02
3.458998876634717021e+02 3.199917548183173608e+02
3.450250795522322278e+02 3.204922005192648840e+02
3.441405216743477240e+02 3.209800763089448310e+02
3.432465389132293012e+02 3.214550895520322342e+02
3.423434574478819172e+02 3.219169452867435552e+02
3.414316004675166596e+02 3.223653429029621975e+02
3.405112973233082130e+02 3.227999826500054610e+02
3.395828723953064241e+02 3.232205575313125792e+02
3.386466565630063315e+02 3.236267587580904888e+02
3.377029707044116549e+02 3.240182725037741420e+02
3.367521509667762984e+02 3.243948085969263957e+02
3.357945228191341016e+02 3.247560815937238203e+02
3.348304319650912930e+02 3.251018071898982953e+02
3.338602032155636721e+02 3.254316964747192173e+02
3.328841651368144312e+02 3.257454581813695995e+02
3.319026521923649966e+02 3.260428286005640643e+02
3.309160196517466375e+02 3.263235631477167544e+02
3.299245707808697716e+02 3.265874059361153741e+02
3.289286745607298599e+02 3.268341049482823450e+02
3.279286435644105495e+02 3.270634057186904897e+02
3.269248141168251891e+02 3.272750634413869193e+02
3.259175231527700589e+02 3.274688403025141952e+02
3.249071071404115401e+02 3.276444973537401211e+02
3.238939024101138671e+02 3.278017944594572555e+02
3.228782490563684178e+02 3.279405261661822806e+02
3.218604984294685210e+02 3.280608531574404765e+02
3.208410568183795704e+02 3.281631672467057115e+02
3.198202427020823961e+02 3.282478546893811995e+02
3.187984201978858891e+02 3.283153096992854216e+02
3.177758816589913522e+02 3.283659192859645373e+02
3.167529182044802951e+02 3.284000423313497663e+02
3.157298110259609416e+02 3.284180225488588007e+02
3.147068214426724353e+02 3.284202030447218590e+02
3.136841850351972312e+02 3.284069215615761550e+02
3.126621401924043084e+02 3.283785162349186066e+02
3.116409053631709298e+02 3.283353164046629331e+02
3.106206850698148401e+02 3.282776438549995532e+02
3.096016573701498942e+02 3.282058104635739824e+02
3.085840293350968295e+02 3.281201378951542438e+02
3.075679543751259075e+02 3.280209363120854960e+02
3.065536065219488933e+02 3.279085258881332265e+02
3.055411209761981581e+02 3.277832187763093543e+02
3.045306608449110399e+02 3.276453379124263847e+02
3.035223452928353254e+02 3.274951948358212803e+02
3.025162931274806510e+02 3.273330960119938595e+02
3.015126319440536804e+02 3.271593683631003273e+02
3.005114600937090472e+02 3.269743421348034076e+02
2.995128726350883994e+02 3.267783450780730732e+02
2.985169570442427585e+02 3.265717024290065638e+02
2.975237923956162831e+02 3.263547375148945093e+02
2.965334479936835237e+02 3.261277846678784158e+02
2.955459832676253313e+02 3.258911875823127957e+02
2.945614475079980252e+02 3.256452846974349313e+02
2.935798857576893397e+02 3.253904142611159500e+02
2.926013336132715494e+02 3.251269140617383755e+02
2.916258148309365197e+02 3.248551244700864800e+02
2.906533444598645133e+02 3.245753847150100455e+02
2.896839335324107196e+02 3.242880397593621637e+02
2.887175806363494530e+02 3.239934305773001597e+02
2.877542789848405960e+02 3.236918824372851873e+02
2.867940119733578399e+02 3.233837361003351702e+02
2.858367596877425285e+02 3.230693092691250285e+02
2.848824874461672039e+02 3.227489312628363223e+02
2.839311640051940344e+02 3.224229137881214342e+02
2.829827353290391443e+02 3.220915785355017533e+02
2.820371625032497036e+02 3.217552211815236660e+02
2.810943781035589950e+02 3.214141365609950185e+02
2.801543260634276749e+02 3.210686098764126086e+02
2.792169416873125556e+02 3.207189191866952456e+02
2.782821378395247507e+02 3.203653448564696760e+02
2.773498421212489689e+02 3.200081490823534978e+02
2.764199803321500895e+02 3.196475717607457341e+02
2.754924486181973862e+02 3.192838535185853175e+02
2.745671609480361894e+02 3.189172305611276670e+02
2.736440197996899997e+02 3.185479294835188284e+02
2.727229615686970874e+02 3.181760602296764660e+02
2.718039462948669893e+02 3.178015863362957134e+02
2.708869611544209874e+02 3.174244609930039474e+02
2.699719879524647013e+02 3.170446331058253691e+02
2.690590103969939264e+02 3.166620496078012934e+02
2.681480194954488070e+02 3.162766557555098075e+02
2.672389934661098891e+02 3.158883959940167188e+02
2.663319208586515856e+02 3.154972153968065527e+02
2.654267939399989586e+02 3.151030565828763201e+02
2.645236045240298495e+02 3.147058595223172688e+02
2.636223451381868585e+02 3.143055649249102999e+02
2.627230083268314615e+02 3.139021156526903269e+02
2.618255880481750637e+02 3.134954529892366963e+02
2.609300800537341729e+02 3.130855162982153956e+02
2.600364864704657180e+02 3.126722429797081304e+02
2.591447942641675581e+02 3.122555702464226783e+02
2.582550040563613152e+02 3.118354430647777349e+02
2.573671127101647471e+02 3.114118028822452970e+02
2.564811183582947933e+02 3.109845891334940120e+02
2.555970203982480768e+02 3.105537392772082512e+02
2.547148178703801022e+02 3.101191920613479738e+02
2.538345079523507195e+02 3.096808901659926505e+02
2.529560885088840223e+02 3.092387747433789968e+02
2.520795576234468456e+02 3.087927847149886134e+02
2.512048279935480366e+02 3.083428511882697194e+02
2.503317201831447392e+02 3.078889308315750668e+02
2.494601710348244694e+02 3.074310531364637313e+02
2.485901355024568886e+02 3.069692543574333854e+02
2.477215647418010462e+02 3.065035673031795795e+02
2.468544105094495649e+02 3.060340236262829876e+02
2.459886285747227817e+02 3.055606553632163696e+02
2.451241718428978515e+02 3.050834941463552354e+02
2.442609936360781262e+02 3.046025697536534267e+02
2.433990479232855648e+02 3.041179097303196954e+02
2.425382893322151574e+02 3.036295393797093993e+02
2.416786733660872244e+02 3.031374814435780536e+02
2.408201567084117301e+02 3.026417556813225360e+02
2.399626968345182831e+02 3.021423794953969377e+02
2.391062571343006766e+02 3.016393680640152866e+02
2.382507888127174738e+02 3.011327316502375311e+02
2.373962553756160787e+02 3.006224805499829245e+02
2.365426237612084321e+02 3.001086153926436282e+02
2.356898620496517367e+02 2.995911333597514385e+02
2.348379393629496121e+02 2.990700294633340945e+02
2.339868289143581706e+02 2.985452959461468367e+02
2.331365040342375323e+02 2.980169174406997854e+02
2.322869464169015146e+02 2.974848668632875501e+02
2.314381462745214151e+02 2.969491140207649664e+02
2.305900935685637023e+02 2.964096254100243755e+02
2.297427857845949291e+02 2.958663617731976387e+02
2.288962486027253078e+02 2.953192398249650523e+02
2.280506446754249623e+02 2.947680309555667577e+02
2.272061682645228018e+02 2.942124768054789001e+02
2.263630181551064879e+02 2.936523262521886295e+02
2.255214004770494114e+02 2.930873355132010829e+02
2.246815359932994625e+02 2.925172493389713395e+02
2.238436643958679326e+02 2.919418161542527628e+02
2.230080346469112555e+02 2.913607789350494386e+02
2.221749050028743682e+02 2.907738803545528299e+02
2.213445444867674610e+02 2.901808844345910643e+02
2.205172219224035643e+02 2.895815338505216232e+02
2.196932250327363647e+02 2.889756098724388380e+02
2.188728339692559359e+02 2.883628665940978522e+02
2.180563505250822800e+02 2.877430876835396703e+02
2.172440772164555369e+02 2.871160549648010374e+02
2.164363127565446803e+02 2.864815365194550623e+02
2.156333691703678141e+02 2.858393694770223306e+02
2.148355354110689177e+02 2.851893608343611390e+02
2.140431166522479032e+02 2.845313290885981132e+02
2.132564289927356640e+02 2.838651036319698733e+02
2.124757908295345032e+02 2.831905332225060192e+02
2.117014872241174430e+02 2.825074824813285659e+02
2.109338064085304723e+02 2.818158333730338541e+02
2.101730427776856232e+02 2.811154720061960575e+02
2.094194969839048213e+02 2.804062888031750731e+02
2.086734689369662590e+02 2.796881844406116784e+02
2.079352305356110833e+02 2.789610914306337008e+02
2.072050484737375768e+02 2.782249530098911237e+02
2.064831874547265897e+02 2.774796975193693811e+02
2.057699451204123875e+02 2.767253086416707788e+02
2.050655897429630272e+02 2.759617323495324399e+02
2.043703626574316843e+02 2.751889163846607858e+02
2.036845490153203002e+02 2.744069096879086942e+02
2.030083748600460467e+02 2.736156495405701321e+02
2.023421337492306122e+02 2.728151861217797318e+02
2.016860620427243589e+02 2.720054621513646680e+02
2.010404485577648472e+02 2.711865414096289442e+02
2.004055424008433590e+02 2.703584266485846683e+02
1.997816095739005107e+02 2.695211370479971151e+02
1.991689258228291521e+02 2.686747006071349801e+02
1.985677744268340916e+02 2.678191491573088570e+02
1.979784509090764857e+02 2.669545160704221871e+02
1.974012602463468511e+02 2.660808388197544332e+02
1.968365151432382163e+02 2.651981607280729349e+02
1.962845227416506759e+02 2.643064907539360888e+02
1.957456449455772827e+02 2.634059414010831688e+02
1.952202271906232625e+02 2.624964953309680595e+02
1.947086861106373021e+02 2.615782454569028346e+02
1.942114057638177371e+02 2.606511908409821103e+02
1.937288210577871723e+02 2.597154305042496958e+02
1.932613277187787730e+02 2.587710512392885107e+02
1.928090948146800372e+02 2.578182632449456833e+02
1.923721911185303100e+02 2.568573378431617584e+02
1.919506846085865845e+02 2.558885193125565252e+02
1.915446748700306614e+02 2.549121342141433502e+02
1.911542295280159465e+02 2.539283864953532373e+02
1.907794778013999917e+02 2.529375809010809348e+02
1.904205331641861108e+02 2.519399111789514905e+02
1.900775532598795223e+02 2.509356831932604450e+02
1.897506807952580345e+02 2.499251338468425843e+02
1.894400733098095202e+02 2.489085052095307162e+02
1.891458932778230633e+02 2.478860633541138156e+02
1.888683113591703489e+02 2.468581157707604063e+02
1.886074875879144770e+02 2.458248392308174175e+02
1.883636360609291671e+02 2.447866036738843150e+02
1.881369459987558912e+02 2.437436333468588714e+02
1.879276108107935954e+02 2.426962264140441334e+02
1.877358197831659368e+02 2.416446910178325140e+02
1.875617752528693245e+02 2.405892837429002498e+02
1.874057082518702941e+02 2.395303913324304403e+02
1.872678462900316276e+02 2.384682509758537776e+02
1.871484199348575146e+02 2.374032252897945057e+02
1.870476502128243794e+02 2.363356331527377563e+02
1.869657790554182384e+02 2.352658377356273718e+02
1.869030648413740039e+02 2.341941826423811790e+02
1.868597877202072652e+02 2.331210120059770929e+02
1.868362276487252416e+02 2.320466848340318222e+02
1.868326667083679240e+02 2.309715946709104912e+02
1.868494022715799758e+02 2.298961446279932943e+02
1.868867546832392748e+02 2.288207176669237697e+02
1.869450659986218284e+02 2.277457215057997075e+02
1.870246901857951229e+02 2.266715678176316828e+02
1.871259863075729015e+02 2.255987071209044359e+02
1.872493232501867908e+02 2.245276027102152057e+02
1.873950997977045176e+02 2.234586792530944024e+02
1.875637083047467115e+02 2.223924541412001190e+02
1.877555669492249706e+02 2.213293954355796131e+02
1.879710921116229088e+02 2.202700279768483540e+02
1.882106922182080382e+02 2.192148907889273914e+02
1.884747992203859326e+02 2.181644778435346268e+02
1.887637723846609958e+02 2.171194265328147992e+02
1.890780136686502146e+02 2.160802589647775847e+02
1.894178915328154176e+02 2.150475756886593217e+02
1.897837297845013893e+02 2.140219834189626340e+02
1.901757986583091622e+02 2.130040894307549024e+02
1.905943084847764908e+02 2.119944959984260038e+02
1.910394404277084561e+02 2.109938119644663175e+02
1.915112974702482234e+02 2.100026845458772868e+02
1.920089529292480108e+02 2.090225323211195416e+02
1.925311296112035393e+02 2.080542556956081057e+02
1.930768828825045773e+02 2.070978902817329015e+02
1.936456250944562214e+02 2.061536245788437043e+02
1.942371001760187141e+02 2.052218909584215680e+02
1.948509966861486475e+02 2.043031299039326711e+02
1.954869270686167226e+02 2.033977838898827599e+02
1.961444445902259588e+02 2.025062862398500556e+02
1.968231187280256336e+02 2.016290426514171088e+02
1.975224072791228025e+02 2.007665349900283616e+02
1.982418209642392242e+02 1.999191692341111093e+02
1.989807981369440313e+02 1.990873869099401077e+02
1.997387518512915676e+02 1.982716199470352478e+02
2.005150903959076913e+02 1.974722646421860475e+02
2.013092151752470329e+02 1.966896899904164400e+02
2.021205051765815881e+02 1.959242732219884715e+02
2.029483257085009882e+02 1.951763916959812093e+02
2.037921190325166094e+02 1.944463838072169324e+02
2.046511652657501941e+02 1.937346048618044279e+02
2.055249268904350401e+02 1.930412397005633522e+02
2.064126622512691540e+02 1.923665760979705794e+02
2.073137934037856382e+02 1.917108231055759404e+02
2.082277512479167854e+02 1.910742043484060559e+02
2.091538484927334878e+02 1.904569128522969095e+02
2.100915215515532282e+02 1.898589815053307461e+02
2.110400901087887462e+02 1.892804913914910117e+02
2.119989981568356825e+02 1.887214838222942888e+02
2.129676726433899034e+02 1.881820190226574425e+02
2.139456005103283474e+02 1.876620785608760968e+02
2.149320978772476565e+02 1.871615886476361368e+02
2.159266995613230620e+02 1.866804071103283889e+02
2.169288769789315268e+02 1.862184298348728078e+02
2.179381196892853154e+02 1.857755550791766836e+02
2.189539283315036471e+02 1.853516387514144128e+02
2.199758071269008042e+02 1.849464648525626274e+02
2.210034015915635166e+02 1.845597955103398249e+02
2.220361419361286153e+02 1.841914467465063012e+02
2.230737050537894675e+02 1.838411872284289927e+02
2.241156883809421174e+02 1.835088005950998422e+02
2.251617035020941557e+02 1.831940432713547580e+02
2.262113824176190633e+02 1.828966715814676718e+02
2.272644041814123455e+02 1.826164434410442254e+02
2.283204674017018476e+02 1.823531253795621581e+02
2.293792156855363373e+02 1.821065035002432921e+02
2.304403896883783034e+02 1.818763708444282372e+02
2.315037382805852246e+02 1.816625327250893633e+02
2.325689867880371366e+02 1.814648045922695303e+02
2.336358782935941463e+02 1.812830052011189252e+02
2.347041863953872678e+02 1.811169854771468408e+02
2.357736715057738479e+02 1.809666634972630845e+02
2.368441199151411354e+02 1.808319679189436329e+02
2.379154101642804733e+02 1.807128350929092164e+02
2.389871835147484660e+02 1.806092121712798644e+02
2.400594007158310887e+02 1.805209884091130164e+02
2.411317238385594521e+02 1.804479468875302075e+02
2.422040067177314029e+02 1.803898478544585373e+02
2.432760611982835144e+02 1.803464608349392222e+02
2.443477003604189406e+02 1.803175593828590308e+02
2.454187468734438653e+02 1.803029508371088525e+02
2.464890325400419897e+02 1.803025238663204277e+02
2.475583932467545480e+02 1.803161828341050636e+02
2.486266679763963339e+02 1.803438354041471143e+02
2.496937523241605561e+02 1.803853992991896860e+02
2.507594055124483816e+02 1.804407993493109643e+02
2.518235268567017613e+02 1.805100085459503703e+02
2.528859654640754400e+02 1.805930107086447833e+02
2.539465466841392356e+02 1.806897891583689102e+02
2.550051024238808566e+02 1.808003276215740982e+02
2.560615579376929531e+02 1.809246280949375034e+02
2.571156465418057451e+02 1.810626747244396313e+02
2.581672668204155912e+02 1.812144688025889252e+02
2.592162574306527176e+02 1.813800110777189900e+02
2.602624553666162228e+02 1.815593037889387062e+02
2.613056971978522824e+02 1.817523373515263074e+02
2.623458222991065441e+02 1.819590594531201759e+02
2.633826708796011076e+02 1.821794098880580748e+02
2.644160831788925634e+02 1.824133296395433206e+02
2.654458993091802199e+02 1.826607607762421992e+02
2.664719623340201338e+02 1.829216202699703331e+02
2.674941281969578313e+02 1.831957309015388944e+02
2.685122655684314168e+02 1.834828971095062968e+02
2.695262592099144854e+02 1.837829302989839562e+02
2.705359221813624231e+02 1.840956223388630804e+02
2.715411649054735221e+02 1.844207513709777970e+02
2.725419293791681525e+02 1.847579731555573517e+02
2.735380486056230893e+02 1.851068752427418360e+02
2.745295259340432494e+02 1.854670900351669900e+02
2.755162485946453330e+02 1.858382210084439521e+02
2.764981908168213636e+02 1.862198621522690303e+02
2.774753236341212528e+02 1.866114667654141783e+02
2.784476692116060690e+02 1.870124653432703212e+02
2.794152208521874172e+02 1.874222763326829124e+02
2.803780599480062392e+02 1.878403511904470804e+02
2.813361791879710836e+02 1.882660878092183907e+02
2.822897153389519076e+02 1.886988437540692303e+02
2.832387578834386090e+02 1.891379348010083561e+02
2.841834260536333545e+02 1.895826819099852685e+02
2.851238880882143008e+02 1.900324285845902921e+02
2.860602954910693825e+02 1.904865096192824865e+02
2.869928241395152781e+02 1.909442496880558622e+02
2.879216890091303185e+02 1.914049860872093518e+02
2.888471208874177591e+02 1.918680685358561107e+02
2.897693418669670109e+02 1.923328377746546494e+02
2.906885978318359776e+02 1.927987137702366454e+02
2.916050321314792200e+02 1.932654747587273221e+02
2.925187498889735593e+02 1.937330290448831249e+02
2.934298600800747181e+02 1.942012927207158270e+02
2.943384618750266100e+02 1.946701734107282675e+02
2.952446694025367151e+02 1.951396024628770078e+02
2.961485699682675659e+02 1.956095731854566679e+02
2.970502421982765213e+02 1.960801057455112755e+02
2.979497642560501163e+02 1.965512235803504097e+02
2.988472149224394343e+02 1.970229577199493463e+02
2.997426660436569250e+02 1.974953369369115705e+02
3.006361831887601284e+02 1.979684292438862485e+02
3.015278224750575191e+02 1.984423171387643094e+02
3.024176381661001756e+02 1.989170858730856821e+02
3.033056827676495573e+02 1.993928234349557442e+02
3.041920062948940995e+02 1.998696221848512380e+02
3.050766511460183210e+02 2.003475896840164978e+02
3.059596537267117355e+02 2.008268446927639275e+02
3.068410495837108556e+02 2.013075026043226501e+02
3.077208718302919124e+02 2.017896842247085090e+02
3.085991505460278859e+02 2.022735130560351422e+02
3.094759120341763037e+02 2.027591175399755343e+02
3.103511793755881172e+02 2.032466297402886823e+02
3.112249730326356030e+02 2.037361840350065734e+02
3.120973108259770470e+02 2.042279170866268601e+02
3.129682162359225686e+02 2.047219557154131735e+02
3.138377542669275613e+02 2.052183633000257714e+02
3.147059992871450618e+02 2.057171758103468449e+02
3.155730179049796789e+02 2.062184320083140392e+02
3.164388732638474266e+02 2.067221724398102083e+02
3.173036248162802622e+02 2.072284393608516666e+02
3.181673278012029300e+02 2.077372776015231750e+02
3.190300335200041673e+02 2.082487340974957135e+02
3.198917888702831647e+02 2.087628589383884616e+02
3.207526379334618696e+02 2.092797023481682288e+02
3.216126221562786327e+02 2.097993139333202919e+02
3.224717753552055228e+02 2.103217521354523853e+02
3.233301253187431143e+02 2.108470798599392992e+02
3.241876962707313510e+02 2.113753612158020303e+02
3.250445085471057496e+02 2.119066636694660417e+02
3.259005781489506148e+02 2.124410553859213735e+02
3.267559105590714239e+02 2.129786109272405952e+02
3.276105034876281366e+02 2.135194176472644187e+02
3.284643495199982226e+02 2.140635628376699628e+02
3.293174379581154199e+02 2.146111404331781500e+02
3.301697500420160054e+02 2.151622351720970983e+02
3.310212539720605491e+02 2.157169515715920909e+02
3.318719043516070428e+02 2.162754096206125212e+02
3.327216524535546682e+02 2.168377398602312383e+02
3.335704331974824299e+02 2.174040460105759394e+02
3.344181848857318187e+02 2.179744576707606711e+02
3.352647317142620409e+02 2.185492382410474193e+02
3.361097827727280674e+02 2.191287197383152545e+02
3.369530474995514169e+02 2.197132459392521753e+02
3.377942317254070872e+02 2.203031763276785853e+02
3.386329966023672000e+02 2.208988060364061141e+02
3.394690440791261494e+02 2.215004836485015289e+02
3.403020305511234938e+02 2.221084916827092286e+02
3.411316310932425040e+02 2.227231435602710121e+02
3.419574901906117930e+02 2.233447180294359100e+02
3.427792618322863518e+02 2.239735125033908503e+02
3.435965859226951125e+02 2.246097593477638554e+02
3.444091543402117850e+02 2.252537287524234557e+02
3.452165916359995776e+02 2.259055965122451539e+02
3.460185721766773668e+02 2.265656099125346259e+02
3.468147379536452490e+02 2.272339833940921778e+02
3.476047368821031682e+02 2.279108647332526516e+02
3.483882738860655763e+02 2.285964098548209620e+02
3.491650358233192151e+02 2.292907552471445456e+02
3.499347047001574538e+02 2.299940369977787782e+02
3.506969400020526564e+02 2.307063556429285143e+02
3.514514515003680799e+02 2.314278136063452962e+02
3.521979695517053983e+02 2.321584666951571307e+02
3.529362214240039179e+02 2.328983654933629168e+02
3.536659292586293191e+02 2.336475568415058603e+02
3.543868106620271305e+02 2.344060831097017683e+02
3.550986053793475890e+02 2.351739712987041457e+02
3.558010753377545257e+02 2.359512215889671154e+02
3.564939651161909069e+02 2.367378015819388963e+02
3.571770369576672692e+02 2.375337096648087822e+02
3.578500565428468576e+02 2.383389645721067893e+02
3.585127503828515501e+02 2.391534959608911493e+02
3.591648986137930137e+02 2.399772939273672421e+02
3.598062570959444315e+02 2.408103151931549348e+02
3.604365824953317770e+02 2.416525243278510402e+02
3.610556100466384351e+02 2.425038490076546793e+02
3.616630977006425383e+02 2.433642866062547228e+02
3.622587531789175159e+02 2.442337784947582975e+02
3.628422828893339442e+02 2.451122652462157703e+02
3.634134013297442038e+02 2.459997119154608640e+02
3.639718055366345766e+02 2.468960620156139214e+02
3.645171614166920335e+02 2.478012666769444081e+02
3.650490921945046807e+02 2.487152977490419232e+02
3.655672130972955642e+02 2.496381356866046985e+02
3.660710991668163956e+02 2.505696751366310480e+02
3.665603634518515719e+02 2.515099086797426367e+02
3.670345251827538959e+02 2.524587706112607748e+02
3.674930252509794286e+02 2.534162544376419248e+02
3.679352678157081868e+02 2.543822978609541110e+02
3.683606659915069486e+02 2.553568769683390940e+02
3.687686037318843546e+02 2.563399135044656418e+02
3.691585730097872329e+02 2.573312502621942031e+02
3.695302780216836140e+02 2.583306114855903388e+02
3.698834388546233072e+02 2.593376994099983790e+02
3.702177698973617339e+02 2.603522144911455030e+02
3.705329834075521376e+02 2.613738854989294964e+02
3.708287472066028272e+02 2.624023069590411978e+02
3.711047576950301732e+02 2.634371858867239098e+02
3.713606816935060237e+02 2.644781732624209667e+02
3.715961680552292705e+02 2.655248680976443438e+02
3.718108666513581966e+02 2.665768952642432623e+02
3.720044363068638518e+02 2.676338015876676195e+02
3.721766005071245331e+02 2.686951150752545914e+02
3.723270868154109507e+02 2.697604148435638649e+02
3.724555849239528698e+02 2.708290905373467581e+02
3.725618064795993973e+02 2.719006592751054541e+02
3.726454897739703256e+02 2.729745354953776655e+02
3.727064924741493996e+02 2.740500773312083993e+02
3.727446861776759306e+02 2.751266337316645831e+02
3.727599340358598852e+02 2.762035403966121976e+02
3.727520935442600489e+02 2.772800704337196862e+02
3.727210773542249740e+02 2.783554984105439871e+02
3.726669335968608721e+02 2.794290484600202831e+02
3.725897346260293261e+02 2.804999132675684450e+02
3.724895479671064322e+02 2.815673123742980692e+02
3.723664558923023264e+02 2.826303651899175975e+02
3.722205715237042227e+02 2.836882685972061040e+02
3.720521029506957689e+02 2.847401501771008725e+02
3.718612896539957546e+02 2.857851345272966910e+02
3.716483888433507445e+02 2.868223493383198957e+02
3.714136552759570122e+02 2.878509521689118742e+02
3.711573853957779079e+02 2.888700510772554821e+02
3.708798900548824236e+02 2.898788061617024141e+02
3.705815049779213268e+02 2.908763790323359331e+02
3.702625898376990108e+02 2.918619535333191379e+02
3.699235474119145124e+02 2.928347401594833741e+02
3.695647705989671294e+02 2.937939909644952081e+02
3.691865830131569624e+02 2.947389791728856494e+02
3.687893278178525520e+02 2.956690226415024654e+02
3.683733896137964052e+02 2.965834996225387954e+02
3.679391770697206425e+02 2.974818387366037769e+02
3.674871538760408498e+02 2.983635905918714570e+02
3.670178061218072116e+02 2.992283635488151958e+02
3.665316437747188729e+02 3.000758874774436435e+02
3.660292012083777990e+02 3.009060362338492496e+02
3.655110242490395080e+02 3.017187928715841281e+02
