3.648415094396972904e+02 3.024442210859984925e+02
3.643368489517406488e+02 3.032411904827229705e+02
3.638159160289309284e+02 3.040254167438957325e+02
3.632785891457203888e+02 3.047974180716923911e+02
3.627248703738089262e+02 3.055574975579942247e+02
3.621547908998196021e+02 3.063059267107302617e+02
3.615684158757024989e+02 3.070429281449688119e+02
3.609658333618080519e+02 3.077687129815399771e+02
3.603471707829842785e+02 3.084834521283976301e+02
3.597126067200010766e+02 3.091872252951066571e+02
3.590623069448973297e+02 3.098801701625180272e+02
3.583965165017576737e+02 3.105623192771873846e+02
3.577154959977704607e+02 3.112337221901281623e+02
3.570195351718704728e+02 3.118944108868682292e+02
3.563089525810993337e+02 3.125443797798056949e+02
3.555840696193620261e+02 3.131836284180047301e+02
3.548452393298103402e+02 3.138121023866925725e+02
3.540927869618220711e+02 3.144297583448466753e+02
3.533270731177362904e+02 3.150364914007611219e+02
3.525484374672444119e+02 3.156322270700632657e+02
3.517572537008285849e+02 3.162168381696113784e+02
3.509538719102376376e+02 3.167902147705559628e+02
3.501386466370950643e+02 3.173521981766435260e+02
3.493119228267743210e+02 3.179026209288998075e+02
3.484740504221487640e+02 3.184412942005943137e+02
3.476253723535415361e+02 3.189680420852446900e+02
3.467662385881604337e+02 3.194826554120876949e+02
3.458969830792426592e+02 3.199849168762482350e+02
3.450179393115042217e+02 3.204745882596631645e+02
3.441294408289850253e+02 3.209514327419126403e+02
3.432318182260558501e+02 3.214151988891392762e+02
3.423254014439128809e+02 3.218656326984325915e+02
3.414105160340130851e+02 3.223024731701206065e+02
3.404874915949674232e+02 3.227254596873972332e+02
3.395566520177483767e+02 3.231343238950612431e+02
3.386183258617035676e+02 3.235287955226794452e+02
3.376728314488731826e+02 3.239085978457546844e+02
3.367204989841431484e+02 3.242734718385742099e+02
3.357616479123640261e+02 3.246231597283637029e+02
3.347966153306587103e+02 3.249574049672904721e+02
3.338257190382538511e+02 3.252759454640509489e+02
3.328492795507132769e+02 3.255785156064398507e+02
3.318676214185662730e+02 3.258648693675498293e+02
3.308810874111100020e+02 3.261347759263365447e+02
3.298899735205084198e+02 3.263879917353878000e+02
3.288946347590035089e+02 3.266242779767395632e+02
3.278953755985367025e+02 3.268433913690712416e+02
3.268925212845647366e+02 3.270450926896302803e+02
3.258863976560979836e+02 3.272291462290685331e+02
3.248773305776080633e+02 3.273953147629036948e+02
3.238656462487293766e+02 3.275433595617041647e+02
3.228516750489754941e+02 3.276730759501713806e+02
3.218357611905115618e+02 3.277846213680750225e+02
3.208182982774521861e+02 3.278783825957042382e+02
3.197996004262173528e+02 3.279547399166262949e+02
3.187800200186587745e+02 3.280140820100550627e+02
3.177598445317817095e+02 3.280567902179395787e+02
3.167393587411747262e+02 3.280832237951951811e+02
3.157188368968463124e+02 3.280937306177058304e+02
3.146985340164354170e+02 3.280886578600328107e+02
3.136786810581762097e+02 3.280683471884519804e+02
3.126595095108187365e+02 3.280331409566007892e+02
3.116412318832373671e+02 3.279833769335709235e+02
3.106240468675912325e+02 3.279193882741545281e+02
3.096081290862451851e+02 3.278414982438792435e+02
3.085936751854916338e+02 3.277500397120748516e+02
3.075808353295178676e+02 3.276453342328709368e+02
3.065697744431768683e+02 3.275277155868888030e+02
3.055606238396036929e+02 3.273975114878494992e+02
3.045535346996709336e+02 3.272550600238496941e+02
3.035486210736280555e+02 3.271006881072071906e+02
3.025459949478891986e+02 3.269347174356119012e+02
3.015457720438777756e+02 3.267574895590106507e+02
3.005480432086089877e+02 3.265693494308884510e+02
2.995528944107640541e+02 3.263706392942319212e+02
2.985604034398116369e+02 3.261616987153457217e+02
2.975706393474482070e+02 3.259428650684961326e+02
2.965836613705004652e+02 3.257144840650083779e+02
2.955995188816154382e+02 3.254769083974275077e+02
2.946182519633752577e+02 3.252304854227749615e+02
2.936398942657660314e+02 3.249755619036713483e+02
2.926644697690121006e+02 3.247124837721017343e+02
2.916919927550249554e+02 3.244415957061128779e+02
2.907224708314847703e+02 3.241632376056224416e+02
2.897559020404536341e+02 3.238777539174312210e+02
2.887922752234574091e+02 3.235854854653691177e+02
2.878315789406012186e+02 3.232867580498711959e+02
2.868737795815843583e+02 3.229819065549413040e+02
2.859188568996737558e+02 3.226712417160470636e+02
2.849667618059988285e+02 3.223550827887247010e+02
2.840174616588144545e+02 3.220337339681281605e+02
2.830708883287909430e+02 3.217075065002096039e+02
2.821270032490425024e+02 3.213766862437133227e+02
2.811857266716467620e+02 3.210415524210935700e+02
2.802470005282430634e+02 3.207023767561938143e+02
2.793107558867792477e+02 3.203594232318190507e+02
2.783768969402416928e+02 3.200129568452893523e+02
2.774453493855823467e+02 3.196632258378322149e+02
2.765160364098175023e+02 3.193104556437597239e+02
2.755888462156559626e+02 3.189548707813594888e+02
2.746636914732970354e+02 3.185966930986376724e+02
2.737404716733090595e+02 3.182361341188372421e+02
2.728191229581453285e+02 3.178732834442673720e+02
2.718996043146262309e+02 3.175080759460639115e+02
2.709819069461655658e+02 3.171404370964840496e+02
2.700660158387279353e+02 3.167702877384833755e+02
2.691519185609730584e+02 3.163975469334158106e+02
2.682396105210037263e+02 3.160221347932163667e+02
2.673290719146005472e+02 3.156439734284242036e+02
2.664202950082618031e+02 3.152629864020977948e+02
2.655132764522479647e+02 3.148790950069060273e+02
2.646080126484438324e+02 3.144922179300990024e+02
2.637045006849640458e+02 3.141022761084948911e+02
2.628027372794790608e+02 3.137091948797603322e+02
2.619027209102511051e+02 3.133128983015306517e+02
2.610044522872339030e+02 3.129133086424413364e+02
2.601079392301962230e+02 3.125103464860245026e+02
2.592131734995242027e+02 3.121039324547399474e+02
2.583201616475377023e+02 3.116939965026668915e+02
2.574289064123134381e+02 3.112804651189135257e+02
2.565394121935834733e+02 3.108632629273723182e+02
2.556516850535044227e+02 3.104423127319641367e+02
2.547657311718953395e+02 3.100175386484202704e+02
2.538815554129391217e+02 3.095888686416106452e+02
2.529991637685504600e+02 3.091562293179655398e+02
2.521185628577672446e+02 3.087195452506337006e+02
2.512396720631685696e+02 3.082787321707403976e+02
2.503623189227916725e+02 3.078337305595977114e+02
2.494864536695870356e+02 3.073845555062393942e+02
2.486120457118734350e+02 3.069312293801290252e+02
2.477390609174198346e+02 3.064737713945143014e+02
2.468674661421883343e+02 3.060121999696330022e+02
2.459972332147406178e+02 3.055465333633275122e+02
2.451283326537355833e+02 3.050767877799373764e+02
2.442607359655641801e+02 3.046029777216572256e+02
2.433944157078513228e+02 3.041251158765097102e+02
2.425293454923371712e+02 3.036432131086020263e+02
2.416655008100500197e+02 3.031572772117262957e+02
2.408028602098778777e+02 3.026673112647558810e+02
2.399414037068189884e+02 3.021733161761003430e+02
2.390811175841305953e+02 3.016752910650776016e+02
2.382219766657626963e+02 3.011732308400164015e+02
2.373639687301492813e+02 3.006671302070044476e+02
2.365070865974924743e+02 3.001569732328039777e+02
2.356513249120792466e+02 2.996427408872166893e+02
2.347966798441528056e+02 2.991244125636576427e+02
2.339431520000055968e+02 2.986019653870121147e+02
2.330907427504591283e+02 2.980753696915180626e+02
2.322394622940680904e+02 2.975445849322858294e+02
2.313893294348389418e+02 2.970095678353733319e+02
2.305403633159520780e+02 2.964702725666215315e+02
2.296925906323826041e+02 2.959266478532729820e+02
2.288460598292219004e+02 2.953786095891421155e+02
2.280009304492731701e+02 2.948259567525822717e+02
2.271573882990904565e+02 2.942684638307451905e+02
2.263156233994154434e+02 2.937059125710646299e+02
2.254758321369260159e+02 2.931380914951236036e+02
2.246382228565903745e+02 2.925647778749633403e+02
2.238030191075661435e+02 2.919857573929205614e+02
2.229704511881550388e+02 2.914008098713530899e+02
2.221407578088677894e+02 2.908097142237594426e+02
2.213141880519793858e+02 2.902122705531276665e+02
2.204909885297911956e+02 2.896082567049268164e+02
2.196714227376336908e+02 2.889974912601429082e+02
2.188557444591582168e+02 2.883797645857446810e+02
2.180442286676157266e+02 2.877548963121884071e+02
2.172371499260032124e+02 2.871227032113070550e+02
2.164347784231337926e+02 2.864829871363961615e+02
2.156373983262528782e+02 2.858356169641053270e+02
2.148452701495469341e+02 2.851804301948166085e+02
2.140586698989953334e+02 2.845172751106105693e+02
2.132778836849577715e+02 2.838460100436707307e+02
2.125032001021407950e+02 2.831665108246617706e+02
2.117348784636961909e+02 2.824786644261793640e+02
2.109731818762322177e+02 2.817823733136428928e+02
2.102183790279879076e+02 2.810775434124537924e+02
2.094707442880598762e+02 2.803640842590625084e+02
2.087305519777177665e+02 2.796419138941454321e+02
2.079980539901726502e+02 2.789109766070822047e+02
2.072734984930644089e+02 2.781712254487840141e+02
2.065571316195824068e+02 2.774225984581472630e+02
2.058492312455209401e+02 2.766650873972105842e+02
2.051500473496771519e+02 2.758986460624453798e+02
2.044598083465355103e+02 2.751232261067234504e+02
2.037787864168225269e+02 2.743388765647726473e+02
2.031071965794740777e+02 2.735455373394513572e+02
2.024453191981669136e+02 2.727432580994081945e+02
2.017933798333069149e+02 2.719319833092678209e+02
2.011516570815907130e+02 2.711117734155624248e+02
2.005203920292282476e+02 2.702826287737268558e+02
1.998998423241726528e+02 2.694445655272382965e+02
1.992902751957120699e+02 2.685976082228876862e+02
1.986919652260559133e+02 2.677417850158818169e+02
1.981051984577817109e+02 2.668771257201514118e+02
1.975302700170022376e+02 2.660036640568224584e+02
1.969674826581732248e+02 2.651214392030650515e+02
1.964171341156587687e+02 2.642304566738162634e+02
1.958795744132054324e+02 2.633308226549310689e+02
1.953551339207853061e+02 2.624225193016131357e+02
1.948442100299849642e+02 2.615056363100877661e+02
1.943471689219111056e+02 2.605801716713550036e+02
1.938644259510026302e+02 2.596462198149442315e+02
1.933963590370837267e+02 2.587038624704510994e+02
1.929431298116130336e+02 2.577532987516253797e+02
1.925048044217226391e+02 2.567947857736594983e+02
1.920814486446207923e+02 2.558285538220536353e+02
1.916731589192087313e+02 2.548549127201329156e+02
1.912800010010842868e+02 2.538740525972632724e+02
1.909020981346159545e+02 2.528862620573484890e+02
1.905395576386591756e+02 2.518917213640569912e+02
1.901925298359907970e+02 2.508907191170646911e+02
1.898611509716396313e+02 2.498834758486692635e+02
1.895455723674776607e+02 2.488702159968383398e+02
1.892459522724260239e+02 2.478511857575498425e+02
1.889624582173341025e+02 2.468266705664233029e+02
1.886952483346342149e+02 2.457968267885881630e+02
1.884445338463206951e+02 2.447619988353809219e+02
1.882105030141785278e+02 2.437223870758700173e+02
1.879933536867848147e+02 2.426782617206064003e+02
1.877932834342202000e+02 2.416299010431017962e+02
1.876105038711357054e+02 2.405775314412891817e+02
1.874452557863972118e+02 2.395215068386889925e+02
1.872977784290347643e+02 2.384620321790005164e+02
1.871683214798992481e+02 2.373994341677008322e+02
1.870571307612508747e+02 2.363339947584247227e+02
1.869644745499583109e+02 2.352660395559992139e+02
1.868906392535621421e+02 2.341958743378542067e+02
1.868359352662342872e+02 2.331238049060109176e+02
1.868006802368698516e+02 2.320501510383177504e+02
1.867852000020949959e+02 2.309752672671082223e+02
1.867898381687634526e+02 2.298995187525128756e+02
1.868149638228302933e+02 2.288232512321641821e+02
1.868609706725684134e+02 2.277468367773654734e+02
1.869282702720835800e+02 2.266706530344612531e+02
1.870172845390732732e+02 2.255951199537199727e+02
1.871284481500531172e+02 2.245206740093640576e+02
1.872622286802294980e+02 2.234477150712950504e+02
1.874190899381020756e+02 2.223767438263291467e+02
1.875995256737504917e+02 2.213082146915961061e+02
1.878040309569956037e+02 2.202426477464321692e+02
1.880330945003821910e+02 2.191805853429841022e+02
1.882872304046705381e+02 2.181225293661752005e+02
1.885668783957951860e+02 2.170691441625774019e+02
1.888725231437038019e+02 2.160209806503868322e+02
1.892046137723385755e+02 2.149786846105371581e+02
1.895635510274338174e+02 2.139429205367545990e+02
1.899496767421493075e+02 2.129143663427375941e+02
1.903632659563709240e+02 2.118937078739707829e+02
1.908045583194734434e+02 2.108816513056498820e+02
1.912737050302144723e+02 2.098789586370111806e+02
1.917697597067674451e+02 2.088872719797052184e+02
1.922914098506306289e+02 2.079076975016576228e+02
1.928376981901534748e+02 2.069404030959887564e+02
1.934079949060703711e+02 2.059856916291442133e+02
1.940019741762991998e+02 2.050440881396991983e+02
1.946192510081981482e+02 2.041161148228854643e+02
1.952593621704065185e+02 2.032022864815232310e+02
1.959217848421606050e+02 2.023030985062729314e+02
1.966060110092284106e+02 2.014189998865198845e+02
1.973114107301568652e+02 2.005505067149466072e+02
1.980374170885206979e+02 1.996980426279370135e+02
1.987833916210377367e+02 1.988620621551499141e+02
1.995486751415464539e+02 1.980430024534657889e+02
2.003326049698412987e+02 1.972412506303864461e+02
2.011345117459123628e+02 1.964571518118116273e+02
2.019537082791329397e+02 1.956910542664044215e+02
2.027894991627050274e+02 1.949433019626059718e+02
2.036412758009472554e+02 1.942141930333922915e+02
2.045082633797090352e+02 1.935040405590553405e+02
2.053898831149511750e+02 1.928129724421907270e+02
2.062853460839471893e+02 1.921412238108292456e+02
2.071940397861657743e+02 1.914889444839981536e+02
2.081153644797193749e+02 1.908562980669332489e+02
2.090486032825733673e+02 1.902434202505801863e+02
2.099931743550338297e+02 1.896502849761055813e+02
2.109483770379596592e+02 1.890769169532125886e+02
2.119136420720533067e+02 1.885232989950505385e+02
2.128883845461704141e+02 1.879894335915822410e+02
2.138720862826294251e+02 1.874752490706346748e+02
2.148640587261405699e+02 1.869806287739374397e+02
2.158638397449473700e+02 1.865053865140528160e+02
2.168709022249913971e+02 1.860493758871732837e+02
2.178847383646529465e+02 1.856124534910165664e+02
2.189048544865472650e+02 1.851944397266024112e+02
2.199307642121642914e+02 1.847950932499390149e+02
2.209621253696010683e+02 1.844141518116638281e+02
2.219983754464707602e+02 1.840514092885567266e+02
2.230392035282210941e+02 1.837066115229200705e+02
2.240842182412165471e+02 1.833795246413154416e+02
2.251330440484806559e+02 1.830698956236756771e+02
2.261853256098951874e+02 1.827774727845664415e+02
2.272407546274759795e+02 1.825020065415500028e+02
2.282990418821469518e+02 1.822432565236157984e+02
2.293598420690178159e+02 1.820010047298023323e+02
2.304229083517557513e+02 1.817750444731529171e+02
2.314880014054243986e+02 1.815651823411252792e+02
2.325548572594231018e+02 1.813712355738465760e+02
2.336232292187885093e+02 1.811930250887102147e+02
2.346929008533822696e+02 1.810304051968197427e+02
2.357636418873984212e+02 1.808832996684687657e+02
2.368352475648324003e+02 1.807516433773196525e+02
2.379076056280054843e+02 1.806353790812688089e+02
2.389803635744869723e+02 1.805344608504907455e+02
2.400534912152270977e+02 1.804487878317197556e+02
2.411266567618030763e+02 1.803781606707759693e+02
2.421997211073158951e+02 1.803223582622940171e+02
2.432725017909486667e+02 1.802811690007353320e+02
2.443448166796732437e+02 1.802543854614925749e+02
2.454164923802370026e+02 1.802418330604060372e+02
2.464873638073127609e+02 1.802434159064547998e+02
2.475572693184947468e+02 1.802590534512857516e+02
2.486260497678757133e+02 1.802886685097571160e+02
2.496936024105353056e+02 1.803321940025576851e+02
2.507596865872973808e+02 1.803895696913800180e+02
2.518242021721128197e+02 1.804607826547261027e+02
2.528869979687064813e+02 1.805458306641356216e+02
2.539478983884769718e+02 1.806447109870150882e+02
2.550067339788146512e+02 1.807574212819311583e+02
2.560634287189645875e+02 1.808839771091324735e+02
2.571177131612591893e+02 1.810243749771989599e+02
2.581694836827390418e+02 1.811786283282412171e+02
2.592185759969948435e+02 1.813467500009890898e+02
2.602648237621820044e+02 1.815287542707092143e+02
2.613080598960681300e+02 1.817246426937004173e+02
2.623481200225024281e+02 1.819343712519707594e+02
2.633848403880430169e+02 1.821578873900083124e+02
2.644180570181617327e+02 1.823951396722179084e+02
2.654476055600676432e+02 1.826460776744218037e+02
2.664733245491121920e+02 1.829106242833024965e+02
2.674950659219853719e+02 1.831886025941527691e+02
2.685126944813369505e+02 1.834798160409401930e+02
2.695260910942091073e+02 1.837840749644865923e+02
2.705350649286951921e+02 1.841011701127652884e+02
2.715395228282095559e+02 1.844308765706965403e+02
2.725394044002336500e+02 1.847728394590890559e+02
2.735345411750571429e+02 1.851266338542967276e+02
2.745249348911947322e+02 1.854918796086128054e+02
2.755104719089647460e+02 1.858681677280033853e+02
2.764911258660693534e+02 1.862550782302953394e+02
2.774668691092764448e+02 1.866520441527510172e+02
2.784377257796934941e+02 1.870584740094375320e+02
2.794036921965295051e+02 1.874737644516356170e+02
2.803648524189173372e+02 1.878973450324823773e+02
2.813212039499114780e+02 1.883285918440492139e+02
2.822728877181083931e+02 1.887668387564310137e+02
2.832199992376599198e+02 1.892113777631068672e+02
2.841626643616181696e+02 1.896615061937039570e+02
2.851010577503350305e+02 1.901165438694763168e+02
2.860353386194429959e+02 1.905758030717104248e+02
2.869656901413857213e+02 1.910385902176924162e+02
2.878923340106109663e+02 1.915042256357565975e+02
2.888155080439589142e+02 1.919720421824593757e+02
2.897354432126948609e+02 1.924413643233522748e+02
2.906523930280190484e+02 1.929115976145518232e+02
2.915665051995256363e+02 1.933825175962074638e+02
2.924778879613475624e+02 1.938540340753179692e+02
2.933866530663313483e+02 1.943260645802570821e+02
2.942929037564521195e+02 1.947985186648400600e+02
2.951967565228370063e+02 1.952713296070068054e+02
2.960983003799529456e+02 1.957444958802422548e+02
2.969976150685021707e+02 1.962180439881205984e+02
2.978947796862915425e+02 1.966920036813414470e+02
2.987898732467848504e+02 1.971664120648938194e+02
2.996829691626355725e+02 1.976413046971593701e+02
3.005741324891693580e+02 1.981167565946239222e+02
3.014634189551943564e+02 1.985928577622316311e+02
3.023508822305416288e+02 1.990697009034440157e+02
3.032365740093702584e+02 1.995473813916638619e+02
3.041205433005716259e+02 2.000259988508335027e+02
3.050028314600492081e+02 2.005056676444958441e+02
3.058834732442405198e+02 2.009865128492827751e+02
3.067625037839382003e+02 2.014686567738767451e+02
3.076399542107131992e+02 2.019522264156312019e+02
3.085158528800171780e+02 2.024373514561763727e+02
3.093902246886538592e+02 2.029241655082581701e+02
3.102630913967484503e+02 2.034128052604296215e+02
3.111344720017743271e+02 2.039034096376148568e+02
3.120043827136096866e+02 2.043961197708952113e+02
3.128728477830536008e+02 2.048910681364698121e+02
3.137399443676936244e+02 2.053883289648632626e+02
3.146057514912588999e+02 2.058879444892052106e+02
3.154703344676619281e+02 2.063899564314987742e+02
3.163337555082961217e+02 2.068944085141864946e+02
3.171960730763031506e+02 2.074013460010475853e+02
3.180573420085140128e+02 2.079108155575094088e+02
3.189176135521348101e+02 2.084228652580059702e+02
3.197769341744897815e+02 2.089375460795229458e+02
3.206353480551671851e+02 2.094549094784091210e+02
3.214928969689300402e+02 2.099750063306667585e+02
3.223496149130160120e+02 2.104978946692362740e+02
3.232055307264856197e+02 2.110236365489385264e+02
3.240606697066148172e+02 2.115522952297251322e+02
3.249150529157333835e+02 2.120839370779490878e+02
3.257686976530838479e+02 2.126186294540902679e+02
3.266216120525804172e+02 2.131564456622976138e+02
3.274737957165045259e+02 2.136974702118496907e+02
3.283252437451535570e+02 2.142417879894190094e+02
3.291759472385350023e+02 2.147894899594098490e+02
3.300258912892538206e+02 2.153406593987141093e+02
3.308750476485363947e+02 2.158953975427903060e+02
3.317233748345602180e+02 2.164538201582244028e+02
3.325708272863170123e+02 2.170160528876901651e+02
3.334173467140421963e+02 2.175821976101515531e+02
3.342628753660266057e+02 2.181523793128568798e+02
3.351072445315060691e+02 2.187268525377793367e+02
3.359501767587748304e+02 2.193059403319399507e+02
3.367913930386854986e+02 2.198899757119800995e+02
3.376306095021730016e+02 2.204793062416800922e+02
3.384675031068690600e+02 2.210742205130206912e+02
3.393017830066115152e+02 2.216750576029322701e+02
3.401331158913116042e+02 2.222820979084116573e+02
3.409611837922564632e+02 2.228956497651150812e+02
3.417856406006977750e+02 2.235159892699197712e+02
3.426061477293670805e+02 2.241434095615906870e+02
3.434223522192409064e+02 2.247781444083109079e+02
3.442339462205239897e+02 2.254204641448327209e+02
3.450405598434406897e+02 2.260705505020095529e+02
3.458418680598556989e+02 2.267286516005334818e+02
3.466375152223527039e+02 2.273949847988282897e+02
3.474271504808166924e+02 2.280697047110202789e+02
3.482104749229193317e+02 2.287529738763864202e+02
3.489871721207885571e+02 2.294449362972282245e+02
3.497569204731514105e+02 2.301457352659851097e+02
3.505193768141096484e+02 2.308554798055739070e+02
3.512742453174315642e+02 2.315742799961643072e+02
3.520212496911998414e+02 2.323022009820926428e+02
3.527601102510924989e+02 2.330393025288867364e+02
3.534905419621895248e+02 2.337856404345945975e+02
3.542122550379936001e+02 2.345412657959522278e+02
3.549249815308627944e+02 2.353062137573346035e+02
3.556284756988563913e+02 2.360804924066805768e+02
3.563224750330726351e+02 2.368640780548707312e+02
3.570067334632338429e+02 2.376569762034475843e+02
3.576810077185170371e+02 2.384592117396820754e+02
3.583450183914453646e+02 2.392707222144441062e+02
3.589985391995004989e+02 2.400915016341784280e+02
3.596413203839284733e+02 2.409215115209996725e+02
3.602731126250270677e+02 2.417607207101324889e+02
3.608936457876245640e+02 2.426090619924362670e+02
3.615026728538698535e+02 2.434665342603910858e+02
3.620999005640766768e+02 2.443330804526254667e+02
3.626850344000615110e+02 2.452086423509162501e+02
3.632577873779998754e+02 2.460931853140029375e+02
3.638178554228305757e+02 2.469866536397629488e+02
3.643649058290761786e+02 2.478889977853841913e+02
3.648985670516923960e+02 2.488001866155360631e+02
3.654184598076577117e+02 2.497201972456573458e+02
3.659241658765953957e+02 2.506489232414556056e+02
3.664153036192574291e+02 2.515863534094227703e+02
3.668914027660140960e+02 2.525324184786081787e+02
3.673519211626939978e+02 2.534871046071659464e+02
3.677962814380600776e+02 2.544503436099295186e+02
3.682239147918263029e+02 2.554221050201685443e+02
3.686342240591986297e+02 2.564023057331385758e+02
3.690267215358335875e+02 2.573907841086688677e+02
3.694011341107212161e+02 2.583872600876757701e+02
3.697572051624160849e+02 2.593914326731896836e+02
3.700946726544143530e+02 2.604030001097086711e+02
3.704132724348703505e+02 2.614216894091415497e+02
3.707126963351225299e+02 2.624470978704103459e+02
3.709926618463312593e+02 2.634789346093705831e+02
3.712528572959800499e+02 2.645168552185776889e+02
3.714929535168409416e+02 2.655604655749530139e+02
3.717126221710241794e+02 2.666093980982728340e+02
3.719115405164062054e+02 2.676632111031593126e+02
3.720894420213047624e+02 2.687214477649450828e+02
3.722460626236051553e+02 2.697837027394599545e+02
3.723811010938992467e+02 2.708493857169333978e+02
3.724942770235977036e+02 2.719180325661417328e+02
3.725853303052776369e+02 2.729890808327535865e+02
3.726541047197520697e+02 2.740619164895209110e+02
3.727004549568154630e+02 2.751359170787159769e+02
3.727242263404990013e+02 2.762104472785003964e+02
3.727252576074613444e+02 2.772848100404567617e+02
3.727034352372436388e+02 2.783583107875742257e+02
3.726587639604966284e+02 2.794302068918663622e+02
3.725912686923155661e+02 2.804997234359466916e+02
3.725009679187668326e+02 2.815661108568854161e+02
3.723878931856488066e+02 2.826285174853424564e+02
3.722521026157845654e+02 2.836861676516029434e+02
3.720937402475994418e+02 2.847382140494249825e+02
3.719129784501162135e+02 2.857838028063864044e+02
3.717100055807510444e+02 2.868220790214489284e+02
3.714850058802739454e+02 2.878522145943236978e+02
3.712382054902030859e+02 2.888733243933322115e+02
3.709698489278636089e+02 2.898845722129061642e+02
3.706802054699409155e+02 2.908851172396774700e+02
3.703695674873602002e+02 2.918741350694229482e+02
3.700382702506386181e+02 2.928508193563657187e+02
3.696866443421201893e+02 2.938144009712444813e+02
3.693149694928478652e+02 2.947641267342845595e+02
3.689235496904137790e+02 2.956992820692774444e+02
3.685127319156906651e+02 2.966192063703891222e+02
3.680828886035788514e+02 2.975232857559054764e+02
3.676344520399148337e+02 2.984110146662846432e+02
3.671678789433235011e+02 2.992819449840582706e+02
3.666836555055111830e+02 3.001357401621338568e+02
3.661822990760924768e+02 3.009721986421034217e+02
3.656643442018126393e+02 3.017912245574482881e+02
