3.651078702413634574e+02 3.025813046632918599e+02
3.646061333560608091e+02 3.033916742277000935e+02
3.640867984105216237e+02 3.041891319803443707e+02
3.635498389642281154e+02 3.049740510883378874e+02
3.629953419317098451e+02 3.057466323634088212e+02
3.624234279263386611e+02 3.065070565644453495e+02
3.618342529330717525e+02 3.072554694470576919e+02
3.612279997551331121e+02 3.079920138975996906e+02
3.606048896283381282e+02 3.087168057718565137e+02
3.599651863784148418e+02 3.094298887409034933e+02
3.593091505857371999e+02 3.101313618344934184e+02
3.586371056750797379e+02 3.108212398403600218e+02
3.579493854782312496e+02 3.114995512982974333e+02
3.572463473425698908e+02 3.121663125934407503e+02
3.565283704462973446e+02 3.128215113982818707e+02
3.557958369104676422e+02 3.134651425060557699e+02
3.550491496891239080e+02 3.140971572465538202e+02
3.542886902862832130e+02 3.147175176641581515e+02
3.535148618186239560e+02 3.153261356519652736e+02
3.527280527191409192e+02 3.159229493789138132e+02
3.519286702544005152e+02 3.165078539986724309e+02
3.511171041947150115e+02 3.170807589528589574e+02
3.502937423108659232e+02 3.176415356334296121e+02
3.494589631967138530e+02 3.181900483286158874e+02
3.486131430853354800e+02 3.187261430928774075e+02
3.477566550121363207e+02 3.192496762317319394e+02
3.468898671573481920e+02 3.197604769630909800e+02
3.460131389052849613e+02 3.202583697172872235e+02
3.451268229893335615e+02 3.207431629020837249e+02
3.442312730213855048e+02 3.212146651157602264e+02
3.433268325891661448e+02 3.216726723266332328e+02
3.424138452209338652e+02 3.221169772997472478e+02
3.414926463203304934e+02 3.225473699162487264e+02
3.405635765030439757e+02 3.229636407116642545e+02
3.396269661578522800e+02 3.233655731960149637e+02
3.386831502083452961e+02 3.237529482064612125e+02
3.377324486234940650e+02 3.241255406043533185e+02
3.367751933932386237e+02 3.244831409255492076e+02
3.358117018035320029e+02 3.248255407306616576e+02
3.348423107868560464e+02 3.251525315831906937e+02
3.338673332631706785e+02 3.254639000013083319e+02
3.328870843632561787e+02 3.257594279388955556e+02
3.319018813852683820e+02 3.260389128366560385e+02
3.309120601982801873e+02 3.263021647431342558e+02
3.299179043416866648e+02 3.265489814300270268e+02
3.289197615804823158e+02 3.267791638629082627e+02
3.279179233534902664e+02 3.269925086809109871e+02
3.269127026553109090e+02 3.271888126632932199e+02
3.259044121605731448e+02 3.273678739738576269e+02
3.248933639723290980e+02 3.275294888401086268e+02
3.238798699520298214e+02 3.276734515886464578e+02
3.228642452975164474e+02 3.277995873806034410e+02
3.218468148548291765e+02 3.279080536346592680e+02
3.208279548900673035e+02 3.279992187715477598e+02
3.198079600477303757e+02 3.280734442967113864e+02
3.187871679036687738e+02 3.281310993965633429e+02
3.177658497512588269e+02 3.281725458564638416e+02
3.167442763573462230e+02 3.281981245048854703e+02
3.157227094042212343e+02 3.282081654746229447e+02
3.147013921038706599e+02 3.282029979578467760e+02
3.136805440047561433e+02 3.281829454086206397e+02
3.126603869050923095e+02 3.281483317471148666e+02
3.116411241693194825e+02 3.280994763197350608e+02
3.106229460960681763e+02 3.280366938254131242e+02
3.096060188646413849e+02 3.279602889178222540e+02
3.085905336605052867e+02 3.278705757604235487e+02
3.075766335150686928e+02 3.277678570052964915e+02
3.065644787806110116e+02 3.276524467028168601e+02
3.055541951146011570e+02 3.275246521049697890e+02
3.045459312845320028e+02 3.273847908819649888e+02
3.035397972727139972e+02 3.272331693780785145e+02
3.025359021080665229e+02 3.270700886386193247e+02
3.015343608990187931e+02 3.268958686608709172e+02
3.005352630523317998e+02 3.267108319170383766e+02
2.995386942056316002e+02 3.265152981872095665e+02
2.985447325838485426e+02 3.263095846114481446e+02
2.975534483465913240e+02 3.260940061631049502e+02
2.965649025377128396e+02 3.258688858876249128e+02
2.955791470339262901e+02 3.256345535951984402e+02
2.945962246756405420e+02 3.253913337737434972e+02
2.936161732696812692e+02 3.251395505023231749e+02
2.926390216315010093e+02 3.248795271860652747e+02
2.916647886990457437e+02 3.246115868292721984e+02
2.906934865507885206e+02 3.243360484624147944e+02
2.897251205792800306e+02 3.240532361951233611e+02
2.887596862437371215e+02 3.237634704505528589e+02
2.877971770230768129e+02 3.234670564164846951e+02
2.868375702036329926e+02 3.231643113957616720e+02
2.858808495538175407e+02 3.228555292309098377e+02
2.849269769186527697e+02 3.225410138026801405e+02
2.839759251222957346e+02 3.222210528711031543e+02
2.830276380449206499e+02 3.218959427939241209e+02
2.820820825218535219e+02 3.215659552053946300e+02
2.811391907167700879e+02 3.212313589948053050e+02
2.801989118576727265e+02 3.208924146906477404e+02
2.792611858668534524e+02 3.205493755178029573e+02
2.783259286445133966e+02 3.202024965963955765e+02
2.773930742309004245e+02 3.198520168799229850e+02
2.764625545379950040e+02 3.194981543443080909e+02
2.755342698775486951e+02 3.191411272189849910e+02
2.746081418095067761e+02 3.187811502765654268e+02
2.736840800158042839e+02 3.184184287364219017e+02
2.727620272553594987e+02 3.180530567758440839e+02
2.718419465956088743e+02 3.176849888661856198e+02
2.709238300329104732e+02 3.173141702435512457e+02
2.700076637516903020e+02 3.169405417491787489e+02
2.690934360354058867e+02 3.165640423602418423e+02
2.681811426099146729e+02 3.161846104168214424e+02
2.672707654746435537e+02 3.158021845197968105e+02
2.663622975619088038e+02 3.154167042439650572e+02
2.654557357099528190e+02 3.150281068127820845e+02
2.645510763381346919e+02 3.146363268541383036e+02
2.636483165971181393e+02 3.142413001569934181e+02
2.627474535874753201e+02 3.138429652635118714e+02
2.618484859350854208e+02 3.134412592710012291e+02
2.609514141951794386e+02 3.130361174525258434e+02
2.600562455182203507e+02 3.126274732526595699e+02
2.591629717562142332e+02 3.122152598402312265e+02
2.582715989285106275e+02 3.117994182889717649e+02
2.573821293311768272e+02 3.113798862087340922e+02
2.564945666793636292e+02 3.109565993166307862e+02
2.556089161065270901e+02 3.105294914763111933e+02
2.547251826968295347e+02 3.100984976661382007e+02
2.538433701232112014e+02 3.096635563830059255e+02
2.529634829643094918e+02 3.092246046960357262e+02
2.520855262059918118e+02 3.087815776091688917e+02
2.512094193444622192e+02 3.083344023212758316e+02
2.503349903498703384e+02 3.078830314352356368e+02
2.494621849753673075e+02 3.074274901960089323e+02
2.485909673259127715e+02 3.069678107350822529e+02
2.477212977962557545e+02 3.065040219102468200e+02
2.468531374839412251e+02 3.060361516021656598e+02
2.459864518339070401e+02 3.055642278466083894e+02
2.451212040646614696e+02 3.050882775909953466e+02
2.442573580081045179e+02 3.046083260191431918e+02
2.433948782692308441e+02 3.041243962888804049e+02
2.425337302357062867e+02 3.036365095234628484e+02
2.416738804526389970e+02 3.031446842524412091e+02
2.408152971541781540e+02 3.026489356746270687e+02
2.399579495635089472e+02 3.021492767821414418e+02
2.391018129416495128e+02 3.016457185649689450e+02
2.382468505589108361e+02 3.011382673740613427e+02
2.373930380210294402e+02 3.006269298749818972e+02
2.365403543708565053e+02 3.001117035067310326e+02
2.356887799005253612e+02 2.995925825343471729e+02
2.348382960688070966e+02 2.990695592986060660e+02
2.339888885553684190e+02 2.985426236258567201e+02
2.331405428656524634e+02 2.980117585210326183e+02
2.322932517728307289e+02 2.974769369772968162e+02
2.314470164508551875e+02 2.969381293687655443e+02
2.306018378723919113e+02 2.963953029685327465e+02
2.297577247076458491e+02 2.958484196199897269e+02
2.289147054946145374e+02 2.952974066291641861e+02
2.280729210048304481e+02 2.947420751228951872e+02
2.272325378327758756e+02 2.941822112308528858e+02
2.263937256359728565e+02 2.936176072028425210e+02
2.255566602181368978e+02 2.930480616933431293e+02
2.247215309255691693e+02 2.924733619477015054e+02
2.238885424898096517e+02 2.918932988692428125e+02
2.230579079988273179e+02 2.913076577737759294e+02
2.222298487446633999e+02 2.907162227075844498e+02
2.214045948141059625e+02 2.901187972130459798e+02
2.205823769399162586e+02 2.895151631727947574e+02
2.197634439820123760e+02 2.889051361885425990e+02
2.189480384651121483e+02 2.882885048987936329e+02
2.181364221809116657e+02 2.876650850794347321e+02
2.173288571899706199e+02 2.870346900838879947e+02
2.165256031272481039e+02 2.863971180198615230e+02
2.157269356265058207e+02 2.857522273198872540e+02
2.149331099283164974e+02 2.850998460678127344e+02
2.141443962869571180e+02 2.844398123924443098e+02
2.133610749193214247e+02 2.837719740629821104e+02
2.125834291100124460e+02 2.830961954546254447e+02
2.118117163095307376e+02 2.824123501082103758e+02
2.110461984706729766e+02 2.817203260611500468e+02
2.102871433273878097e+02 2.810200147646603455e+02
2.095348244886457678e+02 2.803113112264716733e+02
2.087895157008057652e+02 2.795941188984155588e+02
2.080514684474225930e+02 2.788683674236353909e+02
2.073209306711476074e+02 2.781339951415982341e+02
2.065981486088838324e+02 2.773909254845213468e+02
2.058833998918440784e+02 2.766391348311054230e+02
2.051769343338395686e+02 2.758785626138637213e+02
2.044789770295707285e+02 2.751091483336200554e+02
2.037897954107546354e+02 2.743309288048827739e+02
2.031096002388683814e+02 2.735438319871072963e+02
2.024386674048628834e+02 2.727478948998729607e+02
2.017772169651469767e+02 2.719430497767277757e+02
2.011255157111329765e+02 2.711293488474091191e+02
2.004837903859081507e+02 2.703067849405249490e+02
1.998522841002527173e+02 2.694753658386727579e+02
1.992312493906262034e+02 2.686351068925394543e+02
1.986209446008770385e+02 2.677860270187113656e+02
1.980216305388591138e+02 2.669281511686345425e+02
1.974335732647012378e+02 2.660615088921183542e+02
1.968570460252889234e+02 2.651861336190492580e+02
1.962923160237745890e+02 2.643020223963624176e+02
1.957397019779271830e+02 2.634092747099224994e+02
1.951994878038835850e+02 2.625078677619833343e+02
1.946720200823928622e+02 2.615978898786457876e+02
1.941576114697130038e+02 2.606793312153785678e+02
1.936566247689827378e+02 2.597522783995945588e+02
1.931693882871358028e+02 2.588167983837083739e+02
1.926960475486156668e+02 2.578730553405115415e+02
1.922366688281974518e+02 2.569212620462389509e+02
1.917913179782326552e+02 2.559616013192672028e+02
1.913600943920394286e+02 2.549943387429030679e+02
1.909430649525583021e+02 2.540196106357979318e+02
1.905403653628218876e+02 2.530376538135257931e+02
1.901521168299900069e+02 2.520485857479158938e+02
1.897784883024868066e+02 2.510526390114497133e+02
1.894196336254001380e+02 2.500499708195798121e+02
1.890757244800867340e+02 2.490407398488140700e+02
1.887469539563537353e+02 2.480251217642340009e+02
1.884335345407596947e+02 2.470033319379550676e+02
1.881356665208427046e+02 2.459754402783005105e+02
1.878536131074416744e+02 2.449417257497587741e+02
1.875876125987931005e+02 2.439023032740137182e+02
1.873379328905473358e+02 2.428573599650870563e+02
1.871048537862345711e+02 2.418070888289589391e+02
1.868886707711519932e+02 2.407516221626285358e+02
1.866897177867812729e+02 2.396912411270414509e+02
1.865083261898333546e+02 2.386260512990652103e+02
1.863448596714640360e+02 2.375562985844433399e+02
1.861996891560491179e+02 2.364821747356280923e+02
1.860732153515668585e+02 2.354039264935013023e+02
1.859658620203894088e+02 2.343217791628497366e+02
1.858780835903016282e+02 2.332359604092200129e+02
1.858103559284161577e+02 2.321467168973560717e+02
1.857631758804300830e+02 2.310543433648184077e+02
1.857370650690194793e+02 2.299591551335112172e+02
1.857325770765201582e+02 2.288614496521513217e+02
1.857502977745198223e+02 2.277615665127765112e+02
1.857908398597139126e+02 2.266598616724000692e+02
1.858548344241559107e+02 2.255567590055647997e+02
1.859429305426438361e+02 2.244527187659234642e+02
1.860558159870269606e+02 2.233481650084619616e+02
1.861941761045921169e+02 2.222436778647866618e+02
1.863587285022648530e+02 2.211397912591116324e+02
1.865501887163488561e+02 2.200371512051742684e+02
1.867692613132762460e+02 2.189364585511965799e+02
1.870166748919674262e+02 2.178383783522913575e+02
1.872930589099425163e+02 2.167438388377564706e+02
1.875990834364627915e+02 2.156536286309047910e+02
1.879353540626403287e+02 2.145686996706041612e+02
1.883024012546215431e+02 2.134900606093822546e+02
1.887006646158571641e+02 2.124187698660884962e+02
1.891304796726215045e+02 2.113559271534659274e+02
1.895920997257681222e+02 2.103026793452926881e+02
1.900856290649024629e+02 2.092602698496518201e+02
1.906097574007430637e+02 2.082313072900409452e+02
1.911627824680010121e+02 2.072176851704008413e+02
1.917435079531594795e+02 2.062199517184401145e+02
1.923509585323590443e+02 2.052386853780330114e+02
1.929843655070448278e+02 2.042745701367323363e+02
1.936429112607445404e+02 2.033282241549151479e+02
1.943257169323906055e+02 2.024002066098256591e+02
1.950318676050188174e+02 2.014910062082389857e+02
1.957604891458966279e+02 2.006009923511860791e+02
1.965105745245011803e+02 1.997305726213384958e+02
1.972812376031656072e+02 1.988799984364202373e+02
1.980715397909240778e+02 1.980495365992890413e+02
1.988805544613883569e+02 1.972394107061943771e+02
1.997073845780316219e+02 1.964497645699142936e+02
2.005511543639307774e+02 1.956806767099875515e+02
2.014109941295102146e+02 1.949322198450706480e+02
2.022860509133401195e+02 1.942044543246082071e+02
2.031755964960896961e+02 1.934973797098904527e+02
2.040787433845933094e+02 1.928110337630351125e+02
2.049948629333684380e+02 1.921452617422442586e+02
2.059230992864294478e+02 1.915000393796030664e+02
2.068628103584729843e+02 1.908752450375583010e+02
2.078133772572305986e+02 1.902707761789007748e+02
2.087740764572187118e+02 1.896865355610363224e+02
2.097443616321459672e+02 1.891222948194820219e+02
2.107235594943674926e+02 1.885778920624509851e+02
2.117111427896670364e+02 1.880531241340664224e+02
2.127065687077845553e+02 1.875478152044628928e+02
2.137093789723803070e+02 1.870617437563043381e+02
2.147189503763756875e+02 1.865946923208980763e+02
2.157348994274634038e+02 1.861463779685118993e+02
2.167567695135512054e+02 1.857165657565682011e+02
2.177841217757235199e+02 1.853050290207048363e+02
2.188165357997319234e+02 1.849115270782783682e+02
2.198536051396397397e+02 1.845357918141125708e+02
2.208950684319077595e+02 1.841775405143308717e+02
2.219404312727910735e+02 1.838365533446075233e+02
2.229894550547934955e+02 1.835125639902610146e+02
2.240418156537031393e+02 1.832053393662730798e+02
2.250972046975287526e+02 1.829146459397484819e+02
2.261553301117464798e+02 1.826402561565869007e+02
2.272159431337258866e+02 1.823819471770383984e+02
2.282788098645344519e+02 1.821395078783203019e+02
2.293436357552849074e+02 1.819127534644504465e+02
2.304102227301077050e+02 1.817015153124988274e+02
2.314783763190262960e+02 1.815056402880198050e+02
2.325478735094478111e+02 1.813249875603459316e+02
2.336185053286400262e+02 1.811594213530142952e+02
2.346900897181459413e+02 1.810088387645924684e+02
2.357624272236750755e+02 1.808732036693104988e+02
2.368353412447398796e+02 1.807524914948268133e+02
2.379087449648940549e+02 1.806466864143625060e+02
2.389823090516007653e+02 1.805557846419381463e+02
2.400560237294515105e+02 1.804797293615566218e+02
2.411295761998849798e+02 1.804183685753685609e+02
2.422028434957006482e+02 1.803715294883819809e+02
2.432756571516825943e+02 1.803390492236240448e+02
2.443478468883228913e+02 1.803207694269307240e+02
2.454192487749132283e+02 1.803165570444101888e+02
2.464897048558280233e+02 1.803263378742808243e+02
2.475590595297283869e+02 1.803500500625033567e+02
2.486271588041775544e+02 1.803876352604513613e+02
2.496939034796421879e+02 1.804390453385194348e+02
2.507590574754606507e+02 1.805042337543862345e+02
2.518225229504456877e+02 1.805831864704463499e+02
2.528841515379097586e+02 1.806758976174899374e+02
2.539437708480083415e+02 1.807823608941144755e+02
2.550012145415750240e+02 1.809025704546230884e+02
2.560564079928000751e+02 1.810365333934967111e+02
2.571090879127133917e+02 1.811842229059738258e+02
2.581591542628103753e+02 1.813456262090111295e+02
2.592064481781010272e+02 1.815207300624858533e+02
2.602508094224951378e+02 1.817095227757349107e+02
2.612920780282590840e+02 1.819119761235153305e+02
2.623300987452885806e+02 1.821280033130034042e+02
2.633647184073256540e+02 1.823575064753165691e+02
2.643957848860726472e+02 1.826003890870493080e+02
2.654231469249248221e+02 1.828565558830109694e+02
2.664466575984978931e+02 1.831258835585301483e+02
2.674661854453497654e+02 1.834081434071523802e+02
2.684816132594629607e+02 1.837030860206348848e+02
2.694928408360522667e+02 1.840104691813937166e+02
2.704997007634476631e+02 1.843300319180841598e+02
2.715021210414657276e+02 1.846614994341418878e+02
2.725000620988763558e+02 1.850044748939916417e+02
2.734933826302383295e+02 1.853584946663513904e+02
2.744821054996115777e+02 1.857231391248758143e+02
2.754661450182367730e+02 1.860979612530397276e+02
2.764454995841398386e+02 1.864825077992882143e+02
2.774201648449152913e+02 1.868762006914163578e+02
2.783901858466442150e+02 1.872784432241421371e+02
2.793555823767053425e+02 1.876886276758829126e+02
2.803164581279351069e+02 1.881061786876706208e+02
2.812728352375963823e+02 1.885304744229589744e+02
2.822248670218122584e+02 1.889608749418450770e+02
2.831726628226366529e+02 1.893967070547541596e+02
2.841163609031036117e+02 1.898373028941094560e+02
2.850561455806621893e+02 1.902820166700478808e+02
2.859921861541650969e+02 1.907301987292722458e+02
2.869246702861171343e+02 1.911812096301793247e+02
2.878538200394457363e+02 1.916344286438979907e+02
2.887798721814791065e+02 1.920892474119320923e+02
2.897030567813279731e+02 1.925450494901045886e+02
2.906236232367108414e+02 1.930012996513154349e+02
2.915417123724303679e+02 1.934578369295993809e+02
2.924574234513245869e+02 1.939146359314230779e+02
2.933708574753675862e+02 1.943716785925747672e+02
2.942821057174091948e+02 1.948289386450375673e+02
2.951912708207984792e+02 1.952864114778441262e+02
2.960984298280997109e+02 1.957441484436830592e+02
2.970036504035399503e+02 1.962022250842160531e+02
2.979069982495455520e+02 1.966607198034022304e+02
2.988085378237689156e+02 1.971197180219599545e+02
2.997083265942870298e+02 1.975793020022032067e+02
3.006064156417295408e+02 1.980395862399897737e+02
3.015028467657425040e+02 1.985006968493734973e+02
3.023976586827562301e+02 1.989627622527449660e+02
3.032908870986714192e+02 1.994259131391021356e+02
3.041825642065011834e+02 1.998902835399594551e+02
3.050727152124005102e+02 2.003560181181220798e+02
3.059613590962153467e+02 2.008232703756161470e+02
3.068485129054120080e+02 2.012921899407003252e+02
3.077341901131774762e+02 2.017629313012931505e+02
3.086184001625098858e+02 2.022356509343362063e+02
3.095011482975020840e+02 2.027105083321213783e+02
3.103824358159780559e+02 2.031876653355200233e+02
3.112622603348613666e+02 2.036672854652885860e+02
3.121406157540975528e+02 2.041495338615042101e+02
3.130174992416109490e+02 2.046345644643423327e+02
3.138929414478134845e+02 2.051224637442215908e+02
3.147669834826700708e+02 2.056132913268129130e+02
3.156396607742146330e+02 2.061071104553597308e+02
3.165110043227908250e+02 2.066039852661223790e+02
3.173810406809521396e+02 2.071039809647241441e+02
3.182497907799233872e+02 2.076071657350554460e+02
3.191172704800619613e+02 2.081136097652070873e+02
3.199834908034171121e+02 2.086233857681795598e+02
3.208484588348243847e+02 2.091365654859861536e+02
3.217121781620463707e+02 2.096532190830141076e+02
3.225746447207690153e+02 2.101734253090727975e+02
3.234358474306661719e+02 2.106972664073893782e+02
3.242957710332815395e+02 2.112248249742309554e+02
3.251543960907285964e+02 2.117561863267553974e+02
3.260116979416569620e+02 2.122914351292241406e+02
3.268676420240658445e+02 2.128306589060752856e+02
3.277221878344628294e+02 2.133739563891770956e+02
3.285752888785200980e+02 2.139214250721488497e+02
3.294268955629885909e+02 2.144731687553926349e+02
3.302769486288326561e+02 2.150292795848981484e+02
3.311253814051989366e+02 2.155898632180456218e+02
3.319721175347585813e+02 2.161550356489108538e+02
3.328170778746064116e+02 2.167249231729639973e+02
3.336601645802545590e+02 2.172996227524688209e+02
3.345012876597472200e+02 2.178792556377904077e+02
3.353402832087239744e+02 2.184640311446915177e+02
3.361769051525599821e+02 2.190541895392038896e+02
3.370109125414608116e+02 2.196499846122788426e+02
3.378420636594345297e+02 2.202516880013359639e+02
3.386700728632224013e+02 2.208595071330071278e+02
3.394947008254433740e+02 2.214737051542883535e+02
3.403156648600368612e+02 2.220944786839964422e+02
3.411327039488472224e+02 2.227220577451971053e+02
3.419455285221614531e+02 2.233566394416125149e+02
3.427538605149496789e+02 2.239984417784592949e+02
3.435574052385620121e+02 2.246476248223490302e+02
3.443559164080321580e+02 2.253043922007204856e+02
3.451490833225069537e+02 2.259688564807485704e+02
3.459366455297483753e+02 2.266412021457414312e+02
3.467183119385077248e+02 2.273215834653528873e+02
3.474937898681722572e+02 2.280100999286195815e+02
3.482628332840995995e+02 2.287068687954349002e+02
3.490251790418730025e+02 2.294119900191519434e+02
3.497805600477134931e+02 2.301255642835386368e+02
3.505286883721268509e+02 2.308476596131774556e+02
3.512693147655478469e+02 2.315783552497601931e+02
3.520021988500942598e+02 2.323176958962126264e+02
3.527270968561869040e+02 2.330657222610005590e+02
3.534437602599946331e+02 2.338224719820385076e+02
3.541519361148584721e+02 2.345879791236166341e+02
3.548513848040696530e+02 2.353622694903644401e+02
3.555418782142550640e+02 2.361453507558509557e+02
3.562231713033586971e+02 2.369372002116114686e+02
3.568950350855558895e+02 2.377378240594104852e+02
3.575572428697132636e+02 2.385472476818013661e+02
3.582095276760267666e+02 2.393654153545337238e+02
3.588516668031097083e+02 2.401923312725670030e+02
3.594834139236630222e+02 2.410279682237547547e+02
3.601045227221597997e+02 2.418723059065078758e+02
3.607147265713710453e+02 2.427252890223466011e+02
3.613137789670791449e+02 2.435869268130011847e+02
3.619013864285906834e+02 2.444571756230941162e+02
3.624772537459891737e+02 2.453359904605541999e+02
3.630410923090468600e+02 2.462233486079447857e+02
3.635925966371893878e+02 2.471192067034849629e+02
3.641314353997544231e+02 2.480235256531165930e+02
3.646572427767245017e+02 2.489362817806148769e+02
3.651696451982472809e+02 2.498574588471521452e+02
3.656682319840143123e+02 2.507869605502023660e+02
3.661526264297782518e+02 2.517247810250057398e+02
3.666223735714553982e+02 2.526708553977490510e+02
3.670769603734783573e+02 2.536251659402222742e+02
3.675158414458821312e+02 2.545876430318823509e+02
3.679384790128494842e+02 2.555582531477795101e+02
3.683443082316455843e+02 2.565369131052735270e+02
3.687328720280337961e+02 2.575234636378348227e+02
3.691039243568671964e+02 2.585176302844315614e+02
3.694572355972530886e+02 2.595191192148129744e+02
3.697925708347099203e+02 2.605276367580640340e+02
3.701096925296895961e+02 2.615429172816110395e+02
3.704083271831427737e+02 2.625645719706554928e+02
3.706882343314090349e+02 2.635923148998455190e+02
3.709491470515950482e+02 2.646258111378984950e+02
3.711907821762952722e+02 2.656646809074667885e+02
3.714128568533129169e+02 2.667085713275095600e+02
3.716150928310772770e+02 2.677570623180658345e+02
3.717972626814695332e+02 2.688097222205818753e+02
3.719591395954104200e+02 2.698661698824435007e+02
3.721004627857501532e+02 2.709258533859386375e+02
3.722209893290755645e+02 2.719883412423059781e+02
3.723204882856981612e+02 2.730531142527589168e+02
3.723988101205593466e+02 2.741196107581710066e+02
3.724558118325576856e+02 2.751872633219811064e+02
3.724913397998643063e+02 2.762554941462204283e+02
3.725052329168722167e+02 2.773236695188372209e+02
3.724973631855305030e+02 2.783911612842248928e+02
3.724676868089304094e+02 2.794573011035986383e+02
3.724161726128095893e+02 2.805213905392685660e+02
3.723427797902363636e+02 2.815827541664688169e+02
3.722474780719732621e+02 2.826406200229045567e+02
3.721302507685811634e+02 2.836942867520122604e+02
3.719911387400663898e+02 2.847429850031875276e+02
3.718302027279086701e+02 2.857859354573359383e+02
3.716475152084652791e+02 2.868223531710162888e+02
3.714431402327999763e+02 2.878514738541749693e+02
3.712171776174781712e+02 2.888724727378826742e+02
3.709697358267237064e+02 2.898845649635160839e+02
3.707009428498520265e+02 2.908869531730317703e+02
3.704109458037639797e+02 2.918788468148836728e+02
3.700999312580169658e+02 2.928594615717138367e+02
3.697680852244978951e+02 2.938280397495078660e+02
3.694155643241929283e+02 2.947838306369365569e+02
3.690425526459002867e+02 2.957261104934965488e+02
3.686492764926259156e+02 2.966541961955368265e+02
3.682359871534279705e+02 2.975674400306550638e+02
3.678029994719988736e+02 2.984652801489701801e+02
3.673506543936042021e+02 2.993472024427658766e+02
3.668793286520461265e+02 3.002127839736926944e+02
3.663894391658374730e+02 3.010617158077444628e+02
3.658814289109473066e+02 3.018937801033739561e+02
