3.645103193380418247e+02 3.022737728683363230e+02
3.640189359933012270e+02 3.030635317256794679e+02
3.635116519354181719e+02 3.038415263494015335e+02
3.629882470589282093e+02 3.046083525123810318e+02
3.624486461675871851e+02 3.053643400522660727e+02
3.618928052991481650e+02 3.061097768120312708e+02
3.613207191208987297e+02 3.068448903269528500e+02
3.607324068412416409e+02 3.075698913278032478e+02
3.601279327878398249e+02 3.082849412865485874e+02
3.595074236716091605e+02 3.089900976805767527e+02
3.588709886774273627e+02 3.096854819164619812e+02
3.582188313906530652e+02 3.103710956722372885e+02
3.575511718907519025e+02 3.110469582076976849e+02
3.568682647753999504e+02 3.117130684182192795e+02
3.561704006186496940e+02 3.123693843227946445e+02
3.554578747544018142e+02 3.130158705355643747e+02
3.547310216116736683e+02 3.136524326389331350e+02
3.539901409709818836e+02 3.142789832595566963e+02
3.532355760404568059e+02 3.148953668159979316e+02
3.524676477148887557e+02 3.155014620983345139e+02
3.516867199611105548e+02 3.160970922389349198e+02
3.508931311586695188e+02 3.166820996874807292e+02
3.500872249015322382e+02 3.172562687813900766e+02
3.492693355474260670e+02 3.178193733760741111e+02
3.484398066467342119e+02 3.183711661199971559e+02
3.475989755788439766e+02 3.189114143996727080e+02
3.467471911218602827e+02 3.194398514173075228e+02
3.458847845292016814e+02 3.199561991762506068e+02
3.450120888467928353e+02 3.204601573872020026e+02
3.441294390501514613e+02 3.209514281436949545e+02
3.432371693997161515e+02 3.214296996975627962e+02
3.423356152928271854e+02 3.218946590004487689e+02
3.414251099096465509e+02 3.223459893054744043e+02
3.405059924832547722e+02 3.227833760420795102e+02
3.395785974003816250e+02 3.232064979184596609e+02
3.386432653425871990e+02 3.236150324361510116e+02
3.377003271509723845e+02 3.240086527963782146e+02
3.367501292836157631e+02 3.243870585458805067e+02
3.357930076606653529e+02 3.247499554108759412e+02
3.348293180796886190e+02 3.250970507281574555e+02
3.338593953330872068e+02 3.254280475979870175e+02
3.328835777500476638e+02 3.257426472823627819e+02
3.319022095906719869e+02 3.260405801472965095e+02
3.309156557750486627e+02 3.263215966185310322e+02
3.299242290275037703e+02 3.265854361132561507e+02
3.289283074808412834e+02 3.268318422070964289e+02
3.279282126875917811e+02 3.270605561581432426e+02
3.269242895894819299e+02 3.272713280630071608e+02
3.259168835303751166e+02 3.274639146398354796e+02
3.249063392895049560e+02 3.276380716598295635e+02
3.238930014215155779e+02 3.277935538887336406e+02
3.228772182186703503e+02 3.279301514507338311e+02
3.218593497288769072e+02 3.280480260339111851e+02
3.208398106687271252e+02 3.281475737912637101e+02
3.198189279452638516e+02 3.282291854957022679e+02
3.187970733190875876e+02 3.282932600668833061e+02
3.177745468249616465e+02 3.283401892412886127e+02
3.167516467952411290e+02 3.283703356973250038e+02
3.157286612628279840e+02 3.283840463760921011e+02
3.147058581990555695e+02 3.283816677053137028e+02
3.136834798239341353e+02 3.283635408460654617e+02
3.126617707073030488e+02 3.283300075060901122e+02
3.116409553841219235e+02 3.282814013505746971e+02
3.106212442954868607e+02 3.282180490395835477e+02
3.096028216899818517e+02 3.281402674242681314e+02
3.085858994740358412e+02 3.280483832032291502e+02
3.075706370182180081e+02 3.279427118038287858e+02
3.065572130069509171e+02 3.278235807290934076e+02
3.055457681864497772e+02 3.276913110995857892e+02
3.045364691920046312e+02 3.275462348332289935e+02
3.035294401159117115e+02 3.273886725800592785e+02
3.025248042221342644e+02 3.272189401210448523e+02
3.015226917768752060e+02 3.270373761661814456e+02
3.005232045867049351e+02 3.268443249400530135e+02
2.995264404667608460e+02 3.266401282360253049e+02
2.985324892110427299e+02 3.264251253427880783e+02
2.975414318411412751e+02 3.261996537517600245e+02
2.965533390232482134e+02 3.259640638621505673e+02
2.955682709249530831e+02 3.257187171122355380e+02
2.945862775773334761e+02 3.254639697868049666e+02
2.936074035071678736e+02 3.252001778495030067e+02
2.926316832638322580e+02 3.249276967618455956e+02
2.916591398612974899e+02 3.246468849581286236e+02
2.906897879860429725e+02 3.243581001444721323e+02
2.897236350156262574e+02 3.240617052568142071e+02
2.887606770018720113e+02 3.237580594167164918e+02
2.878009072563851305e+02 3.234475064895919445e+02
2.868443014491371059e+02 3.231304027280584137e+02
2.858908414021869930e+02 3.228070814147466194e+02
2.849404848908473582e+02 3.224778855362915237e+02
2.839932012325721189e+02 3.221431421376652793e+02
2.830489277379046484e+02 3.218031861578691633e+02
2.821076271009378615e+02 3.214583256930864081e+02
2.811692239285402479e+02 3.211088622922284230e+02
2.802336617058128923e+02 3.207550894270291337e+02
2.793008733763579698e+02 3.203972930056982591e+02
2.783707650517599745e+02 3.200357599741761874e+02
2.774432640392049620e+02 3.196707570391857871e+02
2.765182963422824969e+02 3.193025242387330991e+02
2.755957527216824587e+02 3.189313004713395685e+02
2.746755481608501555e+02 3.185573220030018433e+02
2.737575842595329618e+02 3.181808150787592808e+02
2.728417962815320266e+02 3.178018935027436100e+02
2.719281369605006375e+02 3.174205283672408200e+02
2.710165909356796305e+02 3.170366822942161207e+02
2.701071354406943783e+02 3.166503129867926987e+02
2.691997493916479698e+02 3.162613760944953469e+02
2.682944199141180093e+02 3.158698257717412048e+02
2.673911183482383649e+02 3.154756140844332890e+02
2.664898280691517698e+02 3.150786942870039979e+02
2.655905362678877282e+02 3.146790172152244054e+02
2.646932289549698680e+02 3.142765307846307223e+02
2.637978924364531963e+02 3.138711839988570773e+02
2.629045124921656793e+02 3.134629285982578040e+02
2.620130760116029478e+02 3.130517146695243014e+02
2.611235714371248378e+02 3.126374902543786902e+02
2.602359941761046116e+02 3.122202016851852022e+02
2.593503207398229051e+02 3.117997947359455679e+02
2.584665431959404600e+02 3.113762259036591900e+02
2.575846483228635293e+02 3.109494476611883442e+02
2.567046237602173733e+02 3.105194102285773852e+02
2.558264579912303702e+02 3.100860616120832560e+02
2.549501379651546813e+02 3.096493523524233638e+02
2.540756468885889205e+02 3.092092393643771402e+02
2.532029679320087610e+02 3.087656779549797079e+02
2.523320837423200658e+02 3.083186207212541490e+02
2.514628739233743602e+02 3.078680027656226343e+02
2.505951087287213284e+02 3.074137766415886404e+02
2.497287013189716163e+02 3.069559857785254167e+02
2.488635864644868150e+02 3.064946825983344638e+02
2.479996936355543937e+02 3.060299150436228501e+02
2.471369524888737317e+02 3.055617294624117335e+02
2.462752961378210728e+02 3.050901744034306944e+02
2.454146515578926255e+02 3.046153009307341790e+02
2.445549452347877946e+02 3.041371581505980544e+02
2.436961036955622149e+02 3.036557923370328922e+02
2.428380535305827550e+02 3.031712469196332904e+02
2.419807207485160347e+02 3.026835634693100587e+02
2.411240298441710763e+02 3.021927830029008533e+02
2.402679051084526236e+02 3.016989438925072591e+02
2.394122773351690512e+02 3.012020824353339208e+02
2.385570608670505806e+02 3.007022267638135986e+02
2.377021845632462487e+02 3.001994067650459215e+02
2.368475787889819344e+02 2.996936423068046338e+02
2.359931740684329498e+02 2.991849489795457657e+02
2.351389012909297662e+02 2.986733393612629470e+02
2.342846956609910478e+02 2.981588230866450431e+02
2.334304910696616844e+02 2.976413990436383870e+02
2.325762309870208924e+02 2.971210501833601825e+02
2.317218694987086280e+02 2.965977567574383329e+02
2.308673589205084511e+02 2.960714941049278650e+02
2.300126607664208791e+02 2.955422327677535463e+02
2.291577700045727397e+02 2.950098785301749444e+02
2.283028626853640901e+02 2.944741527163122896e+02
2.274481540361593943e+02 2.939347385293111756e+02
2.265938624858540322e+02 2.933913248452228117e+02
2.257402160118817278e+02 2.928436093362051906e+02
2.248874657594420228e+02 2.922912777043685537e+02
2.240358912433613625e+02 2.917340015184861386e+02
2.231857894399365136e+02 2.911714485478855750e+02
2.223374682043399844e+02 2.906032874648996653e+02
2.214912454956256624e+02 2.900292073590185851e+02
2.206474464575971126e+02 2.894488795901527851e+02
2.198064186615500546e+02 2.888620056089411037e+02
2.189685091055288240e+02 2.882682636684254476e+02
2.181340859281262112e+02 2.876673609634441959e+02
2.173035209692333751e+02 2.870590057152523400e+02
2.164771833372772676e+02 2.864428959238815082e+02
2.156554509175918781e+02 2.858188038687280823e+02
2.148386801204931942e+02 2.851864758810155536e+02
2.140272447126731095e+02 2.845456710387404655e+02
2.132215309789851858e+02 2.838961610948367706e+02
2.124219259280704364e+02 2.832377422131054914e+02
2.116287696194354737e+02 2.825702408565334736e+02
2.108424023128952456e+02 2.818935057575677661e+02
2.100631714090623632e+02 2.812073910880927770e+02
2.092914315399664815e+02 2.805117566666481252e+02
2.085275337153122166e+02 2.798064770607263085e+02
2.077717832075409490e+02 2.790914748051769152e+02
2.070244748433943300e+02 2.783666882621820378e+02
2.062859009545296090e+02 2.776320404929496135e+02
2.055563893799506729e+02 2.768875134717670790e+02
2.048362337910065776e+02 2.761330516183724626e+02
2.041256844510003816e+02 2.753686117902943238e+02
2.034250345433422638e+02 2.745942618405171061e+02
2.027345121659901110e+02 2.738099501092681294e+02
2.020544182500900376e+02 2.730157454745969972e+02
2.013849890482333649e+02 2.722116022042089867e+02
2.007265099328032534e+02 2.713976094144983335e+02
2.000792193712660492e+02 2.705737916654938431e+02
1.994433729727892342e+02 2.697401904901590797e+02
1.988192358728406930e+02 2.688968561185436101e+02
1.982070801638786008e+02 2.680438421470154253e+02
1.976071890728629512e+02 2.671812035593736709e+02
1.970198545588624484e+02 2.663089990076455251e+02
1.964453758454118031e+02 2.654272923828550006e+02
1.958840442020259616e+02 2.645361091980238939e+02
1.953362111952673104e+02 2.636355857840580370e+02
1.948022126768493081e+02 2.627257133537056006e+02
1.942824639730841909e+02 2.618066009081795755e+02
1.937773425799186953e+02 2.608782539656112363e+02
1.932872810921481914e+02 2.599407858336421668e+02
1.928126712098323310e+02 2.589942933644888399e+02
1.923536810556457226e+02 2.580389945821617061e+02
1.919103803020645387e+02 2.570751683442734361e+02
1.914828367601220691e+02 2.561030639730361145e+02
1.910711536026436193e+02 2.551230210482597158e+02
1.906753981306328285e+02 2.541352440260235426e+02
1.902957164540414112e+02 2.531400438396310903e+02
1.899322408504870054e+02 2.521376076301708338e+02
1.895851530777094069e+02 2.511282469315342780e+02
1.892546173914433325e+02 2.501121979852991615e+02
1.889408139346651012e+02 2.490897034953363516e+02
1.886439320814164944e+02 2.480610321329677959e+02
1.883641729478486866e+02 2.470264988232316909e+02
1.881017227348929737e+02 2.459862748299480018e+02
1.878568293523371722e+02 2.449407475377365415e+02
1.876297104390272921e+02 2.438901436979824950e+02
1.874205863906858269e+02 2.428347743271885406e+02
1.872296713729332964e+02 2.417749633214537255e+02
1.870571913225840603e+02 2.407109786061610350e+02
1.869034049497529111e+02 2.396432355488237249e+02
1.867685623310968310e+02 2.385719838067210787e+02
1.866529100807165378e+02 2.374976168735495321e+02
1.865566773556094233e+02 2.364204813177302356e+02
1.864801148475220884e+02 2.353409749688834722e+02
1.864234887699753358e+02 2.342594750600311500e+02
1.863870857265573591e+02 2.331763610034240344e+02
1.863711799533912767e+02 2.320920313228642158e+02
1.863760390654271646e+02 2.310069248860638425e+02
1.864019445611932326e+02 2.299214917407792882e+02
1.864491993114784520e+02 2.288361593968923842e+02
1.865181259416878561e+02 2.277513835815432230e+02
1.866090480321111045e+02 2.266676244159786791e+02
1.867222852485535327e+02 2.255853849531860078e+02
1.868581644262054056e+02 2.245051810330157593e+02
1.870170401353090597e+02 2.234274827451679073e+02
1.871992568676487281e+02 2.223528627188598250e+02
1.874051782786305296e+02 2.212818343482710759e+02
1.876351590788572139e+02 2.202149707502773310e+02
1.878895424763034896e+02 2.191528562918320233e+02
1.881686933429797932e+02 2.180960193664739108e+02
1.884728972328491352e+02 2.170451434520538214e+02
1.888024825172071530e+02 2.160007758731657077e+02
1.891577395660432046e+02 2.149635437228956505e+02
1.895389115054830711e+02 2.139340728547729213e+02
1.899461859467639613e+02 2.129129812273674247e+02
1.903796895962570375e+02 2.119008723898383835e+02
1.908395220941492028e+02 2.108983471707875594e+02
1.913257062843422034e+02 2.099060382125575188e+02
1.918371980045524197e+02 2.089254073712025104e+02
1.923726177700594349e+02 2.079573458325983779e+02
1.929309577700091154e+02 2.070018083164933671e+02
1.935115964172555039e+02 2.060589066843728006e+02
1.941142711432725889e+02 2.051290073629482720e+02
1.947386710227099229e+02 2.042124848777235400e+02
1.953844142406887840e+02 2.033097167391879907e+02
1.960510649374297429e+02 2.024210728136302748e+02
1.967382113558718402e+02 2.015468982702493577e+02
1.974453332136479560e+02 2.006876229059224102e+02
1.981719684271789390e+02 1.998436019074227090e+02
1.989175830356014671e+02 1.990152316057260862e+02
1.996816192226060025e+02 1.982029028570317450e+02
2.004635168411567179e+02 1.974069760652152468e+02
2.012627105562287966e+02 1.966277902358186509e+02
2.020786119560265206e+02 1.958656972335057276e+02
2.029106181638789508e+02 1.951210530781315242e+02
2.037582033390651475e+02 1.943941778777538616e+02
2.046206772517859065e+02 1.936854141346795473e+02
2.054975338803566274e+02 1.929949367348267515e+02
2.063880591494418013e+02 1.923230280915846606e+02
2.072917027042855977e+02 1.916698936200858157e+02
2.082079211850298748e+02 1.910357559141787078e+02
2.091360506123222365e+02 1.904208093964886643e+02
2.100755501260289009e+02 1.898250895267927945e+02
2.110257596175231072e+02 1.892486821664450929e+02
2.119861424319362300e+02 1.886916346366763264e+02
2.129561431466986789e+02 1.881540146541806280e+02
2.139352648276003777e+02 1.876358113960590970e+02
2.149228371713300021e+02 1.871369584730094289e+02
2.159184082253410111e+02 1.866573215422951080e+02
2.169214611314949650e+02 1.861968052793639856e+02
2.179314961275336771e+02 1.857553174127566820e+02
2.189480232157465878e+02 1.853327228005807399e+02
2.199705545536843090e+02 1.849288130103066408e+02
2.209987430834496251e+02 1.845433579024445407e+02
2.220320251509898242e+02 1.841761817819574389e+02
2.230700836713541548e+02 1.838270617633046982e+02
2.241125210811763111e+02 1.834957896678616578e+02
2.251589531424523045e+02 1.831821292033333179e+02
2.262090155246620782e+02 1.828858440543256449e+02
2.272623905300972069e+02 1.826066996626294099e+02
2.283187795635112991e+02 1.823444702405098212e+02
2.293778285491568170e+02 1.820989498675834284e+02
2.304392801972960285e+02 1.818699399457071877e+02
2.315028850109678729e+02 1.816572542867700690e+02
2.325683695243695865e+02 1.814607169289752733e+02
2.336354776636325710e+02 1.812801552907871212e+02
2.347039837032096727e+02 1.811154304658280694e+02
2.357736486929092337e+02 1.809664738820985121e+02
2.368442590999279673e+02 1.808332280083014894e+02
2.379156930965581296e+02 1.807156430503609670e+02
2.389875911400045538e+02 1.806136800295177522e+02
2.400599124346844917e+02 1.805272404427710455e+02
2.411323169652424099e+02 1.804561157133148583e+02
2.422046560724446351e+02 1.804000738620788695e+02
2.432767388961303539e+02 1.803588921560255471e+02
2.443483755880665740e+02 1.803323518588913714e+02
2.454193856923765225e+02 1.803202687836704285e+02
2.464895976933249244e+02 1.803225420855239918e+02
2.475588438471175152e+02 1.803390868944035503e+02
2.486269591815083686e+02 1.803698215902402353e+02
2.496938348114357780e+02 1.804146745564457319e+02
2.507592256523363687e+02 1.804735812650377511e+02
2.518230258925742646e+02 1.805465254167994829e+02
2.528850793497093719e+02 1.806335014860956960e+02
2.539452058933898115e+02 1.807345033709852657e+02
2.550032316350605015e+02 1.808495252911489501e+02
2.560590751094478605e+02 1.809785785044701925e+02
2.571124641288401449e+02 1.811216529809345559e+02
2.581632904846941301e+02 1.812787550493767412e+02
2.592113862753101330e+02 1.814498904116273934e+02
2.602565817793295651e+02 1.816350661592447295e+02
2.612987069051580988e+02 1.818342749273753896e+02
2.623375950647745185e+02 1.820474580899872876e+02
2.633730808494079838e+02 1.822745472943659877e+02
2.644049990946938351e+02 1.825154753069018341e+02
2.654331847155225432e+02 1.827701759124661862e+02
2.664574762220837556e+02 1.830385541482147573e+02
2.674777270275916976e+02 1.833204077239550429e+02
2.684938042228841937e+02 1.836155130105856301e+02
2.695055913819514899e+02 1.839236533184799782e+02
2.705129029896177144e+02 1.842445927370837353e+02
2.715156500935412964e+02 1.845780780524110867e+02
2.725137779220450511e+02 1.849237203230813122e+02
2.735071283895525767e+02 1.852810598850455790e+02
2.744957099370859055e+02 1.856496812607070979e+02
2.754794203613716945e+02 1.860291409986762972e+02
2.764582434380086511e+02 1.864189845607044731e+02
2.774321639233476731e+02 1.868186112630124853e+02
2.784012182084134679e+02 1.872273960349884021e+02
2.793654175962377053e+02 1.876447026105295777e+02
2.803248588984649246e+02 1.880699272294815501e+02
2.812795577981292467e+02 1.885024156264292969e+02
2.822296674767940203e+02 1.889414778475763228e+02
2.831752991729181872e+02 1.893863853409115450e+02
2.841165947344462097e+02 1.898364151250356429e+02
2.850537435754309854e+02 1.902908665326908135e+02
2.859869217881563941e+02 1.907490341595617167e+02
2.869163271547386103e+02 1.912102173506529539e+02
2.878421939538775405e+02 1.916737325969333767e+02
2.887647727058389364e+02 1.921389091118090278e+02
2.896843095814627986e+02 1.926050686543693757e+02
2.906010702499050922e+02 1.930716181610991953e+02
2.915152066232992638e+02 1.935383600320251105e+02
2.924268275764600276e+02 1.940052399480287022e+02
2.933360442640160954e+02 1.944722110927546908e+02
2.942429599818627253e+02 1.949392190853479860e+02
2.951476886418949448e+02 1.954062322024153957e+02
2.960503171200982138e+02 1.958732821094765768e+02
2.969509224399974414e+02 1.963404276169895866e+02
2.978495801473764573e+02 1.968077306149365882e+02
2.987463644679288564e+02 1.972752600066199022e+02
2.996413446079200753e+02 1.977430829294419823e+02
3.005345808148686046e+02 1.982113017827517183e+02
3.014261243273950299e+02 1.986800324466715892e+02
3.023160236582542666e+02 1.991493933236517080e+02
3.032043246602646036e+02 1.996195052964633021e+02
3.040910699856488577e+02 2.000904929119453755e+02
3.049762953142304696e+02 2.005624923214764408e+02
3.058600296270980152e+02 2.010356487829214984e+02
3.067423021968605781e+02 2.015101048207307315e+02
3.076231372646499835e+02 2.019860072321205280e+02
3.085025559652531797e+02 2.024635051930825398e+02
3.093805761520670785e+02 2.029427501820024986e+02
3.102572123950264995e+02 2.034238958335352834e+02
3.111324759999330354e+02 2.039070978012473461e+02
3.120063749748031796e+02 2.043925137180875424e+02
3.128789246929865158e+02 2.048802922360501668e+02
3.137501913425833777e+02 2.053705226496196019e+02
3.146202414485832151e+02 2.058632613443328694e+02
3.154891276255138450e+02 2.063585639728455874e+02
3.163568989596043366e+02 2.068564878300933572e+02
3.172236003468261174e+02 2.073570915067836893e+02
3.180892720448845239e+02 2.078604356574256258e+02
3.189539499422122049e+02 2.083665825718172755e+02
3.198176648571762826e+02 2.088755971407720438e+02
3.206804447472102879e+02 2.093875442282177914e+02
3.215423145953640756e+02 2.099024877449652422e+02
3.224032907254603515e+02 2.104204997823367194e+02
3.232633832206644229e+02 2.109416567082608935e+02
3.241225981994527956e+02 2.114660356596088775e+02
3.249809373262633585e+02 2.119937165607206850e+02
3.258383978408820667e+02 2.125247797470648266e+02
3.266949666696984309e+02 2.130593113065907858e+02
3.275506222107398457e+02 2.135974089335897474e+02
3.284053376803335027e+02 2.141391700084791978e+02
3.292590823666320148e+02 2.146846978518194931e+02
3.301118181007612407e+02 2.152340866348432655e+02
3.309634944879247200e+02 2.157874474776110105e+02
3.318140484132863435e+02 2.163449049590817310e+02
3.326634129453626656e+02 2.169065935085555452e+02
3.335115059729843097e+02 2.174726214920094947e+02
3.343582483222884889e+02 2.180431206336600667e+02
3.352034624637362867e+02 2.186183377998368371e+02
3.360468707284825882e+02 2.191985749370711005e+02
3.368881961579709809e+02 2.197841450830012775e+02
3.377271583812425320e+02 2.203753769255313273e+02
3.385634353519398587e+02 2.209725373350268853e+02
3.393967443717120318e+02 2.215759443976029957e+02
3.402267604473822757e+02 2.221858523962985714e+02
3.410531766109353384e+02 2.228025457269085621e+02
3.418756570978141553e+02 2.234262757178953223e+02
3.426938754123425497e+02 2.240573121552622808e+02
3.435074913368637795e+02 2.246958632239497433e+02
3.443162137208722697e+02 2.253421749423828544e+02
3.451196874420894574e+02 2.259964024580235673e+02
3.459176052274083304e+02 2.266587702878389337e+02
3.467096288423682608e+02 2.273294717913352088e+02
3.474954239866853527e+02 2.280086383113649902e+02
3.482747088787906478e+02 2.286964115304969596e+02
3.490471843454969303e+02 2.293929147341338250e+02
3.498125466081101536e+02 2.300982710534261457e+02
3.505704703868058232e+02 2.308125695248273814e+02
3.513206759388994556e+02 2.315359036517797051e+02
3.520629001131017617e+02 2.322683248027231286e+02
3.527968765376905935e+02 2.330098794584778830e+02
3.535223338240099906e+02 2.337606104888672860e+02
3.542389960562511533e+02 2.345205565080038070e+02
3.549466059230692281e+02 2.352897433080459564e+02
3.556449241255245965e+02 2.360681731366109659e+02
3.563336943895375271e+02 2.368558166980786268e+02
3.570126771131381247e+02 2.376526741593056045e+02
3.576816354850718653e+02 2.384587651991608936e+02
3.583402931958962654e+02 2.392740246075468349e+02
3.589884225822254393e+02 2.400984468116701009e+02
3.596257721066957629e+02 2.409319937921172254e+02
3.602520905795900035e+02 2.417746346458333164e+02
3.608671059606983249e+02 2.426263024282181675e+02
3.614705662036158174e+02 2.434869976096583173e+02
3.620621689678734469e+02 2.443566672307227918e+02
3.626416101381050794e+02 2.452352569445475012e+02
3.632085927799203091e+02 2.461227352754354740e+02
3.637628026893258379e+02 2.470190493062473820e+02
3.643038946717011299e+02 2.479241529908352675e+02
3.648314810422587584e+02 2.488380198651317130e+02
3.653451656582672058e+02 2.497606308534321613e+02
3.658445136745641548e+02 2.506918834586165872e+02
3.663291257084607082e+02 2.516317680978133637e+02
3.667985121076005157e+02 2.525802181108705611e+02
3.672521075644219195e+02 2.535372222929418058e+02
3.676893112405307420e+02 2.545027146935716758e+02
3.681095299833245917e+02 2.554766646747446828e+02
3.685121422855573883e+02 2.564589880704711504e+02
3.688966414393919990e+02 2.574495181391559413e+02
3.692627455113869814e+02 2.584479638455101167e+02
3.696101902148699878e+02 2.594540117892039461e+02
3.699387058306680274e+02 2.604673465680828599e+02
3.702480201932737032e+02 2.614876792105997083e+02
3.705378245135675570e+02 2.625145912736077207e+02
3.708078459003314151e+02 2.635477670394720917e+02
3.710577846852782500e+02 2.645868374336207580e+02
3.712873247732444497e+02 2.656313845040930346e+02
3.714961509617933189e+02 2.666810146182228891e+02
3.716839616645747810e+02 2.677352594030396631e+02
3.718505264391932883e+02 2.687936299492361627e+02
3.719956192114334499e+02 2.698556849460148328e+02
3.721189806131234832e+02 2.709208076917010430e+02
3.722203710158073022e+02 2.719885003156496168e+02
3.722995788516714697e+02 2.730581697291264049e+02
3.723565106287438766e+02 2.741291700604526795e+02
3.723910870702924854e+02 2.752008478991018592e+02
3.724032212061916880e+02 2.762725387835877768e+02
3.723928220100890485e+02 2.773435228779769091e+02
3.723598481376709515e+02 2.784130829256196193e+02
3.723043803121906876e+02 2.794804575132669697e+02
3.722265218409549448e+02 2.805448586996090512e+02
3.721263707793225990e+02 2.816055230189657550e+02
3.720040413778166339e+02 2.826616021070827287e+02
3.718596695997981669e+02 2.837123158236155405e+02
3.716934656212747541e+02 2.847568267558115167e+02
3.715056666430679684e+02 2.857942968726280810e+02
3.712965267099356197e+02 2.868238929817342751e+02
3.710662964753395272e+02 2.878448062563282974e+02
3.708152612532997523e+02 2.888561946166344114e+02
3.705437015430607062e+02 2.898572576461525614e+02
3.702519177666189876e+02 2.908471998324094443e+02
3.699402326541186881e+02 2.918252467475321055e+02
3.696090094767532150e+02 2.927906554990732957e+02
3.692585994248265138e+02 2.937427169528091895e+02
3.688892790564138409e+02 2.946807450852750776e+02
3.685013412019410453e+02 2.956040979758123513e+02
3.680951174803871595e+02 2.965121918232105145e+02
3.676709625711350213e+02 2.974044845312632219e+02
3.672292800840513110e+02 2.982805656200802673e+02
3.667704971365955089e+02 2.991400652797331077e+02
3.662950609837844809e+02 2.999827360139669850e+02
3.658034399904448719e+02 3.008084718059980105e+02
3.652961142376598787e+02 3.016172647002551344e+02
