3.648989799336012538e+02 3.024737984894448459e+02
3.644036533258461077e+02 3.032785226573122372e+02
3.638903945671451652e+02 3.040704299020881649e+02
3.633591873241051644e+02 3.048499021598386776e+02
3.628101416376343877e+02 3.056171258753531674e+02
3.622434011863431351e+02 3.063722696650023067e+02
3.616591457987477156e+02 3.071154682797915711e+02
3.610575800083389026e+02 3.078468584293829053e+02
3.604389467954347879e+02 3.085665514720178066e+02
3.598035355971820763e+02 3.092745843278876237e+02
3.591516239753732975e+02 3.099710604692110110e+02
3.584835591233469358e+02 3.106559940019919850e+02
3.577996955746210688e+02 3.113294199460867731e+02
3.571004104737102125e+02 3.119913639406747166e+02
3.563861033879221054e+02 3.126418236590552624e+02
3.556571726783298573e+02 3.132808083973661724e+02
3.549140407031566156e+02 3.139082827176159753e+02
3.541571014840645830e+02 3.145242289373863969e+02
3.533867758449955545e+02 3.151285765563116001e+02
3.526034613204407719e+02 3.157212877788516039e+02
3.518075803739276921e+02 3.163022783338815884e+02
3.509995299540129281e+02 3.168714834916102632e+02
3.501797072139971192e+02 3.174287983976952319e+02
3.493484963756554862e+02 3.179741131324194043e+02
3.485062807850035824e+02 3.185072989987392020e+02
3.476534338724201803e+02 3.190282410635646215e+02
3.467903298818632152e+02 3.195367940357582484e+02
3.459173260119878250e+02 3.200328079975441824e+02
3.450347746709799708e+02 3.205161146917359360e+02
3.441430251574288945e+02 3.209865477182192990e+02
3.432424195925635217e+02 3.214439268644423464e+02
3.423332965017480092e+02 3.218880693268848177e+02
3.414159862161754404e+02 3.223187842031433092e+02
3.404908203856394948e+02 3.227358803449479296e+02
3.395581221576291568e+02 3.231391588943833426e+02
3.386182169567457549e+02 3.235284189459789559e+02
3.376714174404365849e+02 3.239034523672432897e+02
3.367180447878133691e+02 3.242640637635581697e+02
3.357584071409845023e+02 3.246100564401938300e+02
3.347928284886722281e+02 3.249412345704225800e+02
3.338216121524931737e+02 3.252573963305691223e+02
3.328450625665852840e+02 3.255583355186889776e+02
3.318634860397301622e+02 3.258438613004677222e+02
3.308772053352030298e+02 3.261137956997520178e+02
3.298864959388475313e+02 3.263679473977688303e+02
3.288916905611045536e+02 3.266061294536156083e+02
3.278930709930667717e+02 3.268281500923573049e+02
3.268909388194114740e+02 3.270338232940572425e+02
3.258855952840648911e+02 3.272229672490812504e+02
3.248773405449252891e+02 3.273953981735360799e+02
3.238664740010566447e+02 3.275509303030070214e+02
3.228532975411171719e+02 3.276894052853508583e+02
3.218381200634256061e+02 3.278109620476902251e+02
3.208212988586512893e+02 3.279159297948986591e+02
3.198031138812391418e+02 3.280046300342196446e+02
3.187838872385781883e+02 3.280773919216430841e+02
3.177638779122801793e+02 3.281345370075096639e+02
3.167433451624193026e+02 3.281763670203168317e+02
3.157225404801760646e+02 3.282031736703299885e+02
3.147016983015236065e+02 3.282152476424301994e+02
3.136810305309240903e+02 3.282128738206931757e+02
3.126607525569854147e+02 3.281963372241153820e+02
3.116410625296954322e+02 3.281659145540963891e+02
3.106221467707349575e+02 3.281218752612319918e+02
3.096041680161540626e+02 3.280644787047071418e+02
3.085873170219147141e+02 3.279939938157804136e+02
3.075717356033208603e+02 3.279106776209363829e+02
3.065575861231720296e+02 3.278147925553666937e+02
3.055449956435656418e+02 3.277065896468873802e+02
3.045341192183711883e+02 3.275863305126635510e+02
3.035250713594301146e+02 3.274542654483076944e+02
3.025179674293210041e+02 3.273106392745136759e+02
3.015129335748879953e+02 3.271557105877885760e+02
3.005100695666213255e+02 3.269897359394765886e+02
2.995094737980400623e+02 3.268129693669649782e+02
2.985112391104980816e+02 3.266256625801095765e+02
2.975154519881776309e+02 3.264280653170543474e+02
2.965221917827603875e+02 3.262204332618481999e+02
2.955315307078587921e+02 3.260030270520289832e+02
2.945435327755653816e+02 3.257761022181634871e+02
2.935582604984460318e+02 3.255399145580731215e+02
2.925757693382249158e+02 3.252947198108792577e+02
2.915961047073296299e+02 3.250407753629164631e+02
2.906193048571005875e+02 3.247783365488039635e+02
2.896454088628746604e+02 3.245076653554116888e+02
2.886744442755175442e+02 3.242290201726003716e+02
2.877064323324158863e+02 3.239426438453951391e+02
2.867413938479425610e+02 3.236488000515449812e+02
2.857793380383012050e+02 3.233477315802985572e+02
2.848202706923092364e+02 3.230396955429816330e+02
2.838641941416408940e+02 3.227249303360712247e+02
2.829110994695890895e+02 3.224036873737303495e+02
2.819609828918241305e+02 3.220761963049927772e+02
2.810138233721384040e+02 3.217426957924050157e+02
2.800696046078202812e+02 3.214034141086072509e+02
2.791283053309757065e+02 3.210585736498702545e+02
2.781898880346303145e+02 3.207084013548171697e+02
2.772543241753876373e+02 3.203531109030744801e+02
2.763215839151655473e+02 3.199929014767270701e+02
2.753916148317576358e+02 3.196279759442716113e+02
2.744643773374350531e+02 3.192585319022176691e+02
2.735398233911857915e+02 3.188847602361945519e+02
2.726179221275392024e+02 3.185067907288656102e+02
2.716986465655375014e+02 3.181246806751141207e+02
2.707819882464208945e+02 3.177384803277358287e+02
2.698679325066000274e+02 3.173482359055283268e+02
2.689564641218417478e+02 3.169539912721754717e+02
2.680475732702875007e+02 3.165557843025689522e+02
2.671412389351935417e+02 3.161536471572550226e+02
2.662374469317545049e+02 3.157476113895363596e+02
2.653361844559318570e+02 3.153377056734472603e+02
2.644374364280127452e+02 3.149239556991878999e+02
2.635411877190144878e+02 3.145063839363355100e+02
2.626474233850007636e+02 3.140850091300986264e+02
2.617561281763605052e+02 3.136598475788567839e+02
2.608672867130541135e+02 3.132309132224152108e+02
2.599808878489636186e+02 3.127982174264446371e+02
2.590969053667503204e+02 3.123617686648840390e+02
2.582153258881386364e+02 3.119215779323291713e+02
2.573361310819313417e+02 3.114776519512453206e+02
2.564593021578023695e+02 3.110299949096731780e+02
2.555848198528718171e+02 3.105786084475157622e+02
2.547126633004278062e+02 3.101234938721228218e+02
2.538428089788494333e+02 3.096646539419160717e+02
2.529752324629383224e+02 3.092020890485335940e+02
2.521099078247663385e+02 3.087357966587332498e+02
2.512467192328032581e+02 3.082657641793932157e+02
2.503854505705108409e+02 3.077920009570024718e+02
2.495260013233962013e+02 3.073145902154810187e+02
2.486682880232517903e+02 3.068336213393729395e+02
2.478122216240320768e+02 3.063491790390419851e+02
2.469577121288904777e+02 3.058613457393373665e+02
2.461046711780531666e+02 3.053702053701971408e+02
2.452530032201725305e+02 3.048758446146135839e+02
2.444026111999669979e+02 3.043783476105535328e+02
2.435533971729112181e+02 3.038777949789848662e+02
2.427052623513919514e+02 3.033742638126417432e+02
2.418581054122026046e+02 3.028678302708497085e+02
2.410118200558166563e+02 3.023585730096308453e+02
2.401662984138481249e+02 3.018465677602968640e+02
2.393214377574385026e+02 3.013318870748457812e+02
2.384771190654777229e+02 3.008145952797123073e+02
2.376332340881024834e+02 3.002947593488194684e+02
2.367896707346102971e+02 2.997724417422261922e+02
2.359463152483528461e+02 2.992477006003614974e+02
2.351030530842168105e+02 2.987205899516464456e+02
2.342597728078871171e+02 2.981911597150700004e+02
2.334163587596112279e+02 2.976594506642116471e+02
2.325726979315128631e+02 2.971254935054648172e+02
2.317286854703932022e+02 2.965893159920943276e+02
2.308842134794958838e+02 2.960509395928430649e+02
2.300391821471814922e+02 2.955103796900403381e+02
2.291935350348199165e+02 2.949675710326343392e+02
2.283474326541064556e+02 2.944222208818616195e+02
2.275010821852223728e+02 2.938739904415947990e+02
2.266546941223382419e+02 2.933225462763101632e+02
2.258084890891304894e+02 2.927675638391506823e+02
2.249627134703468130e+02 2.922087065999003244e+02
2.241176442910988555e+02 2.916456190679600127e+02
2.232735785569879567e+02 2.910779425037601413e+02
2.224308249322463666e+02 2.905053194509916352e+02
2.215897014434707444e+02 2.899274118065674202e+02
2.207505379506960139e+02 2.893438646193024510e+02
2.199136905641016995e+02 2.887543445540646303e+02
2.190795198634037604e+02 2.881584969841521229e+02
2.182484062794190720e+02 2.875559946502255002e+02
2.174207356132157258e+02 2.869465126918004216e+02
2.165968942191913129e+02 2.863297167203841695e+02
2.157772801025282376e+02 2.857053395096450572e+02
2.149622747037766430e+02 2.850730903313726117e+02
2.141522770703619472e+02 2.844326912840163004e+02
2.133476993858137973e+02 2.837838776096483571e+02
2.125489554936880552e+02 2.831264092781868271e+02
2.117564151556929346e+02 2.824600773480857470e+02
2.109704492413978869e+02 2.817846954225393006e+02
2.101914367147470557e+02 2.811000835221138345e+02
2.094197647121455645e+02 2.804060683164873353e+02
2.086558171341766013e+02 2.797024926931230766e+02
2.078999304270435857e+02 2.789892506384416038e+02
2.071524306585814088e+02 2.782662536100506259e+02
2.064136426954653700e+02 2.775333993966503954e+02
2.056839261759278372e+02 2.767906437539230069e+02
2.049636080701856145e+02 2.760379083783918190e+02
2.042529691159162439e+02 2.752751319915554404e+02
2.035523299515168958e+02 2.745023630398185901e+02
2.028619497362848847e+02 2.737195354857389020e+02
2.021821583284688586e+02 2.729267010278257430e+02
2.015132237993962860e+02 2.721238018406264132e+02
2.008554591332760992e+02 2.713109139641483694e+02
2.002091317276094173e+02 2.704880527678841986e+02
1.995745262962662991e+02 2.696552511699783281e+02
1.989519374886503726e+02 2.688125517359729315e+02
1.983416676549064448e+02 2.679600014297044481e+02
1.977440322272949231e+02 2.670976489678897678e+02
1.971593564768026283e+02 2.662255477512724724e+02
1.965879734914788628e+02 2.653437578600061215e+02
1.960302096567604906e+02 2.644523037478567176e+02
1.954864515141821357e+02 2.635513185605840931e+02
1.949570805415485779e+02 2.626407916474914828e+02
1.944425597808256612e+02 2.617208269720011344e+02
1.939433171166704142e+02 2.607914308985517664e+02
1.934598346349450821e+02 2.598527171116668910e+02
1.929925506004586566e+02 2.589047891298629906e+02
1.925416464113412474e+02 2.579478909571835743e+02
1.921071889551161007e+02 2.569823361151683798e+02
1.916892431905180274e+02 2.560084105559573686e+02
1.912879073096455329e+02 2.550264878908265587e+02
1.909032451888378716e+02 2.540368129705656486e+02
1.905353941925073968e+02 2.530397343388827665e+02
1.901844781187374167e+02 2.520354835307341830e+02
1.898506671086437905e+02 2.510244119285991928e+02
1.895341144839173353e+02 2.500068004042587120e+02
1.892349874813637314e+02 2.489829378639934703e+02
1.889534517259155280e+02 2.479531427689751126e+02
1.886896772505863851e+02 2.469177798546773488e+02
1.884438207823542655e+02 2.458770802053643081e+02
1.882160945985656610e+02 2.448314780030941620e+02
1.880066814226638314e+02 2.437812590779736865e+02
1.878157504659614858e+02 2.427267930233147695e+02
1.876434547451094090e+02 2.416684638995376133e+02
1.874899577753206188e+02 2.406066045840635468e+02
1.873554500204734552e+02 2.395416820221698515e+02
1.872401134204383482e+02 2.384740128454662624e+02
1.871441099422630430e+02 2.374040463169114332e+02
1.870675751438153043e+02 2.363321897977592982e+02
1.870106614259486548e+02 2.352588939726553292e+02
1.869735335216343515e+02 2.341845886055282051e+02
1.869563724090021140e+02 2.331097028391757249e+02
1.869593387376162354e+02 2.320346803543331760e+02
1.869825792800329793e+02 2.309599956284674818e+02
1.870262505120757339e+02 2.298861267152524874e+02
1.870905264934363288e+02 2.288135263730410713e+02
1.871755969654523710e+02 2.277426642058949255e+02
1.872816521471043529e+02 2.266740057422117616e+02
1.874088774615003956e+02 2.256080425519479888e+02
1.875574630492068877e+02 2.245452656406729943e+02
1.877276240564067109e+02 2.234861182969919469e+02
1.879195659233931224e+02 2.224311119919827604e+02
1.881335179897106400e+02 2.213806977862075200e+02
1.883697079351292984e+02 2.203353585027835493e+02
1.886283559999568809e+02 2.192955683024825362e+02
1.889097062668789135e+02 2.182617418174190220e+02
1.892139395590561719e+02 2.172343892732318977e+02
1.895412850980639803e+02 2.162138999170706484e+02
1.898919539115406394e+02 2.152007030859768975e+02
1.902661270858805551e+02 2.141952050390879094e+02
1.906639504593190395e+02 2.131977835571430830e+02
1.910855320983474428e+02 2.122087834157321993e+02
1.915309782772530127e+02 2.112285306046063340e+02
1.920003518212020879e+02 2.102573588698924425e+02
1.924928298320966746e+02 2.092961577792453056e+02
1.930072677012907718e+02 2.083453536776327724e+02
1.935428071324163000e+02 2.074046703610401039e+02
1.940990458868025144e+02 2.064740564719083125e+02
1.946760044549175745e+02 2.055537913779014332e+02
1.952736473637480685e+02 2.046442022873528970e+02
1.958918560876877564e+02 2.037456520119901597e+02
1.965304422400039073e+02 2.028585276678851699e+02
1.971892285921697408e+02 2.019832388474206084e+02
1.978679362017581127e+02 2.011203038905795211e+02
1.985663091171295491e+02 2.002702044761783498e+02
1.992840048750438768e+02 1.994334746953377930e+02
2.000206354975273655e+02 1.986106595525033356e+02
2.007757930474145383e+02 1.978022962875048734e+02
2.015490500724465051e+02 1.970089211032401693e+02
2.023399388825619098e+02 1.962310900783656962e+02
2.031479595732500059e+02 1.954693691958935631e+02
2.039726658469808172e+02 1.947242968705070325e+02
2.048134369742622880e+02 1.939964213035986802e+02
2.056698008544845209e+02 1.932861231279161416e+02
2.065410808176284831e+02 1.925938796545353568e+02
2.074267435154133921e+02 1.919200962413117963e+02
2.083262546447753891e+02 1.912651922134916447e+02
2.092389445770131147e+02 1.906295324366097930e+02
2.101642393679390750e+02 1.900132915053068814e+02
2.111014472130782167e+02 1.894166850433576030e+02
2.120499935338862372e+02 1.888398879175238392e+02
2.130092841211091468e+02 1.882830904905733860e+02
2.139787710306738973e+02 1.877463783161912829e+02
2.149577221659649524e+02 1.872297401159370622e+02
2.159456211561756334e+02 1.867330905097481946e+02
2.169418908768010965e+02 1.862563782634609026e+02
2.179459733867781495e+02 1.857995513089973656e+02
2.189573179849280393e+02 1.853624968819163144e+02
2.199753715883840641e+02 1.849450011781163710e+02
2.209997251123782860e+02 1.845468230045923690e+02
2.220297572499292755e+02 1.841677724460017203e+02
2.230650967015045865e+02 1.838076097253208729e+02
2.241052943066259786e+02 1.834661028542369081e+02
2.251499158770086524e+02 1.831429813793234018e+02
2.261985506926939138e+02 1.828379719053809822e+02
2.272508384845156684e+02 1.825508009220981762e+02
2.283064416410690853e+02 1.822812020700457083e+02
2.293649701644526147e+02 1.820289297051190829e+02
2.304261352528621671e+02 1.817937484307871898e+02
2.314896587189139439e+02 1.815754347008160039e+02
2.325552406257221492e+02 1.813737743144712624e+02
2.336226009203033414e+02 1.811885556417989278e+02
2.346914931543742568e+02 1.810196056291360094e+02
2.357616607847604087e+02 1.808668332093317304e+02
2.368328745286804633e+02 1.807301594373793989e+02
2.379049992958862560e+02 1.806095125744254517e+02
2.389776603551877656e+02 1.805048316740974315e+02
2.400508073508048881e+02 1.804159971487310656e+02
2.411240880596698446e+02 1.803427832702614921e+02
2.421973450994864265e+02 1.802849410022437269e+02
2.432703790405762732e+02 1.802422304212661572e+02
2.443429921806832681e+02 1.802144154488973697e+02
2.454149972382057570e+02 1.802013007773514062e+02
2.464862168768616186e+02 1.802027906356200049e+02
2.475564775485445921e+02 1.802188077076676223e+02
2.486256083500638567e+02 1.802492778365543131e+02
2.496934951787992532e+02 1.802941367791659673e+02
2.507598854163922226e+02 1.803533304243296413e+02
2.518246675264708756e+02 1.804268614933904473e+02
2.528876782604847335e+02 1.805147448990812791e+02
2.539487294784032372e+02 1.806169948563045011e+02
2.550076388259498685e+02 1.807336257739137864e+02
2.560643172595869714e+02 1.808646696396932043e+02
2.571184813349116780e+02 1.810101387535536617e+02
2.581700135360864579e+02 1.811700620789508491e+02
2.592187350884925650e+02 1.813444677481949157e+02
2.602644647503003625e+02 1.815333851018855569e+02
2.613070205073462375e+02 1.817368260164829223e+02
2.623462241676993472e+02 1.819547415214352952e+02
2.633818986466179126e+02 1.821870707860539369e+02
2.644138668885342440e+02 1.824337539212116610e+02
2.654419516953609559e+02 1.826947318739760817e+02
2.664659800231532358e+02 1.829699103020783184e+02
2.674857967381794310e+02 1.832590641787823529e+02
2.685012618273708540e+02 1.835619417832685656e+02
2.695122526208931504e+02 1.838782983029875595e+02
2.705185775219223956e+02 1.842078695824866941e+02
2.715201442961464977e+02 1.845503663850297471e+02
2.725169010454379759e+02 1.849053323279613039e+02
2.735086953595616137e+02 1.852722325822253140e+02
2.744955440669417044e+02 1.856505768851345977e+02
2.754773551360494253e+02 1.860398472629552487e+02
2.764541257807956640e+02 1.864395095074152948e+02
2.774258615166422146e+02 1.868488595859799659e+02
2.783926237225232967e+02 1.872671630727350873e+02
2.793544522041614755e+02 1.876936751384926367e+02
2.803114745616157393e+02 1.881276840419021994e+02
2.812637419697423979e+02 1.885684281388471106e+02
2.822114452612894979e+02 1.890151079583202431e+02
2.831547378958172203e+02 1.894668858798436304e+02
2.840938071638522047e+02 1.899229309026730164e+02
2.850288902575338170e+02 1.903824352132041611e+02
2.859602144002622595e+02 1.908445908024813491e+02
2.868880271142975857e+02 1.913086120211027605e+02
2.878126128123025751e+02 1.917737366604143290e+02
2.887342746156743374e+02 1.922392163699327625e+02
2.896533152552855199e+02 1.927042969960679386e+02
2.905700530024335535e+02 1.931683275964648487e+02
2.914846623013415865e+02 1.936311521109567195e+02
2.923972619387311056e+02 1.940927931081723727e+02
2.933079708769698186e+02 1.945532805396318849e+02
2.942168991795830948e+02 1.950126369611425616e+02
2.951241642777666243e+02 1.954709078663186119e+02
2.960298531187389131e+02 1.959282071307879391e+02
2.969340399446317633e+02 1.963846774507080397e+02
2.978367953537264725e+02 1.968404642445548518e+02
2.987381863795454819e+02 1.972957195118320612e+02
2.996382733263670275e+02 1.977505926700133045e+02
3.005371064469624116e+02 1.982052644565025332e+02
3.014347256345806159e+02 1.986599272389266844e+02
3.023311660203841029e+02 1.991147753973683052e+02
3.032264580226426460e+02 1.995700052424990076e+02
3.041206269812990399e+02 2.000258157390946110e+02
3.050136906756563349e+02 2.004824136488570332e+02
3.059056591976354298e+02 2.009400128775805285e+02
3.067965401784012442e+02 2.013988235440899359e+02
3.076863349781624493e+02 2.018590596665705164e+02
3.085750397045935642e+02 2.023209367339825917e+02
3.094626454074095818e+02 2.027846712524923589e+02
3.103491379737087072e+02 2.032504807881115028e+02
3.112344980150136280e+02 2.037185840043456722e+02
3.121187008137202952e+02 2.041892005641104504e+02
3.130017236726914689e+02 2.046625385435399949e+02
3.138835758285979409e+02 2.051387385150684395e+02
3.147642712925952537e+02 2.056179114494978535e+02
3.156438155316221241e+02 2.061001702672786848e+02
3.165222080894138799e+02 2.065856278271601525e+02
3.173994424379314978e+02 2.070743971944040709e+02
3.182755039353989446e+02 2.075665949637395045e+02
3.191503707669571099e+02 2.080623395907041697e+02
3.200240149031608325e+02 2.085617510297617798e+02
3.208964027725754704e+02 2.090649470320500996e+02
3.217674956842730580e+02 2.095720426128786471e+02
3.226372455204898415e+02 2.100831615274254887e+02
3.235055951576159714e+02 2.105984304345565761e+02
3.243724819381438920e+02 2.111179751322048901e+02
3.252378379461349596e+02 2.116419230694430098e+02
3.261015885267469230e+02 2.121703995145215913e+02
3.269636480927571256e+02 2.127035300627569256e+02
3.278239252940373376e+02 2.132414502745448601e+02
3.286823213107956576e+02 2.137842929401026595e+02
3.295387337318657615e+02 2.143321963687016876e+02
3.303930481265836079e+02 2.148852844320201427e+02
3.312451460680035780e+02 2.154436895023384295e+02
3.320949015863365048e+02 2.160075500239136375e+02
3.329421859610454817e+02 2.165770141597593863e+02
3.337868480926509278e+02 2.171521971282980985e+02
3.346287488557642291e+02 2.177332368661018336e+02
3.354677123354260857e+02 2.183203163716776771e+02
3.363035094131223559e+02 2.189136128675826285e+02
3.371359206250545526e+02 2.195133187257680163e+02
3.379647285781645110e+02 2.201196462703297243e+02
3.387896696493243098e+02 2.207327407753585078e+02
3.396105351218113242e+02 2.213528064247057046e+02
3.404270727642589804e+02 2.219799764508157409e+02
3.412390561299565093e+02 2.226144208918476011e+02
3.420462302895814446e+02 2.232562765799171984e+02
3.428483545780264308e+02 2.239057037342250851e+02
3.436451707592690354e+02 2.245628053974891429e+02
3.444364715921031461e+02 2.252277325102300267e+02
3.452219840962529247e+02 2.259005434032555399e+02
3.460014892720027433e+02 2.265813719992599999e+02
3.467747376922825993e+02 2.272703224021992412e+02
3.475414749195215904e+02 2.279674486195029317e+02
3.483014905768523022e+02 2.286728284326054563e+02
3.490545576732789641e+02 2.293865231691103190e+02
3.498004462816194291e+02 2.301085959208470797e+02
3.505389063072917679e+02 2.308390782115756679e+02
3.512697214012716813e+02 2.315780191527603051e+02
3.519926778617627861e+02 2.323254397483457581e+02
3.527075588431757751e+02 2.330813580073776734e+02
3.534141433496301374e+02 2.338457895739184380e+02
3.541122063849666688e+02 2.346187473766621281e+02
3.548015308446222775e+02 2.354002412910549538e+02
3.554819042277104018e+02 2.361902690785754828e+02
3.561530972052592006e+02 2.369887991716853435e+02
3.568148964326870782e+02 2.377958288254499166e+02
3.574670906583551186e+02 2.386113744103334682e+02
3.581094251294032347e+02 2.394353760484562486e+02
3.587416826279936686e+02 2.402678367104704762e+02
3.593636223195865114e+02 2.411087288156031718e+02
3.599750032155012036e+02 2.419580314413065025e+02
3.605755645374587743e+02 2.428156895406173419e+02
3.611650623163629348e+02 2.436817121842990446e+02
3.617432035020591456e+02 2.445560589453578189e+02
3.623096929269368616e+02 2.454386879597557538e+02
3.628642413715701878e+02 2.463295785312646160e+02
3.634065429814019126e+02 2.472286895901173693e+02
3.639362664147813007e+02 2.481359838666565736e+02
3.644530463190214391e+02 2.490514386608056157e+02
3.649565092840895772e+02 2.499750378630413365e+02
3.654462463438364921e+02 2.509066879534061627e+02
3.659218802250002227e+02 2.518463814083339400e+02
3.663829607796827190e+02 2.527940523219724298e+02
3.668289856287817088e+02 2.537496772347773515e+02
3.672594217835716108e+02 2.547131824427886215e+02
3.676737428000186014e+02 2.556845279260043924e+02
3.680713961452306080e+02 2.566636256724564191e+02
3.684519361942744808e+02 2.576503123585562207e+02
3.688151265371531622e+02 2.586443106106675600e+02
3.691607471992756473e+02 2.596453239454448294e+02
3.694885729286645528e+02 2.606530556653503368e+02
3.697983752217022584e+02 2.616672349135298532e+02
3.700898976404708947e+02 2.626874728092377040e+02
3.703629240423560418e+02 2.637134727231675129e+02
3.706172145306677521e+02 2.647448917867694149e+02
3.708525143439204044e+02 2.657813454944061391e+02
3.710685685734342201e+02 2.668224743659417868e+02
3.712651298318130557e+02 2.678678557372043088e+02
3.714420042594814504e+02 2.689170543948179102e+02
3.715989979859641039e+02 2.699696814401857523e+02
3.717358877067096614e+02 2.710251919497131325e+02
3.718524651227112940e+02 2.720831513987942003e+02
3.719485332878397230e+02 2.731430454148862736e+02
3.720239707037923722e+02 2.742043210735478169e+02
3.720786616088830101e+02 2.752664204501082281e+02
3.721124799226715254e+02 2.763287764008575209e+02
3.721252932954914741e+02 2.773907722401880847e+02
3.721169961974435978e+02 2.784517966026210729e+02
3.720875526028424929e+02 2.795112030828881871e+02
3.720369369583813182e+02 2.805683187065410493e+02
3.719651132813656886e+02 2.816224892634372736e+02
3.718720573397931730e+02 2.826729779606925490e+02
3.717577505062769205e+02 2.837191067863536205e+02
3.716222148988931053e+02 2.847601399030566540e+02
3.714654888081527702e+02 2.857953320227360337e+02
3.712876214240727677e+02 2.868239320498367420e+02
3.710886527390860010e+02 2.878452018117091598e+02
3.708686537682141307e+02 2.888583570810399124e+02
3.706276914491351135e+02 2.898626411073162785e+02
3.703658490142184405e+02 2.908572864575501740e+02
3.700832279013722541e+02 2.918415296044897218e+02
3.697799673124354740e+02 2.928146164185300222e+02
3.694562055695249114e+02 2.937758097473903263e+02
3.691120501497733812e+02 2.947243801297256027e+02
3.687476346720942502e+02 2.956596231993049173e+02
3.683631339027058971e+02 2.965808715757435721e+02
3.679587484059471763e+02 2.974874831934442341e+02
3.675347380480445736e+02 2.983789107781836378e+02
3.670913921190426663e+02 2.992546364162526515e+02
3.666290341399545127e+02 3.001142336944884050e+02
3.661480267311770831e+02 3.009573875875148019e+02
3.656487612347150389e+02 3.017838628243063681e+02
