3.650713613579321759e+02 3.025625152306409404e+02
3.645661839230253349e+02 3.033693493540852160e+02
3.640433351381482225e+02 3.041628637532575681e+02
3.635028266151193179e+02 3.049434374898169722e+02
3.629447831980036767e+02 3.057112777540896786e+02
3.623693606658591762e+02 3.064665761424725474e+02
3.617767474490445920e+02 3.072094928229807351e+02
3.611671550566304632e+02 3.079401892653854134e+02
3.605408302300675700e+02 3.086588026639980171e+02
3.598980608273766961e+02 3.093653985217851528e+02
3.592391252184467589e+02 3.100601030042860202e+02
3.585643651046420928e+02 3.107429568935292536e+02
3.578741308029205470e+02 3.114140199474047108e+02
3.571687938088689975e+02 3.120733416646807541e+02
3.564487456386938220e+02 3.127209427787572622e+02
3.557143766867631030e+02 3.133568528808313545e+02
3.549660988157186239e+02 3.139810569407155754e+02
3.542042987876373559e+02 3.145935563160145421e+02
3.534293874474702193e+02 3.151943004557423933e+02
3.526417543299689896e+02 3.157832682177360653e+02
3.518418110147640050e+02 3.163603920814438766e+02
3.510299456013232202e+02 3.169256216138897457e+02
3.502065461266961393e+02 3.174788675102270759e+02
3.493719885431070225e+02 3.180200344845423501e+02
3.485266472481719688e+02 3.185490076290890897e+02
3.476708878271435310e+02 3.190656841630108147e+02
3.468050754731588654e+02 3.195699307376640377e+02
3.459295598987991980e+02 3.200616088870003182e+02
3.450446857574746673e+02 3.205405615745414138e+02
3.441507950859040648e+02 3.210066326900630429e+02
3.432482224862878866e+02 3.214596517606128145e+02
3.423372993725931224e+02 3.218994449149765842e+02
3.414183489115633847e+02 3.223258293071912703e+02
3.404916958964164451e+02 3.227386210994403655e+02
3.395576567501124146e+02 3.231376282611032025e+02
3.386165503983980898e+02 3.235226562419075549e+02
3.376686831996379965e+02 3.238935026548443830e+02
3.367143698805094232e+02 3.242499761361044648e+02
3.357539123925703848e+02 3.245918829941759327e+02
3.347876285706996100e+02 3.249190301220727406e+02
3.338158161262640533e+02 3.252312180362478671e+02
3.328387740811431286e+02 3.255282424037536657e+02
3.318568032772681704e+02 3.258099123135288551e+02
3.308702208162225702e+02 3.260760486813252896e+02
3.298792978714687365e+02 3.263264586544947292e+02
3.288843618075312065e+02 3.265609538036563890e+02
3.278856905550688907e+02 3.267793403072274145e+02
3.268835814660707797e+02 3.269814285067233754e+02
3.258783318026029292e+02 3.271670319662691213e+02
3.248702381173190474e+02 3.273359621223093541e+02
3.238595965666094685e+02 3.274880283028386998e+02
3.228467061780912672e+02 3.276230674749098171e+02
3.218318742467457128e+02 3.277412172746159627e+02
3.208154553202053876e+02 3.278428077937023772e+02
3.197977286519152926e+02 3.279281612242970709e+02
3.187790136915545531e+02 3.279976075189924245e+02
3.177595684728395327e+02 3.280514689504582861e+02
3.167396508552297973e+02 3.280900490761982837e+02
3.157195107076318550e+02 3.281136421203500504e+02
3.146993809781566824e+02 3.281225412482244224e+02
3.136794725235473038e+02 3.281170337819555698e+02
3.126599990193902840e+02 3.280974072517149125e+02
3.116411571371590981e+02 3.280639419522802882e+02
3.106231317276890422e+02 3.280169116824718571e+02
3.096060847479200788e+02 3.279565801513771817e+02
3.085902040990734463e+02 3.278832205851036861e+02
3.075756308442759632e+02 3.277970943756844804e+02
3.065625248199777388e+02 3.276984692141145388e+02
3.055510121154676995e+02 3.275876021415562604e+02
3.045412443235387627e+02 3.274647606666595152e+02
3.035333345622240131e+02 3.273302010436066212e+02
3.025273962687016933e+02 3.271841740424926002e+02
3.015235519966108200e+02 3.270269445718161023e+02
3.005218992205441850e+02 3.268587759722434498e+02
2.995225334882025550e+02 3.266799290126943447e+02
2.985255445544805184e+02 3.264906620793415186e+02
2.975310156556624293e+02 3.262912315306239748e+02
2.965390227431786911e+02 3.260818995377946408e+02
2.955496344795660661e+02 3.258629330991023494e+02
2.945629115267777252e+02 3.256345940936103034e+02
2.935789122237401330e+02 3.253971445209876379e+02
2.925976876824422561e+02 3.251508462152223160e+02
2.916192795053863165e+02 3.248959620323729496e+02
2.906437226393657625e+02 3.246327521915992520e+02
2.896710507783359958e+02 3.243614831548924826e+02
2.887012870949006924e+02 3.240824178901354458e+02
2.877344501691202368e+02 3.237958040597857803e+02
2.867705535022683989e+02 3.235019082128387709e+02
2.858096048209447417e+02 3.232009759984337052e+02
2.848516031371356689e+02 3.228932662421869395e+02
2.838965486537521201e+02 3.225790199587761435e+02
2.829444254574381716e+02 3.222584900461595225e+02
2.819952280617267206e+02 3.219319077291913800e+02
2.810489288233237630e+02 3.215995109061003632e+02
2.801055086070066977e+02 3.212615278438570954e+02
2.791649423377082258e+02 3.209181806625189779e+02
2.782271868251702358e+02 3.205696954519714836e+02
2.772922104951900337e+02 3.202162849512430967e+02
2.763599802993567209e+02 3.198581464434260511e+02
2.754304383772359301e+02 3.194954801498018355e+02
2.745035422369747948e+02 3.191284816669868292e+02
2.735792401807743204e+02 3.187573394632930217e+02
2.726574997293369051e+02 3.183821754428838062e+02
2.717382933315720948e+02 3.180030313058345541e+02
2.708216142506472579e+02 3.176199418236369070e+02
2.699074493196699791e+02 3.172329376144713819e+02
2.689957852114976049e+02 3.168420470368328097e+02
2.680866144760953489e+02 3.164472932663444453e+02
2.671799177573444695e+02 3.160486944510014951e+02
2.662756834175818312e+02 3.156462684778813355e+02
2.653739016240206752e+02 3.152400304766169370e+02
2.644745604921521362e+02 3.148299926567981402e+02
2.635776482116094712e+02 3.144161647037174134e+02
2.626831531260461361e+02 3.139985535950620488e+02
2.617910635580051917e+02 3.135771640440522106e+02
2.609013680243626254e+02 3.131519985193067441e+02
2.600140597377828158e+02 3.127230571036110405e+02
2.591291164630856656e+02 3.122903373379541563e+02
2.582465293011111385e+02 3.118538403838502404e+02
2.573662844689810640e+02 3.114135632452076266e+02
2.564883680126195031e+02 3.109695005216270829e+02
2.556127657948462684e+02 3.105216444046035349e+02
2.547394622657315608e+02 3.100699871026739629e+02
2.538684393202670151e+02 3.096145227965113804e+02
2.529996782087203258e+02 3.091552434926217074e+02
2.521331589448972181e+02 3.086921384263521873e+02
2.512687704688995041e+02 3.082251861525095364e+02
2.504063009462846310e+02 3.077543867798558495e+02
2.495456573862776395e+02 3.072798159110103029e+02
2.486867644341640187e+02 3.068015556894173983e+02
2.478295412843427243e+02 3.063196837351553654e+02
2.469739063913223447e+02 3.058342755827172823e+02
2.461197802559914294e+02 3.053454082378915473e+02
2.452670766998738543e+02 3.048531610763965887e+02
2.444157082927790725e+02 3.043576110709742579e+02
2.435655869179995250e+02 3.038588318961204209e+02
2.427166238141582255e+02 3.033568939174055004e+02
2.418687281223481591e+02 3.028518664209672124e+02
2.410218047900214344e+02 3.023438205608892417e+02
2.401757575023334823e+02 3.018328246970724535e+02
2.393304953428182387e+02 3.013189442955590494e+02
2.384859112119709152e+02 3.008022367834867055e+02
2.376419092869911367e+02 3.002827622940195056e+02
2.367983906107314738e+02 2.997605760126182872e+02
2.359552548692469998e+02 2.992357289864875725e+02
2.351124011930263009e+02 2.987082684521707847e+02
2.342697320821060316e+02 2.981782378658556922e+02
2.334271459231991059e+02 2.976456718988537773e+02
2.325845437604379811e+02 2.971105956830584773e+02
2.317418350482718665e+02 2.965730318133473133e+02
2.308989263700892991e+02 2.960329968933200462e+02
2.300557327277608408e+02 2.954905018814846471e+02
2.292122053480904924e+02 2.949454853744560410e+02
2.283684912498831920e+02 2.943976839225480262e+02
2.275247792279662065e+02 2.938467922482570884e+02
2.266812602518571111e+02 2.932925095967884772e+02
2.258381345419523143e+02 2.927345434556248165e+02
2.249956268426920190e+02 2.921725899729140679e+02
2.241539882128707291e+02 2.916063279961672947e+02
2.233134886656603157e+02 2.910354334034535668e+02
2.224744089811745198e+02 2.904595826004472769e+02
2.216370377189530245e+02 2.898784698947869742e+02
2.208016755917877560e+02 2.892917728537534003e+02
2.199686477110289502e+02 2.886991880380482485e+02
2.191382842823727799e+02 2.881003911253420142e+02
2.183109334239349835e+02 2.874950832072314597e+02
2.174869481921796819e+02 2.868829672767810166e+02
2.166666832435287233e+02 2.862637355325332464e+02
2.158505071014122336e+02 2.856371402969500082e+02
2.150387737984803493e+02 2.850029101368225497e+02
2.142318539686832821e+02 2.843607852700832268e+02
2.134301305671193347e+02 2.837105180376458975e+02
2.126339890898450449e+02 2.830518830072292644e+02
2.118437782808254042e+02 2.823846792679356099e+02
2.110598494387025426e+02 2.817087258890715020e+02
2.102825616594499252e+02 2.810238478170349481e+02
2.095122819142212620e+02 2.803298760874413347e+02
2.087493749914268619e+02 2.796266562778903335e+02
2.079941644845762880e+02 2.789140792999860992e+02
2.072469654947716720e+02 2.781920516414008944e+02
2.065080922310193614e+02 2.774604662609051502e+02
2.057778924827973412e+02 2.767192722758836680e+02
2.050566828823903620e+02 2.759683854005125454e+02
2.043447366361679371e+02 2.752077365254200458e+02
2.036423659883794244e+02 2.744373630219392339e+02
2.029498238726521606e+02 2.736571903944191035e+02
2.022674319923871735e+02 2.728672588674315307e+02
2.015954515873776529e+02 2.720675017377612903e+02
2.009341840812798523e+02 2.712579854093690983e+02
2.002838852069770610e+02 2.704387173459592191e+02
1.996448276708941307e+02 2.696097216263087830e+02
1.990172939481334993e+02 2.687710312470917984e+02
1.984015727858092930e+02 2.679226837777655419e+02
1.977979573692590805e+02 2.670647230007398321e+02
1.972067470720431857e+02 2.661971982864659481e+02
1.966282487091079361e+02 2.653201644054150279e+02
1.960627621908028289e+02 2.644336394213614199e+02
1.955106444406023911e+02 2.635377491622236903e+02
1.949722310873325455e+02 2.626324838542604425e+02
1.944479312583032424e+02 2.617179491154673201e+02
1.939381182090119751e+02 2.607941505031193969e+02
1.934432184581326624e+02 2.598611977573393688e+02
1.929636176003830599e+02 2.589191855875014880e+02
1.924994718916418037e+02 2.579683322327160226e+02
1.920508361550390077e+02 2.570089170401752767e+02
1.916177633956500017e+02 2.560411896066069062e+02
1.912003406509396939e+02 2.550654864674491478e+02
1.907986205993058775e+02 2.540820113104328186e+02
1.904127348085010567e+02 2.530910695260825491e+02
1.900428028649229475e+02 2.520928440381985354e+02
1.896889925500943548e+02 2.510876382605652850e+02
1.893514547804097674e+02 2.500756808735789889e+02
1.890303566990817501e+02 2.490572053666554382e+02
1.887258792282197248e+02 2.480324677891313172e+02
1.884382175537934643e+02 2.470017678039559996e+02
1.881675529014505059e+02 2.459652624319618894e+02
1.879141274189595947e+02 2.449233204886649560e+02
1.876781547578225684e+02 2.438761509996779182e+02
1.874598586557918907e+02 2.428240429103985036e+02
1.872594615562826732e+02 2.417672959343163370e+02
1.870771985426365802e+02 2.407061532921500486e+02
1.869133381031089414e+02 2.396410040307308691e+02
1.867681418558983637e+02 2.385720711659920426e+02
1.866418766508477631e+02 2.374997186741713904e+02
1.865347981873253786e+02 2.364242623969756210e+02
1.864471852394451048e+02 2.353460695169330847e+02
1.863793336427546876e+02 2.342654866089382324e+02
1.863315617389795875e+02 2.331828623448356836e+02
1.863041832857590805e+02 2.320985641229857208e+02
1.862975116472205741e+02 2.310130007131049297e+02
1.863118762962151322e+02 2.299265938329275514e+02
1.863476302515755094e+02 2.288397438620764888e+02
1.864051488052263608e+02 2.277528818834559559e+02
1.864848133102201473e+02 2.266664457400351580e+02
1.865870056457717396e+02 2.255809207153127716e+02
1.867121171280013812e+02 2.244968094325930679e+02
1.868605690774942047e+02 2.234145711571808306e+02
1.870327744157549716e+02 2.223347772446532815e+02
1.872291671831661972e+02 2.212579429391554697e+02
1.874501734765807726e+02 2.201846528201438673e+02
1.876962082595732966e+02 2.191155111243252520e+02
1.879677088052284262e+02 2.180510705550240971e+02
1.882650297620409958e+02 2.169920586972185106e+02
1.885885678369084246e+02 2.159390674237136238e+02
1.889386767019918807e+02 2.148927839922641851e+02
1.893156577375514757e+02 2.138539057823833787e+02
1.897197503146432211e+02 2.128231336597541201e+02
1.901511249100794316e+02 2.118011651792416501e+02
1.906099155320516729e+02 2.107887056852484591e+02
1.910961665988354241e+02 2.097865057636035999e+02
1.916087903636465626e+02 2.087962461216897907e+02
1.921463514959628753e+02 2.078190127373030975e+02
1.927078100261066140e+02 2.068548803929422490e+02
1.932924813271237099e+02 2.059040583308893986e+02
1.939000112679525216e+02 2.049669835552176949e+02
1.945299962759324615e+02 2.040440876716732816e+02
1.951819627167396050e+02 2.031357938338462930e+02
1.958553853581807687e+02 2.022425057822724170e+02
1.965497647753484500e+02 2.013645839747105128e+02
1.972644869181047511e+02 2.005024638904190795e+02
1.979990073453071489e+02 1.996564904991871003e+02
1.987527129327713169e+02 1.988270447299186401e+02
1.995249730824109804e+02 1.980144944613016946e+02
2.003151593640498334e+02 1.972191656920490175e+02
2.011226416024004777e+02 1.964413521130733500e+02
2.019467721341794118e+02 1.956813560015890232e+02
2.027868949460969077e+02 1.949394800816238273e+02
2.036424404651541238e+02 1.942159857839229744e+02
2.045126747998984911e+02 1.935111581419529330e+02
2.053970620415376516e+02 1.928251071287698153e+02
2.062948546530206499e+02 1.921580541775707047e+02
2.072054791281869086e+02 1.915101392127241127e+02
2.081283725180191482e+02 1.908815193033886430e+02
2.090628544454258986e+02 1.902723290990707312e+02
2.100083784445519086e+02 1.896825486381595169e+02
2.109642775816818130e+02 1.891122112054636375e+02
2.119300133071853622e+02 1.885613107011249951e+02
2.129050292985554620e+02 1.880298625705289908e+02
2.138888334193074741e+02 1.875178103421939682e+02
2.148807622499442118e+02 1.870250541894319554e+02
2.158803753791112001e+02 1.865514266827649124e+02
2.168871660565621085e+02 1.860968010980605811e+02
2.179006449995766275e+02 1.856610547094427091e+02
2.189203348162539555e+02 1.852440281119392580e+02
2.199457630815299751e+02 1.848454985779846425e+02
2.209765992547677911e+02 1.844652231081553282e+02
2.220122928706217351e+02 1.841030148446189116e+02
2.230525421552857210e+02 1.837586398062544504e+02
2.240969639603606254e+02 1.834318826865414849e+02
2.251451891577406457e+02 1.831225060734687986e+02
2.261968678845554450e+02 1.828302737749097844e+02
2.272516963337640448e+02 1.825549519351989716e+02
2.283093890180626886e+02 1.822963160530461550e+02
2.293696039133634770e+02 1.820541627230308848e+02
2.304320958271714517e+02 1.818282974689137461e+02
2.314966265824494087e+02 1.816185388230546209e+02
2.325629331455494366e+02 1.814247159664611786e+02
2.336307692703756800e+02 1.812466617933550879e+02
2.346999183909701969e+02 1.810842422541181804e+02
2.357701498035247596e+02 1.809373919365349366e+02
2.368412578293447268e+02 1.808060564387062641e+02
2.379131283527985659e+02 1.806901892866143555e+02
2.389854083487791456e+02 1.805897551092324704e+02
2.400580643209878247e+02 1.805046607215847416e+02
2.411307625062923421e+02 1.804347069574498619e+02
2.422033605420915876e+02 1.803796719107377555e+02
2.432756731713270142e+02 1.803393430792773131e+02
2.443475156144272091e+02 1.803135120801985352e+02
2.454187119156840424e+02 1.803020031560283769e+02
2.464890945066610755e+02 1.803047187776863609e+02
2.475584993612987432e+02 1.803215766467122307e+02
2.486267650483353862e+02 1.803524977846083459e+02
2.496937861752880394e+02 1.803974132790800127e+02
2.507593206842145150e+02 1.804562604317199543e+02
2.518232660138664585e+02 1.805290222110138814e+02
2.528854690996195416e+02 1.806156919600582853e+02
2.539457528603584819e+02 1.807162624953366219e+02
2.550039464580684410e+02 1.808307270036214618e+02
2.560599717280227310e+02 1.809590955058353927e+02
2.571135593375370263e+02 1.811013559609883714e+02
2.581646044065322485e+02 1.812575126016904790e+02
2.592129422529907856e+02 1.814275690779282684e+02
2.602584064168938767e+02 1.816115304799273815e+02
2.613008300715945893e+02 1.818093879707715814e+02
2.623400497773056372e+02 1.820210830977489991e+02
2.633759032251275585e+02 1.822465480597254555e+02
2.644082283283773336e+02 1.824857162195705769e+02
2.654368630602793360e+02 1.827385220033065139e+02
2.664616488318063716e+02 1.830048722714346354e+02
2.674824413625117927e+02 1.832845707488880862e+02
2.684991097913258500e+02 1.835774007972676998e+02
2.695115396536972412e+02 1.838831527510112664e+02
2.705195466715655357e+02 1.842015976590464277e+02
2.715230433181885701e+02 1.845324907479881347e+02
2.725219752297613809e+02 1.848754570829457009e+02
2.735161829743179851e+02 1.852300521687678838e+02
2.745056747188732515e+02 1.855958759057717202e+02
2.754903463492898368e+02 1.859724999567042971e+02
2.764701798913256425e+02 1.863594859051406445e+02
2.774451565967350462e+02 1.867562530879217491e+02
2.784153089617570913e+02 1.871621975429252132e+02
2.793806431343101622e+02 1.875767038482581768e+02
2.803412514435709113e+02 1.879991892345063036e+02
2.812971425681658957e+02 1.884290198597318806e+02
2.822484641411026587e+02 1.888655265740156324e+02
2.831953198935645446e+02 1.893080011630255797e+02
2.841378437055843733e+02 1.897557408269824180e+02
2.850762173059053453e+02 1.902080651194440577e+02
2.860106078107825738e+02 1.906642876910843540e+02
2.869412044924277438e+02 1.911237228649403903e+02
2.878682336911365951e+02 1.915857008510562594e+02
2.887919376596030361e+02 1.920495644343413915e+02
2.897125526738469148e+02 1.925146483882316488e+02
2.906303356027829636e+02 1.929803710007833502e+02
2.915454323680362450e+02 1.934465357743023901e+02
2.924579469166664580e+02 1.939130857857665831e+02
2.933679857035810414e+02 1.943799716050962161e+02
2.942756463525245181e+02 1.948471358150143828e+02
2.951810382883374473e+02 1.953145438357144883e+02
2.960842438024760668e+02 1.957822234880510450e+02
2.969853354873084186e+02 1.962502293620351850e+02
2.978843845044923455e+02 1.967186190527071972e+02
2.987814610614574349e+02 1.971874572213514796e+02
2.996766293888353516e+02 1.976568063878049202e+02
3.005699455177573896e+02 1.981267652227497820e+02
3.014614560740294564e+02 1.985974459175837978e+02
3.023512049608229404e+02 1.990689630890269655e+02
3.032392334326553964e+02 1.995414337369931559e+02
3.041255794885960881e+02 2.000149785696377762e+02
3.050102736469397087e+02 2.004897308965984735e+02
3.058933396677628593e+02 2.009658336201135000e+02
3.067748009162663720e+02 2.014434264731606561e+02
3.076546763010847485e+02 2.019226536126197686e+02
3.085329813350811037e+02 2.024036614524948732e+02
3.094097277023889774e+02 2.028865994852621384e+02
3.102849234738347377e+02 2.033716196547048867e+02
3.111585733577210817e+02 2.038588757385695942e+02
3.120306786691056118e+02 2.043485232988790017e+02
3.129012473967104029e+02 2.048407084286408804e+02
3.137703360771588450e+02 2.053355168554013517e+02
3.146380042834556434e+02 2.058330029649128221e+02
3.155042991592856083e+02 2.063332211459301391e+02
3.163692642172399587e+02 2.068362272811248488e+02
3.172329388187885684e+02 2.073420784180885335e+02
3.180953580016051774e+02 2.078508331036439074e+02
3.189565526421383765e+02 2.083625511602523090e+02
3.198165485781433404e+02 2.088772949345942322e+02
3.206753687971428803e+02 2.093951266612246798e+02
3.215330334755929584e+02 2.099161074537229297e+02
3.223895551441491421e+02 2.104403050486879749e+02
3.232449408338120520e+02 2.109677904810106384e+02
3.240991937231405586e+02 2.114986355174928860e+02
3.249523125537719466e+02 2.120329146313863475e+02
3.258042919451458488e+02 2.125707025547902731e+02
3.266551182622786200e+02 2.131120775745196170e+02
3.275047704277008052e+02 2.136571277593288016e+02
3.283532225381584340e+02 2.142059409900071216e+02
3.292004446414169365e+02 2.147586109009751283e+02
3.300464004583744213e+02 2.153152224157801982e+02
3.308910439333427007e+02 2.158758739509988231e+02
3.317343184193322259e+02 2.164406749539485304e+02
3.325761632940115078e+02 2.170097443935312072e+02
3.334165050758001030e+02 2.175831770512865546e+02
3.342552726417049485e+02 2.181610889476447426e+02
3.350923096577669185e+02 2.187436961122819810e+02
3.359273736332562521e+02 2.193312600761074691e+02
3.367602227730532150e+02 2.199240528041404446e+02
3.375906116356878783e+02 2.205223616448217001e+02
3.384182584247602108e+02 2.211264173085030222e+02
3.392429139538376717e+02 2.217365004908786830e+02
3.400642898816734032e+02 2.223528355446639466e+02
3.408821136459964691e+02 2.229756750325664711e+02
3.416960869590992047e+02 2.236052415241387621e+02
3.425059194198822752e+02 2.242417752905674604e+02
3.433113049856608541e+02 2.248854640300560277e+02
3.441119775994327483e+02 2.255365345982769441e+02
3.449076136862863677e+02 2.261951302652879008e+02
3.456979323631891248e+02 2.268614584607804829e+02
3.464826241276454084e+02 2.275356985980520221e+02
3.472613790559277618e+02 2.282179769281108008e+02
3.480339300546618233e+02 2.289084335825175742e+02
3.487999934455918947e+02 2.296071920261064179e+02
3.495592808089855339e+02 2.303143756188879081e+02
3.503114837977515776e+02 2.310300760850356596e+02
3.510563320438029677e+02 2.317543920551970302e+02
3.517935662763414371e+02 2.324873862419049431e+02
3.525229234664752198e+02 2.332291167339525657e+02
3.532441353656578258e+02 2.339796379982752796e+02
3.539569289235582232e+02 2.347390003015597131e+02
3.546610464852762448e+02 2.355072427038284388e+02
3.553562449898609543e+02 2.362843832524738445e+02
3.560422651850921056e+02 2.370704101683105023e+02
3.567188624725488353e+02 2.378653386960336036e+02
3.573857938847668834e+02 2.386692021225091764e+02
3.580427807467849561e+02 2.394819531577434759e+02
3.586895901623455529e+02 2.403035988046634088e+02
3.593259665696306229e+02 2.411341154082310254e+02
3.599516540579782031e+02 2.419734856309293320e+02
3.605663769750979668e+02 2.428216578379733903e+02
3.611698805368233138e+02 2.436786412651172782e+02
3.617618672316791617e+02 2.445443918733727173e+02
3.623420378981422232e+02 2.454188638285935440e+02
3.629100994926223507e+02 2.463020327079149183e+02
3.634657424188715709e+02 2.471938538043126528e+02
3.640086325877945796e+02 2.480942857938868542e+02
3.645384034814309757e+02 2.490033013687311723e+02
3.650546809274914608e+02 2.499208802835220240e+02
3.655570545727889566e+02 2.508469238105748502e+02
3.660451468706722835e+02 2.517814214174221661e+02
3.665185037051309109e+02 2.527243047057660590e+02
3.669766139505344427e+02 2.536755511640885459e+02
3.674189347360128863e+02 2.546350871754407308e+02
3.678449303878032310e+02 2.556028742887811234e+02
3.682540386110092072e+02 2.565788251199435877e+02
3.686458075992903218e+02 2.575627751462980086e+02
3.690200015275304395e+02 2.585544427901822928e+02
3.693764017465412053e+02 2.595535273549783710e+02
3.697147844988191991e+02 2.605597286805911494e+02
3.700349234143972694e+02 2.615727746622170002e+02
3.703365547311448722e+02 2.625922732149044805e+02
3.706194424703562618e+02 2.636179355839366281e+02
3.708833239925352814e+02 2.646494251319766136e+02
3.711279206481668780e+02 2.656863611073308675e+02
3.713529539477873413e+02 2.667283893792674689e+02
3.715581480579064078e+02 2.677750902414032339e+02
3.717432730890781158e+02 2.688260337841615524e+02
3.719080988451432859e+02 2.698808399661825774e+02
3.720523616451966404e+02 2.709389598720733829e+02
3.721758150604540560e+02 2.719999632182936580e+02
3.722782228485078804e+02 2.730633331768390235e+02
3.723594255049443404e+02 2.741285113248150083e+02
3.724192691772549892e+02 2.751949329757856617e+02
3.724575891893759376e+02 2.762620224723401066e+02
3.724742132666983707e+02 2.773291480286447950e+02
3.724690009964875230e+02 2.783956825766001657e+02
3.724418934571730233e+02 2.794609585295549437e+02
3.723928437811791241e+02 2.805242773440830319e+02
3.723217952707494192e+02 2.815849619924132980e+02
3.722287017339847921e+02 2.826422383767258566e+02
3.721135306265655913e+02 2.836954008304197714e+02
3.719763076143093485e+02 2.847436746481736236e+02
3.718170784195314127e+02 2.857862735947508099e+02
3.716359006587030080e+02 2.868224041248460594e+02
3.714328237951535812e+02 2.878512913226720116e+02
3.712079344397016598e+02 2.888720983774883848e+02
3.709613313948145787e+02 2.898840262686311462e+02
3.706931342375727354e+02 2.908862618565879643e+02
3.704034825157158366e+02 2.918779969708919566e+02
3.700925562402493370e+02 2.928584279121216127e+02
3.697605370730281038e+02 2.938267756722878516e+02
3.694075819050372615e+02 2.947822670893082204e+02
3.690338773284397007e+02 2.957241547009188025e+02
3.686396539025037669e+02 2.966517303872755065e+02
3.682251691765835631e+02 2.975643200799938768e+02
3.677907462428910321e+02 2.984613351028560260e+02
3.673367366975111281e+02 2.993422333209462067e+02
3.668635302521439030e+02 3.002065635547616580e+02
3.663715591333610178e+02 3.010539888156840220e+02
3.658612841435324867e+02 3.018842632763804659e+02
