3.648673706293825489e+02 3.024575306434594495e+02
3.643559046679729931e+02 3.032518393561662720e+02
3.638284588257624819e+02 3.040329973290077987e+02
3.632849292638680936e+02 3.048015466429130811e+02
3.627253308143373260e+02 3.055578195339181207e+02
3.621497040555747162e+02 3.063021181656011436e+02
3.615581202767477293e+02 3.070346966364301124e+02
3.609506704690178367e+02 3.077557979476669630e+02
3.603274820003321679e+02 3.084656247585720621e+02
3.596887313429818391e+02 3.091642872592665299e+02
3.590345788753552370e+02 3.098519536764654845e+02
3.583652639409032759e+02 3.105286854667158423e+02
3.576810423766184499e+02 3.111945636295721442e+02
3.569821982200136290e+02 3.118496514681086751e+02
3.562690432375334240e+02 3.124939730320928106e+02
3.555418900312856749e+02 3.131275567356892680e+02
3.548010835323150900e+02 3.137503751418902880e+02
3.540469401656534956e+02 3.143624147053531601e+02
3.532798135841609906e+02 3.149635985581673481e+02
3.525000332487908281e+02 3.155538807937957699e+02
3.517079648300754116e+02 3.161331598941658285e+02
3.509039475609598639e+02 3.167013522683593578e+02
3.500883269230504311e+02 3.172583246485567088e+02
3.492614376919338497e+02 3.178039350303436663e+02
3.484236205835393889e+02 3.183380185616297240e+02
3.475752065088751124e+02 3.188604237981330130e+02
3.467165364530464444e+02 3.193709633949733302e+02
3.458479317543619800e+02 3.198694407559160595e+02
3.449697146170223618e+02 3.203556362703978380e+02
3.440822057199583810e+02 3.208293317678991343e+02
3.431857247585395498e+02 3.212902931050142001e+02
3.422805893251201610e+02 3.217382830474861635e+02
3.413671127051192116e+02 3.221730527760877294e+02
3.404456104584768354e+02 3.225943523201284506e+02
3.395163939480203794e+02 3.230019230654615967e+02
3.385797784252335418e+02 3.233955043784520171e+02
3.376360706528750484e+02 3.237748278618056474e+02
3.366855873957649123e+02 3.241396394966369598e+02
3.357286360763959010e+02 3.244896842223636213e+02
3.347655399728814132e+02 3.248247084170079688e+02
3.337966056339634520e+02 3.251444520518264198e+02
3.328221421307569585e+02 3.254486513481379575e+02
3.318424627043296482e+02 3.257370610149596928e+02
3.308578978289010593e+02 3.260094505332209565e+02
3.298687350291224902e+02 3.262655757770098717e+02
3.288753166553150322e+02 3.265051979883927515e+02
3.278779385814124794e+02 3.267280734083511788e+02
3.268769166178286696e+02 3.269339653375524222e+02
3.258725675433788069e+02 3.271226420312786445e+02
3.248652082508710919e+02 3.272938701199066145e+02
3.238551560398977927e+02 3.274474146097369953e+02
3.228427323306123071e+02 3.275830732673771877e+02
3.218282721054437729e+02 3.277009934671364135e+02
3.208121577772291744e+02 3.278015446200815290e+02
3.197946953523109528e+02 3.278850891846619788e+02
3.187762276853313210e+02 3.279519980601688189e+02
3.177570350278614342e+02 3.280026346751711230e+02
3.167373950309153656e+02 3.280373414622596897e+02
3.157175753149340949e+02 3.280564501346395332e+02
3.146978249639703336e+02 3.280602916430958089e+02
3.136783696549287583e+02 3.280491913745931356e+02
3.126594358880725508e+02 3.280234752195519263e+02
3.116412318038093758e+02 3.279834625449838654e+02
3.106239522932220893e+02 3.279294667493688848e+02
3.096077685963356885e+02 3.278617912970937027e+02
3.085928748042715029e+02 3.277807492527809359e+02
3.075794187104617095e+02 3.276866421240990235e+02
3.065675639546602724e+02 3.275797802144948037e+02
3.055574406575329931e+02 3.274604651423793484e+02
3.045492006176878022e+02 3.273290089224084909e+02
3.035429581045712553e+02 3.271857123892438040e+02
3.025388260477653262e+02 3.270308710109243293e+02
3.015369231597705379e+02 3.268647969896285872e+02
3.005373432371814033e+02 3.266878032687345126e+02
2.995401762828126948e+02 3.265002001205037345e+02
2.985455050060280087e+02 3.263022952619414809e+02
2.975534042030689648e+02 3.260943942673432616e+02
2.965639398461064502e+02 3.258768096929239846e+02
2.955771690614494673e+02 3.256498599074708977e+02
2.945931401063879207e+02 3.254138580120293796e+02
2.936118964953839168e+02 3.251691168081086971e+02
2.926334730395095107e+02 3.249159485449386580e+02
2.916578947520816882e+02 3.246546653241966851e+02
2.906851797490588183e+02 3.243855754987818045e+02
2.897153402913409082e+02 3.241089927166986513e+02
2.887483786421401533e+02 3.238252270112052429e+02
2.877842944526938140e+02 3.235345731877866342e+02
2.868230732341664293e+02 3.232373399192419470e+02
2.858647042889485306e+02 3.229338133276413600e+02
2.849091577063685463e+02 3.226242902533354027e+02
2.839564122062936917e+02 3.223090510126359050e+02
2.830064204553633544e+02 3.219883852840061991e+02
2.820591547425592012e+02 3.216625590952302218e+02
2.811145556022024721e+02 3.213318384348741006e+02
2.801725782240773697e+02 3.209964805605457059e+02
2.792331691264473648e+02 3.206567356498732693e+02
2.782962523053666928e+02 3.203128562985444319e+02
2.773617677249172289e+02 3.199650799196165849e+02
2.764296530158787846e+02 3.196136247408522877e+02
2.754998161071465006e+02 3.192587099803138813e+02
2.745721840633928537e+02 3.189005508979240062e+02
2.736466727136989903e+02 3.185393535351223022e+02
2.727232298754324233e+02 3.181752154306225862e+02
2.718018239806285692e+02 3.178080982971525259e+02
2.708824504838329403e+02 3.174379543581421785e+02
2.699650994637407848e+02 3.170647316642903206e+02
2.690497629429771678e+02 3.166883764257462985e+02
2.681364401116348972e+02 3.163088335359552161e+02
2.672251174847917810e+02 3.159260476522181307e+02
2.663157918244413622e+02 3.155399641812118148e+02
2.654084636039165730e+02 3.151505261908966986e+02
2.645031329310357933e+02 3.147576742469407236e+02
2.635998008066043212e+02 3.143613494782860016e+02
2.626984685164435973e+02 3.139614948246268682e+02
2.617991388621318833e+02 3.135580517670888412e+02
2.609018165212366398e+02 3.131509600323383324e+02
2.600065125097044074e+02 3.127401574894817600e+02
2.591132235209172450e+02 3.123255815263572117e+02
2.582219600860202036e+02 3.119071761647719541e+02
2.573327293419582702e+02 3.114848820880386597e+02
2.564455398621091717e+02 3.110586381978649229e+02
2.555604016581132498e+02 3.106283816523459791e+02
2.546773249397512870e+02 3.101940503841369718e+02
2.537963189643825501e+02 3.097555851408857848e+02
2.529173940015427320e+02 3.093129253020612168e+02
2.520405608187712687e+02 3.088660083511430230e+02
2.511657476387858026e+02 3.084147656913499418e+02
2.502927932397201403e+02 3.079591552228106934e+02
2.494216488691825191e+02 3.074992041962658504e+02
2.485522833949500807e+02 3.070349463598009834e+02
2.476846620999496622e+02 3.065664123368639480e+02
2.468187509157015711e+02 3.060936318234348619e+02
2.459545199618093250e+02 3.056166346751658693e+02
2.450919371554701058e+02 3.051354497948300946e+02
2.442309710019590909e+02 3.046501043897452519e+02
2.433715907590802772e+02 3.041606237063934373e+02
2.425137664481729871e+02 3.036670310245323776e+02
2.416574690205035267e+02 3.031693474161139648e+02
2.408026705903535287e+02 3.026675914276781896e+02
2.399493441435457441e+02 3.021617795545607237e+02
2.390974686405667171e+02 3.016519263264983124e+02
2.382470110817867806e+02 3.011380417384490897e+02
2.373979502200022296e+02 3.006201367257963852e+02
2.365502670354589156e+02 3.000982146685605017e+02
2.357039434706405530e+02 2.995722760349420355e+02
2.348589625300231774e+02 2.990423193727314697e+02
2.340153114167686113e+02 2.985083407832199214e+02
2.331729762278703220e+02 2.979703304214098125e+02
2.323319480077758499e+02 2.974282709329322074e+02
2.314922258777920661e+02 2.968821429031858656e+02
2.306538084667122916e+02 2.963319236650571042e+02
2.298167023791497456e+02 2.957775854364035695e+02
2.289809313177164825e+02 2.952190661712184010e+02
2.281466284511216713e+02 2.946561930142335655e+02
2.273139517053955387e+02 2.940887687590720247e+02
2.264830608815882727e+02 2.935166013660443696e+02
2.256541216235401066e+02 2.929395049779263331e+02
2.248273137196460425e+02 2.923572839695725065e+02
2.240028279452028812e+02 2.917697459389645473e+02
2.231808642873973554e+02 2.911766944319554682e+02
2.223616306508394018e+02 2.905779315323622427e+02
2.215453413439652195e+02 2.899732765911212482e+02
2.207322143671265735e+02 2.893625300837028362e+02
2.199224816639055575e+02 2.887455215626204676e+02
2.191163726337406956e+02 2.881220572148575911e+02
2.183141324091542685e+02 2.874919668837957829e+02
2.175160072175762593e+02 2.868550788021470908e+02
2.167222431862339533e+02 2.862112070575843177e+02
2.159331001091539122e+02 2.855602181481805246e+02
2.151488221703215231e+02 2.849019518682881653e+02
2.143696672068035980e+02 2.842362566590228994e+02
2.135959021865927241e+02 2.835629897011338585e+02
2.128277974282508183e+02 2.828820229355088713e+02
2.120656033914065688e+02 2.821932347947490598e+02
2.113095756047550253e+02 2.814965162866132005e+02
2.105599753332430453e+02 2.807917617829737083e+02
2.098170696695215156e+02 2.800788691617967743e+02
2.090811269355336321e+02 2.793577437682732807e+02
2.083523986810535860e+02 2.786283127232853758e+02
2.076311347573223145e+02 2.778905107838209574e+02
2.069175846983524139e+02 2.771442596270506442e+02
2.062120257927817590e+02 2.763895292325314585e+02
2.055147122106847064e+02 2.756262567181682925e+02
2.048258799676105468e+02 2.748543775263801194e+02
2.041458030271660675e+02 2.740739150330831535e+02
2.034747071112208801e+02 2.732847953440253832e+02
2.028128756982674474e+02 2.724870435610739037e+02
2.021605451106387363e+02 2.716805908859793703e+02
2.015179955913567937e+02 2.708654757885259414e+02
2.008854739384530603e+02 2.700416838681365448e+02
2.002632427343114330e+02 2.692092151527890564e+02
1.996515740532234418e+02 2.683680776559828018e+02
1.990507466535773631e+02 2.675182836190466560e+02
1.984610452001048770e+02 2.666598504804135814e+02
1.978827612598973928e+02 2.657928007402857133e+02
1.973161940573389188e+02 2.649171620558282143e+02
1.967616395001706167e+02 2.640329310075331364e+02
1.962194400663779277e+02 2.631401978269630035e+02
1.956899138714417177e+02 2.622389429045909424e+02
1.951734370506000573e+02 2.613292475722885797e+02
1.946703582931164362e+02 2.604111078318152863e+02
1.941810717214866600e+02 2.594846085963427527e+02
1.937059363658270001e+02 2.585498232457783843e+02
1.932451028592834632e+02 2.576069375289060304e+02
1.927986297952481607e+02 2.566561919467668531e+02
1.923665760934120783e+02 2.556978006896087834e+02
1.919490290767571139e+02 2.547320515348822596e+02
1.915460488047552019e+02 2.537591186309269062e+02
1.911577507938623626e+02 2.527792667611723800e+02
1.907842376956544683e+02 2.517926569766090665e+02
1.904256527826036063e+02 2.507995513480371983e+02
1.900821270574520838e+02 2.498001463774885167e+02
1.897538073305113926e+02 2.487946404138348271e+02
1.894408536461749577e+02 2.477832489217825582e+02
1.891434388609354471e+02 2.467662227359794258e+02
1.888617288781235004e+02 2.457436876941627304e+02
1.885959408677023532e+02 2.447159488070477096e+02
1.883462726784951826e+02 2.436831712503833103e+02
1.881129415192218914e+02 2.426455835221517816e+02
1.878961713013052588e+02 2.416034197992830457e+02
1.876962017584057492e+02 2.405568629418639830e+02
1.875133026220870534e+02 2.395062198759732439e+02
1.873477453624369389e+02 2.384516508892378113e+02
1.871998229658016442e+02 2.373934333281209206e+02
1.870698332013234335e+02 2.363317995683745210e+02
1.869580987177369309e+02 2.352670259626254960e+02
1.868649628776515783e+02 2.341993700766111601e+02
1.867907962656278755e+02 2.331290902622456827e+02
1.867359867732150462e+02 2.320564592545643450e+02
1.867009386806321629e+02 2.309817867379777852e+02
1.866860774605451638e+02 2.299053964797548133e+02
1.866918574115163665e+02 2.288275957702126391e+02
1.867187611970479111e+02 2.277487227583334573e+02
1.867672963150370435e+02 2.266691257953141019e+02
1.868379867141144359e+02 2.255892031109416678e+02
1.869313723468315231e+02 2.245093773958844565e+02
1.870480292109664902e+02 2.234300398837376633e+02
1.871885317850625370e+02 2.223516976218645027e+02
1.873534873776511915e+02 2.212748179243371567e+02
1.875435059223638063e+02 2.201999493974753648e+02
1.877591908410007875e+02 2.191276770776324270e+02
1.880011709484730318e+02 2.180585541335333346e+02
1.882699948368847913e+02 2.169933266675257357e+02
1.885662536466982715e+02 2.159326303990235658e+02
1.888904942036625982e+02 2.148772205118098668e+02
1.892432057774789484e+02 2.138278893725296257e+02
1.896248072084275975e+02 2.127854611120405366e+02
1.900356365149918929e+02 2.117507854555711049e+02
1.904759774730846971e+02 2.107247477233278232e+02
1.909460018986001160e+02 2.097083077198712999e+02
1.914446886574768598e+02 2.087034489572342011e+02
1.919706317740373720e+02 2.077115824402540341e+02
1.925228126431106546e+02 2.067330719405213131e+02
1.931004815429283497e+02 2.057683723293733351e+02
1.937031389065607812e+02 2.048181082252850729e+02
1.943302261992559750e+02 2.038828763929522836e+02
1.949811106318061036e+02 2.029632449812906998e+02
1.956551063177507501e+02 2.020597415212797614e+02
1.963515467210017391e+02 2.011728161812014264e+02
1.970696374376122435e+02 2.003029677499482375e+02
1.978086662984243844e+02 1.994505772327930515e+02
1.985678577109772505e+02 1.986160463374329197e+02
1.993464277853540239e+02 1.977997465400202657e+02
2.001436005702282159e+02 1.970019840459606542e+02
2.009586033313353255e+02 1.962230097432627645e+02
2.017906559117830909e+02 1.954630709921318896e+02
2.026389807515963639e+02 1.947224050329550948e+02
2.035029017458221290e+02 1.940011958799735794e+02
2.043815827508182679e+02 1.932996483590559933e+02
2.052744064328530840e+02 1.926177798423537411e+02
2.061805430482809243e+02 1.919557202390242878e+02
2.070993528244527795e+02 1.913135091780438870e+02
2.080302142266039027e+02 1.906912005619470278e+02
2.089723967264473288e+02 1.900888333015830369e+02
2.099253217174596102e+02 1.895062990724736096e+02
2.108882911253534758e+02 1.889435449507633109e+02
2.118607435827532015e+02 1.884004761407674664e+02
2.128421033211887732e+02 1.878770196230757108e+02
2.138318691595921734e+02 1.873730410378332749e+02
2.148293749533319783e+02 1.868883823092959346e+02
2.158341847369993332e+02 1.864228180709220624e+02
2.168457956278882648e+02 1.859761652383110686e+02
2.178637238075679363e+02 1.855482454995766375e+02
2.188875019227352823e+02 1.851388539841023260e+02
2.199166733385781072e+02 1.847477393402379278e+02
2.209509252561259132e+02 1.843746320621675068e+02
2.219897215282830985e+02 1.840193207170405572e+02
2.230327776224533238e+02 1.836815468109113567e+02
2.240797274468320381e+02 1.833610769403401832e+02
2.251302208255965809e+02 1.830576659250688181e+02
2.261839263268399804e+02 1.827710716605886603e+02
2.272405580056802137e+02 1.825010551160498267e+02
2.282998474356044767e+02 1.822473873563153575e+02
2.293614686753338674e+02 1.820098623928086568e+02
2.304251928224909989e+02 1.817882858593743549e+02
2.314907971597091887e+02 1.815824772456290361e+02
2.325580331767304187e+02 1.813922672354933070e+02
2.336266685002555903e+02 1.812174906672422310e+02
2.346964995426301641e+02 1.810580135760853580e+02
2.357673073480827100e+02 1.809137661154958607e+02
2.368388976745446257e+02 1.807846891182236106e+02
2.379111677808398895e+02 1.806707316174969833e+02
2.389837751495871316e+02 1.805718541024738215e+02
2.400566976875707894e+02 1.804879635878664317e+02
2.411296126952676673e+02 1.804188712073217857e+02
2.422023886739905549e+02 1.803643669773869931e+02
2.432748503974487733e+02 1.803242505622959015e+02
2.443468224176176875e+02 1.802983259467123958e+02
2.454181373200655116e+02 1.802864262598099288e+02
2.464886353099427936e+02 1.802884536318549635e+02
2.475581599449652117e+02 1.803043240814486410e+02
2.486265572783889297e+02 1.803339570781766668e+02
2.496937294532876024e+02 1.803772822812817367e+02
2.507594415319414054e+02 1.804342343140069431e+02
2.518235984518790076e+02 1.805047897454475105e+02
2.528860546588831539e+02 1.805889349739011607e+02
2.539466406347314376e+02 1.806866559873222116e+02
2.550051932435803792e+02 1.807979392613708001e+02
2.560616425872968307e+02 1.809227887084211659e+02
2.571157267813884459e+02 1.810611876796281763e+02
2.581673492453694507e+02 1.812131362212127215e+02
2.592163534304728501e+02 1.813786339088513273e+02
2.602625811072816759e+02 1.815576818821898542e+02
2.613058735687375815e+02 1.817502699984949572e+02
2.623460747441832837e+02 1.819563470227012658e+02
2.633830292979564547e+02 1.821758542170108512e+02
2.644165818530591423e+02 1.824087340947403391e+02
2.654465768382698911e+02 1.826549303156204189e+02
2.664728613582249181e+02 1.829143632235408745e+02
2.674952944614752255e+02 1.831868653047709188e+02
2.685137474423676167e+02 1.834722521623743603e+02
2.695281073947089112e+02 1.837703463861834905e+02
2.705381892225024103e+02 1.840809510148150991e+02
2.715439046613553273e+02 1.844038577837561661e+02
2.725451950951414233e+02 1.847387456189453872e+02
2.735418913864536989e+02 1.850852274831366344e+02
2.745339946078855178e+02 1.854429611995029461e+02
2.755213884863366616e+02 1.858115754709236001e+02
2.765040429676682265e+02 1.861906914180234196e+02
2.774819220258110590e+02 1.865797978661782111e+02
2.784550394361464782e+02 1.869783630128637810e+02
2.794233786746824535e+02 1.873858426887713904e+02
2.803870108865497173e+02 1.878017256175651539e+02
2.813459162414818593e+02 1.882254470441526735e+02
2.823002182828045079e+02 1.886564047367711794e+02
2.832499911074992269e+02 1.890939550138393486e+02
2.841953374092169611e+02 1.895374590027525699e+02
2.851364081561315516e+02 1.899863000916516569e+02
2.860733360262732958e+02 1.904398517517702203e+02
2.870062777940680121e+02 1.908974735038019617e+02
2.879354289056655603e+02 1.913585360378814357e+02
2.888609995630166054e+02 1.918224220088704897e+02
2.897831895528106543e+02 1.922885044055480819e+02
2.907022239072184107e+02 1.927562286961600364e+02
2.916182362163341963e+02 1.932253614281455327e+02
2.925313264245299933e+02 1.936957859641920265e+02
2.934415989938540861e+02 1.941673934535748742e+02
2.943491488027564742e+02 1.946400664506938369e+02
2.952540868623456731e+02 1.951137109887396264e+02
2.961564987481496019e+02 1.955882924790909385e+02
2.970564624142862726e+02 1.960638022596721157e+02
2.979540560645976939e+02 1.965402350204068114e+02
2.988493592529977718e+02 1.970175931481595910e+02
2.997424451733800197e+02 1.974958769976161079e+02
3.006333811272237995e+02 1.979751273531264246e+02
3.015222254213049382e+02 1.984554000255891708e+02
3.024090351814220980e+02 1.989367537087145763e+02
3.032938664539087199e+02 1.994192499741249947e+02
3.041767733837132823e+02 1.999029551271137848e+02
3.050578024449827126e+02 2.003879524162373400e+02
3.059369942623860084e+02 2.008743371052458713e+02
3.068143896201903544e+02 2.013622014461948311e+02
3.076900271285183521e+02 2.018516431087035699e+02
3.085639430402529797e+02 2.023427627924969840e+02
3.094361700404179487e+02 2.028356671784936509e+02
3.103067379810498210e+02 2.033304671940533126e+02
3.111756746976465706e+02 2.038272762987926967e+02
3.120430059945562675e+02 2.043262104682637528e+02
3.129087655110425885e+02 2.048273769078051885e+02
3.137730368452417906e+02 2.053308236919650938e+02
3.146359103056025219e+02 2.058365699843009509e+02
3.154974655206848411e+02 2.063446361895813936e+02
3.163577794993551038e+02 2.068550450604184334e+02
3.172169261683038144e+02 2.073678213172414075e+02
3.180749766595417896e+02 2.078829912247563243e+02
3.189319992579695509e+02 2.084005827427265558e+02
3.197880581098324910e+02 2.089206272374176194e+02
3.206432155854438406e+02 2.094431569945469391e+02
3.214975322901476602e+02 2.099682041638442342e+02
3.223510621923617236e+02 2.104958078443486329e+02
3.232038549723544065e+02 2.110260111752815817e+02
3.240559573419309345e+02 2.115588590347401237e+02
3.249074123093292314e+02 2.120943999394390289e+02
3.257582596872474028e+02 2.126326839361029784e+02
3.266085309663947100e+02 2.131737673105934334e+02
3.274582497039489795e+02 2.137177178348036932e+02
3.283074355086865808e+02 2.142646042646616991e+02
3.291561043855663229e+02 2.148145019420794313e+02
3.300042670118473325e+02 2.153674794211202084e+02
3.308519199619312872e+02 2.159236250667327681e+02
3.316990461004823487e+02 2.164830433228354138e+02
3.325456244257717913e+02 2.170458489651403227e+02
3.333916221758270808e+02 2.176121340717409396e+02
3.342370058843824268e+02 2.181820152338425487e+02
3.350816131269506855e+02 2.187557596768537564e+02
3.359251578619309839e+02 2.193337203863418665e+02
3.367673508345478126e+02 2.199162600053448955e+02
3.376078969110338903e+02 2.205037550399241297e+02
3.384464616604613525e+02 2.210965233491394315e+02
3.392827392543445626e+02 2.216949339739877587e+02
3.401163795271707500e+02 2.222992991212235836e+02
3.409470463408714522e+02 2.229099579886568279e+02
3.417743748251543252e+02 2.235272171311750924e+02
3.425980066617069610e+02 2.241513993407174894e+02
3.434175685861181364e+02 2.247827674653719043e+02
3.442327315873562270e+02 2.254216200406794997e+02
3.450431039892259832e+02 2.260681664610830808e+02
3.458483381607270530e+02 2.267226817556506262e+02
3.466480552850712797e+02 2.273854094757795679e+02
3.474418830246798962e+02 2.280565273679199834e+02
3.482295030902502049e+02 2.287362182871094944e+02
3.490105792297446214e+02 2.294246458580496437e+02
3.497847695143912574e+02 2.301219724643101188e+02
3.505517098711438280e+02 2.308283253029326261e+02
3.513110872111341223e+02 2.315438290317832468e+02
3.520626119626569448e+02 2.322685591685640816e+02
3.528059911123207826e+02 2.330025853095196169e+02
3.535409260158829170e+02 2.337459727316903013e+02
3.542671131134687244e+02 2.344987815617929812e+02
3.549842743510647551e+02 2.352610527475362687e+02
3.556921584405591261e+02 2.360327963619686500e+02
3.563904972604256045e+02 2.368139899868325813e+02
3.570790394344589913e+02 2.376046407723661957e+02
3.577575366512571691e+02 2.384047754699473387e+02
3.584257062905101066e+02 2.392143302284245010e+02
3.590833233806137059e+02 2.400332962904052181e+02
3.597301394596137811e+02 2.408616318560175387e+02
3.603659067259156927e+02 2.416993027497799176e+02
3.609903562804809667e+02 2.425462382578970733e+02
3.616032445301027565e+02 2.434024343520898128e+02
3.622042828555879055e+02 2.442678289871452364e+02
3.627931817273370712e+02 2.451423591940341566e+02
3.633696596650082142e+02 2.460259864365750104e+02
3.639334180271314949e+02 2.469186510657093550e+02
3.644841294872471735e+02 2.478202999868510119e+02
3.650214277961786138e+02 2.487308991254782313e+02
3.655449392514449869e+02 2.496504233242162627e+02
3.660542503873413125e+02 2.505787624839572061e+02
3.665489857763852228e+02 2.515159045733670666e+02
3.670286786046480643e+02 2.524617791407321192e+02
3.674927873814640975e+02 2.534163738749714412e+02
3.679407345562819387e+02 2.543796214227082260e+02
3.683719518664623251e+02 2.553514937933596514e+02
3.687858422003133114e+02 2.563319097160749038e+02
3.691819149779195186e+02 2.573207108491293980e+02
3.695598888158118598e+02 2.583176227966037004e+02
3.699194980376914828e+02 2.593223502782382184e+02
3.702604714409803819e+02 2.603345973272322453e+02
3.705825359378612234e+02 2.613540977998020480e+02
3.708853690648481347e+02 2.623804532271228709e+02
3.711686681799234862e+02 2.634133832112546543e+02
3.714320996467252485e+02 2.644525521024737031e+02
3.716753114387749406e+02 2.654975724778228710e+02
3.718979524555763305e+02 2.665480841246126715e+02
3.720996743812168006e+02 2.676036505376654304e+02
3.722801811292528669e+02 2.686638208604136366e+02
3.724391789199595451e+02 2.697281974378320797e+02
3.725763341827672548e+02 2.707961890620757686e+02
3.726913355277712299e+02 2.718673353601091662e+02
3.727838915725164952e+02 2.729410727521548665e+02
3.728538167544855355e+02 2.740167833773398911e+02
3.729009365507689040e+02 2.750938395556932505e+02
3.729250668024907895e+02 2.761715990320558944e+02
3.729260160489370719e+02 2.772493532546963593e+02
3.729036447792757372e+02 2.783263948492638633e+02
3.728579418696693892e+02 2.794019640151053636e+02
3.727889180067580810e+02 2.804752655033099700e+02
3.726965780539737807e+02 2.815455302983558568e+02
3.725809395763614020e+02 2.826118785984472197e+02
3.724420531413539948e+02 2.836735110737562309e+02
3.722800698136970254e+02 2.847295497542715452e+02
3.720951724582751012e+02 2.857791087220084023e+02
3.718875610814315564e+02 2.868213000732380351e+02
3.716574328133365839e+02 2.878552653903760188e+02
3.714050317724800152e+02 2.888800810688307479e+02
3.711306332111097390e+02 2.898948779268311569e+02
3.708345409829519781e+02 2.908987809579149371e+02
3.705170838332153949e+02 2.918909327435037540e+02
3.701786356517148988e+02 2.928704925351719339e+02
3.698195672118201287e+02 2.938366613580802209e+02
3.694402002592917711e+02 2.947886561738000069e+02
3.690408829929751278e+02 2.957257340813579276e+02
3.686220087966281085e+02 2.966472087930594626e+02
3.681839979651206249e+02 2.975524461270106826e+02
3.677273339016532532e+02 2.984409188837363445e+02
3.672525247093937537e+02 2.993121665897258481e+02
3.667601098165291091e+02 3.001658430742361929e+02
3.662506610125132624e+02 3.010017417730040847e+02
3.657247668725799485e+02 3.018197695434656680e+02
