3.645714904807603602e+02 3.023052548244594391e+02
3.640578897645939378e+02 3.030853001953385615e+02
3.635295918459353288e+02 3.038523688289859592e+02
3.629863951725407105e+02 3.046071465971811563e+02
3.624282292772017513e+02 3.053500629703422078e+02
3.618550452049519777e+02 3.060815056450951488e+02
3.612668237950292109e+02 3.068018000864492478e+02
3.606635617591920209e+02 3.075112523478298385e+02
3.600452935048031691e+02 3.082101148695554684e+02
3.594121120657435995e+02 3.088985279839154146e+02
3.587640839184203401e+02 3.095766940819213460e+02
3.581013728310835518e+02 3.102446875052643236e+02
3.574241665284949931e+02 3.109026091667961396e+02
3.567326870971216977e+02 3.115505383300704239e+02
3.560271913015367886e+02 3.121885064813455983e+02
3.553079358546669368e+02 3.128165483815063226e+02
3.545752211481106997e+02 3.134346326239815994e+02
3.538293122902084633e+02 3.140427445339892074e+02
3.530705262125415516e+02 3.146407948764087337e+02
3.522991477145387194e+02 3.152287307538309733e+02
3.515155137671849843e+02 3.158064335398336766e+02
3.507199272453840990e+02 3.163738065730498761e+02
3.499127040825309223e+02 3.169306929049109272e+02
3.490941482728213714e+02 3.174769257691775124e+02
3.482645771723612711e+02 3.180123123851781770e+02
3.474242930845031196e+02 3.185366767479025611e+02
3.465736211070757236e+02 3.190498000640328087e+02
3.457128574113464197e+02 3.195514501384188861e+02
3.448423053660878281e+02 3.200413660813943579e+02
3.439622651624402465e+02 3.205192899536962727e+02
3.430730436231387444e+02 3.209849455941467795e+02
3.421749440613632487e+02 3.214380542739743873e+02
3.412682687315781322e+02 3.218783190234128142e+02
3.403533200604676381e+02 3.223054406018447935e+02
3.394304012845456668e+02 3.227191102018427955e+02
3.384998192705400584e+02 3.231190178414332763e+02
3.375618776822478821e+02 3.235048447936906655e+02
3.366168890219856848e+02 3.238762867052793126e+02
3.356651608403834075e+02 3.242330372048085678e+02
3.347070138171147846e+02 3.245747927433995415e+02
3.337427576485383725e+02 3.249012425915264544e+02
3.327727049698578980e+02 3.252120732120054072e+02
3.317971743916087348e+02 3.255069926344370970e+02
3.308165009308477238e+02 3.257857258246190213e+02
3.298309839482051871e+02 3.260479833564222645e+02
3.288409705728939230e+02 3.262934830519567981e+02
3.278467691185044259e+02 3.265219372972437100e+02
3.268487065765648367e+02 3.267330698464351713e+02
3.258471120030181396e+02 3.269266116763224090e+02
3.248423153130746641e+02 3.271022925496674816e+02
3.238346475465584149e+02 3.272598409932392087e+02
3.228244448692545916e+02 3.273990217836065426e+02
3.218120620797327547e+02 3.275199819801391641e+02
3.207978982581498713e+02 3.276231108541641674e+02
3.197822797551425538e+02 3.277087910397083306e+02
3.187655634288582291e+02 3.277774144707867663e+02
3.177480461062358472e+02 3.278293656770306370e+02
3.167300193638088786e+02 3.278650080886455953e+02
3.157117630524949163e+02 3.278846943815344730e+02
3.146935377133815450e+02 3.278887767182420703e+02
3.136755802400784887e+02 3.278776019255993219e+02
3.126581261076885312e+02 3.278515175918589080e+02
3.116413919351392678e+02 3.278108650805946809e+02
3.106255802573735423e+02 3.277559800373593362e+02
3.096108702787375933e+02 3.276871883349125483e+02
3.085974598957807871e+02 3.276048255169386039e+02
3.075855033968026078e+02 3.275092157648820717e+02
3.065751674046011885e+02 3.274006927473014343e+02
3.055665868082425618e+02 3.272795821142479440e+02
3.045599137326081518e+02 3.271462197985343323e+02
3.035552653278479625e+02 3.270009307292233416e+02
3.025527559747458781e+02 3.268440345004582923e+02
3.015525028089158468e+02 3.266758678433712362e+02
3.005545994369792879e+02 3.264967688247143087e+02
2.995591343149430941e+02 3.263070727737197672e+02
2.985661877259911421e+02 3.261071123961947364e+02
2.975758312900485976e+02 3.258972181690342040e+02
2.965881270918297901e+02 3.256777272198275455e+02
2.956031276740038720e+02 3.254489821730383596e+02
2.946208765152306341e+02 3.252113203379469724e+02
2.936414106959412607e+02 3.249650784796825178e+02
2.926647578790378930e+02 3.247105925970681710e+02
2.916909363032485203e+02 3.244481972005437456e+02
2.907199576477862593e+02 3.241782217769658700e+02
2.897518243516842062e+02 3.239010004458833691e+02
2.887865298650609702e+02 3.236168637882818189e+02
2.878240670535884078e+02 3.233261273948395456e+02
2.868644077289210941e+02 3.230291172884572006e+02
2.859075354889197911e+02 3.227261362267157097e+02
2.849534068518971139e+02 3.224174959391218067e+02
2.840019931684794301e+02 3.221034928089725895e+02
2.830532324926425076e+02 3.217844308583529482e+02
2.821070896757513538e+02 3.214605900800052041e+02
2.811634906712471889e+02 3.211322465748952482e+02
2.802223810395224746e+02 3.207996686282352243e+02
2.792836959403306878e+02 3.204631169300301963e+02
2.783473450730065792e+02 3.201228536640947482e+02
2.774132573579090035e+02 3.197791257789059500e+02
2.764813586683288804e+02 3.194321598174087740e+02
2.755515417971225816e+02 3.190821821464067511e+02
2.746237217336590106e+02 3.187294158708937175e+02
2.736978008984013968e+02 3.183740738946484043e+02
2.727737189363797370e+02 3.180162439800262177e+02
2.718514414126043448e+02 3.176558556325211953e+02
2.709309644332175253e+02 3.172928281689071355e+02
2.700122787395584965e+02 3.169270765890830717e+02
2.690953778307425637e+02 3.165585142124702998e+02
2.681802628645041295e+02 3.161870551284851558e+02
2.672669212418650204e+02 3.158126156190685379e+02
2.663553518771094559e+02 3.154351132558230688e+02
2.654455581359416669e+02 3.150544634189421913e+02
2.645375435489478377e+02 3.146705790857701004e+02
2.636313127906167892e+02 3.142833750239236110e+02
2.627268707873407720e+02 3.138927696266592875e+02
2.618242245281157352e+02 3.134986801089353321e+02
2.609233834892491473e+02 3.131010220806484199e+02
2.600243641689506262e+02 3.126997094921014195e+02
2.591271689099102105e+02 3.122946562318578003e+02
2.582318145315042557e+02 3.118857837619826796e+02
2.573383149066974056e+02 3.114730103995934769e+02
2.564466859413146835e+02 3.110562528780239973e+02
2.555569455830465131e+02 3.106354263963946210e+02
2.546691127242727362e+02 3.102104468798708581e+02
2.537832061851301830e+02 3.097812328149705650e+02
2.528992464727826643e+02 3.093477015400526398e+02
2.520172552625453477e+02 3.089097687972529229e+02
2.511371742510908120e+02 3.084673455870521934e+02
2.502588600347274621e+02 3.080203708861443488e+02
2.493822812245748537e+02 3.075688510257525650e+02
2.485074243232458286e+02 3.071127988874066546e+02
2.476342729839486765e+02 3.066522247755819421e+02
2.467628121033573620e+02 3.061871385464284003e+02
2.458930317319051255e+02 3.057175496203664693e+02
2.450249216467343274e+02 3.052434649329337617e+02
2.441584729979523161e+02 3.047648899953048840e+02
2.432936782954074602e+02 3.042818289074945142e+02
2.424305314057194494e+02 3.037942843542438141e+02
2.415690283106347351e+02 3.033022564568864823e+02
2.407091681928516778e+02 3.028057412570151996e+02
2.398509519590382979e+02 3.023047330764107983e+02
2.389943866955363205e+02 3.017992246192594052e+02
2.381394693374147948e+02 3.012892055347919040e+02
2.372862085649147161e+02 3.007746658353567000e+02
2.364346171113752746e+02 3.002555874006135355e+02
2.355847095455390559e+02 2.997319497536474842e+02
2.347365021355648764e+02 2.992037312386886470e+02
2.338900155996846024e+02 2.986709082173476304e+02
2.330452707511875303e+02 2.981334524306191724e+02
2.322022940477089321e+02 2.975913293126844223e+02
2.313611196253595779e+02 2.970445023088765879e+02
2.305217821327152308e+02 2.964929327356402382e+02
2.296843236941019484e+02 2.959365767265047680e+02
2.288487948448467648e+02 2.953753742593794414e+02
2.280153144176555031e+02 2.948091969054059405e+02
2.271840178357875288e+02 2.942378998782971848e+02
2.263550424281116022e+02 2.936613439133999464e+02
2.255285296321949602e+02 2.930793947528242143e+02
2.247046306987045625e+02 2.924919069689545381e+02
2.238835057573683400e+02 2.918987440332841743e+02
2.230653198585231962e+02 2.912997632453531196e+02
2.222502446304380044e+02 2.906948193822319126e+02
2.214384584065291222e+02 2.900837849748405119e+02
2.206301387452676011e+02 2.894665102292204324e+02
2.198254776558412971e+02 2.888428774739730898e+02
2.190246601113474298e+02 2.882127419348087187e+02
2.182278874921687759e+02 2.875759832319779434e+02
2.174353601270113074e+02 2.869324772802043526e+02
2.166472767272995270e+02 2.862820831882714856e+02
2.158638526095921861e+02 2.856247110950878891e+02
2.150852850637023437e+02 2.849602407476658072e+02
2.143117844091892721e+02 2.842885597939721265e+02
2.135435691206608055e+02 2.836095634764642455e+02
2.127808611504349869e+02 2.829231594499728999e+02
2.120238664659688084e+02 2.822292555305527344e+02
2.112727967813891610e+02 2.815277697976438276e+02
2.105278686388521976e+02 2.808186224465671899e+02
2.097893035061534306e+02 2.801017358917843580e+02
2.090573244905873480e+02 2.793770376271917826e+02
2.083321433798951716e+02 2.786444705555889527e+02
2.076139714652637167e+02 2.779039825378386581e+02
2.069030190190495944e+02 2.771555071219121373e+02
2.061995236041088049e+02 2.763990251860710146e+02
2.055036997268047116e+02 2.756344825813749821e+02
2.048157478494786403e+02 2.748618187084297801e+02
2.041359076263684642e+02 2.740810588529488427e+02
2.034643697500443409e+02 2.732921295125668735e+02
2.028013824134528704e+02 2.724950552454323542e+02
2.021471460843449961e+02 2.716897649933845855e+02
2.015019056888117746e+02 2.708762933922188267e+02
2.008658723872828489e+02 2.700546204003962316e+02
2.002392726950907900e+02 2.692247389594462561e+02
1.996223421794491912e+02 2.683866484552521570e+02
1.990153219584185251e+02 2.675403512854393853e+02
1.984184542297779217e+02 2.666858559546467973e+02
1.978319858317935314e+02 2.658231750414473709e+02
1.972561706838093869e+02 2.649523240939533366e+02
1.966912584888106323e+02 2.640732846762639383e+02
1.961375441105997481e+02 2.631861318668866261e+02
1.955952847174624765e+02 2.622908327477750845e+02
1.950647907532706711e+02 2.613874565954018294e+02
1.945463431438735995e+02 2.604759814915333891e+02
1.940402684705887282e+02 2.595564724488928050e+02
1.935468641635232814e+02 2.586289742572859609e+02
1.930662743957047951e+02 2.576936126569955263e+02
1.925985779843477985e+02 2.567505539336735865e+02
1.921438548513954174e+02 2.557999357179238018e+02
1.917022162854994747e+02 2.548419717681485679e+02
1.912737450819269327e+02 2.538767551852640452e+02
1.908585838782221060e+02 2.529044735665284236e+02
1.904568615046197237e+02 2.519252028090244551e+02
1.900687519407400430e+02 2.509391251394185076e+02
1.896944167195901230e+02 2.499463508742627482e+02
1.893340359356873250e+02 2.489469897956573448e+02
1.889878137259117921e+02 2.479411651953670912e+02
1.886559752466894224e+02 2.469290363790030653e+02
1.883387367167271691e+02 2.459106220954190292e+02
1.880363753413036818e+02 2.448861391199526452e+02
1.877491477972204166e+02 2.438556453097079952e+02
1.874773484783550259e+02 2.428192636959834090e+02
1.872212900429820195e+02 2.417771205052719381e+02
1.869813032455694497e+02 2.407292811889448103e+02
1.867577587362081886e+02 2.396759554866955568e+02
1.865510287462716406e+02 2.386171792794752662e+02
1.863615303263739236e+02 2.375531229270754352e+02
1.861896977466137741e+02 2.364839014151050094e+02
1.860359986303861319e+02 2.354096843019107155e+02
1.859009274611150033e+02 2.343306197506457238e+02
1.857850142337821069e+02 2.332468579633779768e+02
1.856888251309949851e+02 2.321585672838935182e+02
1.856129595063809461e+02 2.310659659130735406e+02
1.855580468906369163e+02 2.299692959666064667e+02
1.855247541815554939e+02 2.288687839125271637e+02
1.855137869465519600e+02 2.277647031175536085e+02
1.855258918476597501e+02 2.266573479802265751e+02
1.855618462967145774e+02 2.255470903735756565e+02
1.856224516847618133e+02 2.244343485463089678e+02
1.857085541294862026e+02 2.233195098559320684e+02
1.858210024173708916e+02 2.222031389189816935e+02
1.859606878615012704e+02 2.210857619846046020e+02
1.861285069403689931e+02 2.199680403205141488e+02
1.863253470785742820e+02 2.188507104010037949e+02
1.865521221372570722e+02 2.177344843193791917e+02
1.868096402090121444e+02 2.166203843928549588e+02
1.870987515293333274e+02 2.155092967591638740e+02
1.874202329774048223e+02 2.144023098564669851e+02
1.877747748979729465e+02 2.133005979153369367e+02
1.881629616309309085e+02 2.122054142875448122e+02
1.885852542853232592e+02 2.111180824390301041e+02
1.890420049737214470e+02 2.100399986742758074e+02
1.895333820870020531e+02 2.089726880593827616e+02
1.900579819469554081e+02 2.079192861738513614e+02
1.906139770784047300e+02 2.068821603620275482e+02
1.912001013078181302e+02 2.058621546435175844e+02
1.918152287823304221e+02 2.048600858500219317e+02
1.924583656492374359e+02 2.038768078412937825e+02
1.931284662085828359e+02 2.029130751692891579e+02
1.938244254937264373e+02 2.019695550556429282e+02
1.945451085212737325e+02 2.010468151234848051e+02
1.952894275557005130e+02 2.001452596882028274e+02
1.960561489572485812e+02 1.992653101707071812e+02
1.968441879076160035e+02 1.984071927444215646e+02
1.976524144263385097e+02 1.975711363825179490e+02
1.984797259139942582e+02 1.967573084119195528e+02
1.993250653561124750e+02 1.959657747020795568e+02
2.001874107543476384e+02 1.951965174878490643e+02
2.010657585424307001e+02 1.944495041334434404e+02
2.019591352086461882e+02 1.937246812862826459e+02
2.028667142665422318e+02 1.930219218245538286e+02
2.037875103162604091e+02 1.923411452878172270e+02
2.047208343073014305e+02 1.916820655455753695e+02
2.056657574410706673e+02 1.910445389145120032e+02
2.066215895621123479e+02 1.904283129209663059e+02
2.075876706722170582e+02 1.898331545315033964e+02
2.085632404714863810e+02 1.892588493693225473e+02
2.095477415947970314e+02 1.887050595466619995e+02
2.105404838896808712e+02 1.881715212687392977e+02
2.115409355175067674e+02 1.876579267803602136e+02
2.125485500442109696e+02 1.871639985471152556e+02
2.135628774048411174e+02 1.866894238117215252e+02
2.145833020197424332e+02 1.862339160753926706e+02
2.156094618346428149e+02 1.857971220597828790e+02
2.166409170054925823e+02 1.853787407119215516e+02
2.176772463173395238e+02 1.849784811667910844e+02
2.187180507839883887e+02 1.845960484674778002e+02
2.197629501812903072e+02 1.842311359895195721e+02
2.208117142770788917e+02 1.838834242693815781e+02
2.218638689051747406e+02 1.835526614755797539e+02
2.229192048858959083e+02 1.832385481058682615e+02
2.239774239773798570e+02 1.829408252762480913e+02
2.250382451355450257e+02 1.826592436202494412e+02
2.261014028682476180e+02 1.823935619869332356e+02
2.271666748853058095e+02 1.821435449810444709e+02
2.282338527082892483e+02 1.819089701165355279e+02
2.293026643143436445e+02 1.816896440290816201e+02
2.303729361527985589e+02 1.814853926179024199e+02
2.314444970340238683e+02 1.812960585654919328e+02
2.325171452447560796e+02 1.811214978584891355e+02
2.335906924233422899e+02 1.809615722309595185e+02
2.346649765105283052e+02 1.808161755717672179e+02
2.357398162244880098e+02 1.806852663625712125e+02
2.368150529934992505e+02 1.805688147435093924e+02
2.378906194421960834e+02 1.804667999166108245e+02
2.389661996399581199e+02 1.803792142100499802e+02
2.400418046603365667e+02 1.803060048679172951e+02
2.411171365946853200e+02 1.802470443530332318e+02
2.421920902060278991e+02 1.802021871861007867e+02
2.432665121517361797e+02 1.801712983133949137e+02
2.443402457153949001e+02 1.801542475601940225e+02
2.454131390902144005e+02 1.801509276497368433e+02
2.464850450492846221e+02 1.801612834870056759e+02
2.475558177769732708e+02 1.801852714544923515e+02
2.486253122140919913e+02 1.802228516367524946e+02
2.496934384250307346e+02 1.802739945066880694e+02
2.507599658408433640e+02 1.803386719903357118e+02
2.518248043530016957e+02 1.804168877717590078e+02
2.528878115628021703e+02 1.805086536825570249e+02
2.539488198450806635e+02 1.806139812057182041e+02
2.550076670952711027e+02 1.807328823523635890e+02
2.560642844179997155e+02 1.808653832682282712e+02
2.571184090037099850e+02 1.810114792358271529e+02
2.581699443669971856e+02 1.811711803500057840e+02
2.592187331043252811e+02 1.813444962121384947e+02
2.602646157042527761e+02 1.815314379733785302e+02
2.613074320551727965e+02 1.817320020079996823e+02
2.623470254534320247e+02 1.819461319980337635e+02
2.633832402259799323e+02 1.821737617162920913e+02
2.644159207836210612e+02 1.824148261974086154e+02
2.654449114664498666e+02 1.826692616335890591e+02
2.664700598267144187e+02 1.829369775693355109e+02
2.674912271874395628e+02 1.832177835150120018e+02
2.685082880463431820e+02 1.835114693863452544e+02
2.695211332137159843e+02 1.838178321601889138e+02
2.705295825917939396e+02 1.841366494606251649e+02
2.715335532602196622e+02 1.844676854769873273e+02
2.725329938100438767e+02 1.848105830530161882e+02
2.735277453107507881e+02 1.851649173899178322e+02
2.745178178581282395e+02 1.855303083969599243e+02
2.755031070910866902e+02 1.859063474296169147e+02
2.764835946823222343e+02 1.862926183015257493e+02
2.774592581290646649e+02 1.866885729580637872e+02
2.784301250552023816e+02 1.870936428725438248e+02
2.793961949899814385e+02 1.875072477192439067e+02
2.803575539204740039e+02 1.879288399066992667e+02
2.813142008698653740e+02 1.883578214801580089e+02
2.822662731757578172e+02 1.887935659941630036e+02
2.832138611604377161e+02 1.892354092725294947e+02
2.841570841308970898e+02 1.896826922169458101e+02
2.850961087204465230e+02 1.901347778991776636e+02
2.860310847859596493e+02 1.905910229070916557e+02
2.869621829063920018e+02 1.910507843073835375e+02
2.878896099384296576e+02 1.915134348235310426e+02
2.888135873549204575e+02 1.919783592682216238e+02
2.897343283330957888e+02 1.924449336106205237e+02
2.906520691539192853e+02 1.929126074295376156e+02
2.915669521138712525e+02 1.933811598934143490e+02
2.924790847252953085e+02 1.938504900805450859e+02
2.933885783456676677e+02 1.943205048189563513e+02
2.942955360648604710e+02 1.947911029878511329e+02
2.952000747994484300e+02 1.952622066508372143e+02
2.961022857295795347e+02 1.957337992716304598e+02
2.970022517743915955e+02 1.962058909585970241e+02
2.979000556991907729e+02 1.966784952073813884e+02
2.987957807278275482e+02 1.971516330439883689e+02
2.996895048722623187e+02 1.976253239142521068e+02
3.005812988331381348e+02 1.980996260091127397e+02
3.014712246397690478e+02 1.985746122901680621e+02
3.023593428059998018e+02 1.990503586386763004e+02
3.032457124169014833e+02 1.995269438432147240e+02
3.041303904353248981e+02 2.000044511656743111e+02
3.050134268293521131e+02 2.004829786510662757e+02
3.058948656540189859e+02 2.009626352758068606e+02
3.067747516989606993e+02 2.014435274534046698e+02
3.076531265265581965e+02 2.019257667015650100e+02
3.085300294430563213e+02 2.024094675367453817e+02
3.094054968699595634e+02 2.028947487667267069e+02
3.102795626738451347e+02 2.033817326546667914e+02
3.111522585439962540e+02 2.038705440977080912e+02
3.120236139700191984e+02 2.043613106171576419e+02
3.128936665294929753e+02 2.048541512262357287e+02
3.137625046078258038e+02 2.053491257119921727e+02
3.146302201727342549e+02 2.058462629303038796e+02
3.154968931550250772e+02 2.063455922803806004e+02
3.163626007097952879e+02 2.068471454781299599e+02
3.172274166313868591e+02 2.073509562183952823e+02
3.180914111316187700e+02 2.078570605602384092e+02
3.189546509916649484e+02 2.083654966921724565e+02
3.198171986834429390e+02 2.088763061632128881e+02
3.206791145539889385e+02 2.093895312652952612e+02
3.215404566780410960e+02 2.099052141716744018e+02
3.224012747973108617e+02 2.104234065391052582e+02
3.232616128423908890e+02 2.109441654216857103e+02
3.241215114125453169e+02 2.114675494340793307e+02
3.249810072754886505e+02 2.119936207739445422e+02
3.258401332317426409e+02 2.125224430830042763e+02
3.266989102005269956e+02 2.130540893813556238e+02
3.275573495579697578e+02 2.135886470218323154e+02
3.284154578824682744e+02 2.141262037993968192e+02
3.292732383103931397e+02 2.146668542372654827e+02
3.301306863761771524e+02 2.152106848092049916e+02
3.309877800609775704e+02 2.157578067441251335e+02
3.318444804427623467e+02 2.163083506441725774e+02
3.327007449381869719e+02 2.168624577666002153e+02
3.335565149790411965e+02 2.174202430831248591e+02
3.344117333582710216e+02 2.179818485014195346e+02
3.352662075064195051e+02 2.185475738402905961e+02
3.361196113224794431e+02 2.191178064814882305e+02
3.369716168743039475e+02 2.196929448515980994e+02
3.378218914677195812e+02 2.202734022056888534e+02
3.386700555051043011e+02 2.208595255317073338e+02
3.395157698351833346e+02 2.214517149787445476e+02
3.403586473417885827e+02 2.220503023736835928e+02
3.411983190887592627e+02 2.226556500127128686e+02
3.420343834748395579e+02 2.232680835249186089e+02
3.428664481118515255e+02 2.238879464393687613e+02
3.436941092829565036e+02 2.245155096326008106e+02
3.445170213494351401e+02 2.251510779840519376e+02
3.453347675152735974e+02 2.257948575230159918e+02
3.461469827976076772e+02 2.264471277584680990e+02
3.469532682425884218e+02 2.271081328840832043e+02
3.477532375409557517e+02 2.277780401409429203e+02
3.485465717378481827e+02 2.284570178817650117e+02
3.493329332774989098e+02 2.291452134338150586e+02
3.501119795648258446e+02 2.298427733540934810e+02
3.508833442574697301e+02 2.305498064233260322e+02
3.516467212300579490e+02 2.312664171365682648e+02
3.524018342549393310e+02 2.319926542750544058e+02
3.531484046858912507e+02 2.327285609351182529e+02
3.538861488913374842e+02 2.334741764498224654e+02
3.546147790176909211e+02 2.342295355199614733e+02
3.553340358185393484e+02 2.349946531901213120e+02
3.560436898537925572e+02 2.357695121886601157e+02
3.567434941283752892e+02 2.365540612572515613e+02
3.574332211707135230e+02 2.373482822236328218e+02
3.581126482500216071e+02 2.381521788364372583e+02
3.587815133375133314e+02 2.389656601520827337e+02
3.594396148131140762e+02 2.397886980052081753e+02
3.600867263159957474e+02 2.406212296526345824e+02
3.607226232468702278e+02 2.414632015221019969e+02
3.613470588766849687e+02 2.423145220443665835e+02
3.619598116824979002e+02 2.431751743259284808e+02
3.625606073794974122e+02 2.440450833754614166e+02
3.631491710000826174e+02 2.449241744879655016e+02
3.637252371874873802e+02 2.458123999355014746e+02
3.642885229117591734e+02 2.467096903352052664e+02
3.648387114753642777e+02 2.476159864944045239e+02
3.653754394560751848e+02 2.485312537508061155e+02
3.658983357862563821e+02 2.494554678332752076e+02
3.664069869959411108e+02 2.503885148709641157e+02
3.669010213717079409e+02 2.513303861880155239e+02
3.673799648054588260e+02 2.522810144491650703e+02
3.678432552233703632e+02 2.532403994839137624e+02
3.682902913544770627e+02 2.542084833979238567e+02
3.687204825549268890e+02 2.551852504414592033e+02
3.691332076708452519e+02 2.561706285830185266e+02
3.695279428747818997e+02 2.571644716272986670e+02
3.699043569087120886e+02 2.581665228664529081e+02
3.702621315548885832e+02 2.591765031859462169e+02
3.706009423456827676e+02 2.601941309359137904e+02
3.709204629232885964e+02 2.612191541859651238e+02
3.712203113868396827e+02 2.622511791280426792e+02
3.715001237229630533e+02 2.632899366635306819e+02
3.717595023080389183e+02 2.643350965387874680e+02
3.719980293951808221e+02 2.653862708597598612e+02
3.722152883463695616e+02 2.664430979131224717e+02
3.724108672912700513e+02 2.675051311896516495e+02
3.725844148077283080e+02 2.685719044970974210e+02
3.727355837807825765e+02 2.696430050355619983e+02
3.728639837077442962e+02 2.707178109931281256e+02
3.729692490686341557e+02 2.717958365932863103e+02
3.730510444895825231e+02 2.728764806040837243e+02
3.731091676949839098e+02 2.739590763760646723e+02
3.731434324395763156e+02 2.750429439789821799e+02
3.731536440189560153e+02 2.761273857099554903e+02
3.731396012897868673e+02 2.772116310743948588e+02
3.731011727648368037e+02 2.782949063850390985e+02
3.730383973834623816e+02 2.793763759222387648e+02
3.729513448755180320e+02 2.804551661398199940e+02
3.728400825118308148e+02 2.815304318890067634e+02
3.727046930392442050e+02 2.826012121474237233e+02
3.725453076949221440e+02 2.836666311280895911e+02
3.723621933790538492e+02 2.847257310215593407e+02
3.721556586346923154e+02 2.857775503435596534e+02
3.719260336324899185e+02 2.868211312915066742e+02
3.716736501738922698e+02 2.878555523284934452e+02
3.713988933286178167e+02 2.888798324540880458e+02
3.711021891071917480e+02 2.898930547585965769e+02
3.707839973400945155e+02 2.908943061997648556e+02
3.704448065977593387e+02 2.918827025406905591e+02
3.700851537173493284e+02 2.928573903974954078e+02
3.697055648390175975e+02 2.938175695575156965e+02
3.693064847557386656e+02 2.947624647956760668e+02
3.688883788434498001e+02 2.956913530359300353e+02
3.684517578769806505e+02 2.966035816491376522e+02
3.679971595642891202e+02 2.974985611353355921e+02
3.675251798504450562e+02 2.983758334236376299e+02
3.670364373304490755e+02 2.992350155654112314e+02
3.665315745204052291e+02 3.000758602094388721e+02
3.660112560964993236e+02 3.008982811172301126e+02
3.654761538636756200e+02 3.017023193418643814e+02
