3.655817522809080060e+02 3.028251898175242900e+02
3.650577821735959105e+02 3.036440683670812746e+02
3.645155080876431839e+02 3.044482344946740113e+02
3.639551029438025580e+02 3.052379517229773001e+02
3.633768195803863250e+02 3.060133912840598214e+02
3.627809379662230640e+02 3.067747260773020912e+02
3.621677628848340191e+02 3.075221163927793668e+02
3.615376191114172570e+02 3.082557329998506361e+02
3.608908571000879988e+02 3.089757373659039672e+02
3.602278500523334515e+02 3.096822403063424076e+02
3.595489688006726396e+02 3.103754043310909196e+02
3.588546223453434436e+02 3.110553299200857396e+02
3.581452240750629130e+02 3.117221333461874337e+02
3.574211991886229498e+02 3.123759244286108014e+02
3.566829813019760422e+02 3.130167897391297060e+02
3.559309999983561283e+02 3.136448223481429523e+02
3.551656929876697859e+02 3.142600780208912283e+02
3.543874798311006202e+02 3.148626280763980958e+02
3.535967895671876136e+02 3.154525005571667293e+02
3.527940339418887561e+02 3.160297455068344448e+02
3.519796317180399683e+02 3.165943718540497684e+02
3.511539824484764836e+02 3.171464001470516791e+02
3.503174804063039005e+02 3.176858200418594720e+02
3.494705075259665819e+02 3.182126146247966290e+02
3.486134379974192257e+02 3.187267470455118428e+02
3.477466386093354345e+02 3.192281885418580600e+02
3.468704674805460968e+02 3.197168814710981337e+02
3.459852709752731812e+02 3.201927633254664443e+02
3.450913863050773216e+02 3.206557540728411482e+02
3.441891475213465696e+02 3.211057722881251379e+02
3.432788773267395754e+02 3.215427213817580423e+02
3.423608946008127418e+02 3.219664991886580765e+02
3.414355072904197073e+02 3.223769922988131498e+02
3.405030242581730704e+02 3.227740841219329013e+02
3.395637441986295357e+02 3.231576486753769473e+02
3.386179674101446153e+02 3.235275560519695546e+02
3.376659801963195946e+02 3.238836666134665734e+02
3.367080750620182243e+02 3.242258451715773617e+02
3.357445307295503767e+02 3.245539504714308237e+02
3.347756408659099066e+02 3.248678407815411902e+02
3.338016790848664073e+02 3.251673667671352632e+02
3.328229197330538796e+02 3.254523725104925802e+02
3.318396374490720291e+02 3.257227084841933902e+02
3.308521215183612298e+02 3.259782331364333459e+02
3.298606179033417902e+02 3.262187896982030111e+02
3.288654252287566919e+02 3.264442255980227401e+02
3.278667957186581816e+02 3.266543812051343139e+02
3.268649993845302788e+02 3.268490977397405572e+02
3.258603060213890785e+02 3.270282173805386492e+02
3.248529848262617747e+02 3.271915794481076318e+02
3.238433046913742714e+02 3.273390204792588634e+02
3.228315371627169839e+02 3.274704011352593511e+02
3.218179609007713111e+02 3.275858519785437011e+02
3.208028982897363903e+02 3.276856777935344667e+02
3.197866025928122440e+02 3.277701741735004930e+02
3.187693646684424493e+02 3.278396442242050171e+02
3.177514191011773619e+02 3.278943829815070785e+02
3.167330008589289605e+02 3.279346710906543194e+02
3.157143378954261834e+02 3.279607824954863418e+02
3.146956427331037958e+02 3.279729897335543001e+02
3.136771076397154161e+02 3.279715591446458234e+02
3.126589277044183177e+02 3.279567571218643138e+02
3.116412824773239549e+02 3.279288441256290412e+02
3.106243407051416625e+02 3.278880749860573474e+02
3.096082499536427690e+02 3.278346942572307512e+02
3.085931821771379759e+02 3.277689557732270487e+02
3.075792657860627628e+02 3.276911013218004882e+02
3.065666469916396863e+02 3.276013778558474314e+02
3.055554405653174967e+02 3.275000208798659287e+02
3.045457856264418410e+02 3.273872761269080343e+02
3.035377852513201447e+02 3.272633780323611745e+02
3.025315430255239448e+02 3.271285552603192173e+02
3.015271718498107134e+02 3.269830478339459319e+02
3.005247612411678801e+02 3.268270920253125951e+02
2.995243993403312288e+02 3.266609213926722646e+02
2.985261692254952663e+02 3.264847670578441239e+02
2.975301482197258451e+02 3.262988579171296806e+02
2.965364074537900478e+02 3.261034256877872508e+02
2.955450119156061533e+02 3.258987042780736942e+02
2.945560193470938657e+02 3.256849223841416574e+02
2.935694861825808744e+02 3.254623088705376404e+02
2.925854626206065063e+02 3.252310924047156959e+02
2.916039902432659119e+02 3.249915006844807408e+02
2.906251046569385608e+02 3.247437568264462016e+02
2.896488425136738556e+02 3.244880904281640142e+02
2.886752302415555391e+02 3.242247276125131634e+02
2.877042886148732919e+02 3.239538789392279909e+02
2.867360390866547277e+02 3.236757746762306738e+02
2.857704921486462126e+02 3.233906229473369081e+02
2.848076565845823893e+02 3.230986464159450975e+02
2.838475371834598491e+02 3.228000488556899654e+02
2.828901302766428216e+02 3.224950476296035617e+02
2.819354353061099800e+02 3.221838384854328865e+02
2.809834382698324475e+02 3.218666277537424207e+02
2.800341281092170220e+02 3.215436109665419622e+02
2.790874899877708231e+02 3.212149780200237501e+02
2.781434956952360835e+02 3.208809241424907555e+02
2.772021234912468231e+02 3.205416329957733979e+02
2.762633503585824428e+02 3.201972765766718680e+02
2.753271346657633671e+02 3.198480318591991249e+02
2.743934446341188504e+02 3.194940697143978241e+02
2.734622417067508877e+02 3.191355548416630086e+02
2.725335036999377394e+02 3.187725932540279246e+02
2.716072150107314087e+02 3.184052228753203622e+02
2.706833754321338574e+02 3.180334738734840130e+02
2.697619802793179815e+02 3.176573729484798605e+02
2.688430247883430297e+02 3.172769446683662977e+02
2.679265086593240994e+02 3.168922089805917608e+02
2.670124223917233053e+02 3.165031832624312642e+02
2.661007621321217584e+02 3.161098841056095239e+02
2.651915255077831262e+02 3.157123252949531320e+02
2.642847086839339568e+02 3.153105179957372570e+02
2.633803078606112535e+02 3.149044711901221945e+02
2.624783192956711559e+02 3.144941916232298809e+02
2.615787392611963469e+02 3.140796839124080293e+02
2.606815642259515471e+02 3.136609505175646859e+02
2.597867944061306957e+02 3.132379911729053674e+02
2.588944181906935569e+02 3.128108042245999059e+02
2.580044342313971697e+02 3.123793895132266698e+02
2.571168376352394489e+02 3.119437433133156219e+02
2.562316234566164326e+02 3.115038596484199047e+02
2.553487866950004559e+02 3.110597302843103193e+02
2.544683215469765400e+02 3.106113462097213187e+02
2.535902207120349203e+02 3.101586988289851092e+02
2.527144765684968206e+02 3.097017774172725808e+02
2.518410806758757019e+02 3.092405688189795114e+02
2.509699535209333874e+02 3.087750601865523095e+02
2.501009340444380200e+02 3.083052701243762499e+02
2.492339480697760337e+02 3.078312729725685131e+02
2.483689344205202190e+02 3.073531469054426566e+02
2.475058277231331942e+02 3.068709664790907254e+02
2.466445618701521312e+02 3.063848043769469882e+02
2.457850727055839002e+02 3.058947327860241785e+02
2.449272921310996196e+02 3.054008235177332722e+02
2.440711512850838290e+02 3.049031458801038070e+02
2.432165808454531657e+02 3.044017662254227048e+02
2.423635110715017618e+02 3.038967479373234823e+02
2.415118713538624320e+02 3.033881521525378844e+02
2.406615895522152471e+02 3.028760387173971935e+02
2.398125929826802007e+02 3.023604646448519588e+02
2.389648132086798569e+02 3.018414834660794099e+02
2.381181702623422893e+02 3.013191441327322195e+02
2.372725928430120064e+02 3.007934952090579941e+02
2.364280095763933787e+02 3.002645787236989463e+02
2.355843487469460626e+02 2.997324329219487140e+02
2.347415385606868199e+02 2.991970928575182711e+02
2.338995099583746367e+02 2.986585895816033940e+02
2.330581923969129434e+02 2.981169472276492343e+02
2.322175196849493375e+02 2.975721808984143308e+02
2.313774318540985746e+02 2.970243015654763781e+02
2.305378678100032062e+02 2.964733158920043934e+02
2.296987724844877334e+02 2.959192232392495612e+02
2.288601293865010007e+02 2.953619662994295823e+02
2.280220891016303710e+02 2.948013032097950941e+02
2.271848406307937580e+02 2.942369555183659600e+02
2.263485783708160568e+02 2.936686524231795943e+02
2.255135044364807868e+02 2.930961304636265936e+02
2.246798364460195785e+02 2.925191142926597649e+02
2.238478131414454992e+02 2.919373309844529558e+02
2.230176833003769161e+02 2.913505019503044764e+02
2.221897056641601864e+02 2.907583486256328342e+02
2.213641500788255314e+02 2.901606138250609774e+02
2.205412879254586187e+02 2.895570188247581882e+02
2.197214123919648330e+02 2.889473202573902313e+02
2.189048110306759156e+02 2.883312478927028906e+02
2.180917931257081079e+02 2.877085609197749818e+02
2.172826694926566233e+02 2.870790172561644908e+02
2.164777487931368682e+02 2.864423613204872368e+02
2.156773551308615424e+02 2.857984036048572989e+02
2.148817917364746108e+02 2.851469253267421777e+02
2.140913784952271044e+02 2.844877194879865669e+02
2.133064467397917667e+02 2.838205903730494697e+02
2.125273307892635160e+02 2.831453618881452030e+02
2.117543333009839728e+02 2.824618740769455485e+02
2.109877608060044167e+02 2.817699845882636964e+02
2.102279266371184292e+02 2.810695558222691375e+02
2.094751510142814936e+02 2.803604551145781443e+02
2.087297537885127667e+02 2.796425608928023507e+02
2.079920262108752809e+02 2.789157850197682933e+02
2.072622545495416375e+02 2.781800510074711497e+02
2.065407238587989980e+02 2.774352683928110537e+02
2.058277519924400565e+02 2.766814018198013514e+02
2.051236282305887357e+02 2.759183800354555274e+02
2.044286134945803042e+02 2.751461360816555271e+02
2.037430112089178635e+02 2.743647038805283955e+02
2.030670675054940659e+02 2.735740081829246719e+02
2.024010952143920008e+02 2.727740855438503331e+02
2.017453513633116984e+02 2.719648676646368131e+02
2.011001430916768697e+02 2.711464074306514931e+02
2.004657383774831771e+02 2.703186988134278863e+02
1.998424223119066880e+02 2.694817526657517419e+02
1.992304900550633135e+02 2.686355892929639140e+02
1.986302446836551781e+02 2.677802335708566375e+02
1.980420019414983130e+02 2.669157126638913837e+02
1.974660874162562720e+02 2.660420586448584004e+02
1.969028347903913811e+02 2.651593102965739490e+02
1.963525728758606590e+02 2.642674735173273461e+02
1.958156852179688769e+02 2.633666570110576686e+02
1.952925434504914790e+02 2.624568407506782819e+02
1.947835912544428254e+02 2.615381138062690525e+02
1.942892410714088953e+02 2.606104743536049568e+02
1.938099558598339058e+02 2.596740205267543047e+02
1.933461576896861800e+02 2.587288416143116478e+02
1.928980232056723025e+02 2.577751611597083183e+02
1.924656197278883099e+02 2.568132687134034313e+02
1.920490137211405397e+02 2.558434277595283959e+02
1.916483022215735446e+02 2.548659828676255472e+02
1.912635510608678828e+02 2.538811590527535316e+02
1.908948854224253466e+02 2.528892807088240318e+02
1.905424150219908768e+02 2.518905644862429938e+02
1.902062922202653965e+02 2.508853370391137787e+02
1.898866547516987850e+02 2.498738584437015504e+02
1.895836542957990218e+02 2.488563947638769775e+02
1.892974429871231052e+02 2.478332376222410574e+02
1.890281780131822416e+02 2.468047200473115197e+02
1.887760067322428199e+02 2.457710494333115321e+02
1.885411275371743898e+02 2.447326201304831557e+02
1.883237144042768136e+02 2.436896870015231684e+02
1.881239386959043713e+02 2.426425784679188666e+02
1.879419634691761871e+02 2.415916338268770289e+02
1.877779642198262877e+02 2.405371435830710709e+02
1.876321422312669540e+02 2.394795221367430713e+02
1.875046953955732363e+02 2.384190424487890425e+02
1.873958174575790281e+02 2.373560975812502534e+02
1.873056888044448556e+02 2.362910398505327692e+02
1.872345083252193376e+02 2.352242625618766567e+02
1.871824896613239844e+02 2.341561400394783163e+02
1.871498660188685790e+02 2.330870465409955443e+02
1.871368663674532797e+02 2.320173697542278433e+02
1.871437180071999649e+02 2.309475279954006623e+02
1.871706611177724540e+02 2.298779462954605890e+02
1.872179565604057530e+02 2.288090292492231015e+02
1.872858843042026251e+02 2.277412015760586996e+02
1.873747343580350559e+02 2.266748888589533806e+02
1.874847998922188026e+02 2.256105479983247619e+02
1.876163818443535831e+02 2.245486429343060877e+02
1.877698087303836587e+02 2.234895992674497904e+02
1.879454016765678546e+02 2.224339186051863351e+02
1.881435069894258731e+02 2.213820536739043803e+02
1.883644700952407902e+02 2.203345000550890518e+02
1.886086291044995562e+02 2.192917577808495935e+02
1.888763451596645666e+02 2.182542808349240033e+02
1.891679134638154665e+02 2.172226352264232219e+02
1.894836709915321364e+02 2.161972798460419369e+02
1.898239282101412186e+02 2.151787300312198283e+02
1.901889583180252714e+02 2.141674948944566097e+02
1.905789900476282526e+02 2.131640720504232718e+02
1.909942028807064389e+02 2.121689426962875302e+02
1.914347565953274852e+02 2.111825829276279194e+02
1.919007474351178644e+02 2.102054900343622421e+02
1.923913460006530158e+02 2.092387701260887809e+02
1.929053830142222239e+02 2.082830641288183813e+02
1.934419736708121036e+02 2.073382782439661014e+02
1.940006213456454702e+02 2.064044999747662814e+02
1.945811897611042980e+02 2.054820922895980857e+02
1.951834863316774431e+02 2.045714437665938306e+02
1.958072395732368705e+02 2.036729593014285911e+02
1.964521139150052988e+02 2.027870493024884411e+02
1.971177850513733745e+02 2.019141201678727384e+02
1.978038247628635986e+02 2.010546635584259150e+02
1.985098404854183514e+02 2.002091160215602486e+02
1.992353632986436764e+02 1.993779539784827080e+02
1.999798902192380012e+02 1.985616525836337871e+02
2.007429074994436178e+02 1.977606654431642994e+02
2.015238902678161139e+02 1.969754322635243113e+02
2.023222841982203306e+02 1.962064049247070443e+02
2.031375135040377984e+02 1.954540388147202634e+02
2.039690665714377360e+02 1.947187565584567892e+02
2.048162714793020314e+02 1.940009946209721079e+02
2.056786195819031775e+02 1.933010296034125588e+02
2.065554049987982239e+02 1.926192337557145322e+02
2.074460711538951045e+02 1.919559063476777681e+02
2.083500661783328951e+02 1.913113603062031132e+02
2.092667170732528064e+02 1.906858696558462611e+02
2.101954600182668571e+02 1.900795429247083348e+02
2.111356173420189180e+02 1.894925320817581564e+02
2.120866289409995318e+02 1.889249501816642578e+02
2.130479169688743184e+02 1.883769270675808798e+02
2.140189562087600734e+02 1.878485051639063670e+02
2.149990491574787939e+02 1.873396551728272073e+02
2.159877101976310030e+02 1.868502790342606659e+02
2.169843929605251560e+02 1.863803140208498519e+02
2.179885690260085198e+02 1.859296982556124931e+02
2.189997186153636051e+02 1.854983194929591832e+02
2.200173222340501411e+02 1.850859808749835338e+02
2.210409999442366882e+02 1.846924617982676864e+02
2.220701620876756692e+02 1.843175928507607750e+02
2.231044620980329398e+02 1.839611573126570647e+02
2.241434758472269948e+02 1.836229485219459434e+02
2.251867927950650881e+02 1.833027256191160461e+02
2.262340237488567425e+02 1.830002460282063339e+02
2.272848272738686717e+02 1.827152679425581141e+02
2.283388825703830776e+02 1.824475573260027090e+02
2.293958157091163343e+02 1.821968987073181552e+02
2.304553496911918273e+02 1.819630829095347053e+02
2.315172167571533350e+02 1.817459123576876152e+02
2.325811268632373014e+02 1.815451989883666215e+02
2.336468084376513445e+02 1.813607575747922169e+02
2.347140213232461861e+02 1.811924369539694055e+02
2.357825136947936358e+02 1.810401576925576990e+02
2.368520598837319824e+02 1.809038512773974503e+02
2.379225260550320513e+02 1.807834566516368966e+02
2.389935435883384400e+02 1.806789230313369785e+02
2.400650605768275341e+02 1.805901389616368533e+02
2.411367289547839903e+02 1.805168797540562480e+02
2.422083913497968410e+02 1.804588968349301865e+02
2.432798494589952725e+02 1.804159506311458188e+02
2.443509068584612578e+02 1.803878053889361865e+02
2.454213773742732769e+02 1.803742619245943786e+02
2.464910846063684744e+02 1.803752098345064496e+02
2.475598564080012807e+02 1.803905554626624337e+02
2.486275238226883744e+02 1.804202083113958679e+02
2.496939740404278325e+02 1.804640878089724083e+02
2.507589593331559286e+02 1.805221215046300642e+02
2.518223706488657001e+02 1.805942882176995568e+02
2.528840491103318016e+02 1.806805780204059886e+02
2.539438122442407177e+02 1.807809803655438259e+02
2.550014839732464509e+02 1.808954849887490184e+02
2.560569802144148639e+02 1.810240993515836863e+02
2.571100273932772211e+02 1.811668119268631472e+02
2.581605149371278003e+02 1.813236279042659760e+02
2.592082730129607171e+02 1.814945518284695538e+02
2.602531300349066896e+02 1.816795896040153764e+02
2.612949140677882269e+02 1.818787331372492417e+02
2.623334565738451261e+02 1.820919246679507921e+02
2.633685901534346954e+02 1.823190970151504473e+02
2.644001476324326063e+02 1.825601840840502632e+02
2.654279618957231150e+02 1.828151207652246057e+02
2.664518693722679927e+02 1.830838134073293588e+02
2.674717212490969018e+02 1.833660618698362157e+02
2.684873822525034939e+02 1.836616448261979713e+02
2.694987334127436043e+02 1.839703478301758821e+02
2.705055872226594715e+02 1.842919372628667247e+02
2.715078519691368797e+02 1.846261620060457460e+02
2.725054699808567307e+02 1.849726349392557267e+02
2.734982813693120534e+02 1.853308983160754337e+02
2.744862911900924587e+02 1.857005382725159848e+02
2.754693949999984852e+02 1.860811131332401658e+02
2.764475735863597947e+02 1.864721696912717732e+02
2.774208093325122491e+02 1.868731074811725250e+02
2.783891359326105999e+02 1.872833012193194406e+02
2.793525625533370658e+02 1.877021145063872893e+02
2.803111827768231024e+02 1.881289431673803278e+02
2.812650107232706205e+02 1.885631325826492741e+02
2.822141965833787935e+02 1.890039907508611918e+02
2.831588498564838119e+02 1.894507869260625057e+02
2.840991105695752594e+02 1.899027958791362494e+02
2.850351656252108796e+02 1.903593144717279984e+02
2.859671893766395101e+02 1.908196349614349572e+02
2.868953779853058563e+02 1.912830542296965461e+02
2.878199635996013512e+02 1.917488860778970832e+02
2.887411945403823665e+02 1.922164569554861941e+02
2.896593158375238204e+02 1.926850861307846969e+02
2.905745912024607378e+02 1.931541778314798421e+02
2.914871705810370486e+02 1.936235320862658682e+02
2.923971609042976070e+02 1.940930923029341102e+02
2.933046711888860045e+02 1.945628092754192551e+02
2.942098035770688398e+02 1.950326265247212802e+02
2.951126697515602473e+02 1.955025098305458187e+02
2.960133547201054398e+02 1.959724885438232320e+02
2.969119336356721419e+02 1.964426191515293283e+02
2.978084801847955987e+02 1.969129611715866872e+02
2.987030663502492871e+02 1.973835809274535791e+02
2.995957602689428541e+02 1.978545434236762048e+02
3.004866198832459077e+02 1.983259486436803058e+02
3.013756944559860926e+02 1.987979102319139599e+02
3.022630305370753945e+02 1.992705443004124390e+02
3.031486720202240122e+02 1.997439693809622270e+02
3.040326596093148623e+02 2.002183075941662196e+02
3.049150270895489712e+02 2.006936925002999317e+02
3.057958011686115469e+02 2.011702664596532770e+02
3.066750100582179357e+02 2.016481696027032910e+02
3.075526758139320123e+02 2.021275457330664267e+02
3.084288177635705210e+02 2.026085410574899299e+02
3.093034522739641261e+02 2.030913034988238053e+02
3.101765926109730458e+02 2.035759828120901034e+02
3.110482488298123940e+02 2.040627307166448077e+02
3.119184277427976895e+02 2.045517008587755754e+02
3.127871460137120039e+02 2.050430390793361539e+02
3.136544825793528162e+02 2.055368371402863374e+02
3.145205103045067858e+02 2.060331499245695852e+02
3.153852827141872126e+02 2.065320285449445237e+02
3.162488503819280368e+02 2.070335260741398429e+02
3.171112598778542520e+02 2.075376967954762790e+02
3.179725541381097287e+02 2.080445956882214489e+02
3.188327724195877408e+02 2.085542786105395692e+02
3.196919487258214190e+02 2.090668038775029345e+02
3.205501149859546217e+02 2.095822302811542386e+02
3.214073006736826983e+02 2.101006158089145401e+02
3.222635269904861275e+02 2.106220244164018141e+02
3.231188102973559353e+02 2.111465236787754520e+02
3.239731632424617942e+02 2.116741820968894956e+02
3.248265938214252060e+02 2.122050708207850676e+02
3.256791065077163694e+02 2.127392618800623438e+02
3.265306976547827276e+02 2.132768322419228184e+02
3.273813546278702233e+02 2.138178684362454760e+02
3.282310605759129203e+02 2.143624573839776417e+02
3.290797940186986352e+02 2.149106914152673653e+02
3.299275288161252888e+02 2.154626557865536540e+02
3.307742265724686490e+02 2.160184504614501577e+02
3.316198369088630216e+02 2.165781877408715275e+02
3.324643048138583481e+02 2.171419890620329340e+02
3.333075650494672004e+02 2.177099540175665027e+02
3.341495518689033020e+02 2.182822020225950723e+02
3.349901070052341652e+02 2.188589604273588520e+02
3.358289820661509566e+02 2.194405104201149754e+02
3.366659271149162578e+02 2.200271421351895924e+02
3.375006872979827222e+02 2.206191600231446444e+02
3.383329738795867456e+02 2.212168144797626610e+02
3.391625249596800131e+02 2.218204042013584854e+02
3.399890400880391894e+02 2.224301753840376534e+02
3.408122323277117403e+02 2.230464004763667560e+02
3.416317895582932920e+02 2.236693225359202017e+02
3.424474062372386811e+02 2.242992011006512030e+02
3.432587616329905131e+02 2.249362436177324582e+02
3.440655732520455672e+02 2.255806949207830598e+02
3.448675022221469249e+02 2.262327174871693103e+02
3.456642505292790020e+02 2.268925360788597061e+02
3.464554917522760320e+02 2.275603475272070852e+02
3.472409007905639555e+02 2.282362934613111918e+02
3.480201967081693510e+02 2.289205267236606289e+02
3.487930819430291081e+02 2.296131832581994274e+02
3.495592538976627566e+02 2.303143985815608517e+02
3.503183898496760662e+02 2.310242761260331577e+02
3.510702080295633323e+02 2.317429231238887439e+02
3.518144413165337596e+02 2.324704076238355697e+02
3.525508189204143150e+02 2.332067927523574440e+02
3.532790647244580100e+02 2.339521378801634341e+02
3.539988978076057151e+02 2.347064979601663026e+02
3.547100561592504278e+02 2.354699139621861832e+02
3.554122967189835549e+02 2.362424025571247910e+02
3.561053603211875043e+02 2.370239501567436093e+02
3.567890028491400471e+02 2.378145707334032579e+02
3.574629822572984494e+02 2.386142967825669530e+02
3.581270231579437677e+02 2.394230769578747413e+02
3.587809011139191853e+02 2.402409127557234285e+02
3.594243692035448703e+02 2.410677747409061453e+02
3.600571805440810635e+02 2.419036404416604285e+02
3.606790683505134893e+02 2.427484528232448611e+02
3.612897904222562033e+02 2.436022160433394674e+02
3.618890649202933787e+02 2.444648780452357073e+02
3.624766090456017196e+02 2.453363855953948018e+02
3.630521469257854505e+02 2.462167083768822806e+02
3.636153862663090877e+02 2.471057961936471088e+02
3.641660125111099546e+02 2.480036019947906993e+02
3.647036821101855821e+02 2.489100922530409150e+02
3.652280448074609467e+02 2.498252419933816384e+02
3.657387132976456883e+02 2.507489466289022459e+02
3.662353353921398025e+02 2.516811944293452825e+02
3.667174831685154004e+02 2.526219139450591058e+02
3.671846755908719615e+02 2.535710807503076012e+02
3.676363998498458727e+02 2.545286193560962147e+02
3.680721518645892729e+02 2.554944934168094619e+02
3.684914006253469552e+02 2.564686183842011928e+02
3.688937163104167212e+02 2.574508388993576773e+02
3.692788674989809579e+02 2.584408919823983979e+02
3.696466378214982456e+02 2.594384973191333756e+02
3.699968057085120563e+02 2.604433765898436377e+02
3.703291474762312987e+02 2.614552828373736588e+02
3.706433930134225534e+02 2.624738461308951969e+02
3.709392902344003460e+02 2.634988122109907636e+02
3.712165572850368562e+02 2.645298778318638711e+02
3.714748946358035937e+02 2.655666938700942410e+02
3.717140030144663569e+02 2.666089412652266901e+02
3.719335770767267491e+02 2.676562346345923515e+02
3.721333425169431735e+02 2.687081843618693142e+02
3.723130232094789562e+02 2.697644569917614490e+02
3.724723036639679208e+02 2.708245350542194387e+02
3.726108878442943251e+02 2.718880321212115518e+02
3.727284812280689721e+02 2.729544698477678821e+02
3.728248517181886541e+02 2.740233292133695500e+02
3.728997692919375027e+02 2.750940845425739667e+02
3.729529909996099946e+02 2.761661976996714998e+02
3.729842628484197462e+02 2.772390660444784203e+02
3.729933602773838857e+02 2.783120930618763396e+02
3.729801350348971027e+02 2.793846373621603334e+02
3.729444476399169162e+02 2.804560196318960266e+02
3.728861472537565760e+02 2.815255853194956899e+02
3.728050889842627953e+02 2.825925589072996900e+02
3.727011458264028647e+02 2.836562474903677753e+02
3.725742576975952147e+02 2.847158700645151725e+02
3.724243848230492517e+02 2.857706268260659499e+02
3.722514977502175952e+02 2.868197034580052787e+02
3.720555573822363726e+02 2.878623095153370173e+02
3.718365678984271199e+02 2.888975588279051294e+02
3.715945669925862376e+02 2.899246144703259915e+02
3.713296172402440902e+02 2.909426113269189500e+02
3.710418015915045089e+02 2.919506823111673270e+02
3.707312461417884606e+02 2.929479447057072434e+02
3.703980867490786295e+02 2.939335451277467541e+02
3.700424623262974251e+02 2.949066235979766475e+02
3.696645512371276254e+02 2.958663359358051252e+02
3.692645814281719936e+02 2.968118693348916963e+02
3.688428108458370502e+02 2.977424505716796830e+02
3.683995789058687933e+02 2.986573546916606574e+02
3.679352546695675983e+02 2.995559259245604835e+02
3.674502592838479700e+02 3.004375806450225923e+02
3.669450717645627265e+02 3.013018366623646216e+02
3.664202084804096557e+02 3.021483113096485908e+02
