3.652490565920298877e+02 3.026539667437979801e+02
3.647441965716444656e+02 3.034688278592929009e+02
3.642212417187390656e+02 3.042703865007177342e+02
3.636802261337216464e+02 3.050589568744734379e+02
3.631212895646627885e+02 3.058347047701190036e+02
3.625446055996735595e+02 3.065977828802745648e+02
3.619503818522814527e+02 3.073483165163987678e+02
3.613388525135399050e+02 3.080864330265583249e+02
3.607102877826811209e+02 3.088122393956413703e+02
3.600649950752240329e+02 3.095257789738711836e+02
3.594032806338993851e+02 3.102271499378471731e+02
3.587255056219270273e+02 3.109163753101156544e+02
3.580320396571307242e+02 3.115934926188734266e+02
3.573232724203419934e+02 3.122585301312385013e+02
3.565996112491359327e+02 3.129114907578677389e+02
3.558614648147569710e+02 3.135523853447880924e+02
3.551092579088467005e+02 3.141811850527294609e+02
3.543433957577088904e+02 3.147978736727320666e+02
3.535643000587314759e+02 3.154023889194362482e+02
3.527723780401285012e+02 3.159946936184591664e+02
3.519680503535631146e+02 3.165747100400961358e+02
3.511517205615470516e+02 3.171423741169652999e+02
3.503237884053780249e+02 3.176975878775774049e+02
3.494846435932041686e+02 3.182402471249731093e+02
3.486346707911188787e+02 3.187702298405555439e+02
3.477742508099066185e+02 3.192874236199996858e+02
3.469037566387286233e+02 3.197916897910407670e+02
3.460235527369906094e+02 3.202828858518888069e+02
3.451339951784845539e+02 3.207608539663002034e+02
3.442354398166547185e+02 3.212254361242615346e+02
3.433282309038144717e+02 3.216764615314168623e+02
3.424127115816017408e+02 3.221137556584336608e+02
3.414892154325141291e+02 3.225371396674545394e+02
3.405580801442077359e+02 3.229464345611878002e+02
3.396196324047402868e+02 3.233414539324072621e+02
3.386742024975974914e+02 3.237220083901463568e+02
3.377221052250893081e+02 3.240879016958093075e+02
3.367636656559236599e+02 3.244389497513928404e+02
3.357991937685632138e+02 3.247749674666316650e+02
3.348290180500109727e+02 3.250957695553551616e+02
3.338534433968239341e+02 3.254011651214208882e+02
3.328727763650799147e+02 3.256909579968769322e+02
3.318873247218566576e+02 3.259649637805809448e+02
3.308974135729121713e+02 3.262230087641467549e+02
3.299033177546579054e+02 3.264649062008525107e+02
3.289053734004886564e+02 3.266904727401351920e+02
3.279038626781751304e+02 3.268995198174983443e+02
3.268990880757241371e+02 3.270918575533431749e+02
3.258913516539425359e+02 3.272672964290704840e+02
3.248809549138301804e+02 3.274256447071572325e+02
3.238681991200995185e+02 3.275667084887767260e+02
3.228533887362266341e+02 3.276903231052098704e+02
3.218368376356741010e+02 3.277966416413930233e+02
3.208189085962719105e+02 3.278860197035760962e+02
3.197998867280087438e+02 3.279588053251633823e+02
3.187800977312182340e+02 3.280153542354179308e+02
3.177598042939645779e+02 3.280560146002897568e+02
3.167392685406882151e+02 3.280811162496785300e+02
3.157187438130371220e+02 3.280909799367254891e+02
3.146984657135398606e+02 3.280859253474918091e+02
3.136786472304584095e+02 3.280662662934360014e+02
3.126595032350198267e+02 3.280323170234414647e+02
3.116412309453153853e+02 3.279843878722626300e+02
3.106240149936054422e+02 3.279227849785578428e+02
3.096080170626688073e+02 3.278478043854296970e+02
3.085934220663493193e+02 3.277597515498958387e+02
3.075803694051734283e+02 3.276589203497997573e+02
3.065690144802142640e+02 3.275456153354487583e+02
3.055594799677533615e+02 3.274201337921012396e+02
3.045519098633141084e+02 3.272827832786002773e+02
3.035464116823387712e+02 3.271338600892940462e+02
3.025430918814886923e+02 3.269736550981479013e+02
3.015420622835520703e+02 3.268024765702468812e+02
3.005434106468355822e+02 3.266206341212104576e+02
2.995472210266933075e+02 3.264284346184161336e+02
2.985535703824746179e+02 3.262261822898091168e+02
2.975625279856502061e+02 3.260141791304941989e+02
2.965741545313280767e+02 3.257927337787381248e+02
2.955885021143114955e+02 3.255621603827618742e+02
2.946056144064033333e+02 3.253227677874348842e+02
2.936255301278141019e+02 3.250748644306464712e+02
2.926482794657514432e+02 3.248187580929076148e+02
2.916738835453955403e+02 3.245547554822429106e+02
2.907023573584835958e+02 3.242831586945334834e+02
2.897337089237046825e+02 3.240042748338433398e+02
2.887679372557287252e+02 3.237184074795827087e+02
2.878050403535906980e+02 3.234258451774078935e+02
2.868449990437531483e+02 3.231268885932653347e+02
2.858878026499068028e+02 3.228218155166256906e+02
2.849334176508475593e+02 3.225109136328047725e+02
2.839818230295887815e+02 3.221944548536327488e+02
2.830329682709697181e+02 3.218727196390343011e+02
2.820868269832184865e+02 3.215459648950752012e+02
2.811433374546750770e+02 3.212144456615362174e+02
2.802024559807470041e+02 3.208784089420900614e+02
2.792641297536333695e+02 3.205380945454661514e+02
2.783282821792158188e+02 3.201937443245109307e+02
2.773948551365027697e+02 3.198455851624736965e+02
2.764637883185093870e+02 3.194938242976694482e+02
2.755349900501773845e+02 3.191386694361260652e+02
2.746083903351906770e+02 3.187803250268129887e+02
2.736839075065037719e+02 3.184189863989974469e+02
2.727614898959367338e+02 3.180547487226802446e+02
2.718411015817721932e+02 3.176875816476540990e+02
2.709227348204145756e+02 3.173174464974522948e+02
2.700063756189847481e+02 3.169443001367627062e+02
2.690920116485706899e+02 3.165680974842604201e+02
2.681796377398981122e+02 3.161887922781164662e+02
2.672692348462030623e+02 3.158063377899370039e+02
2.663607944513809684e+02 3.154206881246522016e+02
2.654543115422480923e+02 3.150317949438885989e+02
2.645497802945242256e+02 3.146396072115973084e+02
2.636471953508901720e+02 3.142440746113977639e+02
2.627465511278916210e+02 3.138451489520547284e+02
2.618478432114521866e+02 3.134427804412130172e+02
2.609510687423436934e+02 3.130369173427566807e+02
2.600562310818812080e+02 3.126275059622806793e+02
2.591633179835054079e+02 3.122144920465935911e+02
2.582723311035038591e+02 3.117978288558176700e+02
2.573832680195014859e+02 3.113774660142402695e+02
2.564961273586135349e+02 3.109533510950747655e+02
2.556109087941405278e+02 3.105254296507042682e+02
2.547276115391175324e+02 3.100936482436751476e+02
2.538462329480142614e+02 3.096579568990142093e+02
2.529667708879061649e+02 3.092183040247428494e+02
2.520892232422056054e+02 3.087746357472184400e+02
2.512135017420205827e+02 3.083268900150654304e+02
2.503394257361846371e+02 3.078750299772116250e+02
2.494669321183128261e+02 3.074190918410001245e+02
2.485959758162383082e+02 3.069591185438148386e+02
2.477265076870636449e+02 3.064951494895503856e+02
2.468584789568172653e+02 3.060272228529901213e+02
2.459918447213289596e+02 3.055553769992266098e+02
2.451265571417770843e+02 3.050796495379545945e+02
2.442625686076126215e+02 3.046000761117414299e+02
2.433998319515530113e+02 3.041166900499329131e+02
2.425383004667710907e+02 3.036295223567191215e+02
2.416779281730459843e+02 3.031386013225618967e+02
2.408186701895802742e+02 3.026439520134846362e+02
2.399604822661064532e+02 3.021455970309708619e+02
2.391033258832589752e+02 3.016435566566341890e+02
2.382471502005335822e+02 3.011378461891019356e+02
2.373919165202297847e+02 3.006284808142427210e+02
2.365375894943470314e+02 3.001154658625954426e+02
2.356841347794346859e+02 2.995988031108965970e+02
2.348315189271542351e+02 2.990784920730339422e+02
2.339797124159526049e+02 2.985545293819685071e+02
2.331286857823437231e+02 2.980269039267186031e+02
2.322784179490886061e+02 2.974955926301104796e+02
2.314288961960681661e+02 2.969605691360810056e+02
2.305801074535125963e+02 2.964218037009337650e+02
2.297320459701318782e+02 2.958792606545871422e+02
2.288847365425706926e+02 2.953328577767272236e+02
2.280383475039499785e+02 2.947823593181676642e+02
2.271930803182266345e+02 2.942274984475295696e+02
2.263491413496054179e+02 2.936680158978829240e+02
2.255067445253752680e+02 2.931036599440716373e+02
2.246661183446677228e+02 2.925341674918363424e+02
2.238275105630446262e+02 2.919592799108933150e+02
2.229911781248004843e+02 2.913787331730373467e+02
2.221573874684863199e+02 2.907922631544971637e+02
2.213264162702167539e+02 2.901996275563539029e+02
2.204985414775277377e+02 2.896005628345351397e+02
2.196740585880370418e+02 2.889948458476147835e+02
2.188532549275425367e+02 2.883822262177169478e+02
2.180364399994487314e+02 2.877624837211565705e+02
2.172239240283610400e+02 2.871353963455698590e+02
2.164160129829201935e+02 2.865007286945794931e+02
2.156130252049613603e+02 2.858583166200837695e+02
2.148152551964808197e+02 2.852079658833596909e+02
2.140230138865889558e+02 2.845494940306612079e+02
2.132366232659722982e+02 2.838827297246152170e+02
2.124564074213650713e+02 2.832075214859054313e+02
2.116826556363618579e+02 2.825237349397976914e+02
2.109156600677720519e+02 2.818312535743659737e+02
2.101557190594861879e+02 2.811299651384095455e+02
2.094031372378850619e+02 2.804197618167109454e+02
2.086582184020637953e+02 2.797005462660251283e+02
2.079212378296110160e+02 2.789722535355688251e+02
2.071924654406091122e+02 2.782348296423299985e+02
2.064721691314888403e+02 2.774882057757591269e+02
2.057606498854184167e+02 2.767323687750562726e+02
2.050581793325911804e+02 2.759672676150264010e+02
2.043650029695859303e+02 2.751928526211387407e+02
2.036814105177681995e+02 2.744091754739662292e+02
2.030076325055174777e+02 2.736161762275202705e+02
2.023439670882474104e+02 2.728139081465305935e+02
2.016906556534887045e+02 2.720023169766627120e+02
2.010479943870159900e+02 2.711814681787536188e+02
2.004162407280383320e+02 2.703513660208985812e+02
1.997956691364649657e+02 2.695120316006123176e+02
1.991865639295579626e+02 2.686634952447253681e+02
1.985892176557710229e+02 2.678057911871007377e+02
1.980039389474070504e+02 2.669389534166725753e+02
1.974310475530695328e+02 2.660630197947067472e+02
1.968708711832379663e+02 2.651780347618490055e+02
1.963237324008159987e+02 2.642840094970397899e+02
1.957900091545731414e+02 2.633810582755633050e+02
1.952700697804255583e+02 2.624691641749767541e+02
1.947643561708127606e+02 2.615484193155696744e+02
1.942732786657844599e+02 2.606188244598386063e+02
1.937972982874985632e+02 2.596804807604928556e+02
1.933368357408177474e+02 2.587334800217233237e+02
1.928920718491900175e+02 2.577780456814174386e+02
1.924630807923127236e+02 2.568144662981914053e+02
1.920499360265295934e+02 2.558430048107060202e+02
1.916527416850443331e+02 2.548640057137762653e+02
1.912715704949277722e+02 2.538776946175972853e+02
1.909065519083688116e+02 2.528843980718800992e+02
1.905577986594526863e+02 2.518843360643577682e+02
1.902254659879174312e+02 2.508778387226842597e+02
1.899096945505293377e+02 2.498651701992446874e+02
1.896106386337198728e+02 2.488466012256515967e+02
1.893284502418161708e+02 2.478224294133035812e+02
1.890632847459854986e+02 2.467929943412376304e+02
1.888152878224046276e+02 2.457585112620904795e+02
1.885846554792438781e+02 2.447193812268491229e+02
1.883715592411722923e+02 2.436758674580811430e+02
1.881761650869611060e+02 2.426283072470367586e+02
1.879986288496067743e+02 2.415770493107646928e+02
1.878391185681797708e+02 2.405223944608457884e+02
1.876978271957616187e+02 2.394647657767590374e+02
1.875749442287186639e+02 2.384044473267209412e+02
1.874706525001163016e+02 2.373418419652893760e+02
1.873851200573700737e+02 2.362773128268190703e+02
1.873185326415417080e+02 2.352112631385054158e+02
1.872710901435808353e+02 2.341440774282753807e+02
1.872430112664512478e+02 2.330761401007014513e+02
1.872345093338541062e+02 2.320078486540699600e+02
1.872457948537334005e+02 2.309396301008996204e+02
1.872770903380236973e+02 2.298719174051614402e+02
1.873286381254671085e+02 2.288051231953828619e+02
1.874006987159550306e+02 2.277396789082152111e+02
1.874935423219864674e+02 2.266760160485737856e+02
1.876074418421639791e+02 2.256145951926285136e+02
1.877426770832133798e+02 2.245558823237917068e+02
1.878995544393913519e+02 2.235003055486061498e+02
1.880783723708084096e+02 2.224483635994398298e+02
1.882794542763170966e+02 2.214005068983485955e+02
1.885031228822248011e+02 2.203572243398812986e+02
1.887496934674219062e+02 2.193190063059770409e+02
1.890195037467043448e+02 2.182862972696620432e+02
1.893128274066546908e+02 2.172596430424991922e+02
1.896299788785640601e+02 2.162394856116245023e+02
1.899712478510087692e+02 2.152263159063961382e+02
1.903368887629533788e+02 2.142206144937227066e+02
1.907271142013995302e+02 2.132228463466613846e+02
1.911420906062626273e+02 2.122334560419110119e+02
1.915819663657476610e+02 2.112528783833295734e+02
1.920468300592624189e+02 2.102815623430572032e+02
1.925358832236632054e+02 2.093205038555343265e+02
1.930479920183869353e+02 2.083702514263590899e+02
1.935822889971301493e+02 2.074306665387243811e+02
1.941383015686055558e+02 2.065017984119472771e+02
1.947159237268996321e+02 2.055839784226698441e+02
1.953149938077933712e+02 2.046775682109486638e+02
1.959352715561814762e+02 2.037829495549767671e+02
1.965764521486050285e+02 2.029005139232904753e+02
1.972382410375507220e+02 2.020306563671625781e+02
1.979202439231026460e+02 2.011738590168168912e+02
1.986220967254075447e+02 2.003305561913389568e+02
1.993433589591575412e+02 1.995012229375238064e+02
2.000835540353754709e+02 1.986863357278810440e+02
2.008421940458464405e+02 1.978863553894611300e+02
2.016187800343706442e+02 1.971017348413664081e+02
2.024127818463223605e+02 1.963329406534646182e+02
2.032236456959120403e+02 1.955804441932316138e+02
2.040508774280171735e+02 1.948446868100087670e+02
2.048938257716031330e+02 1.941261241894121667e+02
2.057519963103522969e+02 1.934250597897089676e+02
2.066247013666785506e+02 1.927418897806396956e+02
2.075113963417429943e+02 1.920769403750589674e+02
2.084115398690966288e+02 1.914305514136402735e+02
2.093244699426275588e+02 1.908030228290943171e+02
2.102496286677697128e+02 1.901944908799541452e+02
2.111863459190880974e+02 1.896051337151803011e+02
2.121340656443204296e+02 1.890350915368662186e+02
2.130922136706289223e+02 1.884845207632525899e+02
2.140602654814916264e+02 1.879534887923583710e+02
2.150375249457644884e+02 1.874419870460994275e+02
2.160235037159325486e+02 1.869499389327002632e+02
2.170176537386228404e+02 1.864773022003387553e+02
2.180194444145317334e+02 1.860240350847915352e+02
2.190283525058556506e+02 1.855900428878943842e+02
2.200438535154585793e+02 1.851751421250923215e+02
2.210655608337132776e+02 1.847791252237478545e+02
2.220928811001893735e+02 1.844018345366670530e+02
2.231254611321079722e+02 1.840430655697298050e+02
2.241628709770714636e+02 1.837026216321156653e+02
2.252046935859465577e+02 1.833802686563804230e+02
2.262505333095270714e+02 1.830757702363183057e+02
2.273000421258606707e+02 1.827888904934489744e+02
2.283528928058450447e+02 1.825194010233188919e+02
2.294087057156253309e+02 1.822670910658989669e+02
2.304671973499612534e+02 1.820317550195188971e+02
2.315280936909121010e+02 1.818131985035677189e+02
2.325910989373904272e+02 1.816112363782638397e+02
2.336559358605851457e+02 1.814256861608117219e+02
2.347223587204722435e+02 1.812563996939698256e+02
2.357901105860985069e+02 1.811033012661616795e+02
2.368589606181172371e+02 1.809663260791216715e+02
2.379287692062208350e+02 1.808454167187200028e+02
2.389991639110528467e+02 1.807405257038022057e+02
2.400700863475632332e+02 1.806515423818713657e+02
2.411411839691382397e+02 1.805782363531997703e+02
2.422122938003665524e+02 1.805203524437833664e+02
2.432832127123427881e+02 1.804776443231835970e+02
2.443537398741529785e+02 1.804498693711599060e+02
2.454236850701116168e+02 1.804368219884333655e+02
2.464928682113226728e+02 1.804383866681616553e+02
2.475611137208794617e+02 1.804544647986147083e+02
2.486282494495078197e+02 1.804849608613517091e+02
2.496941591636259830e+02 1.805297892063897507e+02
2.507585931026951584e+02 1.805888719139779823e+02
2.518214392427696282e+02 1.806621813746169209e+02
2.528825363982593615e+02 1.807497010255360124e+02
2.539417002467975237e+02 1.808514136548255635e+02
2.549987530504687641e+02 1.809673023071924263e+02
2.560536084087405584e+02 1.810973667221120138e+02
2.571059927196018862e+02 1.812415847553634762e+02
2.581557941195894728e+02 1.813999503434589826e+02
2.592028424057368738e+02 1.815724567994321887e+02
2.602469659693490485e+02 1.817590988024958563e+02
2.612879933035815725e+02 1.819598557263775547e+02
2.623257570825157359e+02 1.821746528984374436e+02
2.633600917140136630e+02 1.824034053507761541e+02
2.643908323561912539e+02 1.826460292554905038e+02
2.654178147448500908e+02 1.829024418330427295e+02
2.664408788068367357e+02 1.831725307557538258e+02
2.674598802860616615e+02 1.834560733569822730e+02
2.684746891412994501e+02 1.837528249828942535e+02
2.694851920872660571e+02 1.840625479497333856e+02
2.704912091968582217e+02 1.843849857179558569e+02
2.714926556265216391e+02 1.847198640548765809e+02
2.724894811529619574e+02 1.850667722666416921e+02
2.734815362719932068e+02 1.854252294417111102e+02
2.744688341899484385e+02 1.857947982481886982e+02
2.754512816085143072e+02 1.861750141493312753e+02
2.764288695641498066e+02 1.865654020900068133e+02
2.774015911945321022e+02 1.869653446965134265e+02
2.783694905716953372e+02 1.873742011078118423e+02
2.793325886887917022e+02 1.877913197653672057e+02
2.802909897544474234e+02 1.882160811868951100e+02
2.812447211137954355e+02 1.886478178779541679e+02
2.821939421420877352e+02 1.890858324322391013e+02
2.831387728131523431e+02 1.895293916158592538e+02
2.840793635479797672e+02 1.899777678434493282e+02
2.850159109832661102e+02 1.904302555896881302e+02
2.859485999262396376e+02 1.908861463507544727e+02
2.868776352775942655e+02 1.913447427591460723e+02
2.878032567457881896e+02 1.918053664292406211e+02
2.887257201458569398e+02 1.922673517517697803e+02
2.896452786219143150e+02 1.927300262794760499e+02
2.905622022756763272e+02 1.931928055696505453e+02
2.914766414718884562e+02 1.936555189782501998e+02
2.923887007257212645e+02 1.941181455548385486e+02
2.932984856869034616e+02 1.945806715740993695e+02
2.942060944006932459e+02 1.950430759286774105e+02
2.951116334433772295e+02 1.955053589583428675e+02
2.960151831412768502e+02 1.959675810934159585e+02
2.969168136404244365e+02 1.964298284239646932e+02
2.978165928407483989e+02 1.968921898801252155e+02
2.987145862584983433e+02 1.973547610355891777e+02
2.996108546861300965e+02 1.978176353267811010e+02
3.005054496032522025e+02 1.982809376687503686e+02
3.013984136743765703e+02 1.987448049775977097e+02
3.022897862133253852e+02 1.992093764310839106e+02
3.031796032347169785e+02 1.996747934121043784e+02
3.040678970258013010e+02 2.001412004177846882e+02
3.049546931806671637e+02 2.006087512722002373e+02
3.058400103190988943e+02 2.010776076403520847e+02
3.067238671890605701e+02 2.015479283374730244e+02
3.076062765565059749e+02 2.020198759551068974e+02
3.084872476754051149e+02 2.024936151089748932e+02
3.093667863052820621e+02 2.029693117026205300e+02
3.102448945504505673e+02 2.034471331044589419e+02
3.111215707095758489e+02 2.039272483314041722e+02
3.119968092365573966e+02 2.044098279926269015e+02
3.128706116081710320e+02 2.048950334408961851e+02
3.137430301633226577e+02 2.053829667335375575e+02
3.146141158910135687e+02 2.058736960213668112e+02
3.154839049523083645e+02 2.063672880283743893e+02
3.163524296848328845e+02 2.068638107636730297e+02
3.172197179002158691e+02 2.073633331612586232e+02
3.180857923670947685e+02 2.078659259680954108e+02
3.189506711190186934e+02 2.083716612539999176e+02
3.198143668015916887e+02 2.088806132865847758e+02
3.206768889153914301e+02 2.093928559149350122e+02
3.215382437393946020e+02 2.099084615793802300e+02
3.223984290304589990e+02 2.104275098361698042e+02
3.232574363503965174e+02 2.109500837170530758e+02
3.241152530645738352e+02 2.114762666235492929e+02
3.249718618272550543e+02 2.120061443294150934e+02
3.258272407738002130e+02 2.125398024824400522e+02
3.266813590416776947e+02 2.130773301884610476e+02
3.275341780202062409e+02 2.136188263722106058e+02
3.283856538673272780e+02 2.141643893105818961e+02
3.292357385752468986e+02 2.147141227790962148e+02
3.300843770783370132e+02 2.152681210130761258e+02
3.309315050809422019e+02 2.158264908011790624e+02
3.317770479799078771e+02 2.163893491028598532e+02
3.326209272381416326e+02 2.169568222284507044e+02
3.334630501841625687e+02 2.175290110313947025e+02
3.343033279075687574e+02 2.181060371270603468e+02
3.351415983255251376e+02 2.186881082739097906e+02
3.359776223990961057e+02 2.192754657116566932e+02
3.368111633473841948e+02 2.198683616956123217e+02
3.376419817853607128e+02 2.204670646328065402e+02
3.384698008957023490e+02 2.210717849766610641e+02
3.392943802888173082e+02 2.216827839776316580e+02
3.401154405281537834e+02 2.223002642007226086e+02
3.409327196169877539e+02 2.229244577709985435e+02
3.417459296879129056e+02 2.235555665380227595e+02
3.425547919075558525e+02 2.241938110187800817e+02
3.433590119641705201e+02 2.248393584700776273e+02
3.441583375344706042e+02 2.254924165404245002e+02
3.449524578402287034e+02 2.261531081850553164e+02
3.457411066323485898e+02 2.268216223446305548e+02
3.465239889921173813e+02 2.274981198899589288e+02
3.473008088799307984e+02 2.281827094058080831e+02
3.480713131871377186e+02 2.288755152040547785e+02
3.488352323963131880e+02 2.295766451615761241e+02
3.495922926937415127e+02 2.302862075084090066e+02
3.503422004786651200e+02 2.310042790751174380e+02
3.510846990817094593e+02 2.317309458211934157e+02
3.518195411948647688e+02 2.324662596612168102e+02
3.525464759461890480e+02 2.332102683178343341e+02
3.532652475377674364e+02 2.339630162437811975e+02
3.539755956043438800e+02 2.347245440956026812e+02
3.546772735836958645e+02 2.354948831609996489e+02
3.553700473996659071e+02 2.362740457522722579e+02
3.560536667631579348e+02 2.370620146329079034e+02
3.567278963020737592e+02 2.378587999641074759e+02
3.573925024112249957e+02 2.386644302389519225e+02
3.580472144258544063e+02 2.394788545026663655e+02
3.586918057943778990e+02 2.403020777470507312e+02
3.593260272236040009e+02 2.411340745167944135e+02
3.599496291628134372e+02 2.419748258554668610e+02
3.605623424081242661e+02 2.428242787176426987e+02
3.611639181551635147e+02 2.436824414217017818e+02
3.617540642043774710e+02 2.445492697023535129e+02
3.623324867178798740e+02 2.454247177169483223e+02
3.628988980071433730e+02 2.463087611593468296e+02
3.634529939133963126e+02 2.472013556358342043e+02
3.639944463433286046e+02 2.481024600420118986e+02
3.645228956095526200e+02 2.490120470549394156e+02
3.650379744985442585e+02 2.499300965879745036e+02
3.655392798293597139e+02 2.508565105742578112e+02
3.660264411598595871e+02 2.517912790946370194e+02
3.664990135467224377e+02 2.527343339425113982e+02
3.669564982428483972e+02 2.536856515184933301e+02
3.673983653171565606e+02 2.546451576696557311e+02
3.678240921181209160e+02 2.556128137974512242e+02
3.682331295902388888e+02 2.565885331388660688e+02
3.686250365908788922e+02 2.575721537143853652e+02
3.689995830256310114e+02 2.585633993068361747e+02
3.693565554524897152e+02 2.595619752275153473e+02
3.696957353064504446e+02 2.605675877113412753e+02
3.700169013567133902e+02 2.615799713694866568e+02
3.703197957374118232e+02 2.625987415041414010e+02
3.706041893750966665e+02 2.636236164120037415e+02
3.708698267366417554e+02 2.646542672667131910e+02
3.711164362900945548e+02 2.656903219270203067e+02
3.713437465724613844e+02 2.667314355126588907e+02
3.715514877316148841e+02 2.677771988080916117e+02
3.717394335259060085e+02 2.688271938091965012e+02
3.719073569389639147e+02 2.698810532041487136e+02
3.720549972869711155e+02 2.709382417185747727e+02
3.721821108525994077e+02 2.719983435009773984e+02
3.722884615634249030e+02 2.730608576635740405e+02
3.723738843868651998e+02 2.741252437483736912e+02
3.724382186705180970e+02 2.751909558139758474e+02
3.724812923681628831e+02 2.762574376047197688e+02
3.725029251305809339e+02 2.773240771066004413e+02
3.725029653345021075e+02 2.783902682306812721e+02
3.724813357208678894e+02 2.794553657256273596e+02
3.724379690851186524e+02 2.805186933548489492e+02
3.723727874081895948e+02 2.815795970011359941e+02
3.722857218488620674e+02 2.826373237484922356e+02
3.721767149147804616e+02 2.836911908033083023e+02
3.720457623432133687e+02 2.847404450143391728e+02
3.718928779041932557e+02 2.857843206810385936e+02
3.717180858036190330e+02 2.868220435729546693e+02
3.715214005627809684e+02 2.878528585352194114e+02
3.713028726239991215e+02 2.888759434940669166e+02
3.710625640671903511e+02 2.898905149312062690e+02
3.708005563808779925e+02 2.908957722140549436e+02
3.705169494823915670e+02 2.918909174449865986e+02
3.702118825777166649e+02 2.928751523210947880e+02
3.698854972555652125e+02 2.938477025602539356e+02
3.695379167649676333e+02 2.948077962875571529e+02
3.691692948131301932e+02 2.957546836714902270e+02
3.687798285464272681e+02 2.966876504244611965e+02
3.683697410709140172e+02 2.976060152309252658e+02
3.679393231313770798e+02 2.985091708750770181e+02
3.674888929338786738e+02 2.993965586107847230e+02
3.670188090350943071e+02 3.002677025996667339e+02
3.665294756737937405e+02 3.011222336500122196e+02
3.660213276105081377e+02 3.019598712968299878e+02
