3.646660926062680801e+02 3.023539421602199013e+02
3.641705749204183462e+02 3.031482718490241837e+02
3.636585515489300064e+02 3.039303091813416131e+02
3.631298789748884133e+02 3.047005806757286450e+02
3.625845498892076648e+02 3.054593745325763052e+02
3.620225880489672932e+02 3.062069457906493994e+02
3.614440539509670884e+02 3.069434986460301502e+02
3.608490318133227674e+02 3.076692269549629373e+02
3.602376477159319279e+02 3.083842835685495629e+02
3.596100837637763448e+02 3.090887273638519446e+02
3.589665058646792772e+02 3.097826815926884478e+02
3.583071653160322967e+02 3.104661600901021075e+02
3.576323272087320220e+02 3.111391959849561886e+02
3.569422867561490875e+02 3.118018057325684822e+02
3.562373700693940464e+02 3.124539688312460726e+02
3.555179054588315353e+02 3.130956727038991403e+02
3.547842553226230962e+02 3.137268502804186596e+02
3.540367501496816089e+02 3.143474467507872987e+02
3.532757586504006326e+02 3.149573442508147991e+02
3.525016259750950667e+02 3.155564587545404720e+02
3.517147345495681066e+02 3.161446529238039602e+02
3.509154405309004687e+02 3.167218091011747561e+02
3.501041045721894989e+02 3.172877585119583159e+02
3.492810765695995769e+02 3.178423241580581475e+02
3.484467122892194197e+02 3.183853082362479086e+02
3.476013590355636893e+02 3.189165275106207105e+02
3.467453727646271773e+02 3.194357651544793839e+02
3.458790910852850971e+02 3.199427957296277327e+02
3.450028515431341702e+02 3.204373724705229165e+02
3.441169911782879467e+02 3.209192508647545878e+02
3.432218446481708725e+02 3.213881721186794493e+02
3.423177454716271768e+02 3.218438755170159880e+02
3.414050227998451419e+02 3.222860934004428373e+02
3.404840094259299690e+02 3.227145588844787767e+02
3.395550325223670143e+02 3.231289976950354230e+02
3.386184237612146148e+02 3.235291340442269643e+02
3.376745045708747170e+02 3.239146862205357706e+02
3.367236085007822908e+02 3.242853920608681619e+02
3.357660582059082799e+02 3.246409917012051096e+02
3.348021939992232774e+02 3.249812267388368241e+02
3.338323364344489050e+02 3.253058335526114320e+02
3.328568086454486092e+02 3.256145455718921653e+02
3.318759381221238414e+02 3.259071189106176689e+02
3.308900709613837989e+02 3.261833264762987028e+02
3.298995048162774424e+02 3.264429289098295612e+02
3.289045977401248706e+02 3.266856914412786068e+02
3.279056553791155011e+02 3.269113756650408504e+02
3.269030049035334287e+02 3.271197509207794383e+02
3.258969738320380998e+02 3.273105922127031135e+02
3.248878891407031233e+02 3.274836731850932097e+02
3.238760775886404986e+02 3.276387660900956575e+02
3.228618694142080585e+02 3.277756756500675124e+02
3.218456056917572710e+02 3.278945513485081165e+02
3.208276785913794242e+02 3.279957613607386975e+02
3.198083983074086518e+02 3.280796674664261445e+02
3.187881171582477577e+02 3.281466395584170641e+02
3.177671204778262108e+02 3.281970401760731875e+02
3.167456922629166911e+02 3.282312073135526020e+02
3.157241070267342025e+02 3.282494660369738426e+02
3.147026204946225221e+02 3.282521407226870451e+02
3.136814641923871250e+02 3.282395502870826363e+02
3.126608719656431958e+02 3.282120140732797609e+02
3.116410588846313203e+02 3.281698433843944258e+02
3.106222268403536759e+02 3.281133425089188904e+02
3.096045530172258395e+02 3.280428058449909372e+02
3.085882411172684670e+02 3.279585375317390117e+02
3.075734450780158227e+02 3.278608302082166688e+02
3.065603376043330854e+02 3.277499856853280562e+02
3.055490555393918157e+02 3.276262972622273537e+02
3.045397610294207880e+02 3.274900689018728031e+02
3.035325757870238021e+02 3.273415933567166007e+02
3.025276211154362045e+02 3.271811582636356661e+02
3.015250259721599946e+02 3.270090701678732330e+02
3.005248925903492250e+02 3.268256379266049407e+02
2.995273200407608556e+02 3.266311679287661605e+02
2.985324003267859325e+02 3.264259641436801758e+02
2.975402176592900787e+02 3.262103286842769307e+02
2.965508472130706537e+02 3.259845736687776707e+02
2.955643550423789065e+02 3.257490197186693308e+02
2.945807980770092058e+02 3.255039823658345881e+02
2.936002289725221885e+02 3.252497770264652672e+02
2.926226915819349870e+02 3.249867188117202090e+02
2.916482191769129031e+02 3.247151254957022388e+02
2.906768375099438231e+02 3.244353138208789460e+02
2.897085670821504664e+02 3.241476061590336712e+02
2.887434176922162123e+02 3.238523212806882157e+02
2.877813961822362785e+02 3.235497628477562557e+02
2.868224955427618852e+02 3.232402500412780455e+02
2.858667114886056311e+02 3.229240809501678200e+02
2.849140204716650828e+02 3.226015645667110903e+02
2.839644076817170344e+02 3.222729935121653284e+02
2.830178312858726031e+02 3.219386696655882361e+02
2.820742703346516578e+02 3.215988710696889257e+02
2.811336703930736576e+02 3.212538747834976220e+02
2.801959929915328189e+02 3.209039495342107102e+02
2.792611906884777113e+02 3.205493570413418070e+02
2.783291919510940033e+02 3.201903610853247528e+02
2.773999436044181266e+02 3.198272082266954612e+02
2.764733910344368724e+02 3.194601228351007762e+02
2.755494474946564196e+02 3.190893295170473607e+02
2.746280480968557640e+02 3.187150498299222932e+02
2.737091158672290021e+02 3.183374965353957009e+02
2.727926005340586926e+02 3.179567927857223140e+02
2.718784613665589518e+02 3.175729494919881972e+02
2.709666857127035655e+02 3.171859703840399334e+02
2.700572532326148121e+02 3.167958544133127816e+02
2.691501442323478273e+02 3.164025983158402937e+02
2.682453466149013934e+02 3.160061948457181984e+02
2.673428336677748121e+02 3.156066317215646677e+02
2.664425892280873995e+02 3.152038972598474516e+02
2.655445999996502451e+02 3.147979772079572740e+02
2.646488508163276947e+02 3.143888542874336167e+02
2.637553267640858508e+02 3.139765101210109606e+02
2.628640129000895627e+02 3.135609257792970652e+02
2.619748947967809727e+02 3.131420803004688764e+02
2.610879588689997490e+02 3.127199505568911491e+02
2.602031976585258235e+02 3.122945114980051358e+02
2.593205852964615588e+02 3.118657360548636461e+02
2.584401114504042880e+02 3.114336049360816787e+02
2.575617602244042246e+02 3.109980945548691693e+02
2.566855160039283987e+02 3.105591789548338397e+02
2.558113634372519414e+02 3.101168298295709747e+02
2.549392854201299770e+02 3.096710205257273856e+02
2.540692612232838883e+02 3.092217292766532069e+02
2.532012696242820482e+02 3.087689324341139354e+02
2.523352883425953337e+02 3.083126034978809002e+02
2.514711909534933341e+02 3.078526980148918142e+02
2.506087389194557318e+02 3.073891877126221743e+02
2.497478354480182077e+02 3.069221348474787305e+02
2.488884048992858311e+02 3.064516104212493133e+02
2.480303657408451556e+02 3.059776805857774775e+02
2.471736360876670631e+02 3.055004095493312093e+02
2.463181365770183788e+02 3.050198643525363877e+02
2.454637799563986960e+02 3.045361161144199400e+02
2.446104777758210389e+02 3.040492338492591102e+02
2.437581410860125857e+02 3.035592833315302528e+02
2.429066804720981736e+02 3.030663270858910892e+02
2.420560043946473741e+02 3.025704269147978493e+02
2.412060168025806206e+02 3.020716472393830259e+02
2.403566204415694472e+02 3.015700498205376903e+02
2.395077243169299095e+02 3.010656940750015451e+02
2.386592192682265079e+02 3.005586299508714205e+02
2.378110096459576539e+02 3.000489110245268876e+02
2.369629971098822239e+02 2.995365847329844655e+02
2.361150821000035762e+02 2.990216941951011336e+02
2.352671646388261877e+02 2.985042787730665736e+02
2.344191486983023935e+02 2.979843744434654695e+02
2.335709342191281621e+02 2.974620068255774186e+02
2.327224259538872957e+02 2.969371891241772801e+02
2.318735387680922599e+02 2.964099325157885687e+02
2.310241843844379162e+02 2.958802419401012571e+02
2.301742841295052813e+02 2.953481176275555526e+02
2.293237975242721518e+02 2.948134797341216995e+02
2.284728973940906656e+02 2.942760324439939836e+02
2.276218014661656071e+02 2.937354353324963654e+02
2.267707294413318664e+02 2.931913523179530898e+02
2.259199115677415932e+02 2.926434566784589038e+02
2.250696062758346443e+02 2.920914105798260039e+02
2.242201025161357393e+02 2.915348524451131880e+02
2.233717116994719731e+02 2.909734188195101297e+02
2.225247569385694248e+02 2.904067477432182613e+02
2.216795694173884215e+02 2.898344955302749781e+02
2.208364944174717266e+02 2.892563043795434510e+02
2.199959002323518575e+02 2.886718366522345036e+02
2.191581619582436815e+02 2.880807362142939496e+02
2.183236729388084143e+02 2.874826728814443300e+02
2.174928326817456821e+02 2.868773198252318366e+02
2.166660412926792389e+02 2.862643424571892865e+02
2.158437057446624010e+02 2.856434746706464125e+02
2.150262172896018456e+02 2.850144294657685577e+02
2.142139843087929876e+02 2.843769323685522181e+02
2.134074281393036472e+02 2.837307220473616098e+02
2.126069708828390503e+02 2.830755626621788110e+02
2.118129874383158722e+02 2.824112530701880246e+02
2.110258525715593123e+02 2.817376153794093625e+02
2.102459490198049252e+02 2.810544781829269709e+02
2.094736675740660417e+02 2.803616767967533292e+02
2.087093953285148586e+02 2.796590631158254041e+02
2.079534701304805253e+02 2.789465415450072214e+02
2.072062187987849313e+02 2.782240344022542899e+02
2.064679669947266518e+02 2.774914506303695134e+02
2.057390743423624997e+02 2.767487563340516772e+02
2.050198684806796905e+02 2.759958842132970744e+02
2.043106320526196953e+02 2.752327834516013922e+02
2.036116868170206544e+02 2.744595113389502217e+02
2.029232942995048177e+02 2.736760126409744771e+02
2.022457853377489130e+02 2.728823482145743924e+02
2.015794308809942095e+02 2.720784708692374352e+02
2.009245495860766084e+02 2.712644628973835665e+02
2.002814168174219844e+02 2.704403464211702044e+02
1.996503251344377361e+02 2.696061612833167942e+02
1.990315770148855563e+02 2.687619573174610537e+02
1.984254836751177891e+02 2.679077885888006563e+02
1.978323758352680954e+02 2.670437075478380962e+02
1.972525967483908573e+02 2.661697706126962544e+02
1.966864977338710787e+02 2.652860417910226829e+02
1.961344241497939436e+02 2.643925513082774046e+02
1.955967818596156178e+02 2.634894361581654039e+02
1.950739831840412251e+02 2.625766881494501490e+02
1.945665251507042797e+02 2.616544105062965855e+02
1.940748716023746283e+02 2.607226133307620444e+02
1.935995398296050780e+02 2.597814136904355564e+02
1.931410018413277783e+02 2.588309228873379766e+02
1.926994538032751905e+02 2.578714043865581971e+02
1.922749682006887610e+02 2.569031967017199918e+02
1.918676157332953380e+02 2.559266128587901505e+02
1.914774986698447208e+02 2.549420517218898397e+02
1.911046859605964698e+02 2.539497895613864955e+02
1.907493111859670591e+02 2.529502061793095891e+02
1.904114924706152010e+02 2.519435715131107543e+02
1.900913915002561794e+02 2.509302714501406228e+02
1.897891537788010226e+02 2.499106257910880799e+02
1.895049366474510180e+02 2.488849640880668233e+02
1.892388828691644278e+02 2.478536499417631944e+02
1.889911311715235911e+02 2.468170937529106368e+02
1.887618084066295410e+02 2.457755814113411361e+02
1.885510912324059234e+02 2.447295897000346088e+02
1.883591272543768582e+02 2.436794583237364122e+02
1.881860341131767598e+02 2.426256104676850782e+02
1.880319031629924780e+02 2.415684851794377153e+02
1.878968350181284279e+02 2.405084744862631112e+02
1.877809517455172852e+02 2.394460915521607092e+02
1.876843671187070584e+02 2.383817132774148320e+02
1.876071610324119376e+02 2.373158379283327122e+02
1.875493796437243645e+02 2.362489260753321503e+02
1.875110816307668529e+02 2.351814738353584744e+02
1.874923350995213980e+02 2.341139557876687434e+02
1.874932209320064089e+02 2.330468428810449666e+02
1.875137964111822271e+02 2.319806155584968508e+02
1.875541011729675631e+02 2.309157758100784861e+02
1.876141809203324726e+02 2.298528222531268455e+02
1.876940956225756167e+02 2.287922258654685947e+02
1.877939176506916965e+02 2.277344640417343271e+02
1.879137240388102725e+02 2.266800025192962380e+02
1.880535897594417349e+02 2.256293181101151220e+02
1.882135924813119061e+02 2.245828757402688041e+02
1.883938324527750865e+02 2.235410920950065758e+02
1.885944007303987178e+02 2.225044212648637938e+02
1.888154184420847344e+02 2.214732576480776629e+02
1.890570131476728761e+02 2.204480033311260456e+02
1.893193084471744783e+02 2.194290352868424065e+02
1.896024532676236163e+02 2.184166699261545546e+02
1.899065474064259433e+02 2.174112659996947059e+02
1.902317410743580410e+02 2.164130773071055671e+02
1.905781816975498657e+02 2.154223622590189677e+02
1.909460015406918956e+02 2.144393377367782136e+02
1.913353150232173050e+02 2.134641748158114751e+02
1.917462183463491101e+02 2.124969958424615015e+02
1.921788208350866114e+02 2.115378877056727447e+02
1.926332115379589425e+02 2.105869196237168239e+02
1.931087625981976430e+02 2.096444589366405751e+02
1.936045371362779690e+02 2.087105080957931023e+02
1.941198038047971863e+02 2.077845842310448461e+02
1.946543386647086322e+02 2.068664811666578203e+02
1.952083874032017263e+02 2.059563805809566759e+02
1.957821351102059282e+02 2.050545438219020014e+02
1.963756758729888077e+02 2.041612939448336022e+02
1.969890227879357951e+02 2.032770044828750429e+02
1.976221951534242294e+02 2.024021161408570322e+02
1.982751244377679996e+02 2.015372025208647244e+02
1.989477345598809848e+02 2.006828351729672306e+02
1.996398517758511844e+02 1.998396472844195273e+02
2.003512389866783394e+02 1.990082976490190276e+02
2.010816307309220008e+02 1.981894657823490604e+02
2.018307369453960973e+02 1.973838590917046076e+02
2.025982118799485647e+02 1.965922128547928480e+02
2.033836609805023272e+02 1.958152784889356894e+02
2.041867210231004890e+02 1.950537888634012802e+02
2.050068491783888192e+02 1.943084812156333498e+02
2.058436210498668402e+02 1.935799349626901176e+02
2.066964109374908389e+02 1.928688172253812922e+02
2.075647153472498587e+02 1.921757294361403297e+02
2.084480211899405049e+02 1.915012849091914404e+02
2.093456657444920381e+02 1.908460190555129543e+02
2.102570548575559712e+02 1.902102495399729776e+02
2.111814772168988839e+02 1.895943267134699113e+02
2.121183313992930835e+02 1.889985588322499268e+02
2.130669946238794523e+02 1.884232654026136800e+02
2.140268765937977662e+02 1.878686340769810954e+02
2.149971907802957105e+02 1.873347125523673071e+02
2.159773627450913125e+02 1.868214686205838007e+02
2.169667610893264964e+02 1.863288996166673144e+02
2.179647751844625247e+02 1.858569984233900811e+02
2.189707980244302519e+02 1.854056777059593344e+02
2.199842143484798953e+02 1.849747182329551265e+02
2.210045556353879590e+02 1.845638675693373898e+02
2.220311458517359995e+02 1.841729213562891232e+02
2.230635618448331456e+02 1.838016229054335042e+02
2.241013049317787420e+02 1.834497149308632231e+02
2.251438923778256935e+02 1.831168886538847289e+02
2.261908685049423298e+02 1.828028291685092199e+02
2.272418319619969509e+02 1.825072196133326372e+02
2.282964077157730003e+02 1.822297486670088915e+02
2.293541713732969924e+02 1.819701250318626364e+02
2.304148036577490473e+02 1.817280675599038489e+02
2.314779989805496427e+02 1.815033060224676262e+02
2.325434325728100760e+02 1.812955786470396049e+02
2.336108023163442908e+02 1.811046254155323822e+02
2.346798428054657961e+02 1.809302266277593390e+02
2.357502812705706958e+02 1.807722493640481218e+02
2.368218745811151962e+02 1.806305730013930031e+02
2.378944769389697740e+02 1.805050835896539354e+02
2.389677017112167334e+02 1.803956779628389597e+02
2.400414930843055572e+02 1.803021981216541860e+02
2.411154917457630518e+02 1.802243907030222942e+02
2.421895370483456986e+02 1.801619801784641481e+02
2.432634266791541791e+02 1.801147000807918346e+02
2.443369609863865435e+02 1.800822877177622843e+02
2.454099519414259305e+02 1.800645262148684651e+02
2.464822226395560847e+02 1.800613112877207413e+02
2.475536003449171858e+02 1.800725591672942016e+02
2.486239152286094054e+02 1.800981892485596916e+02
2.496930556095194618e+02 1.801381308532120613e+02
2.507607687705134651e+02 1.801923272978608566e+02
2.518269458200385316e+02 1.802607894187654267e+02
2.528914249219420469e+02 1.803435421276797683e+02
2.539540185275275519e+02 1.804406096394567385e+02
2.550145446988697131e+02 1.805520163638398401e+02
2.560729167148724628e+02 1.806778084924037273e+02
2.571288476266710745e+02 1.808180248384572053e+02
2.581822196442136033e+02 1.809727233896763892e+02
2.592328514350003843e+02 1.811419611923960815e+02
2.602805583620973380e+02 1.813257964312806791e+02
2.613251538864018926e+02 1.815242733828838197e+02
2.623664532396639402e+02 1.817373875097961502e+02
2.634042712229020822e+02 1.819651247820013111e+02
2.644384213196216820e+02 1.822074719203664301e+02
2.654687155366738125e+02 1.824644162679905435e+02
2.664949685294272967e+02 1.827359111118174440e+02
2.675170107986457992e+02 1.830217841540004144e+02
2.685346865586341210e+02 1.833218373529888368e+02
2.695478564169358151e+02 1.836358793272916898e+02
2.705563073043101099e+02 1.839636985112596790e+02
2.715599280537396112e+02 1.843050560698411573e+02
2.725586484339538629e+02 1.846595364756265099e+02
2.735522911179790526e+02 1.850266420737828810e+02
2.745408545360663197e+02 1.854059206622912370e+02
2.755242211310005587e+02 1.857968908541639053e+02
2.765023661565089128e+02 1.861990496804790780e+02
2.774752751901921783e+02 1.866116992714519256e+02
2.784429924835485508e+02 1.870341047552806515e+02
2.794055381909296329e+02 1.874655200576592904e+02
2.803630245231490790e+02 1.879052328669114331e+02
2.813154821492155406e+02 1.883524736433614635e+02
2.822630946358780193e+02 1.888064094512770055e+02
2.832060068398632211e+02 1.892661601366945376e+02
2.841443991464113310e+02 1.897308523002058678e+02
2.850785050293110316e+02 1.901996363126947642e+02
2.860085475508315085e+02 1.906716591167455590e+02
2.869347753513654879e+02 1.911460759501741222e+02
2.878574782419929079e+02 1.916220614700744704e+02
2.887769663839455916e+02 1.920988044885122292e+02
2.896935492830434669e+02 1.925754877478384799e+02
2.906075552214101094e+02 1.930513985096557121e+02
2.915191692246569346e+02 1.935263218529335916e+02
2.924285218166234586e+02 1.940002227695829333e+02
2.933357454167608580e+02 1.944730740944880836e+02
2.942409642539175252e+02 1.949448414029124876e+02
2.951443119040867487e+02 1.954155158862753581e+02
2.960458882501917515e+02 1.958851691187532822e+02
2.969457799180266875e+02 1.963539064148314708e+02
2.978440709306074723e+02 1.968218361739421027e+02
2.987408428233159157e+02 1.972890737625299380e+02
2.996361709453599929e+02 1.977557333045243411e+02
3.005301189318482216e+02 1.982219675656047002e+02
3.014227395756003034e+02 1.986879441671264033e+02
3.023140816458746940e+02 1.991538330828399239e+02
3.032041899508491838e+02 1.996198065667004187e+02
3.040931048198426083e+02 2.000860402495560777e+02
3.049808585204307860e+02 2.005527206417419279e+02
3.058674754710263528e+02 2.010200428936543915e+02
3.067529789586108677e+02 2.014881990704758437e+02
3.076373860213687408e+02 2.019573852317817568e+02
3.085207092917782461e+02 2.024277993670066564e+02
3.094029571670540690e+02 2.028996406536446955e+02
3.102841336388113973e+02 2.033731096564913514e+02
3.111642381206462460e+02 2.038484085274806716e+02
3.120432654011229374e+02 2.043257409345594624e+02
3.129212151620961322e+02 2.048053005233442434e+02
3.137981303540013300e+02 2.052872183418642749e+02
3.146740543195775786e+02 2.057715929659506173e+02
3.155490174788023978e+02 2.062585227898829601e+02
3.164230451355060154e+02 2.067481069232469508e+02
3.172961569599675613e+02 2.072404451354190087e+02
3.181683654885128476e+02 2.077356403161037406e+02
3.190396768436723391e+02 2.082337972213042292e+02
3.199100910123904669e+02 2.087350224719795051e+02
3.207796034012896484e+02 2.092394214449700769e+02
3.216482048533052307e+02 2.097470976078911349e+02
3.225158757608381279e+02 2.102581639799922471e+02
3.233825878769907263e+02 2.107727378246005401e+02
3.242483077266050486e+02 2.112909361331270475e+02
3.251129965326284719e+02 2.118128778796549909e+02
3.259766094049768981e+02 2.123386810404820437e+02
3.268390890818312187e+02 2.128684680005326300e+02
3.277003698479770151e+02 2.134023728311684067e+02
3.285603791306568269e+02 2.139405277447620790e+02
3.294190402232231918e+02 2.144830704374937511e+02
3.302762658909993547e+02 2.150301263666723344e+02
3.311319594094425725e+02 2.155818347119761711e+02
3.319860127199162321e+02 2.161383450442183403e+02
3.328383141938925291e+02 2.166998165382203752e+02
3.336887321345577107e+02 2.172663777828235254e+02
3.345371426016995429e+02 2.178381804341484553e+02
3.353833555416150034e+02 2.184154540987302937e+02
3.362271043063888669e+02 2.189984502620885678e+02
3.370681277686336443e+02 2.195874336994202451e+02
3.379061644141837633e+02 2.201826872250461520e+02
3.387409066531765802e+02 2.207844270088364738e+02
3.395720980394141861e+02 2.213929240287002358e+02
3.403994388102324820e+02 2.220083779315700667e+02
3.412226523490118666e+02 2.226310228208865567e+02
3.420414322440740875e+02 2.232610584778917939e+02
3.428554846829659937e+02 2.238987061307169597e+02
3.436645013479543422e+02 2.245441236942270677e+02
3.444682283040189645e+02 2.251975114917501344e+02
3.452663440666682959e+02 2.258589750365447628e+02
3.460585805863636892e+02 2.265286948775782605e+02
3.468446382327726383e+02 2.272068199094398437e+02
3.476242182011959585e+02 2.278934399064124818e+02
3.483970736844972294e+02 2.285886610366780474e+02
3.491629406140833680e+02 2.292925714780872966e+02
3.499215513537768061e+02 2.300052603773814894e+02
3.506726168181033927e+02 2.307267831565439451e+02
3.514158899983496553e+02 2.314572062874068195e+02
3.521511348225941447e+02 2.321965595069857784e+02
3.528781122834880648e+02 2.329448686757888254e+02
3.535965789512225683e+02 2.337021568029792320e+02
3.543062873017728407e+02 2.344684435418296573e+02
3.550070037786374542e+02 2.352437406362583374e+02
3.556985067421512667e+02 2.360280417162281026e+02
3.563805572383307094e+02 2.368213093076246878e+02
3.570529336001393403e+02 2.376235363085122287e+02
3.577154171735664363e+02 2.384347357368237112e+02
3.583677459156152167e+02 2.392548381693753754e+02
3.590097021099797985e+02 2.400838381640189425e+02
3.596410437211339399e+02 2.409216980403405159e+02
3.602615291557867749e+02 2.417683875019622519e+02
3.608708959751498924e+02 2.426238404113803711e+02
3.614689005391078922e+02 2.434880592300490605e+02
3.620552469883383537e+02 2.443609942990612183e+02
3.626296375852630831e+02 2.452425948845437915e+02
3.631917817470119871e+02 2.461328332413397675e+02
3.637413716524822576e+02 2.470316603552871300e+02
3.642780696799674161e+02 2.479390335951251814e+02
3.648014975714203842e+02 2.488549290857806682e+02
3.653112687880700946e+02 2.497793304736029540e+02
3.658069584207590310e+02 2.507121387913991555e+02
3.662881767961510491e+02 2.516533476658869404e+02
3.667544487381449017e+02 2.526028922192490427e+02
3.672052309577614437e+02 2.535607596373870365e+02
3.676399458480233875e+02 2.545268832859436259e+02
3.680580235721371309e+02 2.555012323777434915e+02
3.684588663444220629e+02 2.564837239894955587e+02
3.688419856070985929e+02 2.574741964520418946e+02
3.692071069674695423e+02 2.584723695314731913e+02
3.695539725079414097e+02 2.594779416987992704e+02
3.698823187898100855e+02 2.604906098896678941e+02
3.701918797224839750e+02 2.615100976570025750e+02
3.704823547896852460e+02 2.625360003285711628e+02
3.707534822687653673e+02 2.635680141066263218e+02
3.710049742552719181e+02 2.646057831526323412e+02
3.712365265226997053e+02 2.656489042217541510e+02
3.714478355027704879e+02 2.666969991228011168e+02
3.716386089475035988e+02 2.677496174426098605e+02
3.718086203570107386e+02 2.688062907916989275e+02
3.719576464578362334e+02 2.698665990386203362e+02
3.720854307706494524e+02 2.709299492742113102e+02
3.721917357315693380e+02 2.719958673100907163e+02
3.722763460771306541e+02 2.730637869420310153e+02
3.723391511330039521e+02 2.741330931493625940e+02
3.723800516833235292e+02 2.752031640306732925e+02
3.723989398433799920e+02 2.762733669206871241e+02
3.723957026113744178e+02 2.773430141229682135e+02
3.723702698142479903e+02 2.784114215782964834e+02
3.723226774672960460e+02 2.794778630272676310e+02
3.722529803119652456e+02 2.805415846204478498e+02
3.721612262628982535e+02 2.816018557993758691e+02
3.720474776363775504e+02 2.826578582867985006e+02
3.719118145097682486e+02 2.837088413604079733e+02
3.717543827250916593e+02 2.847539941201841316e+02
3.715753522077840785e+02 2.857925014792228922e+02
3.713749079904925452e+02 2.868235491176578194e+02
3.711532300455069162e+02 2.878463443953415322e+02
3.709105331263490370e+02 2.888600532480295442e+02
3.706470308633095669e+02 2.898638806965717549e+02
3.703629566391604726e+02 2.908570303881786003e+02
3.700585652814802984e+02 2.918387212740058771e+02
3.697341519682954072e+02 2.928081950821435271e+02
3.693900044232052551e+02 2.937647231440889186e+02
3.690263524262120995e+02 2.947075941817800526e+02
3.686434464217749678e+02 2.956361346517576294e+02
3.682415772673189736e+02 2.965497224410565877e+02
3.678210603161892323e+02 2.974477733611113308e+02
3.673822648810036071e+02 2.983298205612413767e+02
3.669255858653374958e+02 2.991954375756096169e+02
3.664514441041811210e+02 3.000443098776891020e+02
3.659602885030847119e+02 3.008762550839903156e+02
3.654525856013533485e+02 3.016911851812935197e+02
