3.649795874356562422e+02 3.025152834401930591e+02
3.644741575032744549e+02 3.033179223866902703e+02
3.639517796000171188e+02 3.041075296392952509e+02
3.634123996789964508e+02 3.048845530909212584e+02
3.628560805881609781e+02 3.056492499720094997e+02
3.622829151115054174e+02 3.064018539337480433e+02
3.616930291373822115e+02 3.071425585921195420e+02
3.610865716650703803e+02 3.078715521493678580e+02
3.604637288546508671e+02 3.085889905909054391e+02
3.598247323917458402e+02 3.092949489417325708e+02
3.591698036857976604e+02 3.099895604064262216e+02
3.584992344503050958e+02 3.106728636907974419e+02
3.578133285713771556e+02 3.113449146462426711e+02
3.571124150236561832e+02 3.120057549568485342e+02
3.563968469865859561e+02 3.126553931598033955e+02
3.556669788788075266e+02 3.132938443273735629e+02
3.549231911494501901e+02 3.139210745110033258e+02
3.541658386116350243e+02 3.145370627669772148e+02
3.533953050005986825e+02 3.151417318786307078e+02
3.526119539209000777e+02 3.157350337630462036e+02
3.518161760572995149e+02 3.163168713231272022e+02
3.510083394962684906e+02 3.168871639757700223e+02
3.501888140708762194e+02 3.174457876195390327e+02
3.493579591612283366e+02 3.179926105277427268e+02
3.485161355253727606e+02 3.185274805943286083e+02
3.476636968667433507e+02 3.190502577539450613e+02
3.468009992309465588e+02 3.195607704930610566e+02
3.459283839149055098e+02 3.200588403979136842e+02
3.450461890249578687e+02 3.205442695639738417e+02
3.441547519317700221e+02 3.210168609872811771e+02
3.432544042631807883e+02 3.214764033684154469e+02
3.423454761902030441e+02 3.219226822645269976e+02
3.414282913265600996e+02 3.223554756799306915e+02
3.405031766741950605e+02 3.227745612547197993e+02
3.395704518354477841e+02 3.231797087663198340e+02
3.386304403692847700e+02 3.235706856384722414e+02
3.376834539394952230e+02 3.239472523514971272e+02
3.367298149114270700e+02 3.243091841170364091e+02
3.357698334411085739e+02 3.246562559666982679e+02
3.348038372379300540e+02 3.249882436204844112e+02
3.338321335094771030e+02 3.253049170230051459e+02
3.328550316640742039e+02 3.256060419496400300e+02
3.318728441653918253e+02 3.258914013541008785e+02
3.308859012848490693e+02 3.261607919456561149e+02
3.298944853715422028e+02 3.264139974698969127e+02
3.288989383254214545e+02 3.266508058723945851e+02
3.278995503327476513e+02 3.268710005543080115e+02
3.268966324118016473e+02 3.270743697444769964e+02
3.258904957887306750e+02 3.272607055039164834e+02
3.248814512287243588e+02 3.274297980754293462e+02
3.238698093509340765e+02 3.275814358905432755e+02
3.228558841696379318e+02 3.277154380302951608e+02
3.218399998577700103e+02 3.278319530304067371e+02
3.208225302826259622e+02 3.279313389833869792e+02
3.198037700120386262e+02 3.280139469153346568e+02
3.187840548424029521e+02 3.280801357488743974e+02
3.177636558684993133e+02 3.281302569275341057e+02
3.167428432879912634e+02 3.281646406622720065e+02
3.157218783143689507e+02 3.281836062836071051e+02
3.147010040168901810e+02 3.281874722245326552e+02
3.136804400589240913e+02 3.281765512331386958e+02
3.126604084201267142e+02 3.281511563994944254e+02
3.116411129269152411e+02 3.281115939388620291e+02
3.106227446259111957e+02 3.280581638283402981e+02
3.096054705352117935e+02 3.279911560184013410e+02
3.085894834728922547e+02 3.279108700332508874e+02
3.075749278365896657e+02 3.278175937222881657e+02
3.065619663421171026e+02 3.277116232936864435e+02
3.055507267482827274e+02 3.275932458360663304e+02
3.045413616434734081e+02 3.274627589325018562e+02
3.035339840974841650e+02 3.273204488679197084e+02
3.025287067893077051e+02 3.271665965564611724e+02
3.015256502706153583e+02 3.270014995112377960e+02
3.005249090525219913e+02 3.268254556824221595e+02
2.995265747377777643e+02 3.266387604039072698e+02
2.985307321739724671e+02 3.264417065048020845e+02
2.975374587415410019e+02 3.262345847384765989e+02
2.965468234052066236e+02 3.260176931744047693e+02
2.955588866808496391e+02 3.257913360047481319e+02
2.945737002710794172e+02 3.255558121867841237e+02
2.935913122204827346e+02 3.253114205454073158e+02
2.926117622867069485e+02 3.250584594955445255e+02
2.916350800959689309e+02 3.247972282207024932e+02
2.906612880837390662e+02 3.245280230274048563e+02
2.896904050968107640e+02 3.242511459662200650e+02
2.887224392148178254e+02 3.239668954103780152e+02
2.877573944765071587e+02 3.236755543341126327e+02
2.867952654272763766e+02 3.233774218227799793e+02
2.858360449568524473e+02 3.230727748091821354e+02
2.848797119886729092e+02 3.227619021083138477e+02
2.839262498780559554e+02 3.224450752147048433e+02
2.829756206999857682e+02 3.221225761200261104e+02
2.820278013800885901e+02 3.217946633315454505e+02
2.810827417705451126e+02 3.214615977661165402e+02
2.801404030928314910e+02 3.211236309976491725e+02
2.792007390055555902e+02 3.207810078532604621e+02
2.782636824976937646e+02 3.204339761663308082e+02
2.773291803981389876e+02 3.200827686269740298e+02
2.763971776421478808e+02 3.197275995371971931e+02
2.754675915589945134e+02 3.193686849209389607e+02
2.745403566539877147e+02 3.190062364002125150e+02
2.736153969662282179e+02 3.186404571500386851e+02
2.726926632206548788e+02 3.182714585644558269e+02
2.717721204686068859e+02 3.178992384799273623e+02
2.708537579569851346e+02 3.175237861062013849e+02
2.699375590473549664e+02 3.171450863968103704e+02
2.690235080450624423e+02 3.167631221791520488e+02
2.681115957191196344e+02 3.163778732552102042e+02
2.672018004171555958e+02 3.159893171421928741e+02
2.662941094982410277e+02 3.155974315457211219e+02
2.653885130938391512e+02 3.152021915225591329e+02
2.644850001431113924e+02 3.148035693276621032e+02
2.635835598494003875e+02 3.144015367218374877e+02
2.626841812584676745e+02 3.139960658149664141e+02
2.617868540999815536e+02 3.135871268053738845e+02
2.608915691026269883e+02 3.131746877577738246e+02
2.599983224191034878e+02 3.127587144627357816e+02
2.591070951494775159e+02 3.123391718028041737e+02
2.582178812380746535e+02 3.119160306820869550e+02
2.573306704005420897e+02 3.114892582097311902e+02
2.564454528877676012e+02 3.110588192164381667e+02
2.555622194780924872e+02 3.106246762708848905e+02
2.546809599658819252e+02 3.101867926970244866e+02
2.538016617581653236e+02 3.097451350119691824e+02
2.529243122415682876e+02 3.092996678296642017e+02
2.520488983061509884e+02 3.088503531930496138e+02
2.511753226617978498e+02 3.083971460196227667e+02
2.503033962322099910e+02 3.079400273738872897e+02
2.494330414368492370e+02 3.074790491622116519e+02
2.485641975840297562e+02 3.070142693885890139e+02
2.476967996095572744e+02 3.065457422123994888e+02
2.468307823728245012e+02 3.060735201678373301e+02
2.459660837148485371e+02 3.055976561567391059e+02
2.451026373483301199e+02 3.051182032972459410e+02
2.442403766577599242e+02 3.046352124777322956e+02
2.433792350307249137e+02 3.041487318287876747e+02
2.425191458849924118e+02 3.036588067090629579e+02
2.416600425658791949e+02 3.031654798821720647e+02
2.408018581872562436e+02 3.026687917535761585e+02
2.399445259041267207e+02 3.021687799509592196e+02
2.390879840842122519e+02 3.016654792232562841e+02
2.382321585111232309e+02 3.011589189427390920e+02
2.373769863940454172e+02 3.006491278961486273e+02
2.365224075839722389e+02 3.001361249225333836e+02
2.356683624598756523e+02 2.996199248253286100e+02
2.348147918642469278e+02 2.991005395802936846e+02
2.339616400883868153e+02 2.985779776661128153e+02
2.331088516648939049e+02 2.980522386357174014e+02
2.322563806325671578e+02 2.975233077043296817e+02
2.314041891663071340e+02 2.969911658360396700e+02
2.305522388327170518e+02 2.964557901080154352e+02
2.297004979509010525e+02 2.959171508955714103e+02
2.288489751697139525e+02 2.953751609478339901e+02
2.279978508954635288e+02 2.948295449731517692e+02
2.271473451932640444e+02 2.942799907683859146e+02
2.262976846504589332e+02 2.937261948049912803e+02
2.254491045519948216e+02 2.931678618315880840e+02
2.246018562772765392e+02 2.926046837881608553e+02
2.237562172435309833e+02 2.920363544476737729e+02
2.229124752369764906e+02 2.914625612823615484e+02
2.220709286756793119e+02 2.908829925149422024e+02
2.212318897377788574e+02 2.902973604084711496e+02
2.203956688920286240e+02 2.897053548134147718e+02
2.195625992410953415e+02 2.891067095377531473e+02
2.187330041098998947e+02 2.885011294104027115e+02
2.179072323466670298e+02 2.878883526479679631e+02
2.170856338342163099e+02 2.872681159574252092e+02
2.162685524652929416e+02 2.866401434550884915e+02
2.154563436700366594e+02 2.860042403570737974e+02
2.146493353366587655e+02 2.853601806002413923e+02
2.138478734441918618e+02 2.847077516576472931e+02
2.130523163288576995e+02 2.840467535540651056e+02
2.122630235387488256e+02 2.833770095504591495e+02
2.114803099125385586e+02 2.826983678765171248e+02
2.107044915532546838e+02 2.820106980724167443e+02
2.099358911859401076e+02 2.813138745277695989e+02
2.091748382521703604e+02 2.806077766747080204e+02
2.084216597119274184e+02 2.798922967355139235e+02
2.076766443008392855e+02 2.791673679497916396e+02
2.069400724302447827e+02 2.784329371230980428e+02
2.062122215352081014e+02 2.776889351199002363e+02
2.054934052781750324e+02 2.769353526237617871e+02
2.047839037295353819e+02 2.761721399777244983e+02
2.040839625182872226e+02 2.753992530138510233e+02
2.033938741086968207e+02 2.746167575975457567e+02
2.027138650109343416e+02 2.738245988878582580e+02
2.020442353828265141e+02 2.730228436993165246e+02
2.013852218122015643e+02 2.722114428342968040e+02
2.007371186327007422e+02 2.713904769467368396e+02
2.001001764511558747e+02 2.705599605182692926e+02
1.994746634566527064e+02 2.697199257164040205e+02
1.988608577284094565e+02 2.688704140529081883e+02
1.982590456812295372e+02 2.680114704442898415e+02
1.976695317518709487e+02 2.671431379572019864e+02
1.970926321745932626e+02 2.662654628071527441e+02
1.965286710053032095e+02 2.653784975981649836e+02
1.959779653410108722e+02 2.644822585576852134e+02
1.954408929541244504e+02 2.635768715771728807e+02
1.949178245249704275e+02 2.626623176620294657e+02
1.944092123686110369e+02 2.617386933911620304e+02
1.939154731139699663e+02 2.608059963961333665e+02
1.934370779121843498e+02 2.598643317992438710e+02
1.929744562228037239e+02 2.589137925149500461e+02
1.925277988118080827e+02 2.579546026541877382e+02
1.920971907900422480e+02 2.569870521270732411e+02
1.916827159093540445e+02 2.560114038225199238e+02
1.912844917482524068e+02 2.550280090409385707e+02
1.909026011104828058e+02 2.540370912155989060e+02
1.905371930085814824e+02 2.530389815015792863e+02
1.901883992746939782e+02 2.520338959599378654e+02
1.898563983275742828e+02 2.510221706115118252e+02
1.895413520705381529e+02 2.500040711303487058e+02
1.892434364181869455e+02 2.489798714561392217e+02
1.889628240071249081e+02 2.479498758698402128e+02
1.886996910482120882e+02 2.469144352299211675e+02
1.884542007923054712e+02 2.458737669994041823e+02
1.882265721735084298e+02 2.448282912775475211e+02
1.880169951325903810e+02 2.437782800572135216e+02
1.878256480570233862e+02 2.427240884384221999e+02
1.876526945057399018e+02 2.416660857731266390e+02
1.874983089627208983e+02 2.406045904560904773e+02
1.873626931997231395e+02 2.395400548162901089e+02
1.872460412835843044e+02 2.384727812536754072e+02
1.871485314235736155e+02 2.374032040518788449e+02
1.870703183677217680e+02 2.363317157236608921e+02
1.870115743109422795e+02 2.352587527399855389e+02
1.869724843708206379e+02 2.341847314433326517e+02
1.869532507632361273e+02 2.331100683547983863e+02
1.869540593778928610e+02 2.320351951411585674e+02
1.869750852422823755e+02 2.309605754575036656e+02
1.870165137609692749e+02 2.298866782724672646e+02
1.870785484987527525e+02 2.288139490874479804e+02
1.871614093363865265e+02 2.277428523621222212e+02
1.872653186648688575e+02 2.266738507784279477e+02
1.873904956168777005e+02 2.256074359495832766e+02
1.875371642449280500e+02 2.245441020896825250e+02
1.877055736137860720e+02 2.234842987513582386e+02
1.878959627817774276e+02 2.224285479138830510e+02
1.881085938946024214e+02 2.213773146372560632e+02
1.883437262838297954e+02 2.203311002800940344e+02
1.886016105607851046e+02 2.192904020524374005e+02
1.888825196062269640e+02 2.182556617074898213e+02
1.891866604933206872e+02 2.172274228031484711e+02
1.895142849201436661e+02 2.162061111149554051e+02
1.898656218405888580e+02 2.151921975355012933e+02
1.902408664679090577e+02 2.141861343308607388e+02
1.906401744859492737e+02 2.131883494704893849e+02
1.910636588827143498e+02 2.121992416210042904e+02
1.915114222692402564e+02 2.112191922401007957e+02
1.919835151931391692e+02 2.102485912209342871e+02
1.924790941453180153e+02 2.092883904451043975e+02
1.929969921649185096e+02 2.083390714919297864e+02
1.935363279442190390e+02 2.074004042472471951e+02
1.940966478797604964e+02 2.064723618034038850e+02
1.946778952804951928e+02 2.055552212245275427e+02
1.952799606972375557e+02 2.046492970471976491e+02
1.959026567900703526e+02 2.037549307247479931e+02
1.965457318389995010e+02 2.028724801626410112e+02
1.972089478242810969e+02 2.020023163913111262e+02
1.978919684142382494e+02 2.011449092096424351e+02
1.985944860500271432e+02 2.003006866259034666e+02
1.993161133494328681e+02 1.994701241143560821e+02
2.000564236662804376e+02 1.986537042866569323e+02
2.008149772611975834e+02 1.978519008100157919e+02
2.015913214777816620e+02 1.970651862586589402e+02
2.023849685117770605e+02 1.962940514598813877e+02
2.031954029720690471e+02 1.955389959017173567e+02
2.040221660441152096e+02 1.948004917978997241e+02
2.048646354901127893e+02 1.940790272819792506e+02
2.057223430806150475e+02 1.933749363284108256e+02
2.065946220169120409e+02 1.926886487005146193e+02
2.074809474006570440e+02 1.920205248010585137e+02
2.083807948178302922e+02 1.913709399495631942e+02
2.092935128295885079e+02 1.907402255331956553e+02
2.102185500534502012e+02 1.901285408664188878e+02
2.111552397236474690e+02 1.895360876543891777e+02
2.121030292178683681e+02 1.889630293185680330e+02
2.130613462174645747e+02 1.884095458050644254e+02
2.140296654216382137e+02 1.878757216204419080e+02
2.150072837704095718e+02 1.873615563060963325e+02
2.159937082079151480e+02 1.868669792952051409e+02
2.169883849255142820e+02 1.863919545608198689e+02
2.179907775793550968e+02 1.859364462814594106e+02
2.190003560104051985e+02 1.855003612705912985e+02
2.200165870462965358e+02 1.850835101967616367e+02
2.210390774254086068e+02 1.846856781649896959e+02
2.220672246332029829e+02 1.843067008229095336e+02
2.231006699622718372e+02 1.839463658117878424e+02
2.241389768165072383e+02 1.836044669869900474e+02
2.251817214424559381e+02 1.832807574230202761e+02
2.262285021971195249e+02 1.829749872808155828e+02
2.272789661891240485e+02 1.826869069693384233e+02
2.283327820522569311e+02 1.824162742131016444e+02
2.293895656807136163e+02 1.821628642609834969e+02
2.304490307768132595e+02 1.819264568392172805e+02
2.315109010868691826e+02 1.817068427888648614e+02
2.325748787004247333e+02 1.815038222038122058e+02
2.336406849583044050e+02 1.813171977596724673e+02
2.347080735233183475e+02 1.811468066967027823e+02
2.357767870786042010e+02 1.809925594057917237e+02
2.368465951644971597e+02 1.808543772313591660e+02
2.379173602590551582e+02 1.807321887813598380e+02
2.389887090384245880e+02 1.806259329789865831e+02
2.400605874215552831e+02 1.805354872380706013e+02
2.411326436219702032e+02 1.804606145867886369e+02
2.422047182990783938e+02 1.804010538041935945e+02
2.432766113567026025e+02 1.803565526420593415e+02
2.443481250230255171e+02 1.803268626325881314e+02
2.454190723239045440e+02 1.803117735776356767e+02
2.464892765942665562e+02 1.803111684785210400e+02
2.475585656828345975e+02 1.803249477768343354e+02
2.486267708451206033e+02 1.803530150706478992e+02
2.496937801754154975e+02 1.803952838862512067e+02
2.507593458345703823e+02 1.804516764423208031e+02
2.518233600477643961e+02 1.805221677806894149e+02
2.528856649092888915e+02 1.806067444855028157e+02
2.539460788047050528e+02 1.807053925330994559e+02
2.550044266805823270e+02 1.808180981978980810e+02
2.560606265981562615e+02 1.809448655598191067e+02
2.571144052142303167e+02 1.810856797011446986e+02
2.581656540666058390e+02 1.812405425289248626e+02
2.592142049292831985e+02 1.814094553098280755e+02
2.602598879301974648e+02 1.815924207001554294e+02
2.613025329984853329e+02 1.817894269037059587e+02
2.623419737351732124e+02 1.820004108710907929e+02
2.633780450860798510e+02 1.822252998371892545e+02
2.644105824044352744e+02 1.824640221701896508e+02
2.654394212834280324e+02 1.827165072742603513e+02
2.664644011457574493e+02 1.829826552165160365e+02
2.674853767852090414e+02 1.832622565366403933e+02
2.685022170536281578e+02 1.835550799762281144e+02
2.695148077004974425e+02 1.838609012877997486e+02
2.705229648086728389e+02 1.841794769324937420e+02
2.715266023688698169e+02 1.845105453135392111e+02
2.725256696544219608e+02 1.848537054407323410e+02
2.735200115423791090e+02 1.852084844747796808e+02
2.745096420244378237e+02 1.855744542340687246e+02
2.754944631153268233e+02 1.859511583700544861e+02
2.764744644672103391e+02 1.863381289326773071e+02
2.774496372583204220e+02 1.867347482081073053e+02
2.784200256180463384e+02 1.871403733813536405e+02
2.793856482661450400e+02 1.875543504333470537e+02
2.803466116883434438e+02 1.879760584170931281e+02
2.813029393443445088e+02 1.884048251258164441e+02
2.822547959699053877e+02 1.888399416907810462e+02
2.832023033343155589e+02 1.892806599263263649e+02
2.841456146450360620e+02 1.897262375121439959e+02
2.850849325353758559e+02 1.901759550379537131e+02
2.860204458168606720e+02 1.906290881860794855e+02
2.869523657907457164e+02 1.910849168331229464e+02
2.878809419777632570e+02 1.915427383338956133e+02
2.888064410610189157e+02 1.920018632038170097e+02
2.897291242937884022e+02 1.924615943435446468e+02
2.906492728855315590e+02 1.929213259832118013e+02
2.915670446318071640e+02 1.933808788286841320e+02
2.924825501482291088e+02 1.938402278723737311e+02
2.933959020276931255e+02 1.942993557196358267e+02
2.943072024532152113e+02 1.947582367145105593e+02
2.952165655521113763e+02 1.952168685336867782e+02
2.961240768784966804e+02 1.956753122095129811e+02
2.970298113687027808e+02 1.961336559341408474e+02
2.979338417524692204e+02 1.965919908660087572e+02
2.988362395273542802e+02 1.970504153778303191e+02
2.997370680793300721e+02 1.975090247929730651e+02
3.006363839962536986e+02 1.979679492292575276e+02
3.015342336344345995e+02 1.984273313129612006e+02
3.024306599123246428e+02 1.988873160229781831e+02
3.033257023903243521e+02 1.993480506441875946e+02
3.042193967280801985e+02 1.998096859246643078e+02
3.051117709392281654e+02 2.002723839281238156e+02
3.060028465557681443e+02 2.007363160013386221e+02
3.068926420167550191e+02 2.012016492585476897e+02
3.077811725220604444e+02 2.016685560130133013e+02
3.086684486109687668e+02 2.021372105083584074e+02
3.095544759976033902e+02 2.026077903811655858e+02
3.104392559221992656e+02 2.030804757867286696e+02
3.113227855106919151e+02 2.035554485181852158e+02
3.122050577341195776e+02 2.040328919353621870e+02
3.130860665634211273e+02 2.045129772366179850e+02
3.139658300966012234e+02 2.049958040937430042e+02
3.148443806441291031e+02 2.054814479192555154e+02
3.157217483494416115e+02 2.059699897632672787e+02
3.165979580233627644e+02 2.064615111050213443e+02
3.174730294043204708e+02 2.069560943652426772e+02
3.183469751473863880e+02 2.074538261439043367e+02
3.192198017135775103e+02 2.079547956059523699e+02
3.200915104570725589e+02 2.084590943184215064e+02
3.209620977169482785e+02 2.089668121985738480e+02
3.218315554559019347e+02 2.094780372068300949e+02
3.226998671242566274e+02 2.099928677485278570e+02
3.235670074710281483e+02 2.105114061542617492e+02
3.244329464696819514e+02 2.110337546989480870e+02
3.252976497455301228e+02 2.115600182389317752e+02
3.261610765451184761e+02 2.120903002598129206e+02
3.270231740179315238e+02 2.126247073162573713e+02
3.278838836299052559e+02 2.131633586241448484e+02
3.287431396599807272e+02 2.137063712325046936e+02
3.296008736853272580e+02 2.142538687491038445e+02
3.304570046985259069e+02 2.148059607783197293e+02
3.313114449292314703e+02 2.153627712192164836e+02
3.321640966830333355e+02 2.159244343264601298e+02
3.330148601310227718e+02 2.164910951350763924e+02
3.338636116474716573e+02 2.170628649431626229e+02
3.347102393967008993e+02 2.176398817975504301e+02
3.355545635375607958e+02 2.182223654469259770e+02
3.363963221230882255e+02 2.188105570794662924e+02
3.372352614762695566e+02 2.194047137051346397e+02
3.380711292821280836e+02 2.200051120312246269e+02
3.389036219630094706e+02 2.206119572641761692e+02
3.397324945897634052e+02 2.212255147226941858e+02
3.405574548106778252e+02 2.218459730729956050e+02
3.413782369879698422e+02 2.224735588103483508e+02
3.421945437468843352e+02 2.231084622626097484e+02
3.430060923459737410e+02 2.237508972667602904e+02
3.438125833522834114e+02 2.244010124776797852e+02
3.446137752484632983e+02 2.250590029172665538e+02
3.454093545620953591e+02 2.257249642907814007e+02
3.461990655825662770e+02 2.263990719161477614e+02
3.469826195750003990e+02 2.270814681006508806e+02
3.477597268805056956e+02 2.277722358308021740e+02
3.485301509397769451e+02 2.284714775059262593e+02
3.492936373575269045e+02 2.291792770798490437e+02
3.500499284186741420e+02 2.298957198475476673e+02
3.507987442251949801e+02 2.306208566737686567e+02
3.515398471527787478e+02 2.313547518662313394e+02
3.522730090166753030e+02 2.320974336909513909e+02
3.529979987146875828e+02 2.328489267890052759e+02
3.537145808018445905e+02 2.336092531557039820e+02
3.544225157976448486e+02 2.343784316594980623e+02
3.551215776822059524e+02 2.351564741988707681e+02
3.558115514701157736e+02 2.359433753489317382e+02
3.564922043433550130e+02 2.367390981244520844e+02
3.571633214853386562e+02 2.375436369936952019e+02
3.578246914299083983e+02 2.383570071878905594e+02
3.584760579418041857e+02 2.391791399502198203e+02
3.591172102553130117e+02 2.400100325498657128e+02
3.597479127855847878e+02 2.408496495110477156e+02
3.603679305872114469e+02 2.416979632095329862e+02
3.609770074672495639e+02 2.425549097295657077e+02
3.615749076612355566e+02 2.434204950105571470e+02
3.621613433647408442e+02 2.442946713247120840e+02
3.627360251334794725e+02 2.451773902907144986e+02
3.632986711193946121e+02 2.460686274757728427e+02
3.638489821096433730e+02 2.469683372056722135e+02
3.643866305074620300e+02 2.478764798203943087e+02
3.649112503521354824e+02 2.487930338503707333e+02
3.654224678831081405e+02 2.497179861421512896e+02
3.659198702776470213e+02 2.506512400620701442e+02
3.664030813162329991e+02 2.515927944112773957e+02
3.668716408043928823e+02 2.525425875797257049e+02
3.673250247034116569e+02 2.535006096637727921e+02
3.677626748067472704e+02 2.544667969374923757e+02
3.681840415328813947e+02 2.554411239026875933e+02
3.685885471300915128e+02 2.564235134452051739e+02
3.689757162202071186e+02 2.574138141328228926e+02
3.693452747073055207e+02 2.584117626530173197e+02
3.696969633560146917e+02 2.594170755010424045e+02
3.700305172401492655e+02 2.604294683905541206e+02
3.703456689219122495e+02 2.614486853660791326e+02
3.706421125442375910e+02 2.624743403398661599e+02
3.709195775428268007e+02 2.635061539609545207e+02
3.711777656600496584e+02 2.645437943106147713e+02
3.714163613616245243e+02 2.655868813062047593e+02
3.716350497210304979e+02 2.666350618756051176e+02
3.718335219242520111e+02 2.676879107045437536e+02
3.720115258035408488e+02 2.687449881415927848e+02
3.721688113189708815e+02 2.698059062357252174e+02
3.723050919979440891e+02 2.708700964974010503e+02
3.724201012478070538e+02 2.719371157546783024e+02
3.725135888608219261e+02 2.730064264565783674e+02
3.725853986936085107e+02 2.740774434295452693e+02
3.726353835097490901e+02 2.751495744188142112e+02
3.726633860110239880e+02 2.762222155252459288e+02
3.726692416562832477e+02 2.772947032512502119e+02
3.726528263248011399e+02 2.783663784895981621e+02
3.726141169211351212e+02 2.794365377185914099e+02
3.725531066295062033e+02 2.805044457653112318e+02
3.724697806244849971e+02 2.815693921384747682e+02
3.723641356375645728e+02 2.826305651752993526e+02
3.722361883246559842e+02 2.836872280354263012e+02
3.720860260895872216e+02 2.847385727565441584e+02
3.719137602875829884e+02 2.857837826629630626e+02
3.717195161518472446e+02 2.868220372979184845e+02
3.715034126732389268e+02 2.878525402706569594e+02
3.712656075791852572e+02 2.888744342126047400e+02
3.710062717193123945e+02 2.898869067872902292e+02
3.707255981580958064e+02 2.908891359706155981e+02
3.704238012936285713e+02 2.918803106684494537e+02
3.701011370727501344e+02 2.928596305749630346e+02
3.697578591534303314e+02 2.938263272052460024e+02
3.693941816622023566e+02 2.947796423313877199e+02
3.690103452101482162e+02 2.957188495414820864e+02
3.686066337035616129e+02 2.966432688942359164e+02
3.681833569123781444e+02 2.975522612446656012e+02
3.677408875199307658e+02 2.984452826027729770e+02
3.672796241425675134e+02 2.993218420693300459e+02
3.667999992399605844e+02 3.001815490271299041e+02
3.663024821895490390e+02 3.010241366888996595e+02
3.657875650411780839e+02 3.018494367664100082e+02
