3.648544752173113466e+02 3.024508939716731675e+02
3.643558681885343162e+02 3.032518189704236988e+02
3.638400787654611577e+02 3.040400201599653087e+02
3.633070324244797575e+02 3.048159398246586989e+02
3.627567815894710179e+02 3.055798123685111705e+02
3.621894110522989081e+02 3.063318469879682198e+02
3.616050416835655597e+02 3.070722111086394648e+02
3.610038189939873519e+02 3.078010673438026856e+02
3.603859283015713117e+02 3.085185454416603648e+02
3.597516047063261340e+02 3.092246922304893246e+02
3.591010713347860701e+02 3.099196173683530446e+02
3.584346265292168709e+02 3.106033330503177012e+02
3.577525797680686992e+02 3.112758700694022309e+02
3.570552667415818746e+02 3.119372457786338373e+02
3.563430493158878676e+02 3.125874450210437772e+02
3.556162904996431280e+02 3.132264614338173487e+02
3.548753815962923568e+02 3.138542395276247703e+02
3.541206858586665476e+02 3.144707385966498236e+02
3.533525980451084934e+02 3.150758609072373133e+02
3.525714907753722400e+02 3.156695407775284821e+02
3.517777665684484418e+02 3.162516630978485637e+02
3.509718033448133383e+02 3.168221317042250007e+02
3.501539818938034045e+02 3.173808067384897527e+02
3.493246717872220870e+02 3.179275419798472626e+02
3.484842448045314995e+02 3.184621713515719534e+02
3.476330639704823966e+02 3.189845425278426205e+02
3.467714966944813000e+02 3.194944715745087365e+02
3.458998939182678782e+02 3.199917695432936853e+02
3.450186042388753549e+02 3.204762283827237752e+02
3.441279743685802828e+02 3.209476419971158521e+02
3.432283461596754250e+02 3.214057901551657324e+02
3.423200590594501023e+02 3.218504504036675939e+02
3.414034465893378751e+02 3.222813934433168015e+02
3.404788446002291948e+02 3.226983905863672248e+02
3.395465819665082563e+02 3.231012054880608275e+02
3.386069906371416778e+02 3.234896000484719139e+02
3.376603913679433049e+02 3.238633292550964029e+02
3.367071145314839669e+02 3.242221630116735014e+02
3.357474789572772238e+02 3.245658709289305648e+02
3.347818193736696344e+02 3.248942239585744574e+02
3.338104512712466772e+02 3.252069871670135512e+02
3.328336918162892744e+02 3.255039215745517254e+02
3.318518607479683737e+02 3.257848038552232879e+02
3.308652943090601752e+02 3.260494239478027794e+02
3.298742838400222013e+02 3.262975584160685685e+02
3.288791762106103533e+02 3.265289889260023415e+02
3.278802699662312534e+02 3.267434917875980886e+02
3.268778827026020508e+02 3.269408452308921937e+02
3.258723321925876348e+02 3.271208296203660097e+02
3.248639360225085966e+02 3.272832235868734188e+02
3.238530119061923642e+02 3.274278040558692169e+02
3.228398813833463237e+02 3.275543803250277506e+02
3.218248793670333612e+02 3.276631079859155875e+02
3.208083872411985453e+02 3.277543627382990508e+02
3.197907110470126781e+02 3.278285131196133761e+02
3.187721923610212684e+02 3.278859361266293035e+02
3.177531112869020831e+02 3.279270012796088167e+02
3.167337450361874289e+02 3.279520588842838151e+02
3.157143604721549082e+02 3.279614496510182562e+02
3.146952058901617875e+02 3.279555134785928772e+02
3.136765065698153307e+02 3.279345846326047536e+02
3.126584877607843396e+02 3.278989980772631156e+02
3.116413564755390553e+02 3.278490851908318291e+02
3.106253063125127483e+02 3.277851734278434037e+02
3.096105080314382576e+02 3.277075803168488051e+02
3.085971521607162344e+02 3.276166328935400429e+02
3.075853857308892430e+02 3.275126468430740942e+02
3.065753687792730489e+02 3.273959496793235076e+02
3.055672299539761525e+02 3.272668626488115251e+02
3.045611153719610797e+02 3.271257172083757041e+02
3.035571367050497429e+02 3.269728337183789222e+02
3.025554032837375757e+02 3.268085272092265541e+02
3.015560270000964351e+02 3.266331311665191492e+02
3.005590967385410863e+02 3.264469815300895448e+02
2.995646963806408394e+02 3.262504114608020700e+02
2.985729018253340428e+02 3.260437514285375187e+02
2.975837805109619012e+02 3.258273296290863641e+02
2.965973905030075457e+02 3.256014811342803910e+02
2.956137804735174655e+02 3.253665467105432185e+02
2.946329904202273724e+02 3.251228618011550111e+02
2.936550537146454758e+02 3.248707612127898301e+02
2.926799944109005196e+02 3.246105789006556961e+02
2.917078277881710733e+02 3.243426466717543803e+02
2.907385632914365488e+02 3.240672907087060253e+02
2.897721998607843830e+02 3.237848415434236813e+02
2.888087284063997231e+02 3.234956262691821962e+02
2.878481410143348853e+02 3.231999572243126408e+02
2.868904051543237301e+02 3.228981551866313566e+02
2.859355054511389653e+02 3.225905173164220514e+02
2.849833950647996517e+02 3.222773487826603969e+02
2.840340465783252171e+02 3.219589403240484558e+02
2.830873949111401089e+02 3.216355893028777473e+02
2.821434074340618281e+02 3.213075688616021353e+02
2.812020080163167677e+02 3.209751455695434288e+02
2.802631443889063689e+02 3.206385790695832725e+02
2.793267532682958745e+02 3.202981212756488958e+02
2.783927440276860921e+02 3.199540250531420043e+02
2.774610487865394362e+02 3.196065276552074010e+02
2.765315970188930805e+02 3.192558445016343853e+02
2.756042825831832488e+02 3.189021900239978322e+02
2.746790251390156072e+02 3.185457764141296479e+02
2.737557310616643349e+02 3.181868058229885037e+02
2.728343408712199221e+02 3.178253678429247202e+02
2.719148134475323673e+02 3.174614093043584262e+02
2.709971399410159734e+02 3.170948686255325697e+02
2.700813046783122786e+02 3.167256794581244321e+02
2.691672942094558607e+02 3.163537735988677468e+02
2.682551027664886192e+02 3.159790836186605247e+02
2.673447088396552545e+02 3.156015435530890727e+02
2.664361028720899185e+02 3.152210888554816961e+02
2.655292793789978418e+02 3.148376526320045627e+02
2.646242322350051381e+02 3.144511652669561954e+02
2.637209557069828065e+02 3.140615591748062343e+02
2.628194434275810067e+02 3.136687708819843579e+02
2.619196904630943550e+02 3.132727355053315819e+02
2.610216937813789286e+02 3.128733862527396923e+02
2.601254572019536795e+02 3.124706545522954002e+02
2.592309678672602331e+02 3.120644716650162422e+02
2.583382276083245301e+02 3.116547782320342890e+02
2.574472340005842170e+02 3.112415112390349350e+02
2.565579859348741252e+02 3.108246056396313293e+02
2.556704836152350993e+02 3.104039943930047798e+02
2.547847269104638031e+02 3.099796117884623072e+02
2.539007138242026258e+02 3.095513961364604256e+02
2.530184430937095215e+02 3.091192842105126033e+02
2.521379136944751167e+02 3.086832105140272233e+02
2.512590357063216402e+02 3.082430997722207735e+02
2.503816258017991174e+02 3.077989008579648953e+02
2.495056250015782666e+02 3.073506387580180785e+02
2.486309934547674914e+02 3.068983457376307911e+02
2.477576873746055810e+02 3.064420506214061675e+02
2.468856636563670293e+02 3.059817811987265372e+02
2.460148837866535700e+02 3.055175651120031830e+02
2.451453072992345881e+02 3.050494281625529425e+02
2.442768943619072672e+02 3.045773942406424908e+02
2.434096058855348019e+02 3.041014851446075795e+02
2.425434035340097694e+02 3.036217205670074577e+02
2.416782505439720694e+02 3.031381168622876885e+02
2.408141128923260510e+02 3.026506854219825300e+02
2.399509577340227509e+02 3.021594351768780484e+02
2.390887582459117482e+02 3.016643729897969024e+02
2.382274757727423946e+02 3.011655011356824616e+02
2.373670846976008875e+02 3.006628210917032789e+02
2.365075648257498244e+02 3.001563224750278778e+02
2.356488976650464338e+02 2.996459913678128260e+02
2.347910660352962964e+02 2.991318119793353958e+02
2.339340569547208020e+02 2.986137659260056694e+02
2.330778587046598318e+02 2.980918268669823874e+02
2.322224702074688309e+02 2.975659549090150335e+02
2.313678991330098995e+02 2.970361066998758020e+02
2.305141534271572823e+02 2.965022361128866919e+02
2.296612482451062931e+02 2.959642911233063387e+02
2.288092288612053835e+02 2.954221780155633610e+02
2.279582750776714306e+02 2.948756577454022931e+02
2.271085984922217449e+02 2.943244621514837718e+02
2.262604165222601580e+02 2.937683315724975728e+02
2.254139540525171412e+02 2.932070139734310033e+02
2.245694485660438033e+02 2.926402455411709411e+02
2.237271569451129096e+02 2.920677712628053655e+02
2.228873432392036591e+02 2.914893299043916386e+02
2.220502808979387339e+02 2.909046601742766711e+02
2.212162561813415209e+02 2.903135242517853385e+02
2.203855509676685358e+02 2.897156615176810988e+02
2.195584654822912682e+02 2.891108582926727877e+02
2.187352877438758014e+02 2.884988713686198025e+02
2.179163301066910492e+02 2.878794899740786377e+02
2.171019045712037894e+02 2.872525006355223240e+02
2.162923166280222631e+02 2.866176759152417617e+02
2.154878836955755048e+02 2.859748658784947111e+02
2.146888954499231090e+02 2.853238881910819487e+02
2.138956584691067917e+02 2.846645729118076247e+02
2.131084904631491383e+02 2.839967614226414980e+02
2.123277107816589933e+02 2.833203154999838489e+02
2.115536008993523183e+02 2.826351146482278409e+02
2.107864446554270330e+02 2.819410568509655377e+02
2.100265317350499856e+02 2.812380440711075380e+02
2.092741577704644271e+02 2.805259824211333353e+02
2.085296172173489424e+02 2.798047882092471923e+02
2.077931755915809333e+02 2.790744099118342660e+02
2.070650926720439884e+02 2.783348066514494690e+02
2.063456254068110809e+02 2.775859217739955511e+02
2.056350650336091803e+02 2.768277559068015989e+02
2.049336719547817722e+02 2.760602694000228325e+02
2.042416812848847769e+02 2.752834219467807770e+02
2.035593749063628479e+02 2.744972770519530627e+02
2.028869723745968372e+02 2.737017823818665647e+02
2.022247632708905485e+02 2.728970021770358585e+02
2.015729780686286574e+02 2.720828890107060261e+02
2.009319066277840307e+02 2.712595165926238110e+02
2.003017992908409894e+02 2.704268944998080428e+02
1.996829236061516326e+02 2.695850494124705392e+02
1.990755569340330737e+02 2.687340171909854121e+02
1.984799851362386391e+02 2.678738371304594921e+02
1.978965126970434198e+02 2.670045464417751759e+02
1.973254561887265766e+02 2.661261854640156344e+02
1.967671400904752375e+02 2.652388010337862738e+02
1.962218831831265788e+02 2.643424057819426594e+02
1.956900612713141925e+02 2.634371173326470625e+02
1.951720418230520977e+02 2.625229177500841615e+02
1.946682684425275909e+02 2.615998998807995690e+02
1.941791520317618165e+02 2.606680631154647472e+02
1.937051552222415864e+02 2.597275091892607293e+02
1.932467005287884945e+02 2.587783294240780378e+02
1.928039754323226305e+02 2.578207445228848655e+02
1.923770632321115954e+02 2.568550397269092969e+02
1.919660465113055068e+02 2.558814746842356840e+02
1.915710393888947465e+02 2.549003925452909129e+02
1.911921236505680497e+02 2.539120160470891960e+02
1.908294376058683213e+02 2.529166718125866282e+02
1.904831016049521679e+02 2.519145788967288411e+02
1.901532793905115284e+02 2.509060688524711225e+02
1.898401197526621615e+02 2.498914066632152640e+02
1.895437850431742675e+02 2.488708646778968614e+02
1.892644334012989020e+02 2.478447437843975649e+02
1.890022253523018492e+02 2.468133882784175910e+02
1.887573111128637890e+02 2.457770169071237945e+02
1.885298920635669901e+02 2.447360373688201491e+02
1.883201441220323602e+02 2.436907182448877620e+02
1.881282349441636654e+02 2.426414044885066801e+02
1.879543201425213681e+02 2.415884534705443230e+02
1.877985671659847071e+02 2.405321745926513586e+02
1.876611684480022575e+02 2.394730012943186921e+02
1.875423120711961644e+02 2.384112270880502251e+02
1.874421765149761256e+02 2.373472664655569133e+02
1.873609230986806153e+02 2.362814944582739258e+02
1.872987303658926237e+02 2.352143267536128235e+02
1.872557904291351463e+02 2.341461604249157347e+02
1.872323134656226387e+02 2.330773927134653150e+02
1.872285016804115401e+02 2.320084344563274215e+02
1.872445523597580745e+02 2.309397262352010785e+02
1.872806739300243066e+02 2.298717144056186612e+02
1.873370937545982144e+02 2.288048247884835575e+02
1.874140563658809242e+02 2.277395017591648809e+02
1.875118143848674492e+02 2.266761894046261716e+02
1.876306215902275767e+02 2.256153601261962365e+02
1.877707375682756492e+02 2.245574907833215832e+02
1.879324473499154067e+02 2.235030197867171182e+02
1.881160269753209775e+02 2.224524541289276272e+02
1.883217764682999018e+02 2.214062516316602398e+02
1.885499943615499205e+02 2.203649062687338187e+02
1.888009708872480417e+02 2.193289112460601302e+02
1.890750177424525589e+02 2.182987125935254085e+02
1.893723826573957751e+02 2.172748521364110559e+02
1.896933532437291774e+02 2.162577673574303105e+02
1.900381927307416277e+02 2.152479398437876625e+02
1.904071297455985530e+02 2.142458369748149494e+02
1.908003522060824650e+02 2.132519065105409766e+02
1.912180034836293032e+02 2.122665716617260614e+02
1.916602095076663943e+02 2.112902409666758103e+02
1.921270384822173867e+02 2.103233307597097337e+02
1.926176942172749307e+02 2.093667668006655163e+02
1.931310510052920790e+02 2.084210314500128618e+02
1.936662419136610254e+02 2.074859439414272799e+02
1.942228002905111737e+02 2.065615135504649515e+02
1.948006312526229920e+02 2.056480344473484365e+02
1.953995864680955208e+02 2.047458331441388850e+02
1.960194409637570629e+02 2.038552581630863472e+02
1.966599065544298810e+02 2.029766700840870044e+02
1.973207062927327229e+02 2.021104381008675830e+02
1.980014677770920173e+02 2.012570198512419779e+02
1.987018463732718772e+02 2.004168303332251071e+02
1.994214221086967598e+02 1.995903261768334005e+02
2.001597385163770468e+02 1.987779677069847537e+02
2.009163289881570620e+02 1.979802051330098323e+02
2.016907173796015798e+02 1.971974867066696504e+02
2.024823956116523505e+02 1.964302760949079243e+02
2.032908308001433682e+02 1.956790433156490110e+02
2.041155465924974237e+02 1.949442311063423858e+02
2.049559133319431226e+02 1.942262990398340321e+02
2.058114544989041690e+02 1.935255631830709149e+02
2.066815035176507251e+02 1.928424307795196739e+02
2.075655318064629853e+02 1.921772421657628911e+02
2.084630127061457188e+02 1.915303519034854958e+02
2.093733000384902425e+02 1.909020759279663650e+02
2.102958483726497434e+02 1.902925708693351510e+02
2.112300011286450854e+02 1.897020346768769343e+02
2.121752124693483665e+02 1.891306286790697300e+02
2.131309177684329654e+02 1.885785304017905162e+02
2.140965995191009199e+02 1.880458283290363113e+02
2.150715693979690855e+02 1.875325331459675340e+02
2.160553428703370571e+02 1.870385886951412147e+02
2.170473761844032765e+02 1.865639726293267699e+02
2.180471422075235921e+02 1.861086630713882641e+02
2.190541196819698371e+02 1.856725832912581211e+02
2.200677843995215994e+02 1.852555644577502392e+02
2.210877481836233471e+02 1.848574135832701870e+02
2.221134184503701192e+02 1.844779866582538830e+02
2.231444398427282749e+02 1.841170934084789508e+02
2.241803805101405942e+02 1.837745489132644821e+02
2.252208203894640803e+02 1.834501270964009905e+02
2.262653606430710056e+02 1.831435989718419250e+02
2.273136497621965759e+02 1.828547359515036135e+02
2.283653570032286382e+02 1.825833167245608877e+02
2.294200995313399289e+02 1.823291359374577212e+02
2.304775894926570743e+02 1.820919905799841558e+02
2.315375486839304529e+02 1.818716883366066384e+02
2.325996775467879729e+02 1.816680459210793970e+02
2.336636951688717261e+02 1.814808825639137240e+02
2.347293520045390949e+02 1.813100506834080932e+02
2.357963874143058831e+02 1.811554727858012086e+02
2.368645669169158055e+02 1.810170818952843490e+02
2.379337469588930389e+02 1.808948183558368328e+02
2.390035529070669895e+02 1.807886321734216040e+02
2.400739223139173077e+02 1.806984091146436242e+02
2.411445004256678715e+02 1.806239121866952644e+02
2.422151212659748296e+02 1.805648792397963405e+02
2.432855793621862972e+02 1.805210568620320544e+02
2.443556719122149161e+02 1.804921952842426833e+02
2.454252070568478530e+02 1.804780820131725250e+02
2.464940033819392511e+02 1.804785953954606441e+02
2.475618842478837109e+02 1.804936307612232724e+02
2.486286766911984500e+02 1.805230865041397976e+02
2.496942636465648206e+02 1.805668708642071749e+02
2.507583954314067398e+02 1.806249001552940570e+02
2.518209596280899234e+02 1.806971420162165600e+02
2.528817950817829399e+02 1.807835752991258289e+02
2.539407177760059540e+02 1.808841782065526331e+02
2.549975504073682941e+02 1.809989292002061063e+02
2.560522067408697353e+02 1.811278241473517880e+02
2.571044141722730956e+02 1.812708392770904595e+02
2.581540611702992010e+02 1.814279672951327314e+02
2.592009781672270492e+02 1.815992002999272756e+02
2.602449942422140339e+02 1.817845317643392207e+02
2.612859385264302432e+02 1.819839410495615084e+02
2.623236439788079792e+02 1.821973574282695267e+02
2.633579451029604002e+02 1.824247006964470188e+02
2.643886770233166885e+02 1.826658917818754162e+02
2.654156753144985146e+02 1.829208526505379950e+02
2.664387794326704011e+02 1.831894771913629256e+02
2.674578437700675408e+02 1.834715543472260038e+02
2.684727364159333547e+02 1.837668522613137156e+02
2.694833418279484931e+02 1.840751459875381499e+02
2.704894776289959282e+02 1.843961916871685673e+02
2.714910557613495712e+02 1.847297289709468373e+02
2.724880215672314421e+02 1.850753658609105514e+02
2.734802205595650548e+02 1.854326413206625830e+02
2.744676601164762815e+02 1.858011377186598168e+02
2.754502407337622572e+02 1.861804101126949149e+02
2.764279464869978824e+02 1.865700032766460765e+02
2.774007626522342775e+02 1.869693212750157727e+02
2.783687246681874967e+02 1.873777449746696107e+02
2.793318442838118472e+02 1.877946443517968476e+02
2.802902157460629269e+02 1.882194212296314220e+02
2.812438560036176227e+02 1.886514286971259935e+02
2.821929139066440371e+02 1.890899872008824900e+02
2.831374985877770314e+02 1.895343804027390604e+02
2.840777490784086012e+02 1.899838973731349370e+02
2.850138500083863846e+02 1.904378489722331267e+02
2.859459739072715934e+02 1.908955420115290735e+02
2.868743141225426143e+02 1.913562898789285498e+02
2.877990987407068815e+02 1.918194232702538500e+02
2.887205715287949488e+02 1.922842853911495524e+02
2.896389734117053081e+02 1.927502124112706667e+02
2.905545629536062506e+02 1.932166243989856582e+02
2.914674858938401485e+02 1.936833331534053286e+02
2.923778451467680384e+02 1.941502923412957671e+02
2.932857452998587746e+02 1.946174628643347830e+02
2.941912843547906959e+02 1.950847984397082939e+02
2.950945690569437829e+02 1.955522741699788014e+02
2.959956806582583226e+02 1.960199254163374576e+02
2.968946908554916035e+02 1.964878133091054053e+02
2.977916697314209387e+02 1.969560019252777465e+02
2.986866853651424663e+02 1.974245620020597300e+02
2.995798023996675852e+02 1.978935627894551885e+02
3.004710754312758922e+02 1.983631064419740540e+02
3.013605507647718014e+02 1.988333079977789168e+02
3.022482719308858350e+02 1.993042848976016330e+02
3.031342797367470894e+02 1.997761569355059237e+02
3.040186117831325987e+02 2.002490473111834888e+02
3.049012990935046332e+02 2.007230897212128014e+02
3.057823656816478888e+02 2.011984261583822899e+02
3.066618372976192290e+02 2.016751964494750666e+02
3.075397332584223591e+02 2.021535439191182775e+02
3.084160702181526403e+02 2.026336142383725871e+02
3.092908619895418951e+02 2.031155544643697795e+02
3.101641193393086837e+02 2.035995132918898207e+02
3.110358498113214409e+02 2.040856413212994767e+02
3.119060576937374094e+02 2.045740910204119700e+02
3.127747574357572375e+02 2.050650071657248645e+02
3.136420271346683535e+02 2.055584811451695657e+02
3.145079377541791814e+02 2.060545668324461985e+02
3.153725402082085907e+02 2.065533138762988301e+02
3.162358825800254181e+02 2.070547738955120280e+02
3.170980090093215722e+02 2.075589996880017623e+02
3.179589600996178547e+02 2.080660446553634699e+02
3.188187728565559382e+02 2.085759630159309665e+02
3.196774790462924898e+02 2.090888113969394340e+02
3.205351084855011550e+02 2.096046469288448577e+02
3.213916886317651915e+02 2.101235259177454111e+02
3.222472387899103978e+02 2.106455102917700231e+02
3.231017736462599714e+02 2.111706654545510844e+02
3.239553042371842366e+02 2.116990577243647920e+02
3.248078369531040153e+02 2.122307560223055987e+02
3.256593748170990352e+02 2.127658301497048114e+02
3.265099132726649032e+02 2.133043544026960205e+02
3.273594389248279413e+02 2.138464121473987802e+02
3.282079343267162699e+02 2.143920872054359279e+02
3.290553773446906689e+02 2.149414687146859251e+02
3.299017416293313545e+02 2.154946389559611077e+02
3.307469890982155789e+02 2.160516940136366770e+02
3.315910702015294191e+02 2.166127417057853677e+02
3.324339306929840063e+02 2.171778988610982708e+02
3.332755069039052387e+02 2.177472610990471082e+02
3.341157340835365517e+02 2.183209434720305353e+02
3.349544538793545030e+02 2.188991700797800206e+02
3.357914177216438816e+02 2.194822204739392646e+02
3.366263750006860391e+02 2.200703827369111423e+02
3.374590698018153034e+02 2.206639588645003016e+02
3.382892137007364113e+02 2.212631979877458264e+02
3.391165438721722580e+02 2.218683956446427885e+02
3.399407606324315338e+02 2.224797957904390273e+02
3.407615769448703418e+02 2.230976677466511262e+02
3.415786812841215578e+02 2.237222520773983092e+02
3.423917681478764052e+02 2.243538052463972861e+02
3.432005175943111226e+02 2.249925325319040610e+02
3.440046465457231193e+02 2.256386753289112903e+02
3.448038174069782258e+02 2.262923945727501689e+02
3.455977317898991146e+02 2.269539117148500793e+02
3.463860635291625840e+02 2.276234209341457699e+02
3.471684877013737491e+02 2.283010624604785903e+02
3.479447219424090463e+02 2.289869873635037720e+02
3.487144675308036312e+02 2.296813301170367367e+02
3.494774206224415138e+02 2.303842246079849758e+02
3.502332577351306782e+02 2.310957732389363741e+02
3.509816944087100410e+02 2.318160823685683738e+02
3.517224596444229405e+02 2.325452204944102732e+02
3.524552786203949495e+02 2.332832510850979588e+02
3.531798711091811924e+02 2.340302336777891412e+02
3.538959519526784447e+02 2.347862232470739627e+02
3.546032530442510620e+02 2.355512616954622445e+02
3.553015231139545449e+02 2.363253679363954802e+02
3.559904950046641829e+02 2.371085310652662486e+02
3.566699158028821444e+02 2.379007665454020923e+02
3.573395340697603615e+02 2.387021074783975791e+02
3.579990642664371876e+02 2.395125061796609600e+02
3.586482675162214946e+02 2.403319672902899811e+02
3.592868825882616193e+02 2.411604648798111725e+02
3.599146478246546508e+02 2.419979790777034054e+02
3.605312819625403904e+02 2.428444557752752075e+02
3.611365242320025573e+02 2.436999010885622852e+02
3.617300713412755613e+02 2.445642681226391630e+02
3.623116182783787167e+02 2.454375079179101533e+02
3.628808660160967179e+02 2.463195925241872999e+02
3.634374989986459923e+02 2.472104735861792619e+02
3.639811759663880366e+02 2.481101065586136372e+02
3.645115213146089559e+02 2.490184616046080066e+02
3.650281514998237071e+02 2.499355155645332331e+02
3.655306469058638754e+02 2.508611667200850093e+02
3.660186203127138924e+02 2.517954005839234242e+02
3.664916053938609366e+02 2.527381460264019779e+02
3.669490741225245074e+02 2.536893792643716097e+02
3.673904661778910281e+02 2.546490249756225239e+02
3.678152280706880788e+02 2.556170418009109255e+02
3.682227796159405102e+02 2.565933386124193021e+02
3.686126563352959806e+02 2.575777436726398264e+02
3.689846195845828447e+02 2.585699629768648151e+02
3.693384490795893953e+02 2.595696824765348651e+02
3.696739195528949722e+02 2.605765881285090586e+02
3.699908031635596899e+02 2.615903931015490684e+02
3.702888358813171408e+02 2.626106907480605059e+02
3.705677825193287731e+02 2.636371756984673880e+02
3.708273817609750722e+02 2.646694943834463629e+02
3.710673566984409035e+02 2.657072488994942319e+02
3.712874307369366420e+02 2.667500668316813517e+02
3.714873332276021074e+02 2.677975092319583155e+02
3.716668457417725335e+02 2.688491243369808217e+02
3.718257505186148819e+02 2.699045084436170896e+02
3.719637977900155761e+02 2.709630915439341265e+02
3.720807549525426339e+02 2.720244193152100252e+02
3.721764043227040588e+02 2.730879508279106744e+02
3.722506144597412572e+02 2.741531016361412298e+02
3.723032617567030798e+02 2.752192808713347176e+02
3.723342128286997195e+02 2.762858869626795126e+02
3.723433281198445570e+02 2.773522642003837859e+02
3.723305035088740738e+02 2.784177608313423775e+02
3.722957243661742837e+02 2.794816849024769567e+02
3.722389906863539295e+02 2.805433157538028013e+02
3.721602938195989054e+02 2.816019539037193908e+02
3.720596376957718121e+02 2.826568101975171885e+02
3.719370405863529072e+02 2.837071605237737799e+02
3.717925803842522896e+02 2.847522179351155387e+02
3.716263563739784104e+02 2.857911873972606713e+02
3.714384810525218654e+02 2.868232702182560274e+02
3.712290600443595281e+02 2.878476860758843259e+02
3.709982347647259644e+02 2.888636052753427066e+02
3.707461521968160696e+02 2.898702340296609918e+02
3.704729793650911347e+02 2.908667709818857929e+02
3.701789037381600451e+02 2.918524242040979857e+02
3.698641528200903963e+02 2.928264155979024963e+02
3.695289520307523503e+02 2.937879924844280595e+02
3.691734882812850742e+02 2.947364142565911607e+02
3.687979739951572355e+02 2.956709718646259830e+02
3.684026634945628302e+02 2.965910011139374092e+02
3.679878368050190716e+02 2.974958724118000646e+02
3.675538330200223527e+02 2.983850585898615009e+02
3.671010186049733761e+02 2.992580734205503177e+02
3.666297917704592919e+02 3.001145320018590041e+02
3.661405858843959322e+02 3.009541719689706838e+02
3.656338577621254444e+02 3.017768220991732733e+02
