3.643795524777140145e+02 3.022064732172877370e+02
3.638838209323425872e+02 3.029880256063139541e+02
3.633719680632574409e+02 3.037571045497090836e+02
3.628438349342338256e+02 3.045143139269719086e+02
3.622994121439742798e+02 3.052599839852684340e+02
3.617387173989390021e+02 3.059944104486154970e+02
3.611618033056653303e+02 3.067178343979319948e+02
3.605687405654045961e+02 3.074304881462628032e+02
3.599596401999937143e+02 3.081325593818140760e+02
3.593346751545262805e+02 3.088241312259743268e+02
3.586939877848941478e+02 3.095053632389652876e+02
3.580378191176855580e+02 3.101762913965055191e+02
3.573664247742152611e+02 3.108369822774889712e+02
3.566800914147064532e+02 3.114874867938016791e+02
3.559791391196610562e+02 3.121278150744607842e+02
3.552638844929600168e+02 3.127579884459581763e+02
3.545346863043277494e+02 3.133779672625309445e+02
3.537918622209748492e+02 3.139877347149345042e+02
3.530357803007398161e+02 3.145872029746668090e+02
3.522667712644084759e+02 3.151763267612141135e+02
3.514852168212904076e+02 3.157549980708325279e+02
3.506914596801956350e+02 3.163231359261473585e+02
3.498858537495741530e+02 3.168806024874113518e+02
3.490687373422671840e+02 3.174272537117925026e+02
3.482404596417703715e+02 3.179629219161482183e+02
3.474013505084795383e+02 3.184874591826445567e+02
3.465517613615732557e+02 3.190006762373968741e+02
3.456920110190790183e+02 3.195023737779368957e+02
3.448224236452245464e+02 3.199923254338150969e+02
3.439433169129238763e+02 3.204703094438704625e+02
3.430550134184778699e+02 3.209360866782861876e+02
3.421578292912302004e+02 3.213894165379960555e+02
3.412520775451573627e+02 3.218300400139488602e+02
3.403380685705808446e+02 3.222576963701084765e+02
3.394161120462804888e+02 3.226721157231348229e+02
3.384865190209634420e+02 3.230730276110336376e+02
3.375495960411531655e+02 3.234601527545905242e+02
3.366056557774007274e+02 3.238332244586100046e+02
3.356550046486802330e+02 3.241919730595749911e+02
3.346979601117267862e+02 3.245361320309189637e+02
3.337348279980394068e+02 3.248654275837228056e+02
3.327659155845053078e+02 3.251795830749709353e+02
3.317915346306078845e+02 3.254783421813277755e+02
3.308120118094153668e+02 3.257614648912747271e+02
3.298276378017605452e+02 3.260286965946436908e+02
3.288387491770438942e+02 3.262797900002886422e+02
3.278456433969991508e+02 3.265144924511782278e+02
3.268486357403940588e+02 3.267325653924649487e+02
3.258480427032999955e+02 3.269337788982329016e+02
3.248441805584660074e+02 3.271179016944241766e+02
3.238373656438955095e+02 3.272847011006624030e+02
3.228279178991251115e+02 3.274339755854682039e+02
3.218161700698741470e+02 3.275658544184262269e+02
3.208024987365785705e+02 3.276806780614795684e+02
3.197872086200196122e+02 3.277787795970656362e+02
3.187706386763774162e+02 3.278605008942180348e+02
3.177530684885428514e+02 3.279261763053640948e+02
3.167347748271912451e+02 3.279761200783749473e+02
3.157160249623843811e+02 3.280106363104122238e+02
3.146970684935089366e+02 3.280300284308913774e+02
3.136781323618271813e+02 3.280345944090147441e+02
3.126594447036067663e+02 3.280246325878935068e+02
3.116412160602809536e+02 3.280004316982854675e+02
3.106236444517721793e+02 3.279622723863420219e+02
3.096069046495381372e+02 3.279104254415595960e+02
3.085911957731029247e+02 3.278451713990285157e+02
3.075766704831215179e+02 3.277667790356769615e+02
3.065634991110699730e+02 3.276755212989739334e+02
3.055518182662084996e+02 3.275716589331237287e+02
3.045417892364553722e+02 3.274554632629297544e+02
3.035335348079537425e+02 3.273271945377918541e+02
3.025271775530595733e+02 3.271871075874723829e+02
3.015228489454126475e+02 3.270354702363805472e+02
3.005206552050160553e+02 3.268725478233779995e+02
2.995207003657287714e+02 3.266986032124877397e+02
2.985230824452826823e+02 3.265138970083006029e+02
2.975278927301602039e+02 3.263186878947247465e+02
2.965352150423983062e+02 3.261132402905549270e+02
2.955451257503704028e+02 3.258978233808574601e+02
2.945576929544020004e+02 3.256727013163947504e+02
2.935729824348493366e+02 3.254381384896655618e+02
2.925910526174660049e+02 3.251943992612958709e+02
2.916119519985671786e+02 3.249417497309092937e+02
2.906357219635134470e+02 3.246804540360385545e+02
2.896624031012165688e+02 3.244107827664057595e+02
2.886920249732427806e+02 3.241330030450008053e+02
2.877246117375961489e+02 3.238473666836591178e+02
2.867601837705708476e+02 3.235541457647290144e+02
2.857987532877891681e+02 3.232535921975561450e+02
2.848403254362633561e+02 3.229459715405589009e+02
2.838849046759651742e+02 3.226315312495124772e+02
2.829324808843836649e+02 3.223105311167599893e+02
2.819830521403010835e+02 3.219832097483247253e+02
2.810365957681522673e+02 3.216498138374940936e+02
2.800930960145541917e+02 3.213105802173769803e+02
2.791525313179440673e+02 3.209657396826509057e+02
2.782148624121438161e+02 3.206155272017716129e+02
2.772800604935792990e+02 3.202601645242343125e+02
2.763480951169474906e+02 3.198998583958685344e+02
2.754189114939408114e+02 3.195348187403691895e+02
2.744924691822078557e+02 3.191652506462024803e+02
2.735687185776429260e+02 3.187913521471560330e+02
2.726476291270310526e+02 3.184132543327933718e+02
2.717291755294841664e+02 3.180310077332749756e+02
2.708133526681328931e+02 3.176446557874053269e+02
2.699001489761885750e+02 3.172542378424538470e+02
2.689895525429882923e+02 3.168597909833136441e+02
2.680815572905181057e+02 3.164613466054333912e+02
2.671761454389412052e+02 3.160589304148507495e+02
2.662733067018034490e+02 3.156525677831638177e+02
2.653730324556997289e+02 3.152422813398478638e+02
2.644753118994436818e+02 3.148280908037326071e+02
2.635801343870805340e+02 3.144100128163677823e+02
2.626874896571150657e+02 3.139880604567744626e+02
2.617973673554268998e+02 3.135622444917536313e+02
2.609097572226924626e+02 3.131325734716750162e+02
2.600246536447089625e+02 3.126990536026654581e+02
2.591420355334449255e+02 3.122616880076471944e+02
2.582618955802484493e+02 3.118204826841998170e+02
2.573842215224256051e+02 3.113754394170786099e+02
2.565090008648185176e+02 3.109265576329599980e+02
2.556362208681508150e+02 3.104738343932804696e+02
2.547658674904144505e+02 3.100172664750922991e+02
2.538979244033346845e+02 3.095568520475170544e+02
2.530323746334113082e+02 3.090925871022362230e+02
2.521691999132438582e+02 3.086244649137446459e+02
2.513082882461287113e+02 3.081524667176536809e+02
2.504494235950912184e+02 3.076765933161389626e+02
2.495925125276499443e+02 3.071969226601121363e+02
2.487374798443063639e+02 3.067135395375414078e+02
2.478842446781208935e+02 3.062265241007182794e+02
2.470327253748081091e+02 3.057359543963158899e+02
2.461828423743992573e+02 3.052419102150460049e+02
2.453345090815924436e+02 3.047444740252736324e+02
2.444876375726394144e+02 3.042437259225574167e+02
2.436421391916451569e+02 3.037397426864539511e+02
2.427979245933859431e+02 3.032325977728983162e+02
2.419549019404689716e+02 3.027223640738791346e+02
2.411129743064331876e+02 3.022091175642867142e+02
2.402720432886054596e+02 3.016929315508780860e+02
2.394320162135074952e+02 3.011738766900949145e+02
2.385927829691100612e+02 3.006520147406388901e+02
2.377542449692682283e+02 3.001274116958873606e+02
2.369162985112706679e+02 2.996001306981442553e+02
2.360788380216823441e+02 2.990702309413474040e+02
2.352417571861249144e+02 2.985377676767065509e+02
2.344049532819672947e+02 2.980027925556074138e+02
2.335683175639262288e+02 2.974653491572066741e+02
2.327317404240751841e+02 2.969254748470637537e+02
2.318951208721069577e+02 2.963832056624435154e+02
2.310583542541898794e+02 2.958385710188225062e+02
2.302213453404000347e+02 2.952915955172839517e+02
2.293840293581088474e+02 2.947422297409216299e+02
2.285465359442993361e+02 2.941902306113580039e+02
2.277090347824497485e+02 2.936353136157305812e+02
2.268716952173781465e+02 2.930771965597495523e+02
2.260346956482895848e+02 2.925156052205933292e+02
2.251982415205395398e+02 2.919502560636140061e+02
2.243625597751163241e+02 2.913808432431031861e+02
2.235278991398184303e+02 2.908070602755425966e+02
2.226945186700783097e+02 2.902286007574949735e+02
2.218626813757951766e+02 2.896451724535650101e+02
2.210326685658492636e+02 2.890564700202360200e+02
2.202047829188891797e+02 2.884621961979951266e+02
2.193793391488258351e+02 2.878620377087450493e+02
2.185566648066894118e+02 2.872557015238303961e+02
2.177370939245923864e+02 2.866428978725951424e+02
2.169209661491788950e+02 2.860233268389848149e+02
2.161086353942758933e+02 2.853967351647458486e+02
2.153004485057847432e+02 2.847628500166527488e+02
2.144967673617077537e+02 2.841214084341960415e+02
2.136979654182574677e+02 2.834721585996801423e+02
2.129044197424342428e+02 2.828148685917399803e+02
2.121164796739736857e+02 2.821493264063423680e+02
2.113344985722031879e+02 2.814753375166914680e+02
2.105588378588030309e+02 2.807927134012844590e+02
2.097898670890003530e+02 2.801012717550357820e+02
2.090279549188373664e+02 2.794008441048506484e+02
2.082734340633423074e+02 2.786913034949809003e+02
2.075266306999318431e+02 2.779725377603595575e+02
2.067878716149474201e+02 2.772444229773987558e+02
2.060575142409627745e+02 2.765068874452235264e+02
2.053358887069850311e+02 2.757598303692722084e+02
2.046232842612680827e+02 2.750031669022783944e+02
2.039200248529864439e+02 2.742369118271429898e+02
2.032263820775299621e+02 2.734609774101311928e+02
2.025426907224427566e+02 2.726753828200091903e+02
2.018692309357760735e+02 2.718800492249845888e+02
2.012063157945805756e+02 2.710750251323560747e+02
2.005542156706067374e+02 2.702603060185512618e+02
1.999132174755348501e+02 2.694359033276546143e+02
1.992836179768110867e+02 2.686018375061987058e+02
1.986657198379311637e+02 2.677581344711668976e+02
1.980598259756195887e+02 2.669048295481390483e+02
1.974662439384912886e+02 2.660419650119008566e+02
1.968852888819687337e+02 2.651695887908441023e+02
1.963172704577730485e+02 2.642877145178099454e+02
1.957625513797846395e+02 2.633964588714946444e+02
1.952214706319095967e+02 2.624958134906404439e+02
1.946944345799254563e+02 2.615858809465697163e+02
1.941818166891102351e+02 2.606666692045180866e+02
1.936840410543210282e+02 2.597382855416565803e+02
1.932014910084710095e+02 2.588008247388538052e+02
1.927343131179540592e+02 2.578545086670264936e+02
1.922825486541393900e+02 2.568996210947507848e+02
1.918462372862599068e+02 2.559364165410681551e+02
1.914254505946109077e+02 2.549652317869975491e+02
1.910202280793434682e+02 2.539862757835873026e+02
1.906306849716877139e+02 2.529998534114896813e+02
1.902569260976984822e+02 2.520061512886800017e+02
1.898991020286080982e+02 2.510054704058519519e+02
1.895573475718105101e+02 2.499980392710305637e+02
1.892318136241056834e+02 2.489840897652359502e+02
1.889226666941738131e+02 2.479638735175855402e+02
1.886300882058411617e+02 2.469376826929112951e+02
1.883542473934098211e+02 2.459056712267134799e+02
1.880953716425313473e+02 2.448681955575055724e+02
1.878536623423426590e+02 2.438254572394718025e+02
1.876293349389830780e+02 2.427777323493438359e+02
1.874226066131628841e+02 2.417253057157272451e+02
1.872337079698836817e+02 2.406684065622114019e+02
1.870629021278679431e+02 2.396074039426896150e+02
1.869104476310925236e+02 2.385425052633719076e+02
1.867766137996717930e+02 2.374740520748861172e+02
1.866616637974952937e+02 2.364023379380867311e+02
1.865658844509904668e+02 2.353277055316935105e+02
1.864895806971453283e+02 2.342504769010957091e+02
1.864330814125989946e+02 2.331709753373098977e+02
1.863967176573264624e+02 2.320895411584833994e+02
1.863808253272750903e+02 2.310065545631903206e+02
1.863857580291025897e+02 2.299224086583895996e+02
1.864118945848010469e+02 2.288374759148763644e+02
1.864596380707744743e+02 2.277521592472363352e+02
1.865294033868512713e+02 2.266668687880353161e+02
1.866216109139255366e+02 2.255820626919709468e+02
1.867366926707957191e+02 2.244982181311925729e+02
1.868751128240266439e+02 2.234157712696210183e+02
1.870373294788603573e+02 2.223352720744408373e+02
1.872238258675944564e+02 2.212572179192059991e+02
1.874350808546793417e+02 2.201821792381423109e+02
1.876715639922517198e+02 2.191107507445705949e+02
1.879337687658125162e+02 2.180434800983184402e+02
1.882221068458201785e+02 2.169810971337014109e+02
1.885370336296908818e+02 2.159242012349289155e+02
1.888789618553966250e+02 2.148734954356296498e+02
1.892482508745962662e+02 2.138297009910727979e+02
1.896451959399532825e+02 2.127935511724128901e+02
1.900700203173036300e+02 2.117657847674750826e+02
1.905229078390632935e+02 2.107471578626364703e+02
1.910039476575090021e+02 2.097384828874183711e+02
1.915120673680565631e+02 2.087415506530203686e+02
1.920458348803656463e+02 2.077575595904756085e+02
1.926042178917758463e+02 2.067866718736569283e+02
1.931865209457289154e+02 2.058291762651056729e+02
1.937923617053253054e+02 2.048855787097638483e+02
1.944213042078038427e+02 2.039563748991631940e+02
1.950728392951633339e+02 2.030420476266005210e+02
1.957464040292544780e+02 2.021430550758957168e+02
1.964414579329240951e+02 2.012598015709980643e+02
1.971573384373588453e+02 2.003927601934315987e+02
1.978934564676746390e+02 1.995423042722013065e+02
1.986491537996862462e+02 1.987088397347007742e+02
1.994237562713462637e+02 1.978927544875629962e+02
2.002165911809148042e+02 1.970943851442942787e+02
2.010269829594820976e+02 1.963140261259604529e+02
2.018542407270114438e+02 1.955519766278204941e+02
2.026976680242990199e+02 1.948085329574668947e+02
2.035566601592657321e+02 1.940839454172725880e+02
2.044304450375708484e+02 1.933784849607827709e+02
2.053184555235256994e+02 1.926922369221089184e+02
2.062199094984084979e+02 1.920253996816236679e+02
2.071342063818117367e+02 1.913780855926657694e+02
2.080607586347825304e+02 1.907504229998972107e+02
2.089988614935257090e+02 1.901425177587549058e+02
2.099479503874501347e+02 1.895543179795207038e+02
2.109073392678517678e+02 1.889858258914655096e+02
2.118764751090236587e+02 1.884370025328125564e+02
2.128547882595985072e+02 1.879078304814197793e+02
2.138417773851862478e+02 1.873982218605784169e+02
2.148367698546006466e+02 1.869080501090526809e+02
2.158393212998836646e+02 1.864371198037405861e+02
2.168489203733215334e+02 1.859852769725599728e+02
2.178650742752408860e+02 1.855523717258127760e+02
2.188873042136096387e+02 1.851382206593287094e+02
2.199151388303126851e+02 1.847425824587010084e+02
2.209482509683103615e+02 1.843651958020093957e+02
2.219860904606382519e+02 1.840058567841404056e+02
2.230283595219595725e+02 1.836643136891533459e+02
2.240746785717684872e+02 1.833403367038789327e+02
2.251246834198821034e+02 1.830336788699432304e+02
2.261780292900737948e+02 1.827440952291217116e+02
2.272344177684319106e+02 1.824713433627227914e+02
2.282935687262243221e+02 1.822151904887132332e+02
2.293551449924559051e+02 1.819754268620110338e+02
2.304189075535054769e+02 1.817518548065010577e+02
2.314846241651917467e+02 1.815442902879046869e+02
2.325520371577784715e+02 1.813525602061149868e+02
2.336209055307877804e+02 1.811764953653335795e+02
2.346910180384156206e+02 1.810159606404532724e+02
2.357621490540676632e+02 1.808708915889641275e+02
2.368340979119969631e+02 1.807412351614782722e+02
2.379067559358617245e+02 1.806269463234136197e+02
2.389797733430108053e+02 1.805279915002142843e+02
2.400531224235276397e+02 1.804442820408884813e+02
2.411264730414869746e+02 1.803756303862711263e+02
2.421996873849896872e+02 1.803218272046796642e+02
2.432725837666934581e+02 1.802826727192572207e+02
2.443449803646080625e+02 1.802579713713464571e+02
2.454167036382748392e+02 1.802475601220552051e+02
2.464875879081583889e+02 1.802513537526759535e+02
2.475574705535975681e+02 1.802692822511450856e+02
2.486261910825219275e+02 1.803012789638417814e+02
2.496936449381704790e+02 1.803472873300657398e+02
2.507595895427208461e+02 1.804072573659551892e+02
2.518239222687338383e+02 1.804811857035258527e+02
2.528864891827164172e+02 1.805690795144897436e+02
2.539471117282166404e+02 1.806709454267680712e+02
2.550056171892607892e+02 1.807867904137424375e+02
2.560619256198266953e+02 1.809166385766400253e+02
2.571157642769790073e+02 1.810604927903784755e+02
2.581670253708804808e+02 1.812183723674502573e+02
2.592155404908616561e+02 1.813902959632388558e+02
2.602611389819704755e+02 1.815762836031699123e+02
2.613036493785340895e+02 1.817763411176131569e+02
2.623429032099099913e+02 1.819904240035214116e+02
2.633787327215254095e+02 1.822184781847584816e+02
2.644109699592939364e+02 1.824604506482696991e+02
2.654394466090456035e+02 1.827162893352548281e+02
2.664639975074226186e+02 1.829859134404001679e+02
2.674844719245647866e+02 1.832691350187378134e+02
2.685007324174533778e+02 1.835657447657250998e+02
2.695126576950798949e+02 1.838755402355807291e+02
2.705200562999804106e+02 1.841982995611486160e+02
2.715228337260953140e+02 1.845337831121479155e+02
2.725209295682055313e+02 1.848816136183004062e+02
2.735141788095914421e+02 1.852413423458875741e+02
2.745025839181748779e+02 1.856125648440905991e+02
2.754860353652542244e+02 1.859948483822681737e+02
2.764645099906026076e+02 1.863877481922071695e+02
2.774379858136745156e+02 1.867906691724560346e+02
2.784064927184816156e+02 1.872029906611643639e+02
2.793700350464950475e+02 1.876240806199730571e+02
2.803287028785542248e+02 1.880533394792276738e+02
2.812825046408682397e+02 1.884901160182051001e+02
2.822315876474602874e+02 1.889337190556351800e+02
2.831760572478646623e+02 1.893834173617609906e+02
2.841160494930642244e+02 1.898384852001219372e+02
2.850517479775702441e+02 1.902982190424724251e+02
2.859833230264886765e+02 1.907619102066314838e+02
2.869109671928338798e+02 1.912288530726173974e+02
2.878349096208141873e+02 1.916983585196427384e+02
2.887553956297873583e+02 1.921697500196453632e+02
2.896726666165922666e+02 1.926423436088222729e+02
2.905869838270233458e+02 1.931155385639158908e+02
2.914984981918440781e+02 1.935891193873173677e+02
2.924073192449736780e+02 1.940630102584958365e+02
2.933135591623541814e+02 1.945371428643183265e+02
2.942173234767537338e+02 1.950114416411889238e+02
2.951187279495055122e+02 1.954858539935578960e+02
2.960178609471175832e+02 1.959603939094294276e+02
2.969148009579732843e+02 1.964351037616360998e+02
2.978096253806106688e+02 1.969100290620293094e+02
2.987024102839189936e+02 1.973852222391972475e+02
2.995932281330415776e+02 1.978607348728746729e+02
3.004821405788384823e+02 1.983366560709982593e+02
3.013692004425076902e+02 1.988130897258286609e+02
3.022544581012020899e+02 1.992901422964573328e+02
3.031379615490257606e+02 1.997679227637894996e+02
3.040197557869216212e+02 2.002465439806122447e+02
3.048998785486851375e+02 2.007261316852213611e+02
3.057783603179096872e+02 2.012068210782294670e+02
3.066552336112449098e+02 2.016887453801210484e+02
3.075305247178852710e+02 2.021720414523117313e+02
3.084042574831414640e+02 2.026568487381876196e+02
3.092764528797419530e+02 2.031433087877502430e+02
3.101471289237426845e+02 2.036315652379246899e+02
3.110163006346066936e+02 2.041217638143308477e+02
3.118839800062547738e+02 2.046140523001841984e+02
3.127501900861626609e+02 2.051085712987678278e+02
3.136150212418787646e+02 2.056054096724296869e+02
3.144785557126631375e+02 2.061046181315047363e+02
3.153408543462544458e+02 2.066062425601914754e+02
3.162019753619845801e+02 2.071103310761019145e+02
3.170619731531812135e+02 2.076169330958028070e+02
3.179208991217243465e+02 2.081260980872204698e+02
3.187788014510779817e+02 2.086378761026807069e+02
3.196357230759194863e+02 2.091523197371023741e+02
3.204917052909267454e+02 2.096694824395917180e+02
3.213467872470723137e+02 2.101894170814643985e+02
3.222010000290372318e+02 2.107121817310121514e+02
3.230543705532327294e+02 2.112378379778650697e+02
3.239069222079040742e+02 2.117664485626656017e+02
3.247586737142673314e+02 2.122980789717072128e+02
3.256096407124623511e+02 2.128327959828936855e+02
3.264598313247858528e+02 2.133706716698415278e+02
3.273092442367999411e+02 2.139117873112134873e+02
3.281578743743757514e+02 2.144562250358919187e+02
3.290057117903539279e+02 2.150040723123795772e+02
3.298527430087173116e+02 2.155554106561218362e+02
3.306989410997273353e+02 2.161103369748144019e+02
3.315442665371879229e+02 2.166689612847848707e+02
3.323886748207858091e+02 2.172314026080507858e+02
3.332321131010345425e+02 2.177977598447191951e+02
3.340745256422625289e+02 2.183681516119669368e+02
3.349157495587928111e+02 2.189428208744463404e+02
3.357555209482496252e+02 2.195220789186969057e+02
3.365935720436587530e+02 2.201062447793761407e+02
3.374296286705922512e+02 2.206956505492111944e+02
3.382633842827920034e+02 2.212905758240549403e+02
3.390945550269125306e+02 2.218913458721682161e+02
3.399228193780582501e+02 2.224982353590329467e+02
3.407478671149150955e+02 2.231115431833459866e+02
3.415693629764317052e+02 2.237315390248856204e+02
3.423869768296215739e+02 2.243585075257764743e+02
3.432003646976702385e+02 2.249926802961403496e+02
3.440092199049007036e+02 2.256343231285768525e+02
3.448131806099077608e+02 2.262836206026749153e+02
3.456119235892774668e+02 2.269408171986158038e+02
3.464050973289512285e+02 2.276061293120096423e+02
3.471923539561418579e+02 2.282797155817237922e+02
3.479733912197169730e+02 2.289617421243230808e+02
3.487478901710711625e+02 2.296523577201974433e+02
3.495155263502908838e+02 2.303517100648174107e+02
3.502759551117550814e+02 2.310599143956140153e+02
3.510288745850112946e+02 2.317770864939360251e+02
3.517740003177969470e+02 2.325033001244281081e+02
3.525110440710365651e+02 2.332386234946495733e+02
3.532397120077344539e+02 2.339831205375924128e+02
3.539597052566307411e+02 2.347368502008983739e+02
3.546707448961091700e+02 2.354998558056312845e+02
3.553725723977237294e+02 2.362721546210639474e+02
3.560649132158318366e+02 2.370537333238617350e+02
3.567475074325719220e+02 2.378446053277417036e+02
3.574200968652822894e+02 2.386448018567118936e+02
3.580823895140557056e+02 2.394542709764489530e+02
3.587341425987890489e+02 2.402730130297572941e+02
3.593750907547448605e+02 2.411009970749849174e+02
3.600049683534109022e+02 2.419381983093027202e+02
3.606234897892919093e+02 2.427845570004972444e+02
3.612303898719618473e+02 2.436400753091838283e+02
3.618253588891500954e+02 2.445047019639468431e+02
3.624080853534216544e+02 2.453783835508998550e+02
3.629782640684743455e+02 2.462610879565372670e+02
3.635355730358716642e+02 2.471527621230332272e+02
3.640796615311593314e+02 2.480533582454778525e+02
3.646101397995601587e+02 2.489628455709908508e+02
3.651266096952460316e+02 2.498811999051112593e+02
3.656286360677896141e+02 2.508083165091881028e+02
3.661158169575725765e+02 2.517441791595693417e+02
3.665876643776572337e+02 2.526887160387221058e+02
3.670436184846455490e+02 2.536419073295381850e+02
3.674830853064712528e+02 2.546036799707354703e+02
3.679054776828552917e+02 2.555739942342806046e+02
3.683101810019848585e+02 2.565527583136626504e+02
3.686966997733046583e+02 2.575397962080754724e+02
3.690647711021806003e+02 2.585348047460732914e+02
3.694141509880078047e+02 2.595374588245288123e+02
3.697445903085645682e+02 2.605474318455975435e+02
3.700558373824966907e+02 2.615644231349442066e+02
3.703476041793837794e+02 2.625880085777636168e+02
3.706196332599792527e+02 2.636178645266838885e+02
3.708716409238901406e+02 2.646536164278194292e+02
3.711033278046771215e+02 2.656948428890813148e+02
3.713143951191465817e+02 2.667411460369792167e+02
3.715045554052061902e+02 2.677920569300127340e+02
3.716735853575128772e+02 2.688470881358209112e+02
3.718212644500318333e+02 2.699057978251686336e+02
3.719473408602382278e+02 2.709675756896210146e+02
3.720515808386622894e+02 2.720319249342566081e+02
3.721337751866725512e+02 2.730982576869819809e+02
3.721938226079169567e+02 2.741659360806091286e+02
3.722316342471606845e+02 2.752343142124130395e+02
3.722471133228415283e+02 2.763027344795355020e+02
3.722401591509157583e+02 2.773704853023287455e+02
3.722107164306153777e+02 2.784368564097113108e+02
3.721588420344702399e+02 2.795010944386103802e+02
3.720846136703895581e+02 2.805624189956620853e+02
3.719881032558585048e+02 2.816200704393045839e+02
3.718693991928541323e+02 2.826732070693855690e+02
3.717286093035157251e+02 2.837210484914380686e+02
3.715659114711685334e+02 2.847627580034804282e+02
3.713815097921205961e+02 2.857974956755982703e+02
3.711756252820535451e+02 2.868244233846256748e+02
3.709484758597350265e+02 2.878427216245217437e+02
3.707003153547660759e+02 2.888515391623158166e+02
3.704313958317545712e+02 2.898500592402543248e+02
3.701419906738960890e+02 2.908374677053550386e+02
3.698323968341287014e+02 2.918129674916440308e+02
3.695029531373922396e+02 2.927757909718337714e+02
3.691539901964077899e+02 2.937251982075665637e+02
3.687857718643941780e+02 2.946604707271588381e+02
3.683985818491755708e+02 2.955809315637077361e+02
3.679927454109324572e+02 2.964859587725055690e+02
3.675686146163091621e+02 2.973749669445722361e+02
3.671265926363457197e+02 2.982475043989949768e+02
3.666671112894271118e+02 2.991031527860574784e+02
3.661906260412528695e+02 2.999416160842523027e+02
3.656976170705469258e+02 3.007627396260959927e+02
3.651885813084173833e+02 3.015664638018067194e+02
