3.677348452811955895e+02 3.039332871384453370e+02
3.671757637486818453e+02 3.048276564029948759e+02
3.665926462154971546e+02 3.057036101958956351e+02
3.659863549287464366e+02 3.065606665828128143e+02
3.653577149616225483e+02 3.073985878103949290e+02
3.647075844274608016e+02 3.082172156921205897e+02
3.640368318901736302e+02 3.090164692268805311e+02
3.633463521758716297e+02 3.097963261516940747e+02
3.626370400764223518e+02 3.105568330716290575e+02
3.619097397479794154e+02 3.112980994438468088e+02
3.611653448665887822e+02 3.120202520782598299e+02
3.604046731827319832e+02 3.127234849339674270e+02
3.596285325078160326e+02 3.134080003507312426e+02
3.588377037984388949e+02 3.140740256353899440e+02
3.580329233483316216e+02 3.147218087165861107e+02
3.572149166644060188e+02 3.153516044838045786e+02
3.563843439616956061e+02 3.159636814267710747e+02
3.555418747152485821e+02 3.165583006076979018e+02
3.546881011673432909e+02 3.171357335193388849e+02
3.538236335013451139e+02 3.176962385131697033e+02
3.529489997945404980e+02 3.182400790425902528e+02
3.520647416239381187e+02 3.187674996786592487e+02
3.511713468020031428e+02 3.192787434636416606e+02
3.502692915591567839e+02 3.197740389988580318e+02
3.493590071412299380e+02 3.202536036019199628e+02
3.484409408887570976e+02 3.207176406291488320e+02
3.475154689419583747e+02 3.211663466520531074e+02
3.465829865182704452e+02 3.215998990579971633e+02
3.456438479746717007e+02 3.220184670002552707e+02
3.446984136491856248e+02 3.224222060070813995e+02
3.437470013298217850e+02 3.228112611298709567e+02
3.427899317740461811e+02 3.231857616499378310e+02
3.418274957893058286e+02 3.235458267471169620e+02
3.408599935249433202e+02 3.238915633663800691e+02
3.398876979996363730e+02 3.242230686593718474e+02
3.389108874864555787e+02 3.245404289097795640e+02
3.379298085163025576e+02 3.248437195495128549e+02
3.369447177138144980e+02 3.251330064255704428e+02
3.359558438375514129e+02 3.254083447572294290e+02
3.349634423050736132e+02 3.256697817694365540e+02
3.339677313147840323e+02 3.259173571874088680e+02
3.329689307853509490e+02 3.261510983672974362e+02
3.319672566004044256e+02 3.263710243455426507e+02
3.309629424780642921e+02 3.265771520912934420e+02
3.299561602338579860e+02 3.267694835183652913e+02
3.289471544223731598e+02 3.269480178739308371e+02
3.279361043254340871e+02 3.271127467120796268e+02
3.269232112932679115e+02 3.272636490651123040e+02
3.259086744324404208e+02 3.274006972671454605e+02
3.248926911500335564e+02 3.275238583849121596e+02
3.238754574757371074e+02 3.276330944486929866e+02
3.228571700481139715e+02 3.277283795664021682e+02
3.218380207040920595e+02 3.278098525379935495e+02
3.208182486867622174e+02 3.278777620520854725e+02
3.197980232909682172e+02 3.279323450197078955e+02
3.187775620800122738e+02 3.279738433162016236e+02
3.177570275151407486e+02 3.280024898611833351e+02
3.167365890515762317e+02 3.280185096553780113e+02
3.157164137372199093e+02 3.280221248340918123e+02
3.146966567146820353e+02 3.280135548861133543e+02
3.136774563826613758e+02 3.279930118912403714e+02
3.126589577921057526e+02 3.279607072553502576e+02
3.116412936048683378e+02 3.279168503081470476e+02
3.106245886976748807e+02 3.278616472485995814e+02
3.096089498804797699e+02 3.277952932860117130e+02
3.085945104382818158e+02 3.277179921965724247e+02
3.075813634256482487e+02 3.276299352182824123e+02
3.065696214111782183e+02 3.275313200182001196e+02
3.055593687295143468e+02 3.274223337459569620e+02
3.045507148214337008e+02 3.273031733014767042e+02
3.035437366025398660e+02 3.271740239568706556e+02
3.025385133705053704e+02 3.270350648253093482e+02
3.015351346806150445e+02 3.268864852726439949e+02
3.005336697866811733e+02 3.267284701352618299e+02
2.995341882026986582e+02 3.265612012843799334e+02
2.985367561777134711e+02 3.263848579705889961e+02
2.975414360247710306e+02 3.261996169698190329e+02
2.965482858683591303e+02 3.260056558062585168e+02
2.955573596983419407e+02 3.258031523830702554e+02
2.945687062983915325e+02 3.255922793306879726e+02
2.935823744473485135e+02 3.253732093879214062e+02
2.925984084517771180e+02 3.251461150332126522e+02
2.916168463834310387e+02 3.249111659833674821e+02
2.906377226167154504e+02 3.246685256877861434e+02
2.896610732784334346e+02 3.244183639637244028e+02
2.886869266791226210e+02 3.241608474209593282e+02
2.877153079251012855e+02 3.238961274015729259e+02
2.867462427100542754e+02 3.236243738953478442e+02
2.857797499190560302e+02 3.233457344800270334e+02
2.848158465956981900e+02 3.230603711518270984e+02
2.838545489482531252e+02 3.227684276325672386e+02
2.828958651837721163e+02 3.224700613278375840e+02
2.819398093353673858e+02 3.221654089535057892e+02
2.809863826828038214e+02 3.218546183528572442e+02
2.800355916887975241e+02 3.215378271584830259e+02
2.790874404682056706e+02 3.212151677789669861e+02
2.781419214279271159e+02 3.208867784923303361e+02
2.771990347956740948e+02 3.205527877797128440e+02
2.762587806047916388e+02 3.202133144754799901e+02
2.753211420921638819e+02 3.198684831289172052e+02
2.743861136859878229e+02 3.195184127240852945e+02
2.734536844231450345e+02 3.191632175636243005e+02
2.725238505490293051e+02 3.188029874696053980e+02
2.715966014239547803e+02 3.184377888640832452e+02
2.706719396422019486e+02 3.180676832634586049e+02
2.697498626184060413e+02 3.176927286739600618e+02
2.688303668559246944e+02 3.173129808661926745e+02
2.679134524912300321e+02 3.169284905752898567e+02
2.669991100374390385e+02 3.165393055518663346e+02
2.660873346850343069e+02 3.161454725378226271e+02
2.651781222743929334e+02 3.157470353096728672e+02
2.642714664283933530e+02 3.153440348707762837e+02
2.633673601826206436e+02 3.149365094180605524e+02
2.624657961261264632e+02 3.145244940349368790e+02
2.615667661182216079e+02 3.141080214240441819e+02
2.606702614433714302e+02 3.136871219205231682e+02
2.597762763189791144e+02 3.132618228826465270e+02
2.588847927121894372e+02 3.128321496856399335e+02
2.579958022424553405e+02 3.123981281611409599e+02
2.571092923331596012e+02 3.119597802728174543e+02
2.562252496087154441e+02 3.115171254556942699e+02
2.553436598889404081e+02 3.110701805887114233e+02
2.544645075349209833e+02 3.106189612598330996e+02
2.535877748415047392e+02 3.101634827797406615e+02
2.527134430558267013e+02 3.097037579449278155e+02
2.518414918556717907e+02 3.092397967536774104e+02
2.509718289626988224e+02 3.087716090545593488e+02
2.501042791632831950e+02 3.082992355140563063e+02
2.492387531100333717e+02 3.078227721891760780e+02
2.483751737767613861e+02 3.073423185571163572e+02
2.475134592567175389e+02 3.068579700115992068e+02
2.466535262536682751e+02 3.063698196089276848e+02
2.457952926039728254e+02 3.058779598119528487e+02
2.449386710939688783e+02 3.053824829832960290e+02
2.440835730532338061e+02 3.048834785775517844e+02
2.432299087330255816e+02 3.043810325813134341e+02
2.423775873627131432e+02 3.038752274950454080e+02
2.415265164255761761e+02 3.033661434821370335e+02
2.406766005978828957e+02 3.028538598914786917e+02
2.398277433073494080e+02 3.023384528125151292e+02
2.389798516961358814e+02 3.018199943146346413e+02
2.381328206137869188e+02 3.012985511736440003e+02
2.372865530259505817e+02 3.007741894753358451e+02
2.364409508745876280e+02 3.002469686174296726e+02
2.355959151255736685e+02 2.997169436500334427e+02
2.347513461058684641e+02 2.991841657868908442e+02
2.339071463498841865e+02 2.986486816006141680e+02
2.330632167327931654e+02 2.981105294937742656e+02
2.322194631763212271e+02 2.975697366803279920e+02
2.313757976138592767e+02 2.970263253764623528e+02
2.305321303760020442e+02 2.964803128212387833e+02
2.296883772958978795e+02 2.959317082132780570e+02
2.288445025594456865e+02 2.953804517289857472e+02
2.280006680050201169e+02 2.948262625461891844e+02
2.271570806766437158e+02 2.942688169032729206e+02
2.263139544088859054e+02 2.937077995954286962e+02
2.254715119352034378e+02 2.931429035220690480e+02
2.246299934910555294e+02 2.925738081536670734e+02
2.237896677202266744e+02 2.920001914521225217e+02
2.229508149410069109e+02 2.914217248532319218e+02
2.221137265687503941e+02 2.908380806518376289e+02
2.212787075050953263e+02 2.902489545925420771e+02
2.204460637737202546e+02 2.896540196656467856e+02
2.196161281382181301e+02 2.890529864528303392e+02
2.187892266477138605e+02 2.884455369464342311e+02
2.179657103558496374e+02 2.878313857106433034e+02
2.171459322881112826e+02 2.872102464356856899e+02
2.163302417831993694e+02 2.865818200365878852e+02
2.155190033796598925e+02 2.859458828806083943e+02
2.147125572830321971e+02 2.853021808485645465e+02
2.139112620825578688e+02 2.846504734222586990e+02
2.131154892033208910e+02 2.839905328987331359e+02
2.123256121679835360e+02 2.833221547947858880e+02
2.115419624678503681e+02 2.826451591079455739e+02
2.107648738011778562e+02 2.819593870983611623e+02
2.099946871652352627e+02 2.812646854396227241e+02
2.092317509405822022e+02 2.805609064225407678e+02
2.084764112486251975e+02 2.798479160667632755e+02
2.077289745238970795e+02 2.791256236695184043e+02
2.069897388314933835e+02 2.783939531369093174e+02
2.062589999925006339e+02 2.776528131892241618e+02
2.055370900301940935e+02 2.769021721634111373e+02
2.048243075838906009e+02 2.761419599944826473e+02
2.041209126943241756e+02 2.753721162411566183e+02
2.034272103545747541e+02 2.745926910498209850e+02
2.027434408256205529e+02 2.738036153886889110e+02
2.020699176402961541e+02 2.730049412333305554e+02
2.014068907474723176e+02 2.721966064472958351e+02
2.007546619709388551e+02 2.713786821655081098e+02
2.001134878740644467e+02 2.705511753129360955e+02
1.994836426665340525e+02 2.697141104769357298e+02
1.988654105818396260e+02 2.688675216578531035e+02
1.982590835402535276e+02 2.680114468601684052e+02
1.976649665020956093e+02 2.671459254373765475e+02
1.970833742415846643e+02 2.662710009829168598e+02
1.965146293368318595e+02 2.653867232884769010e+02
1.959590473059325006e+02 2.644931054055187474e+02
1.954170039007560717e+02 2.635902705383393254e+02
1.948888630020620951e+02 2.626781986967729381e+02
1.943750684040334988e+02 2.617569865762233121e+02
1.938760277073371583e+02 2.608266307130128894e+02
1.933922032328838156e+02 2.598872351577666109e+02
1.929240148584628400e+02 2.589388910862376747e+02
1.924716399431870855e+02 2.579818219068373537e+02
1.920351483188065913e+02 2.570163168002198972e+02
1.916146080798872049e+02 2.560426365645255373e+02
1.912101214897055286e+02 2.550611304854386390e+02
1.908217555464750603e+02 2.540720168988930538e+02
1.904496480846514146e+02 2.530756206474118528e+02
1.900939209627944706e+02 2.520721476924671549e+02
1.897547435338583171e+02 2.510619249166486213e+02
1.894322681479339678e+02 2.500452063760541819e+02
1.891266617310797074e+02 2.490222529800178677e+02
1.888380924509130523e+02 2.479933535892957934e+02
1.885667350066096049e+02 2.469588427648892548e+02
1.883127502666070257e+02 2.459189167369295035e+02
1.880763570976160679e+02 2.448739787789447178e+02
1.878577448223977342e+02 2.438242780524553268e+02
1.876570969809316125e+02 2.427701461802678295e+02
1.874745857895865413e+02 2.417119273331893226e+02
1.873103947642840694e+02 2.406499113458592092e+02
1.871647370996192876e+02 2.395845263555022200e+02
1.870378180520347087e+02 2.385160423776800087e+02
1.869298329729917896e+02 2.374448647634523581e+02
1.868409568907513858e+02 2.363713531499562919e+02
1.867713844216220593e+02 2.352959125789157895e+02
1.867213246930118373e+02 2.342189258570207642e+02
1.866910060305145009e+02 2.331407747686423306e+02
1.866806440044593671e+02 2.320618556908234780e+02
1.866904468758781093e+02 2.309825985103814787e+02
1.867206359328616259e+02 2.299034388478374638e+02
1.867714533215616370e+02 2.288247867576193642e+02
1.868431606639095719e+02 2.277470729735630073e+02
1.869360247323684519e+02 2.266707266048420024e+02
1.870503119905563096e+02 2.255962098622999576e+02
1.871862971928559034e+02 2.245239899835528092e+02
1.873442840331925652e+02 2.234544860673142921e+02
1.875245692140895812e+02 2.223882023476537597e+02
1.877274763829064739e+02 2.213255824758884387e+02
1.879533289517127344e+02 2.202671167111364525e+02
1.882024441739488623e+02 2.192132975655462985e+02
1.884751656946624792e+02 2.181645598029895439e+02
1.887717687497703878e+02 2.171214686276156556e+02
1.890925811815924931e+02 2.160844612880346176e+02
1.894379080285920054e+02 2.150540412384250146e+02
1.898080180593155433e+02 2.140307049733770555e+02
1.902031362611524798e+02 2.130149367390908139e+02
1.906234394707175284e+02 2.120072038641890231e+02
1.910690975897302906e+02 2.110079738214761846e+02
1.915402248373042937e+02 2.100177484291372707e+02
1.920359256493044597e+02 2.090377850079886457e+02
1.925549646064078786e+02 2.080688277686054164e+02
1.930964459322882760e+02 2.071107712467508577e+02
1.936598977751118014e+02 2.061637110639779848e+02
1.942452408926381509e+02 2.052280469869470494e+02
1.948523363401933182e+02 2.043042109834676126e+02
1.954809600432848526e+02 2.033926577127035387e+02
1.961308186222564416e+02 2.024938518884525820e+02
1.968016304586952572e+02 2.016082536369683851e+02
1.974929964563463329e+02 2.007364227946191306e+02
1.982045578883659402e+02 1.998788575840775366e+02
1.989358698107619716e+02 1.990361045901360626e+02
1.996864485069156672e+02 1.982087113481198344e+02
2.004557903889651982e+02 1.973971949075840939e+02
2.012433703562014102e+02 1.966020475534606078e+02
2.020486295191715271e+02 1.958237751551209271e+02
2.028709847696637780e+02 1.950628881331969637e+02
2.037099221965238200e+02 1.943198594232154619e+02
2.045647433720473032e+02 1.935951679081303496e+02
2.054349191317481882e+02 1.928890977433787555e+02
2.063197041061962125e+02 1.922020382310111870e+02
2.072185173401198597e+02 1.915342963158582279e+02
2.081307827188761053e+02 1.908861924327504198e+02
2.090557888184193871e+02 1.902579962938999927e+02
2.099929376462951609e+02 1.896497826710684649e+02
2.109415090367601238e+02 1.890616721307063699e+02
2.119009118465629626e+02 1.884937412014145366e+02
2.128705371974784271e+02 1.879460835874589861e+02
2.138498334196863482e+02 1.874186955139940096e+02
2.148380645199357843e+02 1.869114934570621074e+02
2.158347233938382601e+02 1.864243178532404954e+02
2.168392391050313392e+02 1.859570464668317982e+02
2.178510616462424139e+02 1.855095574633401156e+02
2.188696530797245714e+02 1.850816785025846514e+02
2.198944790131359071e+02 1.846731529012611475e+02
2.209251540991648426e+02 1.842836981917569688e+02
2.219610715764709994e+02 1.839130872158999637e+02
2.230018834184191405e+02 1.835610417249608588e+02
2.240471614844358896e+02 1.832272994647274800e+02
2.250964950170601924e+02 1.829115717303807003e+02
2.261494963445566952e+02 1.826135691564833223e+02
2.272058283488143786e+02 1.823330031408237062e+02
2.282651758188524980e+02 1.820695932609800423e+02
2.293271688323279420e+02 1.818230830550436394e+02
2.303915409002038928e+02 1.815932305701014684e+02
2.314580351338329081e+02 1.813798070353173273e+02
2.325263711466572261e+02 1.811825939225220736e+02
2.335962878763213268e+02 1.810013758921574833e+02
2.346675573912492041e+02 1.808359755402763085e+02
2.357399400435739665e+02 1.806862955176894161e+02
2.368132233900064989e+02 1.805522506926328390e+02
2.378872906545904300e+02 1.804337634103471260e+02
2.389617796319350589e+02 1.803307678270974748e+02
2.400366597247050606e+02 1.802431455252859962e+02
2.411115924651233229e+02 1.801706879357278410e+02
2.421864372925602709e+02 1.801131653694906447e+02
2.432610093396985178e+02 1.800703577192394107e+02
2.443351242242282808e+02 1.800420490511457956e+02
2.454086068601675947e+02 1.800280619772547652e+02
2.464812910187011994e+02 1.800283124694338710e+02
2.475530135861000076e+02 1.800427341595170390e+02
2.486236135006351731e+02 1.800712640368663529e+02
2.496929871923944404e+02 1.801138491815199814e+02
2.507608888190294749e+02 1.801704468470390168e+02
2.518272163334040954e+02 1.802410708379514972e+02
2.528918143516762029e+02 1.803257472320065347e+02
2.539545015421505241e+02 1.804245015192615824e+02
2.550151020407399187e+02 1.805373594870873717e+02
2.560735353372298277e+02 1.806643661894207469e+02
2.571295206827085735e+02 1.808055513876367968e+02
2.581829470901110994e+02 1.809609626205243273e+02
2.592336401540125053e+02 1.811306465954820055e+02
2.602814224064043174e+02 1.813146512755945423e+02
2.613261148131047662e+02 1.815130097623110998e+02
2.623675407239504125e+02 1.817257028871558759e+02
2.634055235247204791e+02 1.819527013855662005e+02
2.644398856988365765e+02 1.821939768954744636e+02
2.654704486693133276e+02 1.824495018358858545e+02
2.664970368112680603e+02 1.827192156577157505e+02
2.675194902946202546e+02 1.830029357614015737e+02
2.685376632140509514e+02 1.833004547382005569e+02
2.695514264035886640e+02 1.836115720172901149e+02
2.705605769830613099e+02 1.839360669701134157e+02
2.715650141347348381e+02 1.842736948257684730e+02
2.725646763580919583e+02 1.846240459023471487e+02
2.735593935978350260e+02 1.849866312630443872e+02
2.745491724397873554e+02 1.853610077107002780e+02
2.755339023456142513e+02 1.857467027990988129e+02
2.765135653112852765e+02 1.861432261762144549e+02
2.774881497976736000e+02 1.865499077522154039e+02
2.784577016942942009e+02 1.869660446355219960e+02
2.794222412537512810e+02 1.873909225233973928e+02
2.803818812966731571e+02 1.878238611005281768e+02
2.813366496348056671e+02 1.882641242460872206e+02
2.822867260669210054e+02 1.887109224406934800e+02
2.832322481920446080e+02 1.891634212366479915e+02
2.841733879722063989e+02 1.896207927045105350e+02
2.851103703861171539e+02 1.900822327254189759e+02
2.860434076508927888e+02 1.905469327995591584e+02
2.869727366920133704e+02 1.910140904991051514e+02
2.878986355661899665e+02 1.914829221589264989e+02
2.888214017362784034e+02 1.919526580140212388e+02
2.897413289023934340e+02 1.924225212865590890e+02
2.906587308262179477e+02 1.928918368383629911e+02
2.915737823447818755e+02 1.933604100032496262e+02
2.924866051546845256e+02 1.938282197218029523e+02
2.933973228462699581e+02 1.942952527242991039e+02
2.943060484939906587e+02 1.947614876211445392e+02
2.952129064439470767e+02 1.952269285399224259e+02
2.961179876269500255e+02 1.956916556540376462e+02
2.970213699928841606e+02 1.961557811868503052e+02
2.979231286343602392e+02 1.966194202676742577e+02
2.988233366492149230e+02 1.970826951099841438e+02
2.997220584766675984e+02 1.975457255057300188e+02
3.006193490674741611e+02 1.980086698959467810e+02
3.015152516983421265e+02 1.984717008210261611e+02
3.024098053582371790e+02 1.989349929580482979e+02
3.033030448257008516e+02 1.993987230477928279e+02
3.041950000704873105e+02 1.998630711488863483e+02
3.050856921390267189e+02 2.003282292421951638e+02
3.059751343276693092e+02 2.007943985997948459e+02
3.068633364418632254e+02 2.012617761602873543e+02
3.077503036435443278e+02 2.017305634617179635e+02
3.086360356693232347e+02 2.022009636092242886e+02
3.095205266601743119e+02 2.026731824076433668e+02
3.104037654368030985e+02 2.031474275995463188e+02
3.112857357857046168e+02 2.036239080984630334e+02
3.121664164131380517e+02 2.041028338910006994e+02
3.130457871648129071e+02 2.045844028119778670e+02
3.139238561112381376e+02 2.050687428901634064e+02
3.148006417856499866e+02 2.055559555631515707e+02
3.156761572576605204e+02 2.060461460151846325e+02
3.165504096310757518e+02 2.065394194316162384e+02
3.174234001691555136e+02 2.070358813060182968e+02
3.182951227744513290e+02 2.075356399363242588e+02
3.191655647225317693e+02 2.080388051495625348e+02
3.200347073165733036e+02 2.085454885067717328e+02
3.209025264333844234e+02 2.090557995331140546e+02
3.217689931235170775e+02 2.095698451747580862e+02
3.226340699694365526e+02 2.100877403386893150e+02
3.234977111980089717e+02 2.106096023945847264e+02
3.243598657416003448e+02 2.111355481045230533e+02
3.252204774505424894e+02 2.116656961119442428e+02
3.260794837199750873e+02 2.122001631307316245e+02
3.269368117593286343e+02 2.127390660666176814e+02
3.277923833072222237e+02 2.132825315649380968e+02
3.286461129412492710e+02 2.138306838405825090e+02
3.294979116462917546e+02 2.143836527443813509e+02
3.303476791209095609e+02 2.149415544162536094e+02
3.311953108226064728e+02 2.155045138124670245e+02
3.320406945973401776e+02 2.160726623210613297e+02
3.328837153532447815e+02 2.166461410255554938e+02
3.337242371392352425e+02 2.172250594819905984e+02
3.345621354828925291e+02 2.178095487413133355e+02
3.353972571110791137e+02 2.183997758864425691e+02
3.362294041157904303e+02 2.189958966390935586e+02
3.370583881557301424e+02 2.195980815934880752e+02
3.378840228441090403e+02 2.202065213519516647e+02
3.387060786342156007e+02 2.208213428930479836e+02
3.395243746660756869e+02 2.214427339329249662e+02
3.403386863085819982e+02 2.220708178200040663e+02
3.411488132783200058e+02 2.227057538244318096e+02
3.419545284179216651e+02 2.233476698344587135e+02
3.427556180057077881e+02 2.239967169478153437e+02
3.435518485153406800e+02 2.246529950185712323e+02
3.443430316689559731e+02 2.253166538586264949e+02
3.451289163635496493e+02 2.259877543189916764e+02
3.459093030101886370e+02 2.266664305932917500e+02
3.466839626610289997e+02 2.273527887282749020e+02
3.474526593607985205e+02 2.280468886062969318e+02
3.482151970754337640e+02 2.287488157014734895e+02
3.489713634678739709e+02 2.294586400190786719e+02
3.497209432122441513e+02 2.301764336483239219e+02
3.504637013268566648e+02 2.309022381484075481e+02
3.511994353394777590e+02 2.316361127562394131e+02
3.519279450687537860e+02 2.323780898682466898e+02
3.526490271484987034e+02 2.331281993485350483e+02
3.533624740583888979e+02 2.338864691529516620e+02
3.540680743458324287e+02 2.346529249497590115e+02
3.547656267380781401e+02 2.354275880372868812e+02
3.554549375361025341e+02 2.362104661444409430e+02
3.561357966293336403e+02 2.370015384255701747e+02
3.568080098373682745e+02 2.378008133782964819e+02
3.574713854387420611e+02 2.386083194634627205e+02
3.581256937527620039e+02 2.394240060661957159e+02
3.587707500062405188e+02 2.402478816112853508e+02
3.594063467389512425e+02 2.410799250490881604e+02
3.600322768287468875e+02 2.419201235519699651e+02
3.606483137160103638e+02 2.427684312241071325e+02
3.612542572187414294e+02 2.436248633250818330e+02
3.618498705480386093e+02 2.444893792340022003e+02
3.624349165695599595e+02 2.453619387828835272e+02
3.630091653574396560e+02 2.462425263271554456e+02
3.635723712035660355e+02 2.471311083178182173e+02
3.641242750879979440e+02 2.480276514924175331e+02
3.646646028509532016e+02 2.489321310563775853e+02
3.651930755962006288e+02 2.498445331835250727e+02
3.657093785156318972e+02 2.507647682706590899e+02
3.662132326286829880e+02 2.516928423111015718e+02
3.667043022751738022e+02 2.526286965630895622e+02
3.671822301366534589e+02 2.535723086441840337e+02
3.676466318005764720e+02 2.545236099388948787e+02
3.680971333149680049e+02 2.554825776797344759e+02
3.685333351607773693e+02 2.564491482584628557e+02
3.689549067064540964e+02 2.574232100869206192e+02
3.693616544220559490e+02 2.584045777386357372e+02
3.697533927207794022e+02 2.593930554961166308e+02
3.701299302175813182e+02 2.603884540718642029e+02
3.704910731394759864e+02 2.613906214308761946e+02
3.708365781227287812e+02 2.623992845442531348e+02
3.711662183983976888e+02 2.634142956023079591e+02
3.714797355782363866e+02 2.644354627325678280e+02
3.717768514800702633e+02 2.654625525148179577e+02
3.720572871974754889e+02 2.664953704184228513e+02
3.723207418933134250e+02 2.675336636374013324e+02
3.725669158502795995e+02 2.685771913559967174e+02
3.727955027166285049e+02 2.696257831921953994e+02
3.730061480925515980e+02 2.706790743744766132e+02
3.731985171772269609e+02 2.717368528281006093e+02
3.733722489628442531e+02 2.727988198877947639e+02
3.735269895463761713e+02 2.738646524195127654e+02
3.736623735655537644e+02 2.749340274607862966e+02
3.737780154245457425e+02 2.760066145565898523e+02
3.738735083065988078e+02 2.770820126948544271e+02
3.739484459558082108e+02 2.781598403006727835e+02
3.740024333108805763e+02 2.792396782934490602e+02
3.740350632409719651e+02 2.803210624073874442e+02
3.740459068927322619e+02 2.814035645402303771e+02
3.740345240665558890e+02 2.824865925061470762e+02
3.740004711281878258e+02 2.835696722530474858e+02
3.739433202962345604e+02 2.846522088716805570e+02
3.738626431929492355e+02 2.857335712378283006e+02
3.737580066199146813e+02 2.868130942998305386e+02
3.736289519918832980e+02 2.878901480088866833e+02
3.734750487136646484e+02 2.889639193739056395e+02
3.732958853526982352e+02 2.900336630661255981e+02
3.730910615457347035e+02 2.910985565025408732e+02
3.728601844239778984e+02 2.921577414136481821e+02
3.726028978965483134e+02 2.932102696045217840e+02
3.723188602871972535e+02 2.942552140932072575e+02
3.720077833190825913e+02 2.952915786995853864e+02
3.716694317451967322e+02 2.963183229016680116e+02
3.713036273857442211e+02 2.973343790026126499e+02
3.709102232097914680e+02 2.983387011150629178e+02
3.704892005285792038e+02 2.993301286674154653e+02
3.700405721712961622e+02 3.003076005598824167e+02
3.695644520107394442e+02 3.012700171286900286e+02
3.690610723506562181e+02 3.022162824135232881e+02
3.685307458617095335e+02 3.031453751479936045e+02
