4.822495088261162521e-02
5.290479827228403847e-02
5.347447585668550080e-02
5.860931604830688785e-02
6.152801255261788893e-02
6.231932178921779919e-02
6.903111327368621764e-02
7.225190787984731022e-02
7.528926160738100282e-02
8.211452268257650455e-02
8.414212825704718568e-02
9.593731933477271656e-02
9.746060981486932839e-02
1.093006067315321350e-01
1.190468310564467558e-01
1.307642235663512842e-01
1.454879120712177787e-01
1.651815322862811020e-01
1.922101202325180447e-01
2.133379725776765601e-01
2.648304363820452312e-01
3.128757787373516730e-01
4.205707285993150468e-01
5.191038481942185090e-01
8.579898528827186732e-01
1.000000000000000000e+00
7.514947346290238306e-01
5.786545038690836806e-01
4.584429778892485374e-01
3.819811113131397762e-01
3.394228435889196094e-01
3.021812451488110063e-01
2.828604533193149195e-01
2.564887930147963235e-01
2.462494616422226390e-01
2.243655601942128042e-01
2.233635176368942987e-01
2.020197540485553500e-01
2.082465663068895634e-01
1.937484893050878954e-01
1.900565909622645155e-01
1.824233576007392443e-01
1.804213229764374260e-01
1.681328030570821142e-01
1.757461881683637928e-01
1.632333549041782572e-01
1.717553426225409963e-01
1.585564027591672698e-01
1.596158047437586380e-01
1.513783960829569453e-01
