3.648088454760402897e+02 3.024274104556104703e+02
3.643073889884341838e+02 3.032247274216094297e+02
3.637895064405876724e+02 3.040094553809797162e+02
3.632550762272412612e+02 3.047821068809090548e+02
3.627041032183699372e+02 3.055429755434303161e+02
3.621366222128699519e+02 3.062923237260794735e+02
3.615527028111725372e+02 3.070303652794749496e+02
3.609524380009772813e+02 3.077573034476690736e+02
3.603359607631906556e+02 3.084733019239820351e+02
3.597034559499518878e+02 3.091784337819429425e+02
3.590550953955437876e+02 3.098728315852167157e+02
3.583911306691855430e+02 3.105565230778676664e+02
3.577118279719687166e+02 3.112295532637373867e+02
3.570174825104008391e+02 3.118919501628475359e+02
3.563084183702104042e+02 3.125437050547639615e+02
3.555849623860624433e+02 3.131848152226439197e+02
3.548474727852533874e+02 3.138152246279091173e+02
3.540962792609074086e+02 3.144348881281741797e+02
3.533317464103300267e+02 3.150436994613502861e+02
3.525542179327599683e+02 3.156415832369988266e+02
3.517640710723077859e+02 3.162284120985680147e+02
3.509616594459884027e+02 3.168040761412652273e+02
3.501473402394619256e+02 3.173684164549357547e+02
3.493214608412943107e+02 3.179212653781287372e+02
3.484843732248622814e+02 3.184624343445158843e+02
3.476364226658812981e+02 3.189917477697389359e+02
3.467779605618882215e+02 3.195089973566986146e+02
3.459093225042465178e+02 3.200139662226225710e+02
3.450308430128899886e+02 3.205064167857991606e+02
3.441428569365860426e+02 3.209861128736898195e+02
3.432456955131042946e+02 3.214528040751605431e+02
3.423396895476111581e+02 3.219062374515146985e+02
3.414251650043426025e+02 3.223461535872808668e+02
3.405024522607231461e+02 3.227722935048190607e+02
3.395718754427532531e+02 3.231843907292043241e+02
3.386337635935324784e+02 3.235821768400427914e+02
3.376884348045910542e+02 3.239653773737071560e+02
3.367362196921235409e+02 3.243337366177968306e+02
3.357774374273240028e+02 3.246870008761513873e+02
3.348124256561233665e+02 3.250249174851845169e+02
3.338415015267472654e+02 3.253472285488008424e+02
3.328649849788744746e+02 3.256536728536193550e+02
3.318832001650395682e+02 3.259440106902521848e+02
3.308964901806849639e+02 3.262180183985233271e+02
3.299051487920585828e+02 3.264754600671398066e+02
3.289095315057426774e+02 3.267161039891014411e+02
3.279099404792211772e+02 3.269397147440329832e+02
3.269066997333776499e+02 3.271460633479472904e+02
3.259001336662066706e+02 3.273349257528630574e+02
3.248905662602049915e+02 3.275060764281356001e+02
3.238783214036965319e+02 3.276592883438684680e+02
3.228637266157568888e+02 3.277943671837929287e+02
3.218471205200275449e+02 3.279114668872397829e+02
3.208288933573605277e+02 3.280109621026087439e+02
3.198093528060709900e+02 3.280932210910519302e+02
3.187888489790067865e+02 3.281586201306411112e+02
3.177676645778962552e+02 3.282075281609452304e+02
3.167460809961767723e+02 3.282402901142233418e+02
3.157243700431860702e+02 3.282572383268950489e+02
3.147027845625942177e+02 3.282587043944993184e+02
3.136815530187002992e+02 3.282450143929785327e+02
3.126609060950111143e+02 3.282164948283854642e+02
3.116410555246288823e+02 3.281734649611248074e+02
3.106221996736692859e+02 3.281162375719002284e+02
3.096045119880924403e+02 3.280451154973982284e+02
3.085881922826929440e+02 3.279604112480959657e+02
3.075733903584248310e+02 3.278624258036620063e+02
3.065602745925081081e+02 3.277514698311081816e+02
3.055489772365755812e+02 3.276278458536464768e+02
3.045396556449578611e+02 3.274918669908309994e+02
3.035324264798288709e+02 3.273438350671913213e+02
3.025274057628345190e+02 3.271840467015064178e+02
3.015247169742626738e+02 3.270128172810709088e+02
3.005244566165048354e+02 3.268304643670693963e+02
2.995267178059504545e+02 3.266373029542935456e+02
2.985315863634577340e+02 3.264336455170823683e+02
2.975391400909513209e+02 3.262198025281552987e+02
2.965494476150628316e+02 3.259960936010566570e+02
2.955625683189730921e+02 3.257628460720259795e+02
2.945785522317578398e+02 3.255203820474277450e+02
2.935974449777216932e+02 3.252690234107385550e+02
2.926192832159856607e+02 3.250090915721613101e+02
2.916440929344810797e+02 3.247409093194804086e+02
2.906718924888543256e+02 3.244647971584262223e+02
2.897026952176818781e+02 3.241810811180500878e+02
2.887365034489802156e+02 3.238900834779240085e+02
2.877733158949566246e+02 3.235921111441048765e+02
2.868131187430103068e+02 3.232874856957649854e+02
2.858558993401451858e+02 3.229765061833750224e+02
2.849016273428073873e+02 3.226594827152419498e+02
2.839502793589937255e+02 3.223367085480162473e+02
2.830018067904148893e+02 3.220084864682189050e+02
2.820561795837732575e+02 3.216750946272547935e+02
2.811133365874704850e+02 3.213368104400730090e+02
2.801732306232450469e+02 3.209939023942374661e+02
2.792358058061817587e+02 3.206466318947465197e+02
2.783009833428726552e+02 3.202952626227400401e+02
2.773687007241579749e+02 3.199400414829167971e+02
2.764388935802437572e+02 3.195811942767617211e+02
2.755114671992293438e+02 3.192189474938398916e+02
2.745863463805552556e+02 3.188535237715932453e+02
2.736634443787154964e+02 3.184851365747470027e+02
2.727427049088923923e+02 3.181138957256912363e+02
2.718240891897703477e+02 3.177397812836887852e+02
2.709075856087894181e+02 3.173627643365679205e+02
2.699931763964310676e+02 3.169828115369869010e+02
2.690808452161624587e+02 3.165998874918208230e+02
2.681705828916548739e+02 3.162139546635611964e+02
2.672623668027630401e+02 3.158249738213777391e+02
2.663561845419297356e+02 3.154329063407394074e+02
2.654520270330537528e+02 3.150377110796040938e+02
2.645498842388771550e+02 3.146393441227393168e+02
2.636497465488122884e+02 3.142377618300169502e+02
2.627516041785187326e+02 3.138329220457645761e+02
2.618554483704523363e+02 3.134247808831925113e+02
2.609612717601648342e+02 3.130132924266001737e+02
2.600690730953545540e+02 3.125984087383103542e+02
2.591788351313963972e+02 3.121800812195766639e+02
2.582905544706252385e+02 3.117582688815635379e+02
2.574042233933724901e+02 3.113329269780876984e+02
2.565198350436077135e+02 3.109040085966436777e+02
2.556373834205806759e+02 3.104714646865601821e+02
2.547568616744553083e+02 3.100352474722226930e+02
2.538782605237472865e+02 3.095953132131626830e+02
2.530015709251389353e+02 3.091516164667332873e+02
2.521267835878522021e+02 3.087041093257246303e+02
2.512538001541204267e+02 3.082527340792067889e+02
2.503824262625583970e+02 3.077974568229448096e+02
2.495125882759361957e+02 3.073383197588320286e+02
2.486442309976602303e+02 3.068753720974207795e+02
2.477772948322291029e+02 3.064086592089491319e+02
2.469117203995929799e+02 3.059382250242416035e+02
2.460474518162852746e+02 3.054641142169181194e+02
2.451844291386647114e+02 3.049863718496391698e+02
2.443225923326893678e+02 3.045050409487011507e+02
2.434618816039561295e+02 3.040201619690169537e+02
2.426022374183943100e+02 3.035317727821910694e+02
2.417436004084038643e+02 3.030399088333252848e+02
2.408859112293097837e+02 3.025446033506560752e+02
2.400291107976103149e+02 3.020458869744558683e+02
2.391731458089976172e+02 3.015437879157652219e+02
2.383179495848157785e+02 3.010383285202253205e+02
2.374634679089597284e+02 3.005295313904170484e+02
2.366096491527763988e+02 3.000174093752462454e+02
2.357564423349932952e+02 2.995019714727808946e+02
2.349037971204560904e+02 2.989832240633197102e+02
2.340516670704931244e+02 2.984611704508051844e+02
2.332000054439501469e+02 2.979358051986173450e+02
2.323487742822226778e+02 2.974071094886759283e+02
2.314979444533664434e+02 2.968750611316118579e+02
2.306474860376596041e+02 2.963396340088557963e+02
2.297973767697218364e+02 2.958007961487159605e+02
2.289476285092273145e+02 2.952584610348187653e+02
2.280984146695310244e+02 2.947123705300464849e+02
2.272499452840461345e+02 2.941622318929125868e+02
2.264024352823458059e+02 2.936077597443835430e+02
2.255561079989399218e+02 2.930486767788938209e+02
2.247112039408726503e+02 2.924846939938456671e+02
2.238679865421757711e+02 2.919155217107765452e+02
2.230267308763880010e+02 2.913408651858610483e+02
2.221877221900003860e+02 2.907604300720205970e+02
2.213512572513327825e+02 2.901739439744933975e+02
2.205176340243786512e+02 2.895811140595612301e+02
2.196871707482887075e+02 2.889816861201295524e+02
2.188601792102657271e+02 2.883753795339356429e+02
2.180369938278023199e+02 2.877619442037286035e+02
2.172179506565577469e+02 2.871411290990170642e+02
2.164033815935642338e+02 2.865126708886684241e+02
2.155936297197244471e+02 2.858763804058889377e+02
2.147890142033034238e+02 2.852320393447974993e+02
2.139898712689339959e+02 2.845794418368354286e+02
2.131965488988034281e+02 2.839183938795771383e+02
2.124093966790313459e+02 2.832487232635488681e+02
2.116287242401618300e+02 2.825702800207701557e+02
2.108548431017388225e+02 2.818829339584788158e+02
2.100880713599861735e+02 2.811865596316645224e+02
2.093287337812134012e+02 2.804810365319569314e+02
2.085771532969031909e+02 2.797662562679055895e+02
2.078336179364060285e+02 2.790421486968300542e+02
2.070984085022879526e+02 2.783086565009766105e+02
2.063718035120872116e+02 2.775657072616164669e+02
2.056541158779941725e+02 2.768132859657455356e+02
2.049456271259734876e+02 2.760513393889638110e+02
2.042465866231434575e+02 2.752798193915674574e+02
2.035572882220761528e+02 2.744987834989343582e+02
2.028779637515799266e+02 2.737081738350047999e+02
2.022089152768117515e+02 2.729080494214331907e+02
2.015503847850557690e+02 2.720983582847852631e+02
2.009026685286985980e+02 2.712791740248397332e+02
2.002660210682158493e+02 2.704505072295949617e+02
1.996407141911283247e+02 2.696123856546812476e+02
1.990270295246930061e+02 2.687648463052897796e+02
1.984252567827978737e+02 2.679079299304269171e+02
1.978357015912669397e+02 2.670416768859097374e+02
1.972586805468209548e+02 2.661661312317471584e+02
1.966945180816447589e+02 2.652813434250760452e+02
1.961435324856044815e+02 2.643873289512966949e+02
1.956061000200377578e+02 2.634842097614675822e+02
1.950825878377903280e+02 2.625719697924225216e+02
1.945734404874540928e+02 2.616507055020156827e+02
1.940790686903627318e+02 2.607204177888495451e+02
1.935999358355533673e+02 2.597812115749808299e+02
1.931364640293112416e+02 2.588331808079925054e+02
1.926888348032770466e+02 2.578765512360395178e+02
1.922571229005559417e+02 2.569116141110395688e+02
1.918414018699177177e+02 2.559386339558982399e+02
1.914417776206942392e+02 2.549579604032638258e+02
1.910583227964941955e+02 2.539698186774650708e+02
1.906911733717992945e+02 2.529745379138757357e+02
1.903404488999883313e+02 2.519723351479271116e+02
1.900063137783215268e+02 2.509635429329158001e+02
1.896889166580149038e+02 2.499484249322805738e+02
1.893884201483257641e+02 2.489272519067050951e+02
1.891049853206874332e+02 2.479003226541487095e+02
1.888387775266838844e+02 2.468679801190297667e+02
1.885899504604853405e+02 2.458304369244029601e+02
1.883587115122378464e+02 2.447881014617985898e+02
1.881452410443481824e+02 2.437412373988244667e+02
1.879497120949401960e+02 2.426901870860061194e+02
1.877722859164925922e+02 2.416353053769876738e+02
1.876131353485595810e+02 2.405768967851575439e+02
1.874724599473562137e+02 2.395153953275499816e+02
1.873504534672287605e+02 2.384510882447319773e+02
1.872472994931347330e+02 2.373843893412683599e+02
1.871631629228725160e+02 2.363156706612540461e+02
1.870982266906652001e+02 2.352453467282564930e+02
1.870526875684108461e+02 2.341738120897905731e+02
1.870267606878684035e+02 2.331014610278028272e+02
1.870206507762786714e+02 2.320287018585694341e+02
1.870345562587799577e+02 2.309559740632588500e+02
1.870686872829388960e+02 2.298837228017823122e+02
1.871232735303117352e+02 2.288123707001060723e+02
1.871985625617328139e+02 2.277423596363341005e+02
1.872948083725645745e+02 2.266741305617969715e+02
1.874122651136042919e+02 2.256081543447423883e+02
1.875511935355720823e+02 2.245449062648841903e+02
1.877118810205179500e+02 2.234848192222882801e+02
1.878946065799922280e+02 2.224284005857284967e+02
1.880996739731904768e+02 2.213761038642012693e+02
1.883273856635589709e+02 2.203284221593234804e+02
1.885780365739381352e+02 2.192858484121015294e+02
1.888519449336912430e+02 2.182488238919726484e+02
1.891493633982955771e+02 2.172178979499437901e+02
1.894705891828621702e+02 2.161935061072413760e+02
1.898158957426061306e+02 2.151761354552676266e+02
1.901855215717377803e+02 2.141662608105217203e+02
1.905796636622866345e+02 2.131643393344986634e+02
1.909984735468294730e+02 2.121708056971457950e+02
1.914420895627975199e+02 2.111860845585894992e+02
1.919105935431886110e+02 2.102106173804582738e+02
1.924031499842242852e+02 2.092454451097331400e+02
1.929185907798693052e+02 2.082911390003881422e+02
1.934560371688963585e+02 2.073475381205628594e+02
1.940150221773416490e+02 2.064146770240768092e+02
1.945954608658420284e+02 2.054928841316388741e+02
1.951972127303410218e+02 2.045825207522846085e+02
1.958200575075037477e+02 2.036839709862244945e+02
1.964637094590102890e+02 2.027976307943226857e+02
1.971278950396838070e+02 2.019239011646496635e+02
1.978122377860679535e+02 2.010632772106394839e+02
1.985163933752078265e+02 2.002162050176699779e+02
1.992399377264668772e+02 1.993831753452792270e+02
1.999824090446120124e+02 1.985646821370415580e+02
2.007433321057116018e+02 1.977612029655271328e+02
2.015222180817468711e+02 1.969732065081151973e+02
2.023185449957122444e+02 1.962011766925457152e+02
2.031317657179481273e+02 1.954456035124196944e+02
2.039613939157447930e+02 1.947069461520892446e+02
2.048067778577397746e+02 1.939856771867750638e+02
2.056674249155746850e+02 1.932821070297356130e+02
2.065426419309924313e+02 1.925966428579403384e+02
2.074318833163339661e+02 1.919296192266387493e+02
2.083346060667097674e+02 1.912813847540186032e+02
2.092501408705026904e+02 1.906522444044327074e+02
2.101779233593961180e+02 1.900423294608775677e+02
2.111172733958380832e+02 1.894518142374442107e+02
2.120676283834161495e+02 1.888808335585576970e+02
2.130284070563672572e+02 1.883295388082812281e+02
2.139990785342816082e+02 1.877979879251861348e+02
2.149789349560556673e+02 1.872861585713874319e+02
2.159674820175804086e+02 1.867939577094755634e+02
2.169641643067682253e+02 1.863213274182022587e+02
2.179684446508775579e+02 1.858682101309322832e+02
2.189797937869761881e+02 1.854344939746033845e+02
2.199976815119873663e+02 1.850199760972573415e+02
2.210217189435148839e+02 1.846244285305463677e+02
2.220513059790783359e+02 1.842476747424400685e+02
2.230860885296990546e+02 1.838894898753331972e+02
2.241256344075359266e+02 1.835496578040443580e+02
2.251695252224533306e+02 1.832279255705950050e+02
2.262173646961392421e+02 1.829240379576519899e+02
2.272688053747214383e+02 1.826377402028233803e+02
2.283235212037412225e+02 1.823687851041954389e+02
2.293811329722878156e+02 1.821169440596850961e+02
2.304413599239898929e+02 1.818819945822423563e+02
2.315039311266667994e+02 1.816637256963682603e+02
2.325685535966153452e+02 1.814619358981160815e+02
2.336349534726796833e+02 1.812764264203685514e+02
2.347028891019581067e+02 1.811070329176052951e+02
2.357721074871753046e+02 1.809536637425566994e+02
2.368423824724576150e+02 1.808162382326377440e+02
2.379135811498495059e+02 1.806946830646445221e+02
2.389853335688898426e+02 1.805889354692826032e+02
2.400575906531176429e+02 1.804988735838872458e+02
2.411300044896057102e+02 1.804242671872747223e+02
2.422024201507754242e+02 1.803648626723212374e+02
2.432746413290194880e+02 1.803204155246228311e+02
2.443464736380540216e+02 1.802906850964681666e+02
2.454177331145604910e+02 1.802754685236225498e+02
2.464882457412436167e+02 1.802746547708193248e+02
2.475578417474341393e+02 1.802881500699793378e+02
2.486263545230113152e+02 1.803158638553712763e+02
2.496936743211296346e+02 1.803577155286692175e+02
2.507595545591350117e+02 1.804136335932890631e+02
2.518238891417482819e+02 1.804836004350131304e+02
2.528865213379991985e+02 1.805676101867718160e+02
2.539472703242263094e+02 1.806656563869242689e+02
2.550059616106750866e+02 1.807777328810321080e+02
2.560625140496516110e+02 1.809038523397764493e+02
2.571166535967164464e+02 1.810440114197502623e+02
2.581682716073362940e+02 1.811982242034198123e+02
2.592171989763012334e+02 1.813665041008037520e+02
2.602632645802187312e+02 1.815488658848745445e+02
2.613062966185241862e+02 1.817453111683722966e+02
2.623461261497319583e+02 1.819557946888003812e+02
2.633825849523977922e+02 1.821802623245039570e+02
2.644155046583517787e+02 1.824186610106931710e+02
2.654447165906954638e+02 1.826709386323032334e+02
2.664700552257341428e+02 1.829370147090779994e+02
2.674913693259189813e+02 1.832167030204715843e+02
2.685085209541726954e+02 1.835097963077714383e+02
2.695213884676757630e+02 1.838160941881090196e+02
2.705297792558070000e+02 1.841353767349505119e+02
2.715335985835361612e+02 1.844674060092412446e+02
2.725327862670118861e+02 1.848118050028976427e+02
2.735271759846773989e+02 1.851681246074298031e+02
2.745167711096109997e+02 1.855359603697478121e+02
2.755014613116842384e+02 1.859148792585836532e+02
2.764812239580867299e+02 1.863044354553301787e+02
2.774560378773070397e+02 1.867040285165120395e+02
2.784259347783912517e+02 1.871130314547402804e+02
2.793909201306724981e+02 1.875308057637909940e+02
2.803510871068976371e+02 1.879567458495113499e+02
2.813064450609857658e+02 1.883901928752852939e+02
2.822571465626270992e+02 1.888304437017812631e+02
2.832033011533245599e+02 1.892767533125694968e+02
2.841450497101858446e+02 1.897283823558726112e+02
2.850825823025853651e+02 1.901846141520571791e+02
2.860160751984362264e+02 1.906447258675247269e+02
2.869457285560781088e+02 1.911079934262176039e+02
2.878717810856517190e+02 1.915737082825685604e+02
2.887944884989552179e+02 1.920411748040415318e+02
2.897141015433483631e+02 1.925096896822007579e+02
2.906308918000904100e+02 1.929786368195795774e+02
2.915450147554097384e+02 1.934478044599800910e+02
2.924565821337595821e+02 1.939171273375674502e+02
2.933657084281496736e+02 1.943865478496833248e+02
2.942724996582816175e+02 1.948560006076103264e+02
2.951770736335768675e+02 1.953254438828905961e+02
2.960795197715312952e+02 1.957949027043861463e+02
2.969799173203488181e+02 1.962644306386728772e+02
2.978783441967100316e+02 1.967340843940446860e+02
2.987748774061745962e+02 1.972039278588966340e+02
2.996695881744861367e+02 1.976740232050053692e+02
3.005625388423051731e+02 1.981444703019002986e+02
3.014537821882527737e+02 1.986153833152864934e+02
3.023433683071897917e+02 1.990868789660516711e+02
3.032313446851049434e+02 1.995590764892685627e+02
3.041177555837331852e+02 2.000320989851622357e+02
3.050026377479896951e+02 2.005060824607725749e+02
3.058860211179306248e+02 2.009811727112060851e+02
3.067679354154277007e+02 2.014575125743835713e+02
3.076484058013760432e+02 2.019352493954188219e+02
3.085274541377954165e+02 2.024145329114914773e+02
3.094050986645896728e+02 2.028955157759841654e+02
3.102813541412451741e+02 2.033783531012822721e+02
3.111562320173372314e+02 2.038632020103575542e+02
3.120297404002041617e+02 2.043502215938703443e+02
3.129018941110425089e+02 2.048395616403356883e+02
3.137727561897463033e+02 2.053313113910451477e+02
3.146423921087403528e+02 2.058255284551712236e+02
3.155108547881581558e+02 2.063222704951693913e+02
3.163781934193979168e+02 2.068215967297119562e+02
3.172444529215169950e+02 2.073235676546358093e+02
3.181096734806034760e+02 2.078282458321100705e+02
3.189738908260471248e+02 2.083356954499866731e+02
3.198371355963265614e+02 2.088459833079683960e+02
3.206994353904289596e+02 2.093591760847075136e+02
3.215608147405320665e+02 2.098753394487060859e+02
3.224212896585750627e+02 2.103945472102323322e+02
3.232808698303049368e+02 2.109168773190112915e+02
3.241395609152347106e+02 2.114424084646894357e+02
3.249973641039061363e+02 2.119712221289817364e+02
3.258542760434658021e+02 2.125034001108307393e+02
3.267102830827186040e+02 2.130390296942136956e+02
3.275653632508886517e+02 2.135782097323915991e+02
3.284194892830871595e+02 2.141210386868207536e+02
3.292726300170498348e+02 2.146676209930633945e+02
3.301247466138252094e+02 2.152180517401951931e+02
3.309757883263673648e+02 2.157724427508127576e+02
3.318256918611635342e+02 2.163309190939370410e+02
3.326743901438582043e+02 2.168936157175634776e+02
3.335218006330999287e+02 2.174606412692918127e+02
3.343678441162562081e+02 2.180321277503957162e+02
3.352123458270371543e+02 2.186083191284904785e+02
3.360550330747890939e+02 2.191895117707029499e+02
3.368956342547065788e+02 2.197760133361965700e+02
3.377338745636481008e+02 2.203681473413946037e+02
3.385694374276286567e+02 2.209661754477370721e+02
3.394020456795693690e+02 2.215704113093452179e+02
3.402313794785839036e+02 2.221811050725658845e+02
3.410571372367012373e+02 2.227985372590963493e+02
3.418789886243730507e+02 2.234229554033881300e+02
3.426966127137924900e+02 2.240546257221184021e+02
3.435096742189829229e+02 2.246937536163909499e+02
3.443178863886456043e+02 2.253405831616020407e+02
3.451208984788469820e+02 2.259952676326491030e+02
3.459184077189547111e+02 2.266580298434243730e+02
3.467100803936597231e+02 2.273290615708645532e+02
3.474955860316856615e+02 2.280084933722026506e+02
3.482746459409722775e+02 2.286964669515060393e+02
3.490469640223441843e+02 2.293931057211343898e+02
3.498122395961129882e+02 2.300985330181069628e+02
3.505701504940370796e+02 2.308128381826603004e+02
3.513204196622936593e+02 2.315361154723190680e+02
3.520627861483872607e+02 2.322684174954003140e+02
3.527969857540481371e+02 2.330097920555641338e+02
3.535227492657450057e+02 2.337602834088070267e+02
3.542398029478213175e+02 2.345199316196877248e+02
3.549478917687482067e+02 2.352887639299507327e+02
3.556467788336582316e+02 2.360667840280439691e+02
3.563362102795022679e+02 2.368539641261674262e+02
3.570159489333370288e+02 2.376503059991435975e+02
3.576857604574147445e+02 2.384558310395030674e+02
3.583453716905910369e+02 2.392704752971155528e+02
3.589945591253180055e+02 2.400942340022097312e+02
3.596330754759299566e+02 2.409270700378492336e+02
3.602606738645213227e+02 2.417689535966226799e+02
3.608770866026364956e+02 2.426198189414616309e+02
3.614820675006283182e+02 2.434796671950578855e+02
3.620753220621398896e+02 2.443484449675011376e+02
3.626565542880999260e+02 2.452260977219986842e+02
3.632254755302616331e+02 2.461125942306676393e+02
3.637817799999153294e+02 2.470078821473164794e+02
3.643251330226151481e+02 2.479119152523305445e+02
3.648551607033647315e+02 2.488246656868682294e+02
3.653714812199467019e+02 2.497461135541910835e+02
3.658736740735369040e+02 2.506761558699194268e+02
3.663613547697748913e+02 2.516147837828865761e+02
3.668340517225791473e+02 2.525619301521485909e+02
3.672912233982735870e+02 2.535175817318982467e+02
3.677322934702169164e+02 2.544816712067126048e+02
3.681566938668012199e+02 2.554541682853669329e+02
3.685638283400474506e+02 2.564349903328186429e+02
3.689532101201732530e+02 2.574239761330188685e+02
3.693245670531222231e+02 2.584208460054821330e+02
3.696776435016362825e+02 2.594252992866418026e+02
3.700121783845413574e+02 2.604370343611923317e+02
3.703279083092411383e+02 2.614557776711070005e+02
3.706245294107878863e+02 2.624811267134788295e+02
3.709017682200541799e+02 2.635127868245760965e+02
3.711593232124782276e+02 2.645504105307351779e+02
3.713968758055286798e+02 2.655936016447519705e+02
3.716141081693938304e+02 2.666419900997135528e+02
3.718107098847926864e+02 2.676951326790226062e+02
3.719864296056631474e+02 2.687525703108435096e+02
3.721410186221857543e+02 2.698138943861155781e+02
3.722741924662337851e+02 2.708785159294408800e+02
3.723856867443004717e+02 2.719459695678243065e+02
3.724752575589595267e+02 2.730156941866591183e+02
3.725427639525287873e+02 2.740870784951262067e+02
3.725880758181192505e+02 2.751595034623960032e+02
3.726110538301726933e+02 2.762323380545337272e+02
3.726115524780171313e+02 2.773048919776591674e+02
3.725894715908472676e+02 2.783764780371023448e+02
3.725448234483210967e+02 2.794463633414285368e+02
3.724776396005190122e+02 2.805137843634059323e+02
3.723879448478716654e+02 2.815780022546562122e+02
3.722757772958980809e+02 2.826381808807669245e+02
3.721411980225909701e+02 2.836935573264307209e+02
3.719843458175519118e+02 2.847433008730027950e+02
3.718053859072003888e+02 2.857865748430741064e+02
3.716044989408443939e+02 2.868225418863451637e+02
3.713818608550317890e+02 2.878503896216802787e+02
3.711376867700690241e+02 2.888692532579918861e+02
3.708722032212564841e+02 2.898783134623742512e+02
3.705856595176590531e+02 2.908767468443791699e+02
3.702783272374871899e+02 2.918637455497291739e+02
3.699505197847959721e+02 2.928385205235221633e+02
3.696025451705035039e+02 2.938003170134049924e+02
3.692346595492619485e+02 2.947483961118534808e+02
3.688471423147490782e+02 2.956820565350088259e+02
3.684403149069813139e+02 2.966006493648358173e+02
3.680145237713490474e+02 2.975035690467109362e+02
3.675701735435621913e+02 2.983903195801136690e+02
3.671076936076205470e+02 2.992604566383673728e+02
3.666275420313987183e+02 3.001136461957312349e+02
3.661302075752167866e+02 3.009496869037039346e+02
3.656161967778890585e+02 3.017684786654641016e+02
