3.648697473743809496e+02 3.024587538441130619e+02
3.643677184096271162e+02 3.032584412092917319e+02
3.638489990552588438e+02 3.040454113830668348e+02
3.633134919640868361e+02 3.048201461609917828e+02
3.627612234914581677e+02 3.055829184927725919e+02
3.621922505241880685e+02 3.063339729144389594e+02
3.616066646655787622e+02 3.070735087106885430e+02
3.610045813157281032e+02 3.078017166533533668e+02
3.603861552555040930e+02 3.085187509389612615e+02
3.597515910679455828e+02 3.092246791275481428e+02
3.591010817684945664e+02 3.099196279858462049e+02
3.584348966021127580e+02 3.106036237010786749e+02
3.577533183000663826e+02 3.112767094543198709e+02
3.570566571963288425e+02 3.119389126513481756e+02
3.563452508690590435e+02 3.125902256514766577e+02
3.556194392669116269e+02 3.132306472660177405e+02
3.548795916723502728e+02 3.138601249698589868e+02
3.541260500730825242e+02 3.144786180070336741e+02
3.533591889507655992e+02 3.150860266835848620e+02
3.525793623854971770e+02 3.156822816369250972e+02
3.517869553587833593e+02 3.162672630115188781e+02
3.509823298013965314e+02 3.168408681982360804e+02
3.501658505417557876e+02 3.174029481969233757e+02
3.493378724199980638e+02 3.179533459380048726e+02
3.484987535185882734e+02 3.184918838542506023e+02
3.476488451468712810e+02 3.190183970992720788e+02
3.467885031251263399e+02 3.195326888973320365e+02
3.459180681600457206e+02 3.200345551548055028e+02
3.450378790101339632e+02 3.205237719163527572e+02
3.441482742971422795e+02 3.210001165462574022e+02
3.432495880726344808e+02 3.214633522770332092e+02
3.423421535257545543e+02 3.219132397260100333e+02
3.414262983996184744e+02 3.223495331544000351e+02
3.405023544226044692e+02 3.227719872261640148e+02
3.395706465213895058e+02 3.231803490498795668e+02
3.386315040568616723e+02 3.235743637075530614e+02
3.376852450115230795e+02 3.239537699382336200e+02
3.367321990655619857e+02 3.243183236877702029e+02
3.357726841373904563e+02 3.246677820790006876e+02
3.348070360892752433e+02 3.250019032070100025e+02
3.338355703287270444e+02 3.253204397384481013e+02
3.328586047385329039e+02 3.256231406519183906e+02
3.318764607851301207e+02 3.259097740819894966e+02
3.308894782100348380e+02 3.261801230207487947e+02
3.298979483910071622e+02 3.264339578728740321e+02
3.289022230358361298e+02 3.266710533710212871e+02
3.279026016295094905e+02 3.268911799988550797e+02
3.268994047543392298e+02 3.270941127540821753e+02
3.258929532843437755e+02 3.272796304110491405e+02
3.248835677658212262e+02 3.274475101330929192e+02
3.238715687356749413e+02 3.275975274752927930e+02
3.228572804265581908e+02 3.277294904541317919e+02
3.218410387186946195e+02 3.278435536141504372e+02
3.208232297244708775e+02 3.279400913151965824e+02
3.198041590580123170e+02 3.280194712636633199e+02
3.187841729491544811e+02 3.280820692639458116e+02
3.177635519462045295e+02 3.281282537382021474e+02
3.167425749436170577e+02 3.281583707627988247e+02
3.157215110990754283e+02 3.281727548569971873e+02
3.147006107622847821e+02 3.281717397562073302e+02
3.136801003403995765e+02 3.281556536192808267e+02
3.126602078578854957e+02 3.281248251094306170e+02
3.116411426314432447e+02 3.280795769299786002e+02
3.106231006249480515e+02 3.280202261978794240e+02
3.096062535091706422e+02 3.279470800767613810e+02
3.085907974285523778e+02 3.278604553385858367e+02
3.075768804238687721e+02 3.277606572702559333e+02
3.065646675049801502e+02 3.276480015930923173e+02
3.055542889401476714e+02 3.275227965211827836e+02
3.045458978856065073e+02 3.273853607405330877e+02
3.035396086293138751e+02 3.272360016855649860e+02
3.025355343272211144e+02 3.270750215352430246e+02
3.015337941741730674e+02 3.269027411417769713e+02
3.005344815425372644e+02 3.267194836069148778e+02
2.995376859496207658e+02 3.265255693908299008e+02
2.985434894179633147e+02 3.263213163701582857e+02
2.975519658229808329e+02 3.261070403222641403e+02
2.965631798176970619e+02 3.258830654004605663e+02
2.955771867798731591e+02 3.256497227954890263e+02
2.945940329276629654e+02 3.254073384245282909e+02
2.936137594402426316e+02 3.251562378499207853e+02
2.926363984357817571e+02 3.248967460323656837e+02
2.916619719228696113e+02 3.246291881364537630e+02
2.906904948052080613e+02 3.243538859282634235e+02
2.897219754394182587e+02 3.240711663480647076e+02
2.887564120181064027e+02 3.237813526612071655e+02
2.877938004354159602e+02 3.234847529079534638e+02
2.868341207714298093e+02 3.231816879199536743e+02
2.858773586854028963e+02 3.228724555237185427e+02
2.849234784118282846e+02 3.225573637527392066e+02
2.839724545092308858e+02 3.222367044272136809e+02
2.830242330139268461e+02 3.219107781051181973e+02
2.820787822071918640e+02 3.215798607489671781e+02
2.811360360470006299e+02 3.212442259717850561e+02
2.801959450572101673e+02 3.209041389621895064e+02
2.792584504487962818e+02 3.205598576381220255e+02
2.783234694345312619e+02 3.202116418511322991e+02
2.773909371071701457e+02 3.198597350745141057e+02
2.764607864397194135e+02 3.195043596198052569e+02
2.755329188169239387e+02 3.191457380768715097e+02
2.746072566420488101e+02 3.187840895471234717e+02
2.736837103737388475e+02 3.184196236606702541e+02
2.727622226421213441e+02 3.180524415749200102e+02
2.718427551047821566e+02 3.176825080930777858e+02
2.709252979891990094e+02 3.173097789518747618e+02
2.700098354337569617e+02 3.169342054277106513e+02
2.690963533953553792e+02 3.165557368521386934e+02
2.681848451585206590e+02 3.161743214586138038e+02
2.672752901503159251e+02 3.157899070788012068e+02
2.663676785251434467e+02 3.154024424081841858e+02
2.654620041032507061e+02 3.150118737131033981e+02
2.645582600174260506e+02 3.146181445678660680e+02
2.636564399354105035e+02 3.142211994590908262e+02
2.627565373177375250e+02 3.138209852900508281e+02
2.618585469094659288e+02 3.134174473964432650e+02
2.609624651370559718e+02 3.130105291824805818e+02
2.600682948234160676e+02 3.126001721341322650e+02
2.591760230254583348e+02 3.121863173456785034e+02
2.582856508239284494e+02 3.117689139031879790e+02
2.573971752443644618e+02 3.113479072769557661e+02
2.565105944631346802e+02 3.109232408973768429e+02
2.556259078030848855e+02 3.104948561889139569e+02
2.547431141299843773e+02 3.100626957965948236e+02
2.538622103640008731e+02 3.096267061969277279e+02
2.529831940014306610e+02 3.091868322958898716e+02
2.521060626266325926e+02 3.087430167217981420e+02
2.512307266147899725e+02 3.082951933180070796e+02
2.503570029237260428e+02 3.078433206472170127e+02
2.494848279529699369e+02 3.073874316246648846e+02
2.486141565100775210e+02 3.069275661082598390e+02
2.477449393706456249e+02 3.064637604150165657e+02
2.468771277872220935e+02 3.059960496666863605e+02
2.460106770072634674e+02 3.055244693099656956e+02
2.451455393227957700e+02 3.050490541885657194e+02
2.442816673321094356e+02 3.045698372287981215e+02
2.434190141628451158e+02 3.040868490762604210e+02
2.425575334867141351e+02 3.036001180847200089e+02
2.416971797846935317e+02 3.031096699261360072e+02
2.408379087195784223e+02 3.026155270777937289e+02
2.399796766620419533e+02 3.021177095873441090e+02
2.391224458684217211e+02 3.016162352748804665e+02
2.382661661219685811e+02 3.011111168581629727e+02
2.374107996563987228e+02 3.006023670591206383e+02
2.365563121903974775e+02 3.000899886143204753e+02
2.357026705241453328e+02 2.995739807184071992e+02
2.348498424243615261e+02 2.990543403471786519e+02
2.339977997081997216e+02 2.985310616816145171e+02
2.331465142811514397e+02 2.980041310541508892e+02
2.322959666421587031e+02 2.974735226412161069e+02
2.314461458838731858e+02 2.969392074618021979e+02
2.305970407599963892e+02 2.964011531545138496e+02
2.297486475459537871e+02 2.958593215990156864e+02
2.289009913895642967e+02 2.953136294440667484e+02
2.280542372450441633e+02 2.947638449815582362e+02
2.272085822277349507e+02 2.942097061881127047e+02
2.263642280301197331e+02 2.936509583213423866e+02
2.255213838074605235e+02 2.930873540805078505e+02
2.246802735325044296e+02 2.925186346672550144e+02
2.238411405279982489e+02 2.919445446840543923e+02
2.230042375515550077e+02 2.913648233015706523e+02
2.221698267315204305e+02 2.907792094633357465e+02
2.213381811342607648e+02 2.901874636306482103e+02
2.205095735224263933e+02 2.895893249540987426e+02
2.196842955997282445e+02 2.889845716989212292e+02
2.188626313228042477e+02 2.883729549016929923e+02
2.180448865418482001e+02 2.877542554374272186e+02
2.172313678497004616e+02 2.871282523749868574e+02
2.164223777826445598e+02 2.864947111717636403e+02
2.156182318204263311e+02 2.858534674922903491e+02
2.148192219284678117e+02 2.852043268073202285e+02
2.140256564121899032e+02 2.845471062336159207e+02
2.132378545937928891e+02 2.838816339052846729e+02
2.124561379508388370e+02 2.832077576588342822e+02
2.116807935104477849e+02 2.825253420333935992e+02
2.109121112475485234e+02 2.818342692524614108e+02
2.101503873058545082e+02 2.811344257172196990e+02
2.093959240930023498e+02 2.804257021777975183e+02
2.086490230895132925e+02 2.797079998307098094e+02
2.079099568419982802e+02 2.789812524788400196e+02
2.071789923876844171e+02 2.782454048661418824e+02
2.064563946434823833e+02 2.775003867025189948e+02
2.057424617575468915e+02 2.767461834455717735e+02
2.050374620833305812e+02 2.759827425306125406e+02
2.043416363814349950e+02 2.752100133997683429e+02
2.036552695460812856e+02 2.744280475132767947e+02
2.029785866508678112e+02 2.736367837297439678e+02
2.023118808753631015e+02 2.728362746513231514e+02
2.016553875363765087e+02 2.720264645144965812e+02
2.010093949496936716e+02 2.712074194494062453e+02
2.003741512989398075e+02 2.703791439887031629e+02
1.997499217088169985e+02 2.695416591792463805e+02
1.991369810394293722e+02 2.686949948983871082e+02
1.985356117214568883e+02 2.678391847807452564e+02
1.979461088595002423e+02 2.669742636913485967e+02
1.973687771712247070e+02 2.661002704768228568e+02
1.968039290844022275e+02 2.652172498291308216e+02
1.962518712881821727e+02 2.643252117968905281e+02
1.957129657658592237e+02 2.634242705936736115e+02
1.951875585161849642e+02 2.625144091801610102e+02
1.946760676037282849e+02 2.615957213531759180e+02
1.941788781375726387e+02 2.606682063924639010e+02
1.936964264327048681e+02 2.597319642315996475e+02
1.932291093079281836e+02 2.587870824488339849e+02
1.927770955666308055e+02 2.578337727386131633e+02
1.923404530922546769e+02 2.568723082811017662e+02
1.919192488691214464e+02 2.559029350463738695e+02
1.915135817118680563e+02 2.549259818238268167e+02
1.911235180941798149e+02 2.539416539865858340e+02
1.907491864563245656e+02 2.529502583809376688e+02
1.903906992103484299e+02 2.519519901460662368e+02
1.900482132116231639e+02 2.509471572535430539e+02
1.897218701599889243e+02 2.499359982577698247e+02
1.894118265035808122e+02 2.489187569406407192e+02
1.891182429424452209e+02 2.478957014405846166e+02
1.888412880034725845e+02 2.468671416156835789e+02
1.885811192665436806e+02 2.458332557622017873e+02
1.883379486980993249e+02 2.447944164145044397e+02
1.881119629333429089e+02 2.437508494767527623e+02
1.879033517590543454e+02 2.427028553669309190e+02
1.877123001033923799e+02 2.416507445049176965e+02
1.875390057762649008e+02 2.405947752541743512e+02
1.873836953700153742e+02 2.395353366043269432e+02
1.872465915768660807e+02 2.384726669229846152e+02
1.871279191422048029e+02 2.374071305648774342e+02
1.870278924271517837e+02 2.363390476222629104e+02
1.869467466389282890e+02 2.352687822456282731e+02
1.868847333333739869e+02 2.341966784059270879e+02
1.868421257300664422e+02 2.331230800603968873e+02
1.868191961806452071e+02 2.320483455610601311e+02
1.868162187057982919e+02 2.309728672865276451e+02
1.868334826165380207e+02 2.298970464278338000e+02
1.868713002406750832e+02 2.288212630683615885e+02
1.869300057245593223e+02 2.277459212350382245e+02
1.870099452420267312e+02 2.266714279250940365e+02
1.871114702562080652e+02 2.255982280900310286e+02
1.872349423566818984e+02 2.245267783807300077e+02
1.873807534467183302e+02 2.234574954292253892e+02
1.875492895167637641e+02 2.223908877862168367e+02
1.877409635739796840e+02 2.213274132013827682e+02
1.879561879955551262e+02 2.202675852897198183e+02
1.881953680665681645e+02 2.192119307179189036e+02
1.884589336587996229e+02 2.181609296196550076e+02
1.887472429742069266e+02 2.171152052869502427e+02
1.890606993991079889e+02 2.160752642784598834e+02
1.893996750159039379e+02 2.150416915519970757e+02
1.897644986411344803e+02 2.140150778044383344e+02
1.901554469171827577e+02 2.129960140478313804e+02
1.905727381081154306e+02 2.119850863117225970e+02
1.910165651293497149e+02 2.109828885759042123e+02
1.914870459434210090e+02 2.099900555994442470e+02
1.919832637088512683e+02 2.090080054349247973e+02
1.925039500202607314e+02 2.080376388270138079e+02
1.930481724613828192e+02 2.070789863820746461e+02
1.936153645813121216e+02 2.061322395129721201e+02
1.942052995466178800e+02 2.051978432497404299e+02
1.948176930894681789e+02 2.042762544304073913e+02
1.954521820603275728e+02 2.033679350022582355e+02
1.961083414020317832e+02 2.024733403434865693e+02
1.967857602610378933e+02 2.015928998751864754e+02
1.974839125423464168e+02 2.007271222525865255e+02
1.982023236434124840e+02 1.998764405506324238e+02
1.989404435615990110e+02 1.990413251842036004e+02
1.996976946340116399e+02 1.982222377890630298e+02
2.004734908931663711e+02 1.974196025297955543e+02
2.012672359031775784e+02 1.966338136776081456e+02
2.020783090919723293e+02 1.958652737625690463e+02
2.029060748494815130e+02 1.951143854273542217e+02
2.037499744805059834e+02 1.943815113164725403e+02
2.046092815576396902e+02 1.936670278113919039e+02
2.054834512859913787e+02 1.929711326372664644e+02
2.063717312646453479e+02 1.922941273929502586e+02
2.072735351501926573e+02 1.916362329095394728e+02
2.081882853456768601e+02 1.909976840592296128e+02
2.091152826521569352e+02 1.903786810579040321e+02
2.100539513346272429e+02 1.897792560616762216e+02
2.110035975177905812e+02 1.891994892110317039e+02
2.119636539303969869e+02 1.886394194981318719e+02
2.129335364397493606e+02 1.880991044904145042e+02
2.139127215741700070e+02 1.875785198393276687e+02
2.149005123620648305e+02 1.870775824431906926e+02
2.158964340840416867e+02 1.865961389373401857e+02
2.168999483246067825e+02 1.861340740958164020e+02
2.179105356653535637e+02 1.856912747031819606e+02
2.189276886025298836e+02 1.852675846119909977e+02
2.199509039632244196e+02 1.848627750687610671e+02
2.209798220475097992e+02 1.844765947752483157e+02
2.220138657301174021e+02 1.841088469790714157e+02
2.230527079867595148e+02 1.837592866439584043e+02
2.240959421147346688e+02 1.834276850544664228e+02
2.251431766520713325e+02 1.831137882574157629e+02
2.261940410830974031e+02 1.828173423622652365e+02
2.272482126701370362e+02 1.825380949718317254e+02
2.283053886333571256e+02 1.822758023058850654e+02
2.293652111409911356e+02 1.820302419396465154e+02
2.304274210946219910e+02 1.818012015038770528e+02
2.314917677353371062e+02 1.815884813543912628e+02
2.325579765273576243e+02 1.813918920901964782e+02
2.336257908803538328e+02 1.812112476543241257e+02
2.346949852590924763e+02 1.810463963145370201e+02
2.357653212561173746e+02 1.808972581862437892e+02
2.368365864310921154e+02 1.807637646095597574e+02
2.379086611515407697e+02 1.806458546099043474e+02
2.389811862812783545e+02 1.805434782930075528e+02
2.400541248219129216e+02 1.804565290558302308e+02
2.411271386676250472e+02 1.803847977094008570e+02
2.422000827007963437e+02 1.803280526194935476e+02
2.432727690529276288e+02 1.802860715092647297e+02
2.443450107103582241e+02 1.802586361675580235e+02
2.454166299784953083e+02 1.802455632555559930e+02
2.464874580343274602e+02 1.802467535089992623e+02
2.475573297225953979e+02 1.802621237975999975e+02
2.486260825546071374e+02 1.802915942897964783e+02
2.496936105850843717e+02 1.803350952018825524e+02
2.507596701567645425e+02 1.803925643761769493e+02
2.518241581815471193e+02 1.804639892671705752e+02
2.528869205480812923e+02 1.805493683805120497e+02
2.539477787846433898e+02 1.806486996714882025e+02
2.550065605743473043e+02 1.807619814415789108e+02
2.560631869854049683e+02 1.808892298383799755e+02
2.571173857960292821e+02 1.810304418926826315e+02
2.581690505103391047e+02 1.811856315165418039e+02
2.592180140119419889e+02 1.813548119777477439e+02
2.602641071334666663e+02 1.815379979385825493e+02
2.613071600473973604e+02 1.817351903806054167e+02
2.623470059455148657e+02 1.819463416034995475e+02
2.633834788255793455e+02 1.821713947011126891e+02
2.644164125987920215e+02 1.824102938618584346e+02
2.654456409288124519e+02 1.826629842624105038e+02
2.664710006998948302e+02 1.829293827122470191e+02
2.674923431669579941e+02 1.832093001698834769e+02
2.685095329688601851e+02 1.835025265646563071e+02
2.695224511284015421e+02 1.838088587482602065e+02
2.705309076791643292e+02 1.841280740599142973e+02
2.715348106357924394e+02 1.844599323833447784e+02
2.725341023074773830e+02 1.848040565592361872e+02
2.735286186019842489e+02 1.851599978278819094e+02
2.745183653547537688e+02 1.855273521605975304e+02
2.755032344965125048e+02 1.859056869514865866e+02
2.764832056156611770e+02 1.862945576500611651e+02
2.774582589444232212e+02 1.866933685323818395e+02
2.784284273351208867e+02 1.871014982928012387e+02
2.793937171309372616e+02 1.875183140833544826e+02
2.803542224569073937e+02 1.879432160180053870e+02
2.813099529600148117e+02 1.883755515158476328e+02
2.822610609798537666e+02 1.888146268010411859e+02
2.832076550787832616e+02 1.892597070296867514e+02
2.841498748892401522e+02 1.897100629779292831e+02
2.850879091529029097e+02 1.901649880942050856e+02
2.860219322810757490e+02 1.906237697501927926e+02
2.869521419846165031e+02 1.910856949708918933e+02
2.878787742819729942e+02 1.915500665969670706e+02
2.888020819108907062e+02 1.920162003113130140e+02
2.897223119918384668e+02 1.924834039296532922e+02
2.906397327081035087e+02 1.929510715360111135e+02
2.915544975695402172e+02 1.934189961584401090e+02
2.924667168099860532e+02 1.938871153710136639e+02
2.933765034234302789e+02 1.943553744007868431e+02
2.942839615142841012e+02 1.948237105379748471e+02
2.951892073118140729e+02 1.952920846944637390e+02
2.960923287433631685e+02 1.957605236482823159e+02
2.969934036308185910e+02 1.962290823691878643e+02
2.978925084175069173e+02 1.966978189391543594e+02
2.987897187230241229e+02 1.971667986441945573e+02
2.996851039502945468e+02 1.976360848235604237e+02
3.005787250774168342e+02 1.981057783711345337e+02
3.014706334022400256e+02 1.985759942839848975e+02
3.023608774975689357e+02 1.990468500817448216e+02
3.032495032886462809e+02 1.995184657659694949e+02
3.041365534316406070e+02 1.999909651814183746e+02
3.050220629830574808e+02 2.004644851347879637e+02
3.059060602589359519e+02 2.009391722853916633e+02
3.067885729344357060e+02 2.014151701162633685e+02
3.076696244370249929e+02 2.018926267435820137e+02
3.085492347257166443e+02 2.023716926153577162e+02
3.094274199333185038e+02 2.028525213287793463e+02
3.103041925771631213e+02 2.033352690276338706e+02
3.111795617992440839e+02 2.038200938070480106e+02
3.120535333339505542e+02 2.043071556666626236e+02
3.129261189202537139e+02 2.047966049181482049e+02
3.137973755539562148e+02 2.052885299687291365e+02
3.146673645601725866e+02 2.057829887414424377e+02
3.155361361658219153e+02 2.062800399871696300e+02
3.164037367137862020e+02 2.067797438883056600e+02
3.172702082338527134e+02 2.072821618668344001e+02
3.181355878796488810e+02 2.077873575343489279e+02
3.189999082446277612e+02 2.082953961741837077e+02
3.198631968671967343e+02 2.088063456695488469e+02
3.207254780740725550e+02 2.093202736326689717e+02
3.215867730515188896e+02 2.098372465629120427e+02
3.224470946790939365e+02 2.103573390795389457e+02
3.233064494281667862e+02 2.108806297658663880e+02
3.241648397144389264e+02 2.114071978814428689e+02
3.250222635244971343e+02 2.119371254650465914e+02
3.258787141934765259e+02 2.124704947013734682e+02
3.267341749483492777e+02 2.130073926812232799e+02
3.275886211584831358e+02 2.135479178911886606e+02
3.284420227937886239e+02 2.140921682939941775e+02
3.292943460414174410e+02 2.146402478715676239e+02
3.301455491455937477e+02 2.151922509072864216e+02
3.309955793373751476e+02 2.157482876657579425e+02
3.318443719019531386e+02 2.163084810211138631e+02
3.326918584855513359e+02 2.168729637736668394e+02
3.335379548848173386e+02 2.174418420538501096e+02
3.343825809047226585e+02 2.180152453750709469e+02
3.352255649680568013e+02 2.185934105600944974e+02
3.360666408781748942e+02 2.191766228966827441e+02
3.369055441525007950e+02 2.197651792770834049e+02
3.377420074650706283e+02 2.203593927407063404e+02
3.385757217148481004e+02 2.209595144309389525e+02
3.394064178697817624e+02 2.215658479610214329e+02
3.402337843342599513e+02 2.221786334225756150e+02
3.410575281457535084e+02 2.227981416280910310e+02
3.418773278250191083e+02 2.234246106134220042e+02
3.426928715217304102e+02 2.240582973901962021e+02
3.435038325157441363e+02 2.246993992264770839e+02
3.443099319603169874e+02 2.253481529290941694e+02
3.451108273776364399e+02 2.260047049524755209e+02
3.459062242590694041e+02 2.266692713011849207e+02
3.466957973468071259e+02 2.273420372799646998e+02
3.474792235181308229e+02 2.280231286216950082e+02
3.482562299046053909e+02 2.287126835180363855e+02
3.490265263186196307e+02 2.294108221330650395e+02
3.497898180699943964e+02 2.301176646741600109e+02
3.505457891778802946e+02 2.308332977211204025e+02
3.512941671901248810e+02 2.315578139523532570e+02
3.520346941807272856e+02 2.322912659682808965e+02
3.527671089019086139e+02 2.330337016968532851e+02
3.534911451043591342e+02 2.337851655767251202e+02
3.542065319992731247e+02 2.345456979404450522e+02
3.549130163920614223e+02 2.353153271330992311e+02
3.556103618949351812e+02 2.360940589834112302e+02
3.562983151956451024e+02 2.368818681159721393e+02
3.569766394189128960e+02 2.376787584263516351e+02
3.576451003446866252e+02 2.384847532364377685e+02
3.583034249182907729e+02 2.392997914873317313e+02
3.589513886425552869e+02 2.401238710495582609e+02
3.595887433317994351e+02 2.409569576933781150e+02
3.602152410824816116e+02 2.417990243530532837e+02
3.608306133200368890e+02 2.426500082733838326e+02
3.614346127427343731e+02 2.435099127447334979e+02
3.620269443816081321e+02 2.443786868265897567e+02
3.626073117147589073e+02 2.452562783403853359e+02
3.631754253611360923e+02 2.461426581121726542e+02
3.637309788729226057e+02 2.470377759647950882e+02
3.642736377309652767e+02 2.479415873260233525e+02
3.648030294675390337e+02 2.488540651708049438e+02
3.653187737351491364e+02 2.497751902783883509e+02
3.658204519152895386e+02 2.507048611086671031e+02
3.663076808584247033e+02 2.516430692673701799e+02
3.667799924788271255e+02 2.525897479329228759e+02
3.672368515915372882e+02 2.535448825122753647e+02
3.676776888141240534e+02 2.545084048678401132e+02
3.681019428478521149e+02 2.554802836123992904e+02
3.685090244949590783e+02 2.564604356547677639e+02
3.688984539914221159e+02 2.574486997319660304e+02
3.692699660083464437e+02 2.584447965954549886e+02
3.696233118012598879e+02 2.594484263892790636e+02
3.699582372357709801e+02 2.604592885932183322e+02
3.702744858056177009e+02 2.614771107578685019e+02
3.705717614635821064e+02 2.625014929926482523e+02
3.708497988362640285e+02 2.635321421835403726e+02
3.711083048483999960e+02 2.645687133468671846e+02
3.713469695713449141e+02 2.656108137164877689e+02
3.715654837295514881e+02 2.666580768263429491e+02
3.717635446433795892e+02 2.677100645385952475e+02
3.719409064068669295e+02 2.687663239718478962e+02
3.720973252249953021e+02 2.698264527006440971e+02
3.722325219742946842e+02 2.708898702075004508e+02
3.723462370765241189e+02 2.719561187767790784e+02
3.724382292698410879e+02 2.730246468747293989e+02
3.725083547350072308e+02 2.740948546668353174e+02
3.725564794207428463e+02 2.751661349845812765e+02
3.725824597238085971e+02 2.762378689663822229e+02
3.725861455503202251e+02 2.773093792011380856e+02
3.725674291436982344e+02 2.783799918825278610e+02
3.725263082328556834e+02 2.794489887477839147e+02
3.724627982091462854e+02 2.805156208977316510e+02
3.723769070485948873e+02 2.815791635650035118e+02
3.722686554041390536e+02 2.826387947246778367e+02
3.721380847385369748e+02 2.836937647674044456e+02
3.719853095756430434e+02 2.847432560584050520e+02
3.718104693978651198e+02 2.857864438709617048e+02
3.716137183128579409e+02 2.868225014403251407e+02
3.713952049293172877e+02 2.878506257219717668e+02
3.711551164879312523e+02 2.888699591836171408e+02
3.708936515658404005e+02 2.898796882267416208e+02
3.706110309812271453e+02 2.908789930450280394e+02
3.703074972514780256e+02 2.918670671368055309e+02
3.699833343488454034e+02 2.928431197109362074e+02
3.696388223624940679e+02 2.938063922984845817e+02
3.692741955530678410e+02 2.947561401833910395e+02
3.688897127618035938e+02 2.956916537589441987e+02
3.684856751679914737e+02 2.966122730238417375e+02
3.680624092378872092e+02 2.975173794194944890e+02
3.676203011050543523e+02 2.984064586353729851e+02
3.671597622852142990e+02 2.992790470430022083e+02
3.666812348790105034e+02 3.001347870712510257e+02
3.661851941040206384e+02 3.009734497504470596e+02
3.656721351318489042e+02 3.017949051625278685e+02
