3.647956166785539835e+02 3.024206022057802556e+02
3.642950395933904133e+02 3.032178262302126086e+02
3.637779775596250147e+02 3.040024875838801108e+02
3.632443093579526590e+02 3.047750956887440452e+02
3.626940413997419341e+02 3.055359395351967464e+02
3.621272103345864934e+02 3.062852770068432164e+02
3.615438879381554784e+02 3.070233176368049044e+02
3.609441695157811978e+02 3.077502607436241533e+02
3.603281905874097220e+02 3.084662663545564101e+02
3.596961388963108561e+02 3.091714039939514009e+02
3.590481889007630230e+02 3.098658034358766713e+02
3.583845951490285415e+02 3.105494895919617306e+02
3.577056265000787221e+02 3.112225049273239392e+02
3.570115807752862906e+02 3.118848751816221920e+02
3.563027847421427055e+02 3.125365896065169409e+02
3.555795677678163997e+02 3.131776438553001185e+02
3.548422907239282154e+02 3.138079804066257452e+02
3.540912856171179897e+02 3.144275530431689276e+02
3.533269195153486066e+02 3.150362544852898168e+02
3.525495382235208695e+02 3.156340087361678570e+02
3.517595212749825464e+02 3.162206878559959478e+02
3.509572242308381647e+02 3.167961817105569367e+02
3.501430062956906681e+02 3.173603313018289782e+02
3.493172166864924861e+02 3.179129691097012937e+02
3.484802091944778795e+02 3.184539067959359500e+02
3.476323305867099975e+02 3.189829692361755633e+02
3.467739339224521018e+02 3.194999485808305053e+02
3.459053561485195019e+02 3.200046286691043633e+02
3.450269331732369551e+02 3.204967726976524318e+02
3.441390009941054018e+02 3.209761454079143164e+02
3.432418920500854256e+02 3.214424973103115235e+02
3.423359381392951377e+02 3.218955764840694656e+02
3.414214662084324914e+02 3.223351244879850697e+02
3.404988073945872316e+02 3.227608833845795857e+02
3.395682866029451930e+02 3.231725877448312758e+02
3.386302334835376087e+02 3.235699702591762161e+02
3.376849667964251580e+02 3.239527575328116882e+02
3.367328175833482078e+02 3.243206947538748750e+02
3.357741054959844860e+02 3.246735290043679356e+02
3.348091683928839757e+02 3.250110084708998670e+02
3.338383238040440801e+02 3.253328760671338955e+02
3.328618919504386326e+02 3.256388713785942173e+02
3.318801971626884892e+02 3.259287551895255319e+02
3.308935825058037494e+02 3.262023042086660212e+02
3.299023421283548601e+02 3.264592828151451158e+02
3.289068313367579321e+02 3.266994597005923993e+02
3.279073525494158616e+02 3.269225997302945075e+02
3.269042298054348521e+02 3.271284739590322488e+02
3.258977875051500064e+02 3.273168582210724367e+02
3.248883496437723579e+02 3.274875268652050977e+02
3.238762401325693645e+02 3.276402527401417046e+02
3.228617865341852848e+02 3.277748415161833009e+02
3.218453278003598825e+02 3.278914482359062390e+02
3.208272540841333580e+02 3.279904493704709694e+02
3.198078734736904494e+02 3.280722149685980753e+02
3.187875358581184173e+02 3.281371231459649493e+02
3.177665241094773023e+02 3.281855446763192390e+02
3.167451195867896558e+02 3.282178266650589649e+02
3.157235939335820376e+02 3.282343038343572061e+02
3.147021997917721023e+02 3.282353101651358429e+02
3.136811654632359705e+02 3.282211741138704610e+02
3.126607212315698234e+02 3.281922245925466086e+02
3.116410784233557933e+02 3.281487835811714717e+02
3.106224349327308119e+02 3.280911667980592483e+02
3.096049638291122506e+02 3.280196800174672944e+02
3.085888639920607375e+02 3.279346386716623556e+02
3.075742847200190226e+02 3.278363466744192465e+02
3.065613934096732578e+02 3.277251178285403626e+02
3.055503216239663971e+02 3.276012579621992131e+02
3.045412254046448197e+02 3.274650834642839641e+02
3.035342205044577213e+02 3.273168994342228189e+02
3.025294218491675338e+02 3.271570057460306771e+02
3.015269514121521865e+02 3.269857210070223346e+02
3.005269044198141160e+02 3.268033660053363292e+02
2.995293725382712182e+02 3.266102589337958193e+02
2.985344400324142953e+02 3.264067154379715703e+02
2.975421830610248435e+02 3.261930491220215913e+02
2.965526685484074960e+02 3.259695824644321078e+02
2.955659541218839763e+02 3.257366454260339310e+02
2.945820880465917071e+02 3.254945627095136729e+02
2.936011139832879167e+02 3.252436587473364398e+02
2.926230665574240675e+02 3.249842574455073532e+02
2.916479698199410677e+02 3.247166836630486841e+02
2.906758402737924598e+02 3.244412595690433818e+02
2.897066890312573264e+02 3.241583127543605087e+02
2.887405163370524406e+02 3.238681670561703072e+02
2.877773190335640265e+02 3.235711309370647086e+02
2.868170807710420718e+02 3.232675269686795900e+02
2.858597872174898953e+02 3.229576548998188059e+02
2.849054056074714936e+02 3.226418253426351157e+02
2.839539107009350118e+02 3.223203321467613591e+02
2.830052514442089091e+02 3.219934785252416987e+02
2.820593959123492596e+02 3.216615429505991415e+02
2.811162805733844152e+02 3.213248027810304279e+02
2.801758562234491592e+02 3.209835264858672303e+02
2.792380648115757253e+02 3.206379753874609264e+02
2.783028252394806827e+02 3.202884130190861924e+02
2.773700727932797463e+02 3.199350862731064922e+02
2.764397407577731656e+02 3.195782210427295809e+02
2.755117319803726446e+02 3.192180438569484977e+02
2.745859688579392923e+02 3.188547773661534279e+02
2.736623621980859866e+02 3.184886348883760547e+02
2.727408544845181950e+02 3.181197220302703386e+02
2.718214075758067452e+02 3.177480093607793492e+02
2.709040107992054800e+02 3.173734581369849366e+02
2.699886475941149229e+02 3.169960252333106041e+02
2.690753030813406212e+02 3.166156655399427109e+02
2.681639695710916840e+02 3.162323323234192571e+02
2.672546260336395676e+02 3.158459779425690499e+02
2.663472617807188385e+02 3.154565554439858488e+02
2.654418696478822426e+02 3.150640154032365672e+02
2.645384417477872603e+02 3.146683056952462039e+02
2.636369707324990941e+02 3.142693747968697835e+02
2.627374491247600758e+02 3.138671731405212313e+02
2.618398706600426067e+02 3.134616495275353145e+02
2.609442306640511333e+02 3.130527507980308428e+02
2.600505306940799528e+02 3.126404218076746133e+02
2.591587567813759847e+02 3.122246069683927772e+02
2.582689087185038943e+02 3.118052582985537242e+02
2.573809822737733839e+02 3.113823241910614570e+02
2.564949742876584082e+02 3.109557509667538397e+02
2.556108826675464343e+02 3.105254829062512840e+02
2.547287047866793159e+02 3.100914654674158442e+02
2.538484359978583882e+02 3.096536478884446524e+02
2.529700721488222825e+02 3.092119777950501316e+02
2.520936091001947830e+02 3.087664004963485809e+02
2.512189561949116694e+02 3.083168528935596555e+02
2.503459296335885824e+02 3.078632969153354111e+02
2.494744632964409732e+02 3.074057681411915155e+02
2.486045091932688251e+02 3.069443089424210029e+02
2.477360152772351114e+02 3.064789581060991281e+02
2.468689299076157511e+02 3.060097531549328664e+02
2.460032052553222002e+02 3.055367320054259608e+02
2.451387902863102966e+02 3.050599322393601938e+02
2.442756341742867505e+02 3.045793894872858232e+02
2.434136865513027885e+02 3.040951370214482949e+02
2.425528975240400769e+02 3.036072057447884163e+02
2.416932178330272905e+02 3.031156239624201021e+02
2.408345990729512494e+02 3.026204170819960382e+02
2.399769934283750672e+02 3.021216080443663827e+02
2.391203588802954698e+02 3.016192174633512195e+02
2.382646408850640682e+02 3.011132607754125843e+02
2.374097971673259337e+02 3.006037534153871889e+02
2.365557886627606194e+02 3.000907010140489319e+02
2.357025772720607506e+02 2.995741055981937961e+02
2.348501257771484632e+02 2.990539668672280982e+02
2.339984009283949149e+02 2.985302816170700453e+02
2.331473694935455399e+02 2.980030386658864927e+02
2.322970067847895734e+02 2.974722145132421929e+02
2.314472966427146332e+02 2.969377823846749038e+02
2.305982224900036783e+02 2.963997120083092227e+02
2.297497752051691293e+02 2.958579672420557927e+02
2.289019762935320159e+02 2.953124643724337943e+02
2.280549928044551109e+02 2.947629646222634960e+02
2.272090252261357080e+02 2.942091977383334438e+02
2.263642788360888289e+02 2.936509008781754915e+02
2.255209665978403848e+02 2.930878187865708924e+02
2.246793166894539411e+02 2.925196846339122203e+02
2.238395775109113117e+02 2.919462344471174333e+02
2.230020072537013789e+02 2.913671988389551757e+02
2.221668736966660447e+02 2.907823083611460220e+02
2.213344558229478309e+02 2.901913153037207849e+02
2.205050324743268959e+02 2.895939507289271546e+02
2.196789018436079743e+02 2.889899850220733697e+02
2.188563544882193241e+02 2.883791613931476263e+02
2.180377031726252710e+02 2.877612531883770544e+02
2.172232615758527174e+02 2.871360321132779063e+02
2.164133392584467117e+02 2.865032565350016966e+02
2.156082584280886465e+02 2.858627561087254776e+02
2.148083175826592139e+02 2.852143304434842435e+02
2.140138317730658457e+02 2.845577910263578474e+02
2.132251272626613172e+02 2.838929605847008588e+02
2.124425323755395709e+02 2.832196820373989112e+02
2.116663397759760130e+02 2.825378162189097111e+02
2.108968448757496503e+02 2.818472421448964838e+02
2.101343493647400749e+02 2.811478431601916554e+02
2.093791613054565914e+02 2.804395071148198326e+02
2.086315876689955928e+02 2.797221326874147280e+02
2.078919052774292027e+02 2.789956523710382044e+02
2.071603851101981206e+02 2.782600100283904112e+02
2.064372960101096623e+02 2.775151345063292183e+02
2.057229403360191498e+02 2.767610108103398829e+02
2.050175903460280722e+02 2.759975858842565799e+02
2.043214899004441918e+02 2.752248092825996082e+02
2.036349271415411977e+02 2.744427333735710590e+02
2.029581299507833307e+02 2.736512973840180507e+02
2.022913947856062862e+02 2.728505549974138376e+02
2.016349598678253301e+02 2.720404510252487285e+02
2.009891169858186970e+02 2.712210527810118492e+02
2.003541176234049885e+02 2.703923657122079476e+02
1.997302303001624182e+02 2.695544120002971908e+02
1.991177333270061638e+02 2.687072228317234135e+02
1.985169128052687597e+02 2.678508331927498602e+02
1.979280687138724204e+02 2.669852787618831940e+02
1.973515111676525180e+02 2.661105991498039884e+02
1.967875580678399388e+02 2.652268400649783189e+02
1.962365215766644724e+02 2.643340127101159851e+02
1.956987697966625035e+02 2.634322328698280558e+02
1.951746573152807400e+02 2.625214835463965528e+02
1.946646122339241742e+02 2.616018587541006468e+02
1.941690297020577987e+02 2.606733582151101132e+02
1.936883563516528000e+02 2.597360830790772184e+02
1.932229986840953586e+02 2.587901229678580535e+02
1.927731297314007577e+02 2.578356949117933823e+02
1.923388190187098132e+02 2.568730790535618667e+02
1.919201351081607925e+02 2.559025286367806018e+02
1.915171783293368151e+02 2.549243800388094314e+02
1.911300165625909813e+02 2.539388466161084352e+02
1.907587791018316921e+02 2.529462436840040596e+02
1.904035789570896497e+02 2.519467754823250516e+02
1.900645733700432913e+02 2.509407592598415704e+02
1.897419043536132790e+02 2.499284434187287047e+02
1.894357282956583504e+02 2.489100821636255034e+02
1.891462034521558735e+02 2.478859552365449019e+02
1.888734943743237977e+02 2.468563846352370206e+02
1.886177546683293826e+02 2.458215620709511313e+02
1.883791915515802771e+02 2.447818725142677749e+02
1.881579866283405806e+02 2.437375559534877141e+02
1.879543209364582594e+02 2.426889276883341040e+02
1.877683682635801006e+02 2.416363137011459230e+02
1.876003148728628673e+02 2.405799888099788006e+02
1.874503747590784997e+02 2.395203568433405223e+02
1.873187576475222329e+02 2.384576734695243658e+02
1.872056712618502274e+02 2.373923192636443389e+02
1.871113104182161919e+02 2.363246316247893901e+02
1.870358896886931745e+02 2.352549909017028824e+02
1.869796391210111892e+02 2.341837573519100886e+02
1.869428092880136489e+02 2.331112909542229374e+02
1.869256471192377944e+02 2.320379656014419822e+02
1.869283988080663903e+02 2.309641876824556448e+02
1.869513246170912737e+02 2.298903710383844441e+02
1.869947066557206767e+02 2.288169079429065960e+02
1.870588475305032716e+02 2.277442125360011289e+02
1.871440603902514681e+02 2.266727003415044237e+02
1.872506622791499922e+02 2.256028214380871475e+02
1.873789792847478850e+02 2.245350347444060617e+02
1.875293666510060575e+02 2.234697586074131266e+02
1.877021731125525434e+02 2.224074959770308908e+02
1.878977739542718837e+02 2.213486983421817058e+02
1.881165440461518017e+02 2.202938665974467085e+02
1.883588513781674294e+02 2.192435097718468455e+02
1.886250883465775701e+02 2.181980889743794592e+02
1.889155785791654409e+02 2.171581944775365969e+02
1.892306908941913264e+02 2.161243021077803803e+02
1.895707661707519947e+02 2.150969558893958720e+02
1.899361055378466006e+02 2.140766992616649134e+02
1.903269623152454244e+02 2.130640697737779874e+02
1.907435366141327222e+02 2.120595940709651472e+02
1.911860083743019629e+02 2.110638009371251371e+02
1.916544900536849809e+02 2.100772518701830904e+02
1.921481050117230609e+02 2.091012208307223545e+02
1.926656308709456482e+02 2.081364861369565915e+02
1.932061616290427821e+02 2.071830117239485389e+02
1.937691743636291335e+02 2.062409366890867375e+02
1.943545015408893732e+02 2.053106701390343289e+02
1.949619179727233416e+02 2.043926416203196936e+02
1.955911183217669702e+02 2.034872929491656350e+02
1.962417330824856663e+02 2.025950666701575074e+02
1.969134051832698447e+02 2.017163910736534262e+02
1.976056659781744429e+02 2.008517791953474898e+02
1.983180903760100193e+02 2.000016784141375581e+02
1.990501756300121201e+02 1.991665761228278200e+02
1.998013869917197383e+02 1.983469552620944398e+02
2.005711783961313301e+02 1.975432681969618045e+02
2.013589910761369879e+02 1.967559439693763466e+02
2.021642385109914528e+02 1.959854220966455500e+02
2.029863152055625903e+02 1.952321440999434401e+02
2.038246865457695662e+02 1.944965145026752396e+02
2.046786500814652356e+02 1.937789500943767678e+02
2.055476760465357415e+02 1.930796930648505167e+02
2.064310295092198260e+02 1.923990865298722213e+02
2.073281351413391747e+02 1.917373953713884873e+02
2.082384242507800991e+02 1.910948981934502058e+02
2.091612044264467443e+02 1.904718345520503249e+02
2.100958997615065584e+02 1.898682722350497443e+02
2.110418171567611978e+02 1.892843248998196941e+02
2.119983872306833916e+02 1.887200653376688138e+02
2.129650233094408804e+02 1.881755839694965289e+02
2.139411958741042952e+02 1.876508845924948048e+02
2.149262005559404258e+02 1.871459038764190268e+02
2.159195525793118122e+02 1.866605077672296886e+02
2.169207045684617867e+02 1.861945991472332480e+02
2.179291281174760968e+02 1.857480821820120696e+02
2.189443055927529826e+02 1.853208140799632417e+02
2.199657221066564432e+02 1.849125730476958438e+02
2.209930057767232370e+02 1.845231137392837013e+02
2.220255694702122753e+02 1.841522442348459663e+02
2.230630750681268921e+02 1.837997241975477891e+02
2.241051055076959244e+02 1.834653272885111335e+02
2.251512587597241293e+02 1.831487985080267151e+02
2.262011542655262701e+02 1.828498821421432012e+02
2.272544597189757951e+02 1.825683235715770252e+02
2.283108633612208962e+02 1.823038764016132518e+02
2.293699991695708036e+02 1.820563150854378875e+02
2.304316000238395930e+02 1.818254236639200485e+02
2.314954076882932270e+02 1.816109985831465110e+02
2.325611407428222037e+02 1.814128462595241729e+02
2.336285361371091938e+02 1.812307762376580342e+02
2.346973623762864065e+02 1.810646330525624421e+02
2.357673757627979967e+02 1.809143347625171145e+02
2.368383588279600929e+02 1.807798107485241417e+02
2.379101870085193866e+02 1.806609979562522881e+02
2.389824969585664007e+02 1.805578442338594414e+02
2.400552470109479941e+02 1.804702396384506073e+02
2.411280950206068496e+02 1.803979690623701231e+02
2.422008918163578528e+02 1.803407945334721205e+02
2.432734459061917107e+02 1.802984873377841666e+02
2.443455669875507112e+02 1.802708227494699429e+02
2.454170744323479312e+02 1.802576120970591376e+02
2.464877968295372455e+02 1.802587539290250902e+02
2.475575665819970084e+02 1.802741633840331872e+02
2.486262188725523004e+02 1.803037588547188932e+02
2.496936454493226165e+02 1.803474687412052617e+02
2.507596006690027082e+02 1.804052294519788688e+02
2.518239793049458513e+02 1.804770281523690585e+02
2.528866252220971376e+02 1.805628632285331889e+02
2.539473579997123522e+02 1.806627324852447316e+02
2.550060033950370268e+02 1.807766340433600476e+02
2.560624803926527875e+02 1.809045836867292110e+02
2.571165151265661848e+02 1.810465776259992481e+02
2.581679991654615947e+02 1.812026288278828474e+02
2.592167636149122245e+02 1.813727495932446061e+02
2.602626375690129521e+02 1.815569535922400348e+02
2.613054495597692153e+02 1.817552400717845842e+02
2.623450314182395573e+02 1.819675571800288196e+02
2.633812159596836295e+02 1.821938433470299969e+02
2.644138360529173042e+02 1.824340380876450354e+02
2.654427244563414661e+02 1.826880818975609486e+02
2.664677174210433463e+02 1.829558857885141947e+02
2.674886662678126186e+02 1.832372508660537846e+02
2.685054360810816547e+02 1.835319562973362792e+02
2.695179085571427890e+02 1.838397881882066827e+02
2.705258951169702755e+02 1.841605132260867208e+02
2.715293051734686287e+02 1.844938795713334514e+02
2.725280833749287694e+02 1.848394941927871571e+02
2.735220694344816366e+02 1.851968916321239931e+02
2.745112723759760343e+02 1.855656510665679093e+02
2.754955886836218610e+02 1.859453233497779649e+02
2.764750025121083468e+02 1.863354469845965866e+02
2.774494998563888544e+02 1.867354076669768688e+02
2.784191197006235257e+02 1.871445650983229712e+02
2.793838755216122536e+02 1.875622676861548825e+02
2.803438683119878192e+02 1.879878967827407621e+02
2.812991162895244770e+02 1.884207818906224077e+02
2.822497791449353031e+02 1.888602130665663879e+02
2.831959739993867515e+02 1.893054402388696644e+02
2.841378494215911701e+02 1.897557191254688576e+02
2.850756030709978290e+02 1.902103281846910932e+02
2.860094190655840407e+02 1.906685409149828558e+02
2.869395041308972054e+02 1.911296347473912931e+02
2.878661029012930612e+02 1.915929043473188358e+02
2.887894770202095174e+02 1.920576573998176571e+02
2.897098833933367246e+02 1.925231940903398140e+02
2.906275989646898665e+02 1.929889036317019020e+02
2.915427811974745964e+02 1.934545898940946245e+02
2.924555422095972972e+02 1.939202068803648444e+02
2.933659964149301231e+02 1.943857162104884821e+02
2.942742492660190692e+02 1.948510716540738201e+02
2.951804175600267968e+02 1.953162504074787478e+02
2.960845896028818629e+02 1.957812953658171296e+02
2.969868432272724021e+02 1.962462775029496527e+02
2.978872544947116126e+02 1.967112708545729447e+02
2.987858982142070090e+02 1.971763565893270709e+02
2.996828427811356619e+02 1.976416137187391087e+02
3.005781482040978858e+02 1.981071573417453067e+02
3.014718647536869867e+02 1.985731160497684584e+02
3.023640396431681552e+02 1.990396208976643777e+02
3.032547171017379242e+02 1.995068053582560594e+02
3.041439378155611166e+02 1.999748065338725951e+02
3.050317350443368696e+02 2.004437733192254143e+02
3.059181353212086947e+02 2.009138639272611329e+02
3.068031640364901591e+02 2.013852332266872054e+02
3.076868422274437762e+02 2.018580407363306222e+02
3.085691871356152092e+02 2.023324481674242179e+02
3.094502120401214142e+02 2.028086199697423808e+02
3.103299263982341358e+02 2.032867228904876526e+02
3.112083360018723965e+02 2.037669255356117048e+02
3.120854429408498163e+02 2.042493983164090707e+02
3.129612540766781308e+02 2.047343013870706443e+02
3.138358164350200354e+02 2.052217306983268088e+02
3.147091828482321603e+02 2.057117527233242527e+02
3.155813968184950227e+02 2.062044357072048228e+02
3.164524975136561693e+02 2.066998490245977393e+02
3.173225194686791610e+02 2.071980631822360692e+02
3.181914914652978723e+02 2.076991516511285454e+02
3.190594370701562639e+02 2.082031899258672070e+02
3.199263746797918770e+02 2.087102559851947206e+02
3.207923188924532951e+02 2.092204270973863345e+02
3.216572806824864301e+02 2.097337791556752222e+02
3.225212622045213493e+02 2.102503972936456478e+02
3.233842582209806551e+02 2.107703708646947689e+02
3.242462591211760241e+02 2.112937896148694392e+02
3.251072508013133415e+02 2.118207459450582633e+02
3.259672138620948658e+02 2.123513319238537633e+02
3.268261176256976910e+02 2.128856444794457445e+02
3.276839238151092104e+02 2.134237926693041345e+02
3.285405880834870231e+02 2.139658844374591240e+02
3.293960625648861651e+02 2.145120338528363391e+02
3.302502897952477952e+02 2.150623438348903278e+02
3.311032020925369466e+02 2.156169332441093331e+02
3.319547200186443092e+02 2.161759331800196264e+02
3.328047609135425091e+02 2.167394848980170821e+02
3.336532233935588465e+02 2.173077004317322292e+02
3.345000126011373709e+02 2.178807163371864419e+02
3.353449492556777045e+02 2.184587687694702254e+02
3.361877626627423297e+02 2.190421337629072980e+02
3.370281859684440633e+02 2.196311003278079568e+02
3.378659508751227918e+02 2.202259747873131346e+02
3.387007435914649136e+02 2.208269977602015786e+02
3.395322976733455675e+02 2.214344645209853581e+02
3.403603025103274149e+02 2.220486012332186192e+02
3.411844690778275435e+02 2.226696673236885147e+02
3.420044784142552317e+02 2.232978879418251665e+02
3.428200230421155084e+02 2.239335087745099315e+02
3.436307806681411421e+02 2.245767124448503012e+02
3.444364817463854820e+02 2.252277228469892805e+02
3.452367895817482122e+02 2.258866696372309946e+02
3.460314193800878684e+02 2.265537560306455589e+02
3.468200545939294557e+02 2.272291533897920033e+02
3.476023806063066104e+02 2.279129722752289808e+02
3.483781355085804421e+02 2.286053373824236985e+02
3.491470398547047580e+02 2.293063550423740651e+02
3.499088101506501971e+02 2.300161320867660777e+02
3.506631411555175646e+02 2.307347411700544626e+02
3.514097717410105020e+02 2.314622632162881644e+02
3.521484543475190208e+02 2.321987396590777450e+02
3.528789383363565548e+02 2.329442076078932189e+02
3.536009683515659958e+02 2.336987009986922317e+02
3.543142847336638397e+02 2.344622500185209049e+02
3.550186443084601251e+02 2.352348745023893457e+02
3.557138190350933087e+02 2.360165733687719865e+02
3.563995635610911563e+02 2.368073140295423968e+02
3.570756497738351527e+02 2.376070942260293180e+02
3.577418526114402653e+02 2.384159317815726524e+02
3.583979054920811791e+02 2.392337599354129054e+02
3.590435893958170936e+02 2.400605741412283294e+02
3.596786610740677474e+02 2.408963373340529017e+02
3.603028777765318864e+02 2.417410199438391203e+02
3.609159757595624569e+02 2.425945563045025324e+02
3.615177118780280239e+02 2.434569490560315046e+02
3.621077925155449293e+02 2.443281470353633154e+02
3.626859224221869340e+02 2.452080980849474372e+02
3.632518137627365036e+02 2.460967735148936413e+02
3.638051614389643191e+02 2.469941233881570781e+02
3.643456310746192344e+02 2.479001040810537972e+02
3.648728484914626620e+02 2.488146906338347435e+02
3.653864314940234976e+02 2.497378660539039288e+02
3.658859590405165818e+02 2.506695300035177070e+02
3.663710462090913325e+02 2.516096765147648000e+02
3.668412214044809616e+02 2.525582407805347032e+02
3.672959440582013713e+02 2.535152114281018498e+02
3.677346388648441575e+02 2.544805229349412627e+02
3.681567387830107805e+02 2.554541468610806874e+02
3.685616485471570627e+02 2.564360024065479138e+02
3.689488807746725456e+02 2.574259309279304944e+02
3.693181597513491283e+02 2.584236565498266600e+02
3.696692258778021483e+02 2.594288823743976877e+02
3.700018140093434909e+02 2.604413103400269733e+02
3.703156565719935998e+02 2.614606701294523532e+02
3.706104472971058499e+02 2.624865618360054782e+02
3.708859136584238740e+02 2.635186916614087522e+02
3.711417555331652807e+02 2.645567129281197367e+02
3.713776558057691091e+02 2.656002303960499944e+02
3.715932980881985941e+02 2.666488748286360533e+02
3.717883744047479695e+02 2.677022037814175519e+02
3.719626378410388270e+02 2.687597583792128830e+02
3.721158443388168280e+02 2.698211299546203463e+02
3.722477144249647836e+02 2.708857306041195443e+02
3.723579885400873764e+02 2.719530954798554490e+02
3.724464278583280930e+02 2.730226646225895024e+02
3.725128967069493910e+02 2.740938282222874705e+02
3.725572703288096932e+02 2.751659689870363650e+02
3.725794147990912961e+02 2.762384579412563994e+02
3.725791901286654024e+02 2.773106076271692473e+02
3.725565008644362024e+02 2.783817339887393132e+02
3.725113620249617838e+02 2.794511080787345350e+02
3.724438075833518269e+02 2.805179708752547754e+02
3.723538646609634384e+02 2.815815879036340448e+02
3.722415737477412563e+02 2.826411289232923423e+02
3.721069969537109614e+02 2.836958361750383801e+02
3.719502709007088583e+02 2.847448853512100868e+02
3.717715579278278142e+02 2.857874463941811882e+02
3.715710355967206056e+02 2.868226886923407051e+02
3.713488765438996211e+02 2.878498060214016050e+02
3.711052915036384547e+02 2.888679412087153651e+02
3.708404997841918771e+02 2.898762813822092426e+02
3.705547426989036808e+02 2.908740096992332838e+02
3.702482835486346744e+02 2.918603244773686356e+02
3.699214271007890602e+02 2.928344429832591800e+02
3.695744723946413046e+02 2.937956157091700220e+02
3.692076659509563683e+02 2.947431087702860850e+02
3.688212771467192397e+02 2.956762254050375986e+02
3.684156171297289006e+02 2.965943205092562494e+02
3.679910219620701355e+02 2.974967910246784868e+02
3.675478854048579933e+02 2.983831436973963491e+02
3.670866261681251785e+02 2.992529347990785595e+02
3.666076914837693153e+02 3.001058302951951759e+02
3.661115592346280891e+02 3.009416278814477437e+02
3.655987254205137447e+02 3.017602248156151745e+02
