3.648249849158533493e+02 3.024357166783400999e+02
3.643230425329215905e+02 3.032334750652116782e+02
3.638046327240038522e+02 3.040185973674445563e+02
3.632696396890830215e+02 3.047915903460485652e+02
3.627180731853408702e+02 3.055527444337535599e+02
3.621499728946305936e+02 3.063023194467152734e+02
3.615654131456421396e+02 3.070405274106122988e+02
3.609644916336010851e+02 3.077675701610056649e+02
3.603473457963110604e+02 3.084836105956505889e+02
3.597141643859805527e+02 3.091887218075192436e+02
3.590651233914638283e+02 3.098830362194262307e+02
3.584004777193958375e+02 3.105665823148275990e+02
3.577204967338891493e+02 3.112394058199348592e+02
3.570254784778684893e+02 3.119015357031360622e+02
3.563157494789780344e+02 3.125529644741652078e+02
3.555916388880971226e+02 3.131936906697059158e+02
3.548535068201798595e+02 3.138236598588907214e+02
3.541016851602237239e+02 3.144428287688539854e+02
3.533365402295081594e+02 3.150510934214751728e+02
3.525584174880043520e+02 3.156483805684275126e+02
3.517676954288851334e+02 3.162345652098761093e+02
3.509647289862081152e+02 3.168095397482719022e+02
3.501498766017864455e+02 3.173731481447799752e+02
3.493234868660571806e+02 3.179252257532936028e+02
3.484859127013138504e+02 3.184655870497117007e+02
3.476375002398827405e+02 3.189940594355555845e+02
3.467786014950370372e+02 3.195104376794546965e+02
3.459095527348535484e+02 3.200145082291298309e+02
3.450306890236490176e+02 3.205060369528787874e+02
3.441423456062437367e+02 3.209847911040543522e+02
3.432448539838567854e+02 3.214505236680619760e+02
3.423385450892729409e+02 3.219029850641288135e+02
3.414237449030273979e+02 3.223419191177949301e+02
3.405007836688702696e+02 3.227670700390011120e+02
3.395699853210077208e+02 3.231781744925878570e+02
3.386316785783621981e+02 3.235749671762303024e+02
3.376861811897487655e+02 3.239571766257881791e+02
3.367338231745360417e+02 3.243245496522038138e+02
3.357749231029944212e+02 3.246768348038231125e+02
3.348098178282865547e+02 3.250137816598096379e+02
3.338388238315357626e+02 3.253351344880463785e+02
3.328622603106842917e+02 3.256406341412359211e+02
3.318804505353974150e+02 3.259300423438774033e+02
3.308937365193284563e+02 3.262031365568022920e+02
3.299024113627391444e+02 3.264596818733149917e+02
3.289068293826157401e+02 3.266994476549365345e+02
3.279072920141525742e+02 3.269221993864134106e+02
3.269041223236297924e+02 3.271277085361883223e+02
3.258976437563496233e+02 3.273157512271539531e+02
3.248881793846877599e+02 3.274861020667790399e+02
3.238760522277509608e+02 3.276385341357683387e+02
3.228615889854653460e+02 3.277728533159457243e+02
3.218451277978205667e+02 3.278892148799762367e+02
3.208270579863495868e+02 3.279879955383433412e+02
3.198076868917268598e+02 3.280695655548315131e+02
3.187873636075840409e+02 3.281343032478648070e+02
3.177663702855201109e+02 3.281825795906215149e+02
3.167449875699848576e+02 3.282147420760965133e+02
3.157234863924366550e+02 3.282311259306393936e+02
3.147021186901145029e+02 3.282320656277762509e+02
3.136811120772753156e+02 3.282178901034009755e+02
3.126606961275156777e+02 3.281889287471915395e+02
3.116410814659383846e+02 3.281455041352034527e+02
3.106224652812133513e+02 3.280879326614613660e+02
3.096050199506841523e+02 3.280165207666381662e+02
3.085889435918172126e+02 3.279315845370828129e+02
3.075743847952446686e+02 3.278334285317354784e+02
3.065615101916836238e+02 3.277223672094642666e+02
3.055504506074094024e+02 3.275987070622092006e+02
3.045413612803069441e+02 3.274627651289146115e+02
3.035343571951140689e+02 3.273148471494935166e+02
3.025295524820097626e+02 3.271552536202351575e+02
3.015270682905223225e+02 3.269843036624795900e+02
3.005269990421562056e+02 3.268023184904298546e+02
2.995294355813190919e+02 3.266096167080369241e+02
2.985344613398623324e+02 3.264065143595459517e+02
2.975421516338091124e+02 3.261933254261079469e+02
2.965525725544362672e+02 3.259703725799094514e+02
2.955657809092829211e+02 3.257379858118039238e+02
2.945818241372459738e+02 3.254964898366106354e+02
2.936007450758752384e+02 3.252462090875252443e+02
2.926225775307323147e+02 3.249874674520579561e+02
2.916473447459235331e+02 3.247205895892227545e+02
2.906750624230806466e+02 3.244458972914478068e+02
2.897057409349355908e+02 3.241637177642485312e+02
2.887393797667030526e+02 3.238743744446348956e+02
2.877759749182537234e+02 3.235781753640160332e+02
2.868155094279049422e+02 3.232754426140460282e+02
2.858579680993523198e+02 3.229664753200103746e+02
2.849033175877748931e+02 3.226515835107548469e+02
2.839515317965161216e+02 3.223310603827524687e+02
2.830025591434311423e+02 3.220052085564628896e+02
2.820563667823299170e+02 3.216743058849822319e+02
2.811128906551742261e+02 3.213386292677189999e+02
2.801720807140202396e+02 3.209984466324395385e+02
2.792338781271799917e+02 3.206540187595001044e+02
2.782982012279476862e+02 3.203056086891110112e+02
2.773649843946904525e+02 3.199534629585145353e+02
2.764341599357922519e+02 3.195978073623201681e+02
2.755056300254345274e+02 3.192388684199137856e+02
2.745793160205596450e+02 3.188768686539223722e+02
2.736551277965357372e+02 3.185120211927056175e+02
2.727330077082086177e+02 3.181444286377815729e+02
2.718129190377119357e+02 3.177740549985103939e+02
2.708948524684004155e+02 3.174008546624451697e+02
2.699787930977664701e+02 3.170247777186437474e+02
2.690647278898648551e+02 3.166457723282773600e+02
2.681526510256387610e+02 3.162637852639556399e+02
2.672425436335948916e+02 3.158787628236023011e+02
2.663343972063067895e+02 3.154906520247753292e+02
2.654282069046586230e+02 3.150993974640124407e+02
2.645239673787549464e+02 3.147049411171074098e+02
2.636216739744896813e+02 3.143072256779449845e+02
2.627213220536060021e+02 3.139061959412582610e+02
2.618229083619677340e+02 3.135017951534656504e+02
2.609264314067197006e+02 3.130939646790093320e+02
2.600318960208705334e+02 3.126826439452789259e+02
2.591392920161954407e+02 3.122677720314738394e+02
2.582486229538818634e+02 3.118492954032681723e+02
2.573598886673725588e+02 3.114271570298290612e+02
2.564730902555640455e+02 3.110012979199696019e+02
2.555882300803881435e+02 3.105716571575303533e+02
2.547053102865536687e+02 3.101381748873657216e+02
2.538243314277002867e+02 3.097007947325629402e+02
2.529452947988534106e+02 3.092594588064156937e+02
2.520682019490911614e+02 3.088141070713772365e+02
2.511929698559763438e+02 3.083646721793051029e+02
2.503194243193191255e+02 3.079111126284465172e+02
2.494475064076335968e+02 3.074534586204409266e+02
2.485771751077955400e+02 3.069917470093055272e+02
2.477083856226388434e+02 3.065260112840472289e+02
2.468410937205059099e+02 3.060562838288639114e+02
2.459752592134741178e+02 3.055825972594113864e+02
2.451108392839948920e+02 3.051049834735027275e+02
2.442477915503835675e+02 3.046234725277623170e+02
2.433860742680275564e+02 3.041380923098510607e+02
2.425256463420289492e+02 3.036488685294434049e+02
2.416664675677680520e+02 3.031558243644893764e+02
2.408084989692086992e+02 3.026589799956115598e+02
2.399517023672805465e+02 3.021583533028733086e+02
2.390960454532121275e+02 3.016539599810587333e+02
2.382414838567150639e+02 3.011458109663890355e+02
2.373879852789839617e+02 3.006339173831632934e+02
2.365355205716401770e+02 3.001182811866984252e+02
2.356840616716240788e+02 2.995989010142070583e+02
2.348335815422590827e+02 2.990757733936250133e+02
2.339840572155143832e+02 2.985488921393773580e+02
2.331354655438715326e+02 2.980182439353768018e+02
2.322877908295916143e+02 2.974838048936800305e+02
2.314410256745648837e+02 2.969455482283551646e+02
2.305951623821563317e+02 2.964034438783496057e+02
2.297502007829267825e+02 2.958574561087361872e+02
2.289061655399831920e+02 2.953075087906069598e+02
2.280632085528636992e+02 2.947533918337181831e+02
2.272215110161191092e+02 2.941948672189680565e+02
2.263812579618581822e+02 2.936317036308335560e+02
2.255426412193367867e+02 2.930636766586401905e+02
2.247058667946306798e+02 2.924905505714692140e+02
2.238711577390748459e+02 2.919120933596532836e+02
2.230387460138601909e+02 2.913280676089815415e+02
2.222088723922148006e+02 2.907382351713298476e+02
2.213817873808413879e+02 2.901423782695486011e+02
2.205577419327952384e+02 2.895402578190836493e+02
2.197370053755523998e+02 2.889316707068389860e+02
2.189198403527234120e+02 2.883163870010234291e+02
2.181065298391468161e+02 2.876942050030369273e+02
2.172973574152679532e+02 2.870649209899759171e+02
2.164926037360566511e+02 2.864283168946107025e+02
2.156925639785663975e+02 2.857842390008822804e+02
2.148975119147450528e+02 2.851325036505948560e+02
2.141077369172648730e+02 2.844729379502817324e+02
2.133235388134641255e+02 2.838053792940696667e+02
2.125452201532382333e+02 2.831296830547535706e+02
2.117730541698202273e+02 2.824457171735969609e+02
2.110073179775701249e+02 2.817533655063758147e+02
2.102482947128776800e+02 2.810525157612664202e+02
2.094962736277973363e+02 2.803430596576151288e+02
2.087515437518881072e+02 2.796248983173757097e+02
2.080143691775467119e+02 2.788979618382802528e+02
2.072850097269821390e+02 2.781621900894106147e+02
2.065637235171159318e+02 2.774175082503996919e+02
2.058508006125020415e+02 2.766638953950476321e+02
2.051465028335427974e+02 2.759012936672158389e+02
2.044510665476099405e+02 2.751296462171484905e+02
2.037647708491233516e+02 2.743489948705397978e+02
2.030878376199459581e+02 2.735592721668936065e+02
2.024205545277444855e+02 2.727605209381760005e+02
2.017631534565775837e+02 2.719526788449362016e+02
2.011159157546896665e+02 2.711358031142377740e+02
2.004790834800861887e+02 2.703098913803409005e+02
1.998529153126991673e+02 2.694749570441819060e+02
1.992376795566932799e+02 2.686310218542616326e+02
1.986336513527885188e+02 2.677781114005003928e+02
1.980411138998129843e+02 2.669162548902127696e+02
1.974603580789576824e+02 2.660454859840864970e+02
1.968916823116485091e+02 2.651658434828926829e+02
1.963353795234619383e+02 2.642773315008041664e+02
1.957917954426915514e+02 2.633800563771305292e+02
1.952612520710339084e+02 2.624739993609456974e+02
1.947441382711809013e+02 2.615592513845485882e+02
1.942408103921965790e+02 2.606358089633064310e+02
1.937516748321694706e+02 2.597037662829909550e+02
1.932771005451892847e+02 2.587632030097006464e+02
1.928172445236704959e+02 2.578143132190018036e+02
1.923721704410141058e+02 2.568573475964926729e+02
1.919419413437343565e+02 2.558925287801545210e+02
1.915266521173502383e+02 2.549201608045345608e+02
1.911263659834152122e+02 2.539404236843582225e+02
1.907412098596847727e+02 2.529535967319740735e+02
1.903712958018685129e+02 2.519598460653392067e+02
1.900167807809953615e+02 2.509594495851950171e+02
1.896778070100650382e+02 2.499526143498153203e+02
1.893545326373121611e+02 2.489395508423116894e+02
1.890471275655577017e+02 2.479204901508292096e+02
1.887557743361870735e+02 2.468957033201722311e+02
1.884806447250686006e+02 2.458653263335423844e+02
1.882219671459145616e+02 2.448296918840005105e+02
1.879799457638054605e+02 2.437889814284511658e+02
1.877547994780966292e+02 2.427434483003347054e+02
1.875467498427139788e+02 2.416933537740325733e+02
1.873560326387843702e+02 2.406389044656090164e+02
1.871829156938207461e+02 2.395804424699112758e+02
1.870276642363357951e+02 2.385181519668780936e+02
1.868905584472144312e+02 2.374523463193858390e+02
1.867718762334063172e+02 2.363832914209341425e+02
1.866719198024412094e+02 2.353113007754734554e+02
1.865910104997282133e+02 2.342366676278075772e+02
1.865294950006659462e+02 2.331596862048089633e+02
1.864877285793923818e+02 2.320806667445200446e+02
1.864660762662213074e+02 2.309999585235909763e+02
1.864649222509956701e+02 2.299179242469818405e+02
1.864846774219201393e+02 2.288349073418689841e+02
1.865257786942622431e+02 2.277512820907975595e+02
1.865886807153104030e+02 2.266674311812212750e+02
1.866738485454072531e+02 2.255837865380502762e+02
1.867817606758184468e+02 2.245008014814807211e+02
1.869129293738415925e+02 2.234188917937430006e+02
1.870678626667192930e+02 2.223385889836717126e+02
1.872470973873534490e+02 2.212603767507435180e+02
1.874511691725080027e+02 2.201848160081929962e+02
1.876806053966290619e+02 2.191124972163885616e+02
1.879359579610074604e+02 2.180439696967877978e+02
1.882176971804663594e+02 2.169799710026944695e+02
1.885263369644600004e+02 2.159211155438263461e+02
1.888623477488562798e+02 2.148681288952597299e+02
1.892261445840012755e+02 2.138217629543945861e+02
1.896180754945364981e+02 2.127827900301383011e+02
1.900384125345272821e+02 2.117519964438872364e+02
1.904873818233505176e+02 2.107301935167464819e+02
1.909651071478903646e+02 2.097182567499507400e+02
1.914705342834969599e+02 2.087180642885688258e+02
1.920022396577058714e+02 2.077309066475449981e+02
1.925591967897459256e+02 2.067570284772167213e+02
1.931406864764321938e+02 2.057967851043731287e+02
1.937462752199880640e+02 2.048507280041517902e+02
1.943754741137198607e+02 2.039193907412047224e+02
1.950277210938541259e+02 2.030032872927565393e+02
1.957024010770933558e+02 2.021029002648083690e+02
1.963989204986461630e+02 2.012186483574832607e+02
1.971165613539519654e+02 2.003510106812503295e+02
1.978546833113816490e+02 1.995003589987489931e+02
1.986125795304690200e+02 1.986670929453145789e+02
1.993895307153745762e+02 1.978515892083830181e+02
2.001848218892247360e+02 1.970541674037132793e+02
2.009977378259335694e+02 1.962750995283869031e+02
2.018275514415410328e+02 1.955146591034665846e+02
2.026735336382222954e+02 1.947731139562690146e+02
2.035350512368402178e+02 1.940506831199371902e+02
2.044113069126678397e+02 1.933476066529701143e+02
2.053017141498743285e+02 1.926639386354896999e+02
2.062054726414551737e+02 1.919998461419436921e+02
2.071219670689551435e+02 1.913554086838620378e+02
2.080505973069233789e+02 1.907307212395910199e+02
2.089906496871421098e+02 1.901258598993904911e+02
2.099415556704782944e+02 1.895407481444401583e+02
2.109026261526024086e+02 1.889753642442786941e+02
2.118733063843841649e+02 1.884296451997429358e+02
2.128530258765278802e+02 1.879035497720159924e+02
2.138412850612690477e+02 1.873969706656823746e+02
2.148374160857499362e+02 1.869097688534116628e+02
2.158409797394118357e+02 1.864417373971705842e+02
2.168514698442446900e+02 1.859927112106517484e+02
2.178683988584632800e+02 1.855625296753817679e+02
2.188912942611860899e+02 1.851510020419272848e+02
2.199196923837081954e+02 1.847578851689972623e+02
2.209532732218902140e+02 1.843829168906236191e+02
2.219914939074844256e+02 1.840258926669391144e+02
2.230340630337983043e+02 1.836865606511913995e+02
2.240806076285729205e+02 1.833646926323913817e+02
2.251307703316852837e+02 1.830600462875564176e+02
2.261842127384890944e+02 1.827723818718914117e+02
2.272406421871417024e+02 1.825014624584240153e+02
2.282997837901476430e+02 1.822470609860021966e+02
2.293613055168714538e+02 1.820089739155770019e+02
2.304249728268619322e+02 1.817870107075213468e+02
2.314905575033798755e+02 1.815809946999876274e+02
2.325578056163413123e+02 1.813907602777721877e+02
2.336264794517843768e+02 1.812161458572103641e+02
2.346963705292338034e+02 1.810570238127210132e+02
2.357672556933441399e+02 1.809133367734591502e+02
2.368389362974753851e+02 1.807850387853468419e+02
2.379113048563031327e+02 1.806720920210242696e+02
2.389840138127614466e+02 1.805744700179832307e+02
2.400570354563017759e+02 1.804920903489982607e+02
2.411300409207060227e+02 1.804247689339002818e+02
2.422028924017145641e+02 1.803722996579994060e+02
2.432754083829077842e+02 1.803344859443835162e+02
2.443474071284504987e+02 1.803111354354983007e+02
2.454187150019359080e+02 1.803020868222160971e+02
2.464891660480521978e+02 1.803072528357778594e+02
2.475585974167160259e+02 1.803265608131151509e+02
2.486268484631232809e+02 1.803599414458335559e+02
2.496938141326257323e+02 1.804073355155788931e+02
2.507592524942206751e+02 1.804686889719124565e+02
2.518230606686505837e+02 1.805439904778329492e+02
2.528850851037150846e+02 1.806332385582228710e+02
2.539451480856510273e+02 1.807364312091093552e+02
2.550030779531822702e+02 1.808535667896776715e+02
2.560587952690742668e+02 1.809846592725564278e+02
2.571120300845971087e+02 1.811296969315374952e+02
2.581626763688942106e+02 1.812886835872654387e+02
2.592105684556385654e+02 1.814616224730964404e+02
2.602555388865353052e+02 1.816485182501405404e+02
2.612974199388858096e+02 1.818493602608749882e+02
2.623360477312911030e+02 1.820640836247895322e+02
2.633712597761019083e+02 1.822926131593889352e+02
2.644028940007310098e+02 1.825348748552837890e+02
2.654307885825613198e+02 1.827907957782220478e+02
2.664547854864869123e+02 1.830602741342296724e+02
2.674747418393137650e+02 1.833431002393784865e+02
2.684905286342901718e+02 1.836390429928313210e+02
2.695020334874027412e+02 1.839478782958141778e+02
2.705090754485465254e+02 1.842693629516034548e+02
2.715115698552464210e+02 1.846032371777102981e+02
2.725094658833548351e+02 1.849491082877624137e+02
2.735026099749914010e+02 1.853065137312390220e+02
2.744910143958013009e+02 1.856750350788664718e+02
2.754745814747942063e+02 1.860542261058344309e+02
2.764532989877345699e+02 1.864436307546784519e+02
2.774271548200378561e+02 1.868426523923421598e+02
2.783961878967130588e+02 1.872506714929768634e+02
2.793604121540816436e+02 1.876670574113659882e+02
2.803199264642603339e+02 1.880912119356526659e+02
2.812747487785500766e+02 1.885224876363755584e+02
2.822250324093742506e+02 1.889602066639124871e+02
2.831708883853170846e+02 1.894036542477629155e+02
2.841124578987852374e+02 1.898521211237374473e+02
2.850499291573561322e+02 1.903049202389799461e+02
2.859834767232919148e+02 1.907613602932290746e+02
2.869132956793754374e+02 1.912207573009388568e+02
2.878396167844787783e+02 1.916824451549493631e+02
2.887626865676179477e+02 1.921457703547224298e+02
2.896827468169371969e+02 1.926100718453230343e+02
2.906000586495167113e+02 1.930747722547197895e+02
2.915147714985455423e+02 1.935396819186444475e+02
2.924269924640149156e+02 1.940047516640745471e+02
2.933368307947039284e+02 1.944699397740958773e+02
2.942443877148243132e+02 1.949351969098171935e+02
2.951497750298680103e+02 1.954004960844664254e+02
2.960530779771372067e+02 1.958658720175280905e+02
2.969543720962856241e+02 1.963313859016606102e+02
2.978537313814587719e+02 1.967971019757400768e+02
2.987512284818574813e+02 1.972630914760709402e+02
2.996469308765215374e+02 1.977294236711700535e+02
3.005408974756224438e+02 1.981962022985991041e+02
3.014331782473191197e+02 1.986635441940805151e+02
3.023238204006526644e+02 1.991315686902633786e+02
3.032128684512987888e+02 1.996003975752762756e+02
3.041003636973849780e+02 2.000701562374235039e+02
3.049863405660564695e+02 2.005409813532257601e+02
3.058708268937965045e+02 2.010130185814149399e+02
3.067538505878083583e+02 2.014864107294074813e+02
3.076354346902749057e+02 2.019613049421349160e+02
3.085155990567141089e+02 2.024378507019041820e+02
3.093943601979545406e+02 2.029161998348705254e+02
3.102717312966162808e+02 2.033965063298215910e+02
3.111477222429977019e+02 2.038789261643085808e+02
3.120223396010375154e+02 2.043636172634244303e+02
3.128955968272625228e+02 2.048507283194007016e+02
3.137675560733623570e+02 2.053403477078735477e+02
3.146382809872148982e+02 2.058325316095579751e+02
3.155078223126766375e+02 2.063273360015584785e+02
3.163762271807833599e+02 2.068248184235017675e+02
3.172435385197849200e+02 2.073250377018086112e+02
3.181097944744755068e+02 2.078280549253690026e+02
3.189750287254642558e+02 2.083339329183848179e+02
3.198392699326925595e+02 2.088427371096704235e+02
3.207025437753155188e+02 2.093545327923486639e+02
3.215648728997417720e+02 2.098693842463284227e+02
3.224262713689563498e+02 2.103873641068200584e+02
3.232867468695917523e+02 2.109085492641671920e+02
3.241463031064149050e+02 2.114330173349171673e+02
3.250049393810438119e+02 2.119608487278082407e+02
3.258626504656160137e+02 2.124921241431449914e+02
3.267194207673542223e+02 2.130269297999656999e+02
3.275752264490976131e+02 2.135653635882281662e+02
3.284300383817547413e+02 2.141075229667656572e+02
3.292838236346153735e+02 2.146535114006069875e+02
3.301365414892230206e+02 2.152034228665222599e+02
3.309881395238907089e+02 2.157573680168040653e+02
3.318385529022956462e+02 2.163154706813369614e+02
3.326877131252985578e+02 2.168778646250971747e+02
3.335355359527942483e+02 2.174446570418195961e+02
3.343819408376420483e+02 2.180159786320293733e+02
3.352267526919650322e+02 2.185920710431701082e+02
3.360696990447767689e+02 2.191732272220012874e+02
3.369105088340284624e+02 2.197597516072662529e+02
3.377489080331250761e+02 2.203519646760219359e+02
3.385845804599399003e+02 2.209501246230249762e+02
3.394172503701970527e+02 2.215545418489330416e+02
3.402465992925586420e+02 2.221654625317527518e+02
3.410723274311726527e+02 2.227831635759465030e+02
3.418941061392843039e+02 2.234078887655615233e+02
3.427116164527636784e+02 2.240399008032919141e+02
3.435245250859370003e+02 2.246794012604365207e+02
3.443325478913931192e+02 2.253266306608944944e+02
3.451353363732781645e+02 2.259817383249280454e+02
3.459325905214049044e+02 2.266449436284927401e+02
3.467239793103024112e+02 2.273164348322546005e+02
3.475091748321398768e+02 2.279963390363616611e+02
3.482879011162228835e+02 2.286847948725070125e+02
3.490598647949384485e+02 2.293819226936971916e+02
3.498247680126953583e+02 2.300878428734809802e+02
3.505822914137306157e+02 2.308026417872023330e+02
3.513321606242042776e+02 2.315264112042424074e+02
3.520741170367505219e+02 2.322592015693884946e+02
3.528078988386635615e+02 2.330010586074319576e+02
3.535332392605765790e+02 2.337520245656226336e+02
3.542498670577669486e+02 2.345121375802535795e+02
3.549575293800598388e+02 2.352814233403584012e+02
3.556559910913569524e+02 2.360598843839120207e+02
3.563450000538122708e+02 2.368474917886564128e+02
3.570243209100821673e+02 2.376442463196381141e+02
3.576937211837819746e+02 2.384501684458630564e+02
3.583529292082637880e+02 2.392651934216932830e+02
3.590017226882517889e+02 2.400893161314733959e+02
3.596398555005734465e+02 2.409224991098014925e+02
3.602670819566923797e+02 2.417647122499516001e+02
3.608831355439462527e+02 2.426158895117600309e+02
3.614877711745311331e+02 2.434760319272782851e+02
3.620806952095903171e+02 2.443450861051854588e+02
3.626616125076286039e+02 2.452229975551521193e+02
3.632302353046342773e+02 2.461097351535610187e+02
3.637862586933479747e+02 2.470052466694847055e+02
3.643293489223452184e+02 2.479094860110647289e+02
3.648591330831732193e+02 2.488224254576751093e+02
3.653752303596225488e+02 2.497440452957501691e+02
3.658772212410337374e+02 2.506742427139477911e+02
3.663647222754174209e+02 2.516130091492479153e+02
3.668372631562370998e+02 2.525602776140946446e+02
3.672943040853150478e+02 2.535160348794874778e+02
3.677352705245845641e+02 2.544802136833378938e+02
3.681595962306090541e+02 2.554527839060172312e+02
3.685666867903658499e+02 2.564336631597250289e+02
3.689560566553289505e+02 2.574226908596589283e+02
3.693274337356043020e+02 2.584195885435234459e+02
3.696805623189661105e+02 2.594240568482955496e+02
3.700151812337840624e+02 2.604357954905840984e+02
3.703310269881940258e+02 2.614545322961400871e+02
3.706277956492803014e+02 2.624798660784059052e+02
3.709052138470019599e+02 2.635115035431213073e+02
3.711629801468844789e+02 2.645490986070925032e+02
3.714007760280094317e+02 2.655922565040050927e+02
3.716182837107829187e+02 2.666406086793193140e+02
3.718151926131609457e+02 2.676937135095560052e+02
3.719912508218316134e+02 2.687511137046611225e+02
3.721462089932607569e+02 2.698124025746138273e+02
3.722797819273435493e+02 2.708769929261671336e+02
3.723917044976043371e+02 2.719444213815108924e+02
3.724817316677231815e+02 2.730141288786831524e+02
3.725497204956657811e+02 2.740855063793435420e+02
3.725955387037677156e+02 2.751579371353507213e+02
3.726190447130973666e+02 2.762307923909453962e+02
3.726200906504884642e+02 2.773033840154042196e+02
3.725985736041799328e+02 2.783750270608247774e+02
3.725545022427053254e+02 2.794449909151483098e+02
3.724879042597937087e+02 2.805125141725844173e+02
3.723988004953145605e+02 2.815768601088909122e+02
3.722872249295267011e+02 2.826371941962686378e+02
3.721532343730181651e+02 2.836927553333553078e+02
3.719969630324085301e+02 2.847427141745210406e+02
3.718185713992747310e+02 2.857862351293097163e+02
3.716182352716028845e+02 2.868224816241159942e+02
3.713961256219620282e+02 2.878506420120340863e+02
3.711524526922249834e+02 2.888698512965208351e+02
3.708874386203306699e+02 2.898792899985207896e+02
3.706013283599275496e+02 2.908781340471148837e+02
3.702943890880358708e+02 2.918655745113204034e+02
3.699669298306792484e+02 2.928408205046030162e+02
3.696192545642156801e+02 2.938031153096550270e+02
3.692516166541258826e+02 2.947517175662367208e+02
3.688642930635483594e+02 2.956859230571685657e+02
3.684576029603513803e+02 2.966050794636221895e+02
3.680318906249715383e+02 2.975085777213661231e+02
3.675875590212616544e+02 2.983959170035060993e+02
3.671250359718061418e+02 2.992666484907906010e+02
3.666447784846935747e+02 3.001204328298867949e+02
3.661472748445142997e+02 3.009570626539733667e+02
3.656330315427597952e+02 3.017764317751452268e+02
