3.649225970948251074e+02 3.024859531493115696e+02
3.644191812038678222e+02 3.032872000749374592e+02
3.638989391988693569e+02 3.040755940858747977e+02
3.633617941011492007e+02 3.048515996462943463e+02
3.628077894819290350e+02 3.056154810646563078e+02
3.622369992797139275e+02 3.063674765262435926e+02
3.616495314845993789e+02 3.071077814701797024e+02
3.610455176750135138e+02 3.078365843052009154e+02
3.604251278423487861e+02 3.085540389875428104e+02
3.597885797641411614e+02 3.092602156570166017e+02
3.591360804269506843e+02 3.099552431287138461e+02
3.584679101559323158e+02 3.106391526811622725e+02
3.577843621075332408e+02 3.113119925616953765e+02
3.570857558555612172e+02 3.119737960311944107e+02
3.563724367724847184e+02 3.126245622968054363e+02
3.556447521365279840e+02 3.132642970774158471e+02
3.549030769101448186e+02 3.138929559706520536e+02
3.541477596328837194e+02 3.145105068387731535e+02
3.533791795013738692e+02 3.151168599980213116e+02
3.525976955954004097e+02 3.157119554706081317e+02
3.518036959129399293e+02 3.162956836403631087e+02
3.509975457588006407e+02 3.168679517369863561e+02
3.501796126868558190e+02 3.174286220533653022e+02
3.493502540885248777e+02 3.179775490244788330e+02
3.485098296329004484e+02 3.185145667105591087e+02
3.476586922158688253e+02 3.190395215257744894e+02
3.467971980219015222e+02 3.195522283106228087e+02
3.459256884685725595e+02 3.200524948061106443e+02
3.450445023420677444e+02 3.205401091584554933e+02
3.441539780827256436e+02 3.210148606167093135e+02
3.432544488831411513e+02 3.214765242812354131e+02
3.423462468568109216e+02 3.219248723891217878e+02
3.414296981001045310e+02 3.223596704085626925e+02
3.405051324949192804e+02 3.227806838800229343e+02
3.395728727510913245e+02 3.231876706790931166e+02
3.386332458296305958e+02 3.235803864915983468e+02
3.376865669631877154e+02 3.239585804285442805e+02
3.367331626982853550e+02 3.243220177398065402e+02
3.357733475166663766e+02 3.246704642953005191e+02
3.348074537720139574e+02 3.250036867764522412e+02
3.338357931899137157e+02 3.253214463118324602e+02
3.328586798558277451e+02 3.256235001205708954e+02
3.318764311885532834e+02 3.259096237289272153e+02
3.308893827336207210e+02 3.261796070296014705e+02
3.298978216231472516e+02 3.264332271990807612e+02
3.289020952417159833e+02 3.266702656269141585e+02
3.279024987123308392e+02 3.268904993664352219e+02
3.268993482198713423e+02 3.270937101485138783e+02
3.258929601816996069e+02 3.272796835268380846e+02
3.248836506028886220e+02 3.274482033479280290e+02
3.238717353938794759e+02 3.275990517550937966e+02
3.228575339750743751e+02 3.277320422561402324e+02
3.218413763935438396e+02 3.278473243069095702e+02
3.208236428436598544e+02 3.279452608031891714e+02
3.198046334698250917e+02 3.280262077839773269e+02
3.187846897193415998e+02 3.280905292624822778e+02
3.177640877506213428e+02 3.281385818174063047e+02
3.167431026204471891e+02 3.281706999971597156e+02
3.157220001630017236e+02 3.281872069819424382e+02
3.147010278357653306e+02 3.281884251178840941e+02
3.136804094953700428e+02 3.281746711315125822e+02
3.126603711413442852e+02 3.281462621660234618e+02
3.116411204281490654e+02 3.281035087381788458e+02
3.106228520564676501e+02 3.280467153121127240e+02
3.096057366366027281e+02 3.279761763766839522e+02
3.085899701723801059e+02 3.278921960347141749e+02
3.075757003773767906e+02 3.277950668258272344e+02
3.065630928286528274e+02 3.276850906509943684e+02
3.055522782893802400e+02 3.275625610746948837e+02
3.045434116013024095e+02 3.274277821775307871e+02
3.035366084387611636e+02 3.272810467926732940e+02
3.025319838627791000e+02 3.271226424874421355e+02
3.015296600141980434e+02 3.269528747043033263e+02
3.005297331653866877e+02 3.267720504292499868e+02
2.995322963216216863e+02 3.265804740638704970e+02
2.985374354680454303e+02 3.263784475064963431e+02
2.975452288838732215e+02 3.261662706346535288e+02
2.965557460783572878e+02 3.259442516648679771e+02
2.955690477376681997e+02 3.257127058364799836e+02
2.945851856631214787e+02 3.254719431969911625e+02
2.936042073517966173e+02 3.252222735928071415e+02
2.926261516865304770e+02 3.249640064350659259e+02
2.916510474719593162e+02 3.246974522100742888e+02
2.906789164277681721e+02 3.244229188411936207e+02
2.897097750326252026e+02 3.241407197445308270e+02
2.887436294569795336e+02 3.238511647256628407e+02
2.877804830717522577e+02 3.235545484045115927e+02
2.868203258024208822e+02 3.232511801142017589e+02
2.858631505035047553e+02 3.229413472201457580e+02
2.849089313722253678e+02 3.226253480051486804e+02
2.839576510287512292e+02 3.223034642477494458e+02
2.830092660995109100e+02 3.219759871541347707e+02
2.820637531462757011e+02 3.216431841841084065e+02
2.811210566665556030e+02 3.213053224913714985e+02
2.801811362733716351e+02 3.209626606609403439e+02
2.792439429698470690e+02 3.206154502885667625e+02
2.783094047463239349e+02 3.202639452971101832e+02
2.773774666219508163e+02 3.199083835569050507e+02
2.764480718332524134e+02 3.195489824991195746e+02
2.755211330191582420e+02 3.191859602827309459e+02
2.745965832098958685e+02 3.188195315469377533e+02
2.736743439233371191e+02 3.184499021374815584e+02
2.727543642746696264e+02 3.180771846786671517e+02
2.718366060485961953e+02 3.177013754278318061e+02
2.709210579638150307e+02 3.173224627002409193e+02
2.700077019617978067e+02 3.169404302634653163e+02
2.690965209770567412e+02 3.165552597594237341e+02
2.681875050277651553e+02 3.161669299868447069e+02
2.672806302963552412e+02 3.157754169069850150e+02
2.663758830201066985e+02 3.153806970152631948e+02
2.654732524204753190e+02 3.149827442303081853e+02
2.645727263112947867e+02 3.145815295846867912e+02
2.636742927357371968e+02 3.141770238094787260e+02
2.627779394933274943e+02 3.137691982776785267e+02
2.618836550799097154e+02 3.133580224757172914e+02
2.609914290339756917e+02 3.129434637663177341e+02
2.601012567916193916e+02 3.125254874459948269e+02
2.592131170468265964e+02 3.121040576442416068e+02
2.583270026105003581e+02 3.116791458816553018e+02
2.574429014707772581e+02 3.112507196980627100e+02
2.565608021267673280e+02 3.108187443358344240e+02
2.556806935764246020e+02 3.103831827607519358e+02
2.548025635282990322e+02 3.099439992270279163e+02
2.539263967406256199e+02 3.095011621580424048e+02
2.530521778129116797e+02 3.090546381289960323e+02
2.521798906794237212e+02 3.086043910441166531e+02
2.513094261366043440e+02 3.081503728055433271e+02
2.504405745103482275e+02 3.076925571071382137e+02
2.495732518496702710e+02 3.072309974737926836e+02
2.487073931252159298e+02 3.067657547760553030e+02
2.478429283319622130e+02 3.062968856530568473e+02
2.469797873458610411e+02 3.058244450417396934e+02
2.461179030262255765e+02 3.053484891614966728e+02
2.452572028240772397e+02 3.048690757217959799e+02
2.443976136055709389e+02 3.043862602683839214e+02
2.435390621041650263e+02 3.039000954532385776e+02
2.426814749489961969e+02 3.034106310213415441e+02
2.418247781153688152e+02 3.029179146614012552e+02
2.409688961262573059e+02 3.024219931325531547e+02
2.401137531949080142e+02 3.019229104509432204e+02
2.392592792662692034e+02 3.014207080572898008e+02
2.384053895079816243e+02 3.009154204270484456e+02
2.375520117135360181e+02 3.004070829152486795e+02
2.366990748844868619e+02 2.998957216886642527e+02
2.358465080615961256e+02 2.993813587404370082e+02
2.349942405117539579e+02 2.988640129778298729e+02
2.341422052564504099e+02 2.983436999643660101e+02
2.332903342209524169e+02 2.978204255612143925e+02
2.324385678109263722e+02 2.972941812966245720e+02
2.315868556029819274e+02 2.967649553117671530e+02
2.307351457044484562e+02 2.962327310823713447e+02
2.298833942034914060e+02 2.956974862936492059e+02
2.290315953576387926e+02 2.951591342005309002e+02
2.281799268202563553e+02 2.946173945711972806e+02
2.273286069691114051e+02 2.940719482342382776e+02
2.264778588534954338e+02 2.935224829774614932e+02
2.256279148323874892e+02 2.929686952318260182e+02
2.247790276776403289e+02 2.924102693929278871e+02
2.239314772234875477e+02 2.918468825327250329e+02
2.230855580235566720e+02 2.912782071480121999e+02
2.222415755407760685e+02 2.907039166751171138e+02
2.213998467440245292e+02 2.901237063366448297e+02
2.205606925752598215e+02 2.895372521236271837e+02
2.197244561084709176e+02 2.889442654991357813e+02
2.188914766035245236e+02 2.883444328838074284e+02
2.180621159970493466e+02 2.877374711913781198e+02
2.172367390558381146e+02 2.871230975308694724e+02
2.164157068528312777e+02 2.865010181215645275e+02
2.155993900408973047e+02 2.858710155899761389e+02
2.147881359688240082e+02 2.852328450362487047e+02
2.139823096006272181e+02 2.845862745915430878e+02
2.131822883672336957e+02 2.839310850296482158e+02
2.123884507176837531e+02 2.832670810005070621e+02
2.116011296957074990e+02 2.825940952823157772e+02
2.108206590917222343e+02 2.819119824770650666e+02
2.100473797225956787e+02 2.812206025128689362e+02
2.092816395225461292e+02 2.805198208494959999e+02
2.085237834920835382e+02 2.798095169281874064e+02
2.077741146768650538e+02 2.790896149715429715e+02
2.070329268500262572e+02 2.783600541412970415e+02
2.063005113816688265e+02 2.776207584441858103e+02
2.055771950296127670e+02 2.768717106801344130e+02
2.048632714176535785e+02 2.761128556461780477e+02
2.041589957284652428e+02 2.753441474801969093e+02
2.034646672136504719e+02 2.745656496939987505e+02
2.027805210082839551e+02 2.737773076777984329e+02
2.021068644290584757e+02 2.729791865414040331e+02
2.014439421378031057e+02 2.721712379296921540e+02
2.007920521348835337e+02 2.713535439165701177e+02
2.001514483041442247e+02 2.705261223809484363e+02
1.995224018976465743e+02 2.696890086903080714e+02
1.989051939817510686e+02 2.688422475498806534e+02
1.983001137194312662e+02 2.679858872808391084e+02
1.977074668847041607e+02 2.671199752747870662e+02
1.971275704509602349e+02 2.662445624274204761e+02
1.965607491481183331e+02 2.653597060372392207e+02
1.960073208270497389e+02 2.644654272911809016e+02
1.954676636326553307e+02 2.635618563617725840e+02
1.949421494577413796e+02 2.626489790988713935e+02
1.944312316087964234e+02 2.617268962246465662e+02
1.939353279588921168e+02 2.607956101129969966e+02
1.934549106213490859e+02 2.598552302538334402e+02
1.929904092571459557e+02 2.589058546176523237e+02
1.925420083783119765e+02 2.579477155179222336e+02
1.921097836575689826e+02 2.569811122258279852e+02
1.916938091700841937e+02 2.560063166988647367e+02
1.912941924808806107e+02 2.550236887348964387e+02
1.909110065558183749e+02 2.540334600216634158e+02
1.905443927231561645e+02 2.530359682898428275e+02
1.901944762887995921e+02 2.520314355400439013e+02
1.898614289222350067e+02 2.510202032886945460e+02
1.895454056646668164e+02 2.500025425312069558e+02
1.892465754651827297e+02 2.489787321887303051e+02
1.889651044085001672e+02 2.479490809895849850e+02
1.887011623279582011e+02 2.469139438200838583e+02
1.884549059865318270e+02 2.458735419077400195e+02
1.882265476848791081e+02 2.448282987256966408e+02
1.880162705853822729e+02 2.437784893360462490e+02
1.878242457859849708e+02 2.427244716186366702e+02
1.876506292106912213e+02 2.416666173380554312e+02
1.874955875912849308e+02 2.406052467927372049e+02
1.873593148706747513e+02 2.395408137698796622e+02
1.872419971176593947e+02 2.384736214825118736e+02
1.871438037347361956e+02 2.374041046475645658e+02
1.870648801084346928e+02 2.363326555440898176e+02
1.870053890463187258e+02 2.352597096638502592e+02
1.869655062811169728e+02 2.341856814831167526e+02
1.869454246527866417e+02 2.331109847193855842e+02
1.869453202622929950e+02 2.320360472864587962e+02
1.869653581500497808e+02 2.309613280625347045e+02
1.870057139493023328e+02 2.298872900488162543e+02
1.870665817544571041e+02 2.288143714048184165e+02
1.871481723844258624e+02 2.277430279104770534e+02
1.872506996897728015e+02 2.266737120810170723e+02
1.873743749090995152e+02 2.256069039649179615e+02
1.875194149762314169e+02 2.245430846810268974e+02
1.876860627924933738e+02 2.234826887687241310e+02
1.878745523705866844e+02 2.224262220384833597e+02
1.880851427444186470e+02 2.213741314230285866e+02
1.883180920774513822e+02 2.203268990013542634e+02
1.885736514566561084e+02 2.192850013662852007e+02
1.888520961998520420e+02 2.182488577216105909e+02
1.891536375754684229e+02 2.172189894802657761e+02
1.894785352700038743e+02 2.161957983328896660e+02
1.898270294499323256e+02 2.151797317660103772e+02
1.901993287325109918e+02 2.141712187544231938e+02
1.905956043202845365e+02 2.131706644403746793e+02
1.910159869204795484e+02 2.121784455896593329e+02
1.914606026499237714e+02 2.111949249086034399e+02
1.919295301292996498e+02 2.102204785794386623e+02
1.924219412863504033e+02 2.092560713219428123e+02
1.929366812831043489e+02 2.083021990459824053e+02
1.934728876247708058e+02 2.073586330232010368e+02
1.940301389173640985e+02 2.064253600048842827e+02
1.946084226150826737e+02 2.055026858360582196e+02
1.952076695572803260e+02 2.045909592455278982e+02
1.958277277649087011e+02 2.036905603831653480e+02
1.964683761922133272e+02 2.028018894129143632e+02
1.971294052556635279e+02 2.019253622363320915e+02
1.978105015349657378e+02 2.010614995544050032e+02
1.985113784421136813e+02 2.002107798018740539e+02
1.992316641576659890e+02 1.993737316860730289e+02
1.999709436445441497e+02 1.985508919623810016e+02
2.007287832178021461e+02 1.977427850730102534e+02
2.015047306325247689e+02 1.969499299210096126e+02
2.022982955599583761e+02 1.961728635024928735e+02
2.031089578016618589e+02 1.954121312040006728e+02
2.039362541334030539e+02 1.946682488538745019e+02
2.047795473266337751e+02 1.939417422283790415e+02
2.056383535033854741e+02 1.932329670265501989e+02
2.065119834428752483e+02 1.925423766907847494e+02
2.073998948079432694e+02 1.918703511536641884e+02
2.083015457372627282e+02 1.912172842057991318e+02
2.092162607084364652e+02 1.905835176287903607e+02
2.101434639780690361e+02 1.899692053298731196e+02
2.110824617417367222e+02 1.893745432130944266e+02
2.120326790724098771e+02 1.887996861725016515e+02
2.129935218424515995e+02 1.882448049806867516e+02
2.139644443941659802e+02 1.877099685179871926e+02
2.149447181137342682e+02 1.871951539752968188e+02
2.159338315590148909e+02 1.867002647325842020e+02
2.169312120549553811e+02 1.862252388990461611e+02
2.179363061899106242e+02 1.857700141033733132e+02
2.189485685209349128e+02 1.853344695853274118e+02
2.199674522124764167e+02 1.849183872560393525e+02
2.209925547222713931e+02 1.845215221876457576e+02
2.220232601491724722e+02 1.841436813143591849e+02
2.230592032171662709e+02 1.837846217617549200e+02
2.240999403620281782e+02 1.834441094248964248e+02
2.251450430344829954e+02 1.831218730935469807e+02
2.261941059207675835e+02 1.828176389669898754e+02
2.272467739751049578e+02 1.825311333268370504e+02
2.283027145581299067e+02 1.822620897989292530e+02
2.293615421291841301e+02 1.820102623847709253e+02
2.304229721651892646e+02 1.817754143524016115e+02
2.314867305773256589e+02 1.815573208310033237e+02
2.325525213186383269e+02 1.813557664317191040e+02
2.336200681273167845e+02 1.811705384349169208e+02
2.346891280562274176e+02 1.810014610986860362e+02
2.357594475233554761e+02 1.808484371011317364e+02
2.368308003128466055e+02 1.807113808240146682e+02
2.379030547440518717e+02 1.805902138968085353e+02
2.389758390480010064e+02 1.804848688719977758e+02
2.400491068952459841e+02 1.803952214721701353e+02
2.411225097266498096e+02 1.803210457092293950e+02
2.421958942402543755e+02 1.802620929389889568e+02
2.432690648551107131e+02 1.802181237171273267e+02
2.443418275995057343e+02 1.801889025137905946e+02
2.454139987991705141e+02 1.801742337745226621e+02
2.464854046071535834e+02 1.801740193384185318e+02
2.475558749823278220e+02 1.801881792082311335e+02
2.486252425674695985e+02 1.802166366013178163e+02
2.496933970907377613e+02 1.802593247038952029e+02
2.507600892046643253e+02 1.803161872807582711e+02
2.518252112732211003e+02 1.803872260609066132e+02
2.528886037428608802e+02 1.804724552101184827e+02
2.539500820354550399e+02 1.805718882476735132e+02
2.550094673742158307e+02 1.806855389388780395e+02
2.560666748560612973e+02 1.808134404434927660e+02
2.571214235743678955e+02 1.809556115268269707e+02
2.581735993976041073e+02 1.811120887098442154e+02
2.592230263220837969e+02 1.812829077025978108e+02
2.602695256493396414e+02 1.814681054544772678e+02
2.613129174284871397e+02 1.816677045298156941e+02
2.623530242754158621e+02 1.818816768403486037e+02
2.633896690861235470e+02 1.821099845365266106e+02
2.644226741175189659e+02 1.823525906725308232e+02
2.654518608253051752e+02 1.826094590896546492e+02
2.664770537308411349e+02 1.828805218179784049e+02
2.674980928177602664e+02 1.831655930307142626e+02
2.685148317625917116e+02 1.834644630170378150e+02
2.695271406381560837e+02 1.837769288341056040e+02
2.705348180513860257e+02 1.841027677974912820e+02
2.715377619270194032e+02 1.844417344496929161e+02
2.725359079912515199e+02 1.847934252455639239e+02
2.735290869002554359e+02 1.851573597361339694e+02
2.745173004330722506e+02 1.855331022603263023e+02
2.755004371525357669e+02 1.859201885671559182e+02
2.764784750573834344e+02 1.863181376742206794e+02
2.774513982233900720e+02 1.867262964780537970e+02
2.784192459962367252e+02 1.871439807233548152e+02
2.793820333567207967e+02 1.875704949771657652e+02
2.803398638913026275e+02 1.880051768749092389e+02
2.812927604298961342e+02 1.884473101414594396e+02
2.822408907620230138e+02 1.888961281625109052e+02
2.831843828655669881e+02 1.893508212973876823e+02
2.841233979013692874e+02 1.898105860760670396e+02
2.850581471919845740e+02 1.902746420044821889e+02
2.859888305670019690e+02 1.907422047197346728e+02
2.869156714623454150e+02 1.912124970872165761e+02
2.878389319319729793e+02 1.916847604149366759e+02
2.887588923457034298e+02 1.921582494311138305e+02
2.896758311779915971e+02 1.926322122648446964e+02
2.905900457432520056e+02 1.931059917403338488e+02
2.915017050597280672e+02 1.935793770876446445e+02
2.924109295312494510e+02 1.940523190643682483e+02
2.933178416342400396e+02 1.945247760762824498e+02
2.942225564862724809e+02 1.949966993305432936e+02
2.951251986216406635e+02 1.954680641390071969e+02
2.960258621656393530e+02 1.959389187790230551e+02
2.969246296189851932e+02 1.964093423675985832e+02
2.978215815071267798e+02 1.968794171156997947e+02
2.987167962732083311e+02 1.973492321386931110e+02
2.996103475138964995e+02 1.978188754383871526e+02
3.005022975837256354e+02 1.982884723252317372e+02
3.013926990692827417e+02 1.987581626359294660e+02
3.022816012278552193e+02 1.992280886518858836e+02
3.031690500468300797e+02 1.996983950394113094e+02
3.040550877167289059e+02 2.001692299884074373e+02
3.049397489626416018e+02 2.006407529188534511e+02
3.058230610236193456e+02 2.011131319987668462e+02
3.067050515248758416e+02 2.015865328554112637e+02
3.075857417766281401e+02 2.020611249207690605e+02
3.084651496225635583e+02 2.025370798277021720e+02
3.093432894873284908e+02 2.030145704516306182e+02
3.102201721621826209e+02 2.034937712017756724e+02
3.110958046007042412e+02 2.039748583203946737e+02
3.119701898790145265e+02 2.044580098320955415e+02
3.128433388008051566e+02 2.049433950357833396e+02
3.137153163874953634e+02 2.054311253593058098e+02
3.145861840380671879e+02 2.059212769739808664e+02
3.154559863816684810e+02 2.064139237551307247e+02
3.163247640947801642e+02 2.069091409992834656e+02
3.171925530677622760e+02 2.074070049783024956e+02
3.180593839119844120e+02 2.079075937981720301e+02
3.189252822689908839e+02 2.084109869183205888e+02
3.197902680857814630e+02 2.089172659958259146e+02
3.206543580687493886e+02 2.094265123995306510e+02
3.215175654432584906e+02 2.099388062336810208e+02
3.223798938469865902e+02 2.104542356249969259e+02
3.232413401176937668e+02 2.109728928735330271e+02
3.241018966343011130e+02 2.114948706599275283e+02
3.249615507890931667e+02 2.120202640155236224e+02
3.258202851678159391e+02 2.125491680466433877e+02
3.266780716172418693e+02 2.130816833139637083e+02
3.275348727976434589e+02 2.136179214719003312e+02
3.283906458344234807e+02 2.141579935006721769e+02
3.292453434249474640e+02 2.147020158338583542e+02
3.300989106497702892e+02 2.152500954067562589e+02
3.309512806766611561e+02 2.158023545306058395e+02
3.318023742159909375e+02 2.163589277597820342e+02
3.326521077901127796e+02 2.169199590263628465e+02
3.335003826855771081e+02 2.174855660146061211e+02
3.343471034534296678e+02 2.180558881277071919e+02
3.351920907898939390e+02 2.186311627917938267e+02
3.360350779768693315e+02 2.192116691707381051e+02
3.368757998591665910e+02 2.197976974159132908e+02
3.377139883892542684e+02 2.203895536645490552e+02
3.385493348966742815e+02 2.209874830824291791e+02
3.393815701988126534e+02 2.215917820060101917e+02
3.402103838836066529e+02 2.222026838153726658e+02
3.410354838555680317e+02 2.228204522004285195e+02
3.418565500217041517e+02 2.234453184902930332e+02
3.426732718630327099e+02 2.240775328210381190e+02
3.434853248102536440e+02 2.247172856689265643e+02
3.442924322363674037e+02 2.253648064000918794e+02
3.450942546622957821e+02 2.260202347353456389e+02
3.458905002632189962e+02 2.266837795473516906e+02
3.466808468524047839e+02 2.273556193446508757e+02
3.474649747210418695e+02 2.280358732834283160e+02
3.482426144428200132e+02 2.287246728537157310e+02
3.490134795265915386e+02 2.294221317373659303e+02
3.497772791408364128e+02 2.301283637888703595e+02
3.505337014044929447e+02 2.308434494823357852e+02
3.512824777616390293e+02 2.315674756264607481e+02
3.520233540854118246e+02 2.323004893827250044e+02
3.527560730564304095e+02 2.330425333872025533e+02
3.534803724960453337e+02 2.337936469233967216e+02
3.541959858137817605e+02 2.345538653179919777e+02
3.549026637209854016e+02 2.353232123555985140e+02
3.556001733542755119e+02 2.361016898277790972e+02
3.562882650509465066e+02 2.368892685253831019e+02
3.569667056330943637e+02 2.376859485512372316e+02
3.576352646493061798e+02 2.384917495259140026e+02
3.582936726695662060e+02 2.393066072388893701e+02
3.589417083166763973e+02 2.401305167078428724e+02
3.595791266221530691e+02 2.409634410456018543e+02
3.602056829669853641e+02 2.418053506168240858e+02
3.608211121798091767e+02 2.426561802728624571e+02
3.614251702185696331e+02 2.435159309891912187e+02
3.620175653227777843e+02 2.443845498645116550e+02
3.625980042258064486e+02 2.452619828711024468e+02
3.631662008393548717e+02 2.461481990510868911e+02
3.637218521003885598e+02 2.470431465951029963e+02
3.642646271243878004e+02 2.479467793226858703e+02
3.647941574259821209e+02 2.488590685711484696e+02
3.653100667294518189e+02 2.497799936038404383e+02
3.658119406299927618e+02 2.507094516492340119e+02
3.662994001827742068e+02 2.516474330805660884e+02
3.667719823713372307e+02 2.525938697703491300e+02
3.672291583688504488e+02 2.535487453778958695e+02
3.676703654094411604e+02 2.545119903023635004e+02
3.680950488825558296e+02 2.554835719193882255e+02
3.685026263970036666e+02 2.564634062795857403e+02
3.688926236023645515e+02 2.574513322811262697e+02
3.692647779081237331e+02 2.584470723405745503e+02
3.696188430316854578e+02 2.594503285880302883e+02
3.699545673060598574e+02 2.604608026779045531e+02
3.702716966893286212e+02 2.614782245293270648e+02
3.705699374057974183e+02 2.625021970046864226e+02
3.708490258705849101e+02 2.635324300651178646e+02
3.711086707366425799e+02 2.645685820846178444e+02
3.713485637725878519e+02 2.656102638952759776e+02
3.715683973576545895e+02 2.666571128925897369e+02
3.717678695748159612e+02 2.677086953254430455e+02
3.719467333928881771e+02 2.687645634982315528e+02
3.721047435735006275e+02 2.698243205259952333e+02
3.722416193509949949e+02 2.708873913756013962e+02
3.723570994207437366e+02 2.719533242234295471e+02
3.724509393921679816e+02 2.730215738253599511e+02
3.725229892563579597e+02 2.740915473974725955e+02
3.725731081180026081e+02 2.751626449166005273e+02
3.726011452638576884e+02 2.762342546525254647e+02
3.726069431554626021e+02 2.773057060493420636e+02
3.725903853225345301e+02 2.783763323766914368e+02
3.725514578882521732e+02 2.794454225961916336e+02
3.724901638348289339e+02 2.805122345635498391e+02
3.724064983789255052e+02 2.815760501981772563e+02
3.723004688989628335e+02 2.826360526835541123e+02
3.721721031176937800e+02 2.836914980915806836e+02
3.720215008655954421e+02 2.847415731691851306e+02
3.718487864420384312e+02 2.857854566626539849e+02
3.716540983841250636e+02 2.868223242901712524e+02
3.714375693547542028e+02 2.878513752871330098e+02
3.711993709343648788e+02 2.888717515446878110e+02
3.709396876478483023e+02 2.898826389796499825e+02
3.706587263903994085e+02 2.908832156417553279e+02
3.703567155863309495e+02 2.918726716245175226e+02
3.700339251579601410e+02 2.928502103616665977e+02
3.696906222574151002e+02 2.938150671465494952e+02
3.693270322841744360e+02 2.947664895203524793e+02
3.689434063542883564e+02 2.957037586219800573e+02
3.685400383898795553e+02 2.966262037098566680e+02
3.681172479076587933e+02 2.975331951257463174e+02
3.676754156175309731e+02 2.984242032879348585e+02
3.672149479353282118e+02 2.992987503197717842e+02
3.667362834234818934e+02 3.001564617351584161e+02
3.662398955959340014e+02 3.009970894163294588e+02
3.657262792645004197e+02 3.018204840303573064e+02
