3.645681253075055110e+02 3.023035229255272611e+02
3.640747451712680913e+02 3.030947194735393850e+02
3.635654921953972121e+02 3.038740661950760682e+02
3.630401570251511316e+02 3.046421553513225149e+02
3.624986710933372365e+02 3.053993213814344472e+02
3.619409964202222909e+02 3.061458577397336285e+02
3.613671326685793019e+02 3.068819987570424246e+02
3.607771037368469251e+02 3.076079620263664083e+02
3.601709776983282723e+02 3.083239166539922849e+02
3.595488830476736553e+02 3.090299293721689082e+02
3.589109320141221247e+02 3.097261288356797309e+02
3.582573286058880626e+02 3.104125261344296973e+02
3.575882935883396385e+02 3.110891491935600470e+02
3.569040816344914901e+02 3.117560055546217654e+02
3.562049823371443722e+02 3.124130621136047807e+02
3.554912902119107230e+02 3.130602915696076138e+02
3.547633373900537777e+02 3.136976082234814953e+02
3.540214226628975780e+02 3.143249324459593481e+02
3.532658864018472400e+02 3.149421173493748256e+02
3.524970480275245563e+02 3.155490489634818800e+02
3.517152679636686798e+02 3.161455585069783183e+02
3.509208823651848093e+02 3.167314952566889019e+02
3.501142315350433023e+02 3.173066507841013504e+02
3.492956469425112118e+02 3.178708056179498271e+02
3.484654684567475442e+02 3.184237191302624410e+02
3.476240309782508575e+02 3.189651644996658888e+02
3.467716790097174453e+02 3.194948812783661083e+02
3.459087408273210826e+02 3.200125968448370486e+02
3.450355456436315080e+02 3.205180163881915973e+02
3.441524253731149088e+02 3.210108469209703799e+02
3.432597102693443958e+02 3.214907817802848626e+02
3.423577323635428797e+02 3.219575125613041564e+02
3.414468208955320279e+02 3.224107272972310057e+02
3.405273119332678675e+02 3.228501158012419978e+02
3.395995361141655167e+02 3.232753612070987970e+02
3.386638309365408190e+02 3.236861451170662463e+02
3.377205232641829298e+02 3.240821450499231560e+02
3.367699564707824607e+02 3.244630653681365402e+02
3.358124626655259704e+02 3.248286170951429881e+02
3.348483950763359758e+02 3.251785124336992112e+02
3.338780846329203200e+02 3.255124595679041022e+02
3.329018660900752025e+02 3.258301648767795200e+02
3.319200804405003282e+02 3.261313655449311000e+02
3.309330903004792503e+02 3.264158194783344129e+02
3.299412033597636196e+02 3.266832740017226229e+02
3.289447959570399007e+02 3.269334799032827164e+02
3.279441848447031589e+02 3.271661864143542289e+02
3.269397115466031778e+02 3.273811542635746719e+02
3.259317178811073177e+02 3.275781523656261811e+02
3.249205447300979017e+02 3.277569486609892806e+02
3.239065323866647645e+02 3.279173100333581488e+02
3.228900244355331779e+02 3.280590377498757562e+02
3.218713738560383604e+02 3.281822951076401864e+02
3.208509907652080528e+02 3.282874737912090382e+02
3.198291939667641941e+02 3.283749602435462975e+02
3.188063512736249550e+02 3.284451486312060524e+02
3.177827558953178482e+02 3.284984259526024744e+02
3.167587005952170784e+02 3.285351486056487147e+02
3.157344685891771974e+02 3.285556562648543490e+02
3.147103230585050824e+02 3.285602880161885082e+02
3.136865008480744450e+02 3.285493776238348573e+02
3.126632426812651602e+02 3.285232591027996136e+02
3.116407690366576730e+02 3.284822558607861538e+02
3.106192865215303414e+02 3.284266824829342681e+02
3.095989743863284502e+02 3.283568436326747815e+02
3.085800438947028397e+02 3.282730538318733124e+02
3.075626497661833696e+02 3.281756160110894029e+02
3.065469698641918512e+02 3.280648420653391781e+02
3.055331411747978336e+02 3.279410349644539906e+02
3.045213319846528179e+02 3.278045086303760058e+02
3.035116639425977496e+02 3.276555655046378774e+02
3.025042591425234946e+02 3.274945030143088047e+02
3.014992506187363119e+02 3.273216391783429913e+02
3.004967404916055784e+02 3.271372952204748685e+02
2.994968283329407086e+02 3.269417899695824303e+02
2.984996064707785308e+02 3.267354398222089458e+02
2.975051590637790468e+02 3.265185594001671348e+02
2.965135606128454242e+02 3.262914754413522473e+02
2.955248758321388323e+02 3.260545250415596001e+02
2.945391590601064422e+02 3.258080401002869735e+02
2.935564613449369631e+02 3.255523525122662249e+02
2.925768244627298031e+02 3.252877938973672372e+02
2.916002775709202410e+02 3.250147002155526934e+02
2.906268403955441499e+02 3.247334079591154250e+02
2.896565308631486459e+02 3.244442598552773234e+02
2.886893532771700848e+02 3.241475945354369514e+02
2.877253047356780939e+02 3.238437347226744123e+02
2.867643771815437503e+02 3.235330214454426709e+02
2.858065529924897987e+02 3.232157735032076289e+02
2.848518050712472132e+02 3.228923225216784658e+02
2.839001050334823049e+02 3.225629816174637767e+02
2.829514063786426732e+02 3.222280750106781966e+02
2.820056725326317064e+02 3.218879010025152070e+02
2.810628428933059126e+02 3.215427594768733002e+02
2.801228646075769007e+02 3.211929399943775820e+02
2.791856770551657974e+02 3.208387252379255870e+02
2.782511986888446813e+02 3.204804006737291502e+02
2.773193604846227913e+02 3.201182331170792281e+02
2.763900919687561100e+02 3.197524672473731471e+02
2.754632947194131702e+02 3.193833490420805106e+02
2.745388860795223422e+02 3.190111195623651952e+02
2.736167724590419539e+02 3.186360106601221673e+02
2.726968920054301293e+02 3.182581436792634122e+02
2.717792046230945857e+02 3.178775019548207865e+02
2.708636955118184346e+02 3.174940585849098511e+02
2.699503444388296316e+02 3.171077824324216294e+02
2.690391325865160184e+02 3.167186402647161003e+02
2.681300482886613850e+02 3.163265956793985652e+02
2.672230677136054737e+02 3.159316095856286779e+02
2.663181767230302057e+02 3.155336431880095347e+02
2.654153644895629327e+02 3.151326551417705559e+02
2.645146194000481046e+02 3.147286013639002249e+02
2.636159304953366700e+02 3.143214375616817051e+02
2.627192869954218963e+02 3.139111201875301163e+02
2.618246792425098874e+02 3.134976039107756378e+02
2.609320990342994264e+02 3.130808413826745209e+02
2.600415442295342245e+02 3.126607831919802152e+02
2.591529972627823781e+02 3.122373792767717191e+02
2.582664541845240933e+02 3.118105866937070232e+02
2.573819069760659204e+02 3.113803588074281379e+02
2.564993485621957348e+02 3.109466468456831194e+02
2.556187728016025176e+02 3.105093999295040135e+02
2.547401727748852807e+02 3.100685685012821295e+02
2.538635391948392908e+02 3.096241070972554894e+02
2.529888630852217375e+02 3.091759685904389130e+02
2.521161353018249827e+02 3.087241034310933401e+02
2.512452582635938825e+02 3.082684526113520747e+02
2.503760381352940385e+02 3.078089810349381423e+02
2.495084001112192880e+02 3.073457292037406319e+02
2.486422877499037156e+02 3.068787445869499493e+02
2.477776403287804499e+02 3.064080708298706099e+02
2.469143974231616880e+02 3.059337501401531654e+02
2.460525020346475458e+02 3.054558257605733615e+02
2.451918928235238582e+02 3.049743419334894270e+02
2.443325083773114557e+02 3.044893409414762004e+02
2.434742875862386597e+02 3.040008624948824263e+02
2.426171696619296654e+02 3.035089437230121234e+02
2.417610937919038179e+02 3.030136197089583447e+02
2.409059986371529760e+02 3.025149241976129133e+02
2.400518230527194987e+02 3.020128884505053293e+02
2.391985117945258708e+02 3.015075413513313265e+02
2.383459959749667121e+02 3.009989057004293045e+02
2.374942191015934441e+02 3.004870051327570195e+02
2.366431264121549134e+02 2.999718545872790969e+02
2.357926636123478943e+02 2.994534652607565590e+02
2.349427770170848646e+02 2.989318456737799465e+02
2.340934169259797102e+02 2.984070013090124576e+02
2.332445327211048323e+02 2.978789291812157103e+02
2.323960813411308663e+02 2.973476141028625648e+02
2.315480286065255768e+02 2.968130379009072044e+02
2.307003393141847880e+02 2.962751782546667414e+02
2.298529862705994447e+02 2.957340072522767969e+02
2.290059753749215758e+02 2.951894408254186146e+02
2.281594763682732889e+02 2.946412229362779271e+02
2.273136957063126431e+02 2.940890625810744723e+02
2.264688440359275319e+02 2.935326754741155924e+02
2.256251404874411151e+02 2.929717854168440567e+02
2.247828225258993200e+02 2.924061052155958578e+02
2.239421494107823776e+02 2.918353449314772092e+02
2.231033932879506665e+02 2.912592104309312617e+02
2.222668364957954168e+02 2.906774079740500838e+02
2.214327716875501153e+02 2.900896645861059824e+02
2.206014950703486761e+02 2.894956883369016509e+02
2.197733221212750436e+02 2.888952222141658694e+02
2.189485645229737543e+02 2.882879847363489034e+02
2.181275548957385695e+02 2.876737232339436900e+02
2.173106282102570503e+02 2.870521847669135695e+02
2.164981167351788258e+02 2.864231046963581093e+02
2.156903634536951131e+02 2.857862884371015184e+02
2.148876901227061182e+02 2.851415141529908510e+02
2.140904350942077485e+02 2.844885719490433758e+02
2.132989483135851003e+02 2.838272635921942424e+02
2.125135815924453766e+02 2.831574121413842704e+02
2.117346492127275894e+02 2.824788622794828257e+02
2.109624676723511527e+02 2.817914779140225505e+02
2.101973602151036289e+02 2.810951278842510419e+02
2.094396569213281509e+02 2.803896861548539619e+02
2.086896864477184010e+02 2.796750388009445487e+02
2.079477439108254941e+02 2.789511094009080239e+02
2.072141177813074364e+02 2.782178343592106557e+02
2.064890949002844707e+02 2.774751358396717933e+02
2.057729953059241836e+02 2.767229918937264870e+02
2.050661093236403190e+02 2.759613442445760256e+02
2.043686964993294453e+02 2.751901400365765085e+02
2.036810590771549982e+02 2.744094291906661169e+02
2.030034403544452459e+02 2.736191504819735769e+02
2.023361514070282396e+02 2.728193562644519830e+02
2.016794462024380721e+02 2.720099919155453563e+02
2.010336314220375584e+02 2.711911247234440907e+02
2.003989741406660698e+02 2.703627615356012939e+02
1.997757585465772650e+02 2.695249263708294620e+02
1.991642787812381812e+02 2.686776528392514933e+02
1.985648374615703347e+02 2.678209787275947065e+02
1.979777543817154140e+02 2.669549413606703752e+02
1.974033609597829297e+02 2.660795821547700939e+02
1.968419966993409389e+02 2.651949496009180507e+02
1.962939959343555643e+02 2.643010592025439109e+02
1.957597496474850516e+02 2.633980303151890325e+02
1.952396443246186379e+02 2.624858479564990148e+02
1.947341429811237674e+02 2.615646065239712925e+02
1.942436770156174930e+02 2.606343094017328212e+02
1.937687291148354518e+02 2.596950620347080871e+02
1.933097394112626830e+02 2.587469625904020063e+02
1.928668900285192365e+02 2.577902508834780519e+02
1.924402477624770142e+02 2.568252363584708178e+02
1.920298782550081285e+02 2.558522028604462832e+02
1.916358776416633134e+02 2.548715162628560051e+02
1.912583101179581320e+02 2.538834231659980105e+02
1.908972968733370692e+02 2.528882714726781273e+02
1.905529421134398831e+02 2.518863023494803599e+02
1.902253922539616440e+02 2.508778675579419826e+02
1.899147786547307248e+02 2.498632529976028138e+02
1.896212453866037322e+02 2.488427516726212616e+02
1.893449289985018993e+02 2.478166854076812911e+02
1.890859661217988332e+02 2.467854187246848596e+02
1.888444831961021180e+02 2.457491923609914011e+02
1.886206559545806272e+02 2.447084317814790211e+02
1.884146344855410575e+02 2.436634255678071668e+02
1.882265552311130818e+02 2.426145377932620875e+02
1.880565392148004662e+02 2.415621443609025221e+02
1.879047187164785555e+02 2.405065731066607952e+02
1.877712493413905008e+02 2.394482712316217032e+02
1.876562821262982084e+02 2.383875483051887443e+02
1.875599536524674136e+02 2.373248306442608850e+02
1.874823806243369120e+02 2.362605046051180295e+02
1.874236957988009635e+02 2.351949933196707718e+02
1.873840447861365419e+02 2.341286990928306295e+02
1.873635904483574564e+02 2.330620214024070833e+02
1.873624864142266802e+02 2.319953696948059303e+02
1.873808803491399431e+02 2.309291782596881148e+02
1.874189306705788738e+02 2.298638825834935346e+02
1.874768146269082365e+02 2.287998939108839807e+02
1.875547267775901048e+02 2.277376361892493151e+02
1.876528720586705106e+02 2.266775276881932086e+02
1.877714587884256048e+02 2.256200077651693618e+02
1.879107024458497506e+02 2.245655137323433905e+02
1.880708456146765855e+02 2.235144400544502048e+02
1.882521246982988430e+02 2.224672388214311809e+02
1.884548058181227361e+02 2.214243087809133499e+02
1.886791599899142113e+02 2.203860756702883350e+02
1.889254547841422323e+02 2.193529570257469175e+02
1.891939842869457493e+02 2.183253186441056641e+02
1.894849866350041623e+02 2.173036087019361275e+02
1.897987490381791247e+02 2.162881711195526293e+02
1.901355458747413252e+02 2.152793859872286362e+02
1.904956260737288005e+02 2.142776146760791107e+02
1.908792075244409432e+02 2.132831955726092019e+02
1.912864740135492809e+02 2.122964406920674207e+02
1.917176097741319438e+02 2.113176506819214637e+02
1.921727585137421954e+02 2.103471393979517359e+02
1.926512156364411510e+02 2.093857226830859872e+02
1.931519423157936615e+02 2.084338038336038323e+02
1.936741518050550894e+02 2.074911520779637044e+02
1.942175011950687065e+02 2.065577686865045735e+02
1.947820583870850726e+02 2.056339896039524149e+02
1.953678274816657847e+02 2.047202041465512536e+02
1.959747222733572016e+02 2.038168410427520598e+02
1.966025794014055634e+02 2.029243562986064546e+02
1.972512402157124427e+02 2.020432325359768697e+02
1.979204414861603709e+02 2.011740612912464314e+02
1.986099350374546759e+02 2.003173995289571110e+02
1.993193817622712913e+02 1.994738547628505785e+02
2.000483920614917395e+02 1.986440441586034069e+02
2.007965507377951440e+02 1.978285740973764746e+02
2.015634182757999611e+02 1.970280458327910367e+02
2.023485123242236909e+02 1.962430776461245330e+02
2.031513160633422217e+02 1.954742950939967159e+02
2.039713643003729260e+02 1.947222934189042576e+02
2.048080125199483348e+02 1.939876692460763081e+02
2.056607599029573805e+02 1.932708410224597060e+02
2.065289006570617119e+02 1.925723205148030956e+02
2.074118731195119949e+02 1.918925444812022363e+02
2.083091153181104005e+02 1.912319608375884457e+02
2.092199267318053728e+02 1.905909542509966741e+02
2.101437001667532343e+02 1.899697065313346229e+02
2.110797111538044533e+02 1.893684377650030797e+02
2.120273551080555023e+02 1.887873246758548191e+02
2.129860093196380433e+02 1.882265575703534353e+02
2.139550981265179246e+02 1.876862158584679889e+02
2.149338597876619872e+02 1.871662747008989243e+02
2.159217522267267100e+02 1.866666322458608249e+02
2.169181738948324494e+02 1.861872197219091731e+02
2.179225444090115218e+02 1.857279662835409795e+02
2.189342923707052933e+02 1.852887385671820368e+02
2.199528455504099611e+02 1.848692999831816621e+02
2.209777788166597361e+02 1.844693852079937813e+02
2.220084539560503458e+02 1.840887802190889033e+02
2.230444869205663849e+02 1.837272197783706531e+02
2.240854165619006721e+02 1.833844472139741981e+02
2.251307986092868703e+02 1.830601687810891747e+02
2.261802136196718038e+02 1.827540876066560145e+02
2.272332941469438197e+02 1.824659063147493043e+02
2.282896965967721030e+02 1.821953344272580182e+02
2.293490254779658812e+02 1.819421031274477798e+02
2.304109887723359691e+02 1.817059554923837936e+02
2.314753059507340254e+02 1.814866465850698489e+02
2.325416751810432174e+02 1.812839407908094813e+02
2.336098154086651846e+02 1.810976049760720059e+02
2.346794801095561525e+02 1.809274441018054915e+02
2.357504129983545340e+02 1.807733442544027014e+02
2.368223860466239046e+02 1.806352034804783671e+02
2.378952672409164677e+02 1.805129269303247668e+02
2.389686827553189516e+02 1.804064308931554024e+02
2.400425881908161045e+02 1.803155778177853392e+02
2.411166350278099912e+02 1.802401365329306486e+02
2.421906720541595632e+02 1.801798541968785798e+02
2.432645053834756368e+02 1.801344872467684866e+02
2.443379427718189163e+02 1.801037960750228990e+02
2.454108024337847951e+02 1.800875824839754387e+02
2.464829125720405898e+02 1.800857492944127500e+02
2.475541051428629657e+02 1.800982180960023697e+02
2.486242147071704096e+02 1.801249137300201824e+02
2.496931334897496697e+02 1.801657710409759829e+02
2.507606128998629629e+02 1.802207368127454572e+02
2.518265475651235761e+02 1.802898194879789742e+02
2.528907793666671182e+02 1.803730406167797753e+02
2.539531246070290535e+02 1.804704211154457880e+02
2.550134052207011734e+02 1.805819821567792189e+02
2.560715380573176390e+02 1.807077659168980688e+02
2.571272407283328221e+02 1.808478047769432351e+02
2.581803995114516965e+02 1.810021498546722398e+02
2.592308375532071523e+02 1.811708514059876336e+02
2.602783748710581335e+02 1.813539608985128382e+02
2.613228296887529041e+02 1.815515167515791859e+02
2.623640219100278728e+02 1.817635112613424440e+02
2.634017710270929911e+02 1.819899278472423418e+02
2.644358952749685727e+02 1.822307507508268145e+02
2.654662114753944593e+02 1.824859649083460624e+02
2.664925388546734553e+02 1.827555237789763964e+02
2.675147112756750971e+02 1.830392644452321633e+02
2.685325757298792269e+02 1.833370003570418305e+02
2.695459952494581444e+02 1.836485516365307262e+02
2.705547590339404564e+02 1.839737182572209235e+02
2.715587570845683558e+02 1.843122763736499508e+02
2.725579176131819281e+02 1.846638393247607723e+02
2.735520604135288067e+02 1.850279417145113428e+02
2.745411799730654252e+02 1.854041634483733390e+02
2.755251539394415659e+02 1.857920551136839151e+02
2.765039513232974286e+02 1.861911482301692047e+02
2.774775480069930040e+02 1.866007909153508422e+02
2.784459765820093935e+02 1.870202972096462588e+02
2.794092439895778170e+02 1.874489695935572797e+02
2.803674480979125860e+02 1.878861440184520575e+02
2.813206032259361109e+02 1.883310991612704584e+02
2.822688751749880112e+02 1.887830521523403320e+02
2.832123890022045316e+02 1.892411729967663234e+02
2.841513037955882055e+02 1.897046379615431420e+02
2.850858304938753349e+02 1.901726466315955406e+02
2.860161681758333998e+02 1.906443932027213748e+02
2.869425419866197444e+02 1.911190726136264004e+02
2.878652178389089045e+02 1.915958964507379392e+02
2.887844807744876334e+02 1.920740898946581581e+02
2.897006135937934914e+02 1.925528713555040099e+02
2.906139195414278333e+02 1.930315550404386897e+02
2.915245730587620869e+02 1.935099052828910828e+02
2.924327001617408541e+02 1.939878493744087109e+02
2.933384297084322156e+02 1.944653224811649750e+02
2.942418832091337890e+02 1.949422525440122911e+02
2.951431926940496737e+02 1.954185929365963830e+02
2.960424581127969645e+02 1.958943755474570878e+02
2.969397674495415913e+02 1.963696653843996103e+02
2.978352071143174840e+02 1.968445307036610643e+02
2.987288619512215178e+02 1.973190468691498722e+02
2.996208118220995971e+02 1.977932886471710390e+02
3.005111246982148145e+02 1.982673717975104353e+02
3.013998583417748023e+02 1.987414281259707707e+02
3.022870674312030133e+02 1.992155920134538292e+02
3.031728036285862231e+02 1.996900003591853761e+02
3.040571149580748056e+02 2.001647939408304353e+02
3.049400414664649475e+02 2.006401265492446555e+02
3.058216155461179255e+02 2.011161616032068196e+02
3.067018701686729401e+02 2.015930601149009078e+02
3.075808321693811536e+02 2.020709870289557273e+02
3.084585250789329507e+02 2.025501096601342113e+02
3.093349690388319004e+02 2.030305970085414913e+02
3.102101806546207285e+02 2.035126199026762777e+02
3.110841728678961999e+02 2.039963511532352243e+02
3.119569549190845237e+02 2.044819655084748149e+02
3.128285443574523583e+02 2.049696293308599877e+02
3.136990152642711109e+02 2.054594520549482297e+02
3.145684375721008905e+02 2.059515074695311796e+02
3.154368636506792996e+02 2.064458667392020743e+02
3.163043420506391499e+02 2.069426026413737247e+02
3.171709166178774808e+02 2.074417890353167593e+02
3.180366262497184948e+02 2.079435013285548166e+02
3.189015051072589699e+02 2.084478161831254965e+02
3.197655816624991871e+02 2.089548125730750030e+02
3.206288813417199890e+02 2.094645694279431041e+02
3.214914262109818424e+02 2.099771646149472133e+02
3.223532286329220824e+02 2.104926840644838251e+02
3.232142943219107565e+02 2.110112181015246904e+02
3.240746245997210622e+02 2.115328576005305763e+02
3.249342157903138286e+02 2.120576959012834095e+02
3.257930595428937863e+02 2.125858267272473086e+02
3.266511363852541763e+02 2.131173502768316155e+02
3.275084170210013212e+02 2.136523783198213096e+02
3.283648667470138207e+02 2.141910221924764812e+02
3.292204463161600074e+02 2.147333987229266370e+02
3.300751091399107509e+02 2.152796157932983476e+02
3.309287950275208345e+02 2.158297984427578626e+02
3.317814301122948564e+02 2.163840853774361506e+02
3.326329361415339463e+02 2.169426247045256844e+02
3.334832200218085632e+02 2.175055387511576441e+02
3.343321907502503336e+02 2.180729720298582208e+02
3.351796623705700426e+02 2.186451795829959224e+02
3.360253522099737893e+02 2.192224683012971411e+02
3.368689778814049305e+02 2.198051555867111233e+02
3.377102533378214275e+02 2.203935742326275147e+02
3.385488513429831414e+02 2.209879956241299226e+02
3.393844833325204604e+02 2.215887415061287413e+02
3.402168189174485065e+02 2.221960700499435006e+02
3.410455453681522613e+02 2.228102691506479687e+02
3.418703212099404709e+02 2.234315936481602023e+02
3.426908140924402915e+02 2.240603165855012264e+02
3.435066787235710422e+02 2.246966485595982306e+02
3.443176195452145407e+02 2.253408371009986695e+02
3.451232770300377410e+02 2.259930387653344610e+02
3.459233394719670400e+02 2.266534794042473777e+02
3.467174642190794884e+02 2.273223535924002192e+02
3.475053135878540616e+02 2.279997926789382916e+02
3.482866037042766720e+02 2.286859373315423625e+02
3.490610333586137131e+02 2.293809097249352931e+02
3.498282967757535857e+02 2.300848318794583065e+02
3.505880666323633363e+02 2.307977915440146717e+02
3.513400623584384448e+02 2.315198801765581322e+02
3.520840211881861705e+02 2.322511460733042554e+02
3.528196772775199292e+02 2.329916326395727140e+02
3.535467598422376341e+02 2.337413797211310111e+02
3.542649936663491985e+02 2.345004229443411816e+02
3.549741229402645217e+02 2.352687846779969334e+02
3.556739108023027143e+02 2.360464631757221525e+02
3.563641034417358924e+02 2.368334250367825859e+02
3.570444639930879589e+02 2.376296666533317818e+02
3.577147585990858261e+02 2.384352041915215921e+02
3.583747139123939860e+02 2.392499683043585890e+02
3.590241060941351634e+02 2.400739496584220376e+02
3.596626874170240740e+02 2.409071063859140622e+02
3.602902106685527883e+02 2.417494039674805890e+02
3.609064077337587264e+02 2.426007717532651213e+02
3.615110309225050287e+02 2.434612071996006080e+02
3.621037820355305143e+02 2.443306540669146614e+02
3.626843612280009665e+02 2.452090549359557485e+02
3.632524760851134715e+02 2.460963756744505702e+02
3.638078169354909619e+02 2.469925607667511827e+02
3.643500429926645552e+02 2.478975618921822957e+02
3.648787707578113668e+02 2.488113507633783854e+02
3.653936083996800903e+02 2.497339068267245636e+02
3.658941251046851448e+02 2.506651256571081205e+02
3.663799261199040416e+02 2.516049969120827825e+02
3.668505256950118678e+02 2.525534529829947417e+02
3.673053618887032030e+02 2.535104826148143786e+02
3.677438370065898994e+02 2.544760196558799521e+02
3.681653613617189080e+02 2.554500340341936919e+02
3.685693167698603361e+02 2.564324420652042136e+02
3.689551979068955916e+02 2.574230786035032565e+02
3.693227205979867449e+02 2.584216559476734005e+02
3.696716178441811280e+02 2.594278641980555449e+02
3.700016171650287902e+02 2.604413915511088931e+02
3.703124437158542719e+02 2.614619531119807334e+02
3.706037842565592086e+02 2.624891334983701086e+02
3.708753597660030437e+02 2.635226223290707139e+02
3.711268638163477362e+02 2.645620553251119986e+02
3.713579732084719467e+02 2.656070186917842761e+02
3.715683656694162096e+02 2.666571233762072097e+02
3.717577314214260582e+02 2.677119049238297066e+02
3.719258302218347012e+02 2.687708788525165460e+02
3.720724261139149576e+02 2.698336091793922265e+02
3.721972487844843727e+02 2.708994813636571735e+02
3.723000481643196053e+02 2.719680017899394215e+02
3.723806017663746388e+02 2.730385800343510709e+02
3.724388051327716198e+02 2.741105722474209188e+02
3.724745678808854450e+02 2.751833267608246842e+02
3.724877917281249324e+02 2.762561804440110791e+02
3.724783739211913485e+02 2.773284131980996676e+02
3.724462624189824851e+02 2.783993073940266640e+02
3.723915297987077793e+02 2.794680999570614972e+02
3.723142714499760473e+02 2.805340002049444479e+02
3.722145775355832029e+02 2.815962425984599236e+02
3.720925539746910999e+02 2.826539731061842531e+02
3.719483302903974504e+02 2.837064082804320719e+02
3.717821145079361713e+02 2.847527045966976971e+02
3.715941424973049720e+02 2.857920173622895845e+02
3.713846670460449673e+02 2.868235063040089585e+02
3.711539376247093855e+02 2.878463569147304497e+02
3.709022398202658337e+02 2.888597173586405802e+02
3.706298586376150865e+02 2.898627800165681379e+02
3.703370999724682520e+02 2.908547412312544793e+02
3.700242922341642497e+02 2.918348186049475430e+02
3.696918048133462094e+02 2.928022598363859288e+02
3.693399955362908145e+02 2.937563482333571869e+02
3.689691493322861220e+02 2.946963895882732345e+02
3.685795681423783208e+02 2.956217337188477927e+02
3.681715931624427753e+02 2.965317888720515498e+02
3.677455886778206491e+02 2.974260070187154952e+02
3.673019693666116154e+02 2.983039686405560360e+02
3.668411729263104917e+02 2.991652990976330102e+02
3.663636580985647697e+02 3.000097452550314756e+02
3.658699056142893369e+02 3.008371954309922671e+02
3.653604078611047612e+02 3.016476384086485609e+02
