3.648319616127598692e+02 3.024393072613524964e+02
3.643326066306448752e+02 3.032388197536512280e+02
3.638164694606571175e+02 3.040257512256194445e+02
3.632834495538426722e+02 3.048005830822847884e+02
3.627335729582678141e+02 3.055635830836998252e+02
3.621668968253039793e+02 3.063149904762628921e+02
3.615835137208055698e+02 3.070549991319436458e+02
3.609835402993759885e+02 3.077837949122534837e+02
3.603671331845734471e+02 3.085015272487352149e+02
3.597344997359689955e+02 3.092082587968819780e+02
3.590858352175615096e+02 3.099041128743055538e+02
3.584214121167791518e+02 3.105891117823233003e+02
3.577415157945507076e+02 3.112632952147858418e+02
3.570464592981676333e+02 3.119266874435696764e+02
3.563365832105615709e+02 3.125792781280121631e+02
3.556122303827539213e+02 3.132210640936640402e+02
3.548737731695115372e+02 3.138519910402397386e+02
3.541215557765539756e+02 3.144720164053845792e+02
3.533559550203490289e+02 3.150810386872382196e+02
3.525773270687597574e+02 3.156789873065444567e+02
3.517860591316402861e+02 3.162657414765234307e+02
3.509825150798419600e+02 3.168411979833309147e+02
3.501670611925309800e+02 3.174052067165057451e+02
3.493400535467734471e+02 3.179576094990782735e+02
3.485018513608254125e+02 3.184982279482488252e+02
3.476528071481750430e+02 3.190268965832671597e+02
3.467932776038424549e+02 3.195434182383804682e+02
3.459236041791029379e+02 3.200475879934570571e+02
3.450441260901055216e+02 3.205391810878923593e+02
3.441551825635909836e+02 3.210179741542847296e+02
3.432571079560821090e+02 3.214837299354990705e+02
3.423502358810299597e+02 3.219362086270769510e+02
3.414348942469302983e+02 3.223751643208220230e+02
3.405114151639771194e+02 3.228003515459130313e+02
3.395801236493677493e+02 3.232115174495326642e+02
3.386413493316742347e+02 3.236084071632320160e+02
3.376954100429958316e+02 3.239907597818979070e+02
3.367426357796061893e+02 3.243583324627229558e+02
3.357833443540411054e+02 3.247108841292133548e+02
3.348178720846736951e+02 3.250481745715605371e+02
3.338465340434146356e+02 3.253699583808078160e+02
3.328696478397007468e+02 3.256759866536690424e+02
3.318875348512960954e+02 3.259660312555413952e+02
3.309005352757343985e+02 3.262398796430551329e+02
3.299089391216581362e+02 3.264973070440304923e+02
3.289130986819789655e+02 3.267380926538016865e+02
3.279133120072731913e+02 3.269620120060417321e+02
3.269098990714981596e+02 3.271688471715139030e+02
3.259031799948743924e+02 3.273583851994742417e+02
3.248934742354758214e+02 3.275304115677167260e+02
3.238811009161908601e+02 3.276847101631137207e+02
3.228663824636716413e+02 3.278210965772180430e+02
3.218496511053627387e+02 3.279397250172798977e+02
3.208312909979441088e+02 3.280409645196793917e+02
3.198116033064206931e+02 3.281251775915318376e+02
3.187909328237324758e+02 3.281927345663584674e+02
3.177695565972214240e+02 3.282439984191798885e+02
3.167477509362123556e+02 3.282793084695683774e+02
3.157257829872835941e+02 3.282989916510265402e+02
3.147039011427451101e+02 3.283033740858782608e+02
3.136823294522134233e+02 3.282927763093121030e+02
3.126612947412572794e+02 3.282675191736228726e+02
3.116410050066611461e+02 3.282279157244159933e+02
3.106216550892242481e+02 3.281742721205670819e+02
3.096034147107662307e+02 3.281068845139083123e+02
3.085864813163917688e+02 3.280260587020228513e+02
3.075710013246394965e+02 3.279320888138530563e+02
3.065571409684141599e+02 3.278252774850656124e+02
3.055450295918109873e+02 3.277059182539036897e+02
3.045348234209755560e+02 3.275743152791823150e+02
3.035266368302422961e+02 3.274307613410949216e+02
3.025205840255559337e+02 3.272755439211420594e+02
3.015167881015869966e+02 3.271089680436098206e+02
3.005153445102439491e+02 3.269313397726506309e+02
2.995163458987730110e+02 3.267429625976833449e+02
2.985198779851684208e+02 3.265441375042018421e+02
2.975260187772646532e+02 3.263351634504087997e+02
2.965348375051158882e+02 3.261163477570571558e+02
2.955463945673083686e+02 3.258880047870717362e+02
2.945607410193821352e+02 3.256504436407514049e+02
2.935779244370765468e+02 3.254039733130902050e+02
2.925979838127034895e+02 3.251489023947841019e+02
2.916209472147248789e+02 3.248855409472309930e+02
2.906468347945133814e+02 3.246141968165953813e+02
2.896756639726949629e+02 3.243351837583505812e+02
2.887074403787237316e+02 3.240488116790949675e+02
2.877421642864600244e+02 3.237553748379189642e+02
2.867798287181116734e+02 3.234551842875691250e+02
2.858204215539869892e+02 3.231485285358081683e+02
2.848639191590819451e+02 3.228357084457186374e+02
2.839102995619301737e+02 3.225170069636951098e+02
2.829595216047094937e+02 3.221927179451091092e+02
2.820115561680293581e+02 3.218631108970938044e+02
2.810663492739620892e+02 3.215284579738689672e+02
2.801238561893871974e+02 3.211890214381598980e+02
2.791840247717770467e+02 3.208450567868590610e+02
2.782467827399170233e+02 3.204968226052197906e+02
2.773120703033562222e+02 3.201445615120256321e+02
2.763798257968297776e+02 3.197884971592762327e+02
2.754499606797753017e+02 3.194288550398853772e+02
2.745224021539099795e+02 3.190658557784314553e+02
2.735970671052349417e+02 3.186997112161187147e+02
2.726739022559110026e+02 3.183305299300934621e+02
2.717528742428896180e+02 3.179582922553973390e+02
2.708339739164308639e+02 3.175829687217116089e+02
2.699171870553219605e+02 3.172045258020750680e+02
2.690025008997111513e+02 3.168229279689625741e+02
2.680899093917549862e+02 3.164381370733738095e+02
2.671793948084738872e+02 3.160501134419672553e+02
2.662709486325713897e+02 3.156588176671866677e+02
2.653645655682622078e+02 3.152642078242289472e+02
2.644602396961993804e+02 3.148662393767723415e+02
2.635579657908139097e+02 3.144648676359560682e+02
2.626577388554317736e+02 3.140600487052767562e+02
2.617595550564120686e+02 3.136517369888854319e+02
2.608634120429172754e+02 3.132398849559474456e+02
2.599693132527302168e+02 3.128244429571736873e+02
2.590772480321657554e+02 3.124053607698735391e+02
2.581872186880618756e+02 3.119825941048063669e+02
2.572992239663203691e+02 3.115560951881258802e+02
2.564132636603981723e+02 3.111258142394175934e+02
2.555293386085182590e+02 3.106916994997719712e+02
2.546474493521782279e+02 3.102536999324797193e+02
2.537675948910802788e+02 3.098117674082957365e+02
2.528897747954890178e+02 3.093658521823850833e+02
2.520139887234212210e+02 3.089159023221480425e+02
2.511401550443169981e+02 3.084618604202733536e+02
2.502681031213792551e+02 3.080036963138260830e+02
2.493977707224294136e+02 3.075414479533395706e+02
2.485291124502498121e+02 3.070751593321919586e+02
2.476620791192209197e+02 3.066048710518336406e+02
2.467966218928393403e+02 3.061306224623880894e+02
2.459326955091782736e+02 3.056524531309049166e+02
2.450702516935767221e+02 3.051704022738225035e+02
2.442092423781946877e+02 3.046845071746349163e+02
2.433496199448480013e+02 3.041948027944602586e+02
2.424913372424771580e+02 3.037013217634259945e+02
2.416343475950810387e+02 3.032040943836445877e+02
2.407786048052356307e+02 3.027031486347202076e+02
2.399240631867118339e+02 3.021985101326370113e+02
2.390706826157206706e+02 3.016902020471254104e+02
2.382184110187807562e+02 3.011782428168757519e+02
2.373672076375660822e+02 3.006626510762928319e+02
2.365170339957718681e+02 3.001434371301523356e+02
2.356678523778603846e+02 2.996206079085379770e+02
2.348196258707757806e+02 2.990941680018146371e+02
2.339723213758076383e+02 2.985641190271766732e+02
2.331259052536165655e+02 2.980304555788828225e+02
2.322803504594707249e+02 2.974931622221876637e+02
2.314356378255565403e+02 2.969522204346513377e+02
2.305917476876491037e+02 2.964076081747614353e+02
2.297486676647120873e+02 2.958592974357047183e+02
2.289064134480231019e+02 2.953072155329551265e+02
2.280651383165836137e+02 2.947511433203613365e+02
2.272250271656214125e+02 2.941908315713557727e+02
2.263862690251534389e+02 2.936260379315017417e+02
2.255490600166013451e+02 2.930565271254985191e+02
2.247136109703250781e+02 2.924820527031275219e+02
2.238801503411163480e+02 2.919023715422161445e+02
2.230489160033641554e+02 2.913172353382029769e+02
2.222201549703091530e+02 2.907263952986987192e+02
2.213941241199352987e+02 2.901296230709141355e+02
2.205710814207333499e+02 2.895266694434100714e+02
2.197513033697696585e+02 2.889173208435156539e+02
2.189350604862993634e+02 2.883013374361991623e+02
2.181226436254497116e+02 2.876785075969998502e+02
2.173143446372143046e+02 2.870486180444405022e+02
2.165104528360862162e+02 2.864114416791566669e+02
2.157112716170173599e+02 2.857668158341106732e+02
2.149170835530105421e+02 2.851145486488205165e+02
2.141281869696007334e+02 2.844544591985433044e+02
2.133448908434349676e+02 2.837863770699690349e+02
2.125675069118014164e+02 2.831101501985353934e+02
2.117963172677295631e+02 2.824256401340215916e+02
2.110316078521529732e+02 2.817327247192670256e+02
2.102736708401274370e+02 2.810312859327121942e+02
2.095228047323894032e+02 2.803212100561078159e+02
2.087793078814797241e+02 2.796023931839516194e+02
2.080434532595658652e+02 2.788747612096501030e+02
2.073155095656713058e+02 2.781382502576465754e+02
2.065957440972276800e+02 2.773927822281675049e+02
2.058844559009243369e+02 2.766383327464923809e+02
2.051819163107950317e+02 2.758748412861976931e+02
2.044883715336342220e+02 2.751022488665893206e+02
2.038041100038479101e+02 2.743205946227105869e+02
2.031293639911958451e+02 2.735298099665832297e+02
2.024644308775118589e+02 2.727299358207957312e+02
2.018095535225148467e+02 2.719209094328026026e+02
2.011650248183679253e+02 2.711027859851959647e+02
2.005310995716451998e+02 2.702755620642253120e+02
1.999080493100140927e+02 2.694392504061294744e+02
1.992961553523997509e+02 2.685938726016147484e+02
1.986957064866318774e+02 2.677394544131791463e+02
1.981070024908546543e+02 2.668760242017958717e+02
1.975303521615262241e+02 2.660036149172562432e+02
1.969660721230956995e+02 2.651222655026423354e+02
1.964144741664240144e+02 2.642319817827652173e+02
1.958759229527429397e+02 2.633328706966087225e+02
1.953507661565905380e+02 2.624249143626445857e+02
1.948394198441968115e+02 2.615082027301325525e+02
1.943422690989669377e+02 2.605827348214887138e+02
1.938597484972007123e+02 2.596486071167159366e+02
1.933922535503172639e+02 2.587059052750743717e+02
1.929399492289598470e+02 2.577548403261787371e+02
1.925028981982493974e+02 2.567956849159047579e+02
1.920811624916460687e+02 2.558286850454695696e+02
1.916748345767265960e+02 2.548541664514152387e+02
1.912839761976399870e+02 2.538723352927006829e+02
1.909087080586693332e+02 2.528834956836918195e+02
1.905491356327508186e+02 2.518878434913389412e+02
1.902054071120607830e+02 2.508856831798156577e+02
1.898776564051718765e+02 2.498772516953053753e+02
1.895660320835538073e+02 2.488627904668119868e+02
1.892706878661980738e+02 2.478425636635164722e+02
1.889917855119189483e+02 2.468168752021502712e+02
1.887294772437499830e+02 2.457859012281865887e+02
1.884839675151551148e+02 2.447500051936690966e+02
1.882554373576051319e+02 2.437094082018406311e+02
1.880440733632734407e+02 2.426644022198522350e+02
1.878500591860834845e+02 2.416152881196281044e+02
1.876735919409209430e+02 2.405623159467696439e+02
1.875148966597477624e+02 2.395058617697653744e+02
1.873741961963559106e+02 2.384461553794540123e+02
1.872517187349997130e+02 2.373835475028364215e+02
1.871476852993837383e+02 2.363183454485302946e+02
1.870623379508817550e+02 2.352508990843258232e+02
1.869959356805855748e+02 2.341815386386809621e+02
1.869487598870906879e+02 2.331105941945359916e+02
1.869210950191653637e+02 2.320384094736666327e+02
1.869132301363144961e+02 2.309653613136294723e+02
1.869254703568796288e+02 2.298918356032681629e+02
1.869581446141559979e+02 2.288181982508524754e+02
1.870116045381889762e+02 2.277448390722009606e+02
1.870862166011927741e+02 2.266721515490122272e+02
1.871823549431457536e+02 2.256005672904541086e+02
1.873004047991919947e+02 2.245305307638149657e+02
1.874407825576950017e+02 2.234624488765848298e+02
1.876038997112402740e+02 2.223968202508843319e+02
1.877901959888861541e+02 2.213340959151240668e+02
1.880001117188641615e+02 2.202747841006440126e+02
1.882340808124019986e+02 2.192194086181181660e+02
1.884925620790286018e+02 2.181684503848697716e+02
1.887759432907625978e+02 2.171225347130606735e+02
1.890846566455888365e+02 2.160821752792916470e+02
1.894191025651575728e+02 2.150479668655148089e+02
1.897796374960841206e+02 2.140205139397021981e+02
1.901665645695794638e+02 2.130004254296270005e+02
1.905801268747750328e+02 2.119883095275469600e+02
1.910205392361676218e+02 2.109847862872380233e+02
1.914879381945948182e+02 2.099905202379125342e+02
1.919814218935277097e+02 2.090069639147391456e+02
1.924997311298226919e+02 2.080350595112261090e+02
1.930419379157748097e+02 2.070748813491289582e+02
1.936074668008529045e+02 2.061266581616395968e+02
1.941960695127930023e+02 2.051908634770529147e+02
1.948074388040944882e+02 2.042679793849903263e+02
1.954411878754533802e+02 2.033584900717490314e+02
1.960968676888244033e+02 2.024628700281171518e+02
1.967740419686239193e+02 2.015815629105122753e+02
1.974721575643345659e+02 2.007150869485212468e+02
1.981907140952204145e+02 1.998638811997791151e+02
1.989291368123651296e+02 1.990284193766779310e+02
1.996868246402134446e+02 1.982091637478478106e+02
2.004631688845093436e+02 1.974065355760059219e+02
2.012575510229034421e+02 1.966209226632329035e+02
2.020693300182630594e+02 1.958527190314881921e+02
2.028978515105201268e+02 1.951023170676454299e+02
2.037425399778691713e+02 1.943700674956110674e+02
2.046026536461789362e+02 1.936563340422125066e+02
2.054776347183888845e+02 1.929613007739687589e+02
2.063667187199991133e+02 1.922852550837676517e+02
2.072693089418247610e+02 1.916284026217719259e+02
2.081848186628796213e+02 1.909909625210137847e+02
2.091125414992794731e+02 1.903731205591542448e+02
2.100518969222049748e+02 1.897748965195916355e+02
2.110021869660018297e+02 1.891963582256065592e+02
2.119628410666926186e+02 1.886375321429042344e+02
2.129332724355819835e+02 1.880984632421293270e+02
2.139129564224580804e+02 1.875791166841469817e+02
2.149011966067593278e+02 1.870794022900212497e+02
2.158975191188299334e+02 1.865991599998657762e+02
2.169013865605728597e+02 1.861382679811072194e+02
2.179122807080435109e+02 1.856966065160603137e+02
2.189296959310431134e+02 1.852740147192108111e+02
2.199531318270375095e+02 1.848702620468526447e+02
2.209822313041095754e+02 1.844850958692333904e+02
2.220164199986547260e+02 1.841183181604315848e+02
2.230553732811501106e+02 1.837696828182462809e+02
2.240986870621495370e+02 1.834389610036118654e+02
2.251459727211558004e+02 1.831259003305999329e+02
2.261968624166086386e+02 1.828302487613821086e+02
2.272510358337120806e+02 1.825517558673886356e+02
2.283081924134811800e+02 1.822901799322369243e+02
2.293679765364947514e+02 1.820453008639902066e+02
2.304301310577035338e+02 1.818169091543428806e+02
2.314944069906809432e+02 1.816048081358188142e+02
2.325605314576648652e+02 1.814088114317766269e+02
2.336282493369841404e+02 1.812287360641363989e+02
2.346973363361707356e+02 1.810644332783279538e+02
2.357675551598539982e+02 1.809158258686493355e+02
2.368386942948158662e+02 1.807828478492339457e+02
2.379106346902942732e+02 1.806654409677965134e+02
2.389830182553275790e+02 1.805635580113894321e+02
2.400558080922000102e+02 1.804770947676864807e+02
2.411286667700516944e+02 1.804058434705559364e+02
2.422014493043507741e+02 1.803495738282825869e+02
2.432739680304221679e+02 1.803080649009795309e+02
2.443460361017055504e+02 1.802810998166431204e+02
2.454174759103892995e+02 1.802684958935636530e+02
2.464881186409998577e+02 1.802701527700046711e+02
2.475577991716893962e+02 1.802859859407318197e+02
2.486263550871732377e+02 1.803159141993254195e+02
2.496936803814866153e+02 1.803598663878141224e+02
2.507595318185048541e+02 1.804177783778855542e+02
2.518238063690875492e+02 1.804896339978886317e+02
2.528863502536967758e+02 1.805754278417839771e+02
2.539469855319898386e+02 1.806751539618579443e+02
2.550055405154993764e+02 1.807888067665971334e+02
2.560619366949336495e+02 1.809163979210263733e+02
2.571159031980407690e+02 1.810579182275859011e+02
2.581673344745082659e+02 1.812133750247986086e+02
2.592160647601926371e+02 1.813827750387229685e+02
2.602619264325073232e+02 1.815661264170656466e+02
2.613047514327829504e+02 1.817634232531466694e+02
2.623443750474352782e+02 1.819746096452967095e+02
2.633806336371690122e+02 1.821996202478905502e+02
2.644133637228631528e+02 1.824383908575921112e+02
2.654424018229692592e+02 1.826908583114459077e+02
2.664675879169468544e+02 1.829569311633061659e+02
2.674887765837278835e+02 1.832364122772026178e+02
2.685058359907812360e+02 1.835290835714550610e+02
2.695186508678331165e+02 1.838347339463223307e+02
2.705270355369962090e+02 1.841531329137245052e+02
2.715309020392876391e+02 1.844840331495504131e+02
2.725301965014857615e+02 1.848270527500614264e+02
2.735247592439171171e+02 1.851817389729927186e+02
2.745145999315152494e+02 1.855476837582335747e+02
2.754996150041844203e+02 1.859244506384328020e+02
2.764797881957087498e+02 1.863115921817822027e+02
2.774551032857916653e+02 1.867085140769210057e+02
2.784255963006385173e+02 1.871145976051467130e+02
2.793912768584119704e+02 1.875292125823456502e+02
2.803522420946905527e+02 1.879517617838787373e+02
2.813085047219339572e+02 1.883815962093002554e+02
2.822602188656567819e+02 1.888180295136022266e+02
2.832074945589235426e+02 1.892603354894440315e+02
2.841504726417514348e+02 1.897077935379670919e+02
2.850893428759761719e+02 1.901597057359063854e+02
2.860242804167370991e+02 1.906153683310122062e+02
2.869554830790955862e+02 1.910740785249404041e+02
2.878831866727995816e+02 1.915351497618202643e+02
2.888076435310567263e+02 1.919979083177302357e+02
2.897290998818869525e+02 1.924616724982522840e+02
2.906478228581764256e+02 1.929258470590070544e+02
2.915639643187986962e+02 1.933902366611549724e+02
2.924776324214036549e+02 1.938547908095320622e+02
2.933889378606359628e+02 1.943194666229033771e+02
2.942979817455521356e+02 1.947842130740515643e+02
2.952048775168510701e+02 1.952490025134219707e+02
2.961097105735794912e+02 1.957138711203479318e+02
2.970125562415730656e+02 1.961788824536657216e+02
2.979134882395302952e+02 1.966441031153114523e+02
2.988125794399503548e+02 1.971096069222195695e+02
2.997098957255739151e+02 1.975754652426344933e+02
3.006054954462693445e+02 1.980417858953631480e+02
3.014994271225539819e+02 1.985086901270503859e+02
3.023917363683600570e+02 1.989763016359294738e+02
3.032824659708447825e+02 1.994447465307368645e+02
3.041716552907182063e+02 1.999141546343040829e+02
3.050593360959193205e+02 2.003846682460466297e+02
3.059455335851200743e+02 2.008564393724586523e+02
3.068302714148554173e+02 2.013296164137973676e+02
3.077135695199335714e+02 2.018043526434117041e+02
3.085954439768993325e+02 2.022808035166821981e+02
3.094759066929315736e+02 2.027591278280943357e+02
3.103549656932053722e+02 2.032394869574963536e+02
3.112326254314286302e+02 2.037220441187273536e+02
3.121088867557955382e+02 2.042069643047531144e+02
3.129837547905592032e+02 2.046944019225678915e+02
3.138572725701054651e+02 2.051844460646322830e+02
3.147294914269359651e+02 2.056771577566810265e+02
3.156004549433958459e+02 2.061726006424077298e+02
3.164702023910417665e+02 2.066708394765702508e+02
3.173387685588826344e+02 2.071719401683832018e+02
3.182061827807749523e+02 2.076759713766920470e+02
3.190724694115482976e+02 2.081830036833893871e+02
3.199376478055751818e+02 2.086931102333285253e+02
3.208017335804107120e+02 2.092063634758436024e+02
3.216647389013393195e+02 2.097228344883147599e+02
3.225266677822606880e+02 2.102426030179987322e+02
3.233875172578405568e+02 2.107657526485515973e+02
3.242472801472301853e+02 2.112923674380252237e+02
3.251059449206741760e+02 2.118225341864003326e+02
3.259634949358327276e+02 2.123563393729177449e+02
3.268199031314888998e+02 2.128938735577877708e+02
3.276751354637672193e+02 2.134352388986007725e+02
3.285291520148117570e+02 2.139805365615519577e+02
3.293819094451131377e+02 2.145298739077438483e+02
3.302333552112481811e+02 2.150833473539338456e+02
3.310834273930857989e+02 2.156410684207806412e+02
3.319320530260911255e+02 2.162031602955981668e+02
3.327791559725899901e+02 2.167697563349580889e+02
3.336246421469984398e+02 2.173409613354918122e+02
3.344684237540179765e+02 2.179169043285090197e+02
3.353103295314604111e+02 2.184978129498428814e+02
3.361500984678288546e+02 2.190839546869165986e+02
3.369874731990196892e+02 2.196756098232400518e+02
3.378221947094619964e+02 2.202730757833914481e+02
3.386539600544160749e+02 2.208765858702411435e+02
3.394825111578247743e+02 2.214864277707787892e+02
3.403075464846301657e+02 2.221028225454159610e+02
3.411287852230932458e+02 2.227260238068697333e+02
3.419459174909076182e+02 2.233562517819172228e+02
3.427586443144896862e+02 2.239937468780718746e+02
3.435666512048572372e+02 2.246386892228435102e+02
3.443696733846626330e+02 2.252913004849887670e+02
3.451673809213672826e+02 2.259517103624750121e+02
3.459594939810558571e+02 2.266201202935676804e+02
3.467457016403704984e+02 2.272967007629870864e+02
3.475256936701323980e+02 2.279815639643940131e+02
3.482992095908790589e+02 2.286748369951459097e+02
3.490659715734296356e+02 2.293766290362111420e+02
3.498256976064091646e+02 2.300870496773752905e+02
3.505780843726103058e+02 2.308061750166489787e+02
3.513228704705652490e+02 2.315340898034979489e+02
3.520598066075563679e+02 2.322708408912511970e+02
3.527886401935641061e+02 2.330164707831823989e+02
3.535091137917751780e+02 2.337710187087827762e+02
3.542209655156518693e+02 2.345345200621788990e+02
3.549239490609937775e+02 2.353070001490378615e+02
3.556178323397686540e+02 2.360884638934187194e+02
3.563023661825706085e+02 2.368788851776497211e+02
3.569773179430886216e+02 2.376782673070894987e+02
3.576424575857340642e+02 2.384866330736971349e+02
3.582975146743835921e+02 2.393039220991787204e+02
3.589422651855705908e+02 2.401301344107563409e+02
3.595764612122614494e+02 2.409652380002550842e+02
3.601998550597736539e+02 2.418092079544203159e+02
3.608121783612360787e+02 2.426619837366839647e+02
3.614131830238606540e+02 2.435235710933479538e+02
3.620025721942292307e+02 2.443939223700943728e+02
3.625800472918652417e+02 2.452729886194600795e+02
3.631453167005044520e+02 2.461607436295908826e+02
3.636980716966845648e+02 2.470571401241834906e+02
3.642379754126506555e+02 2.479621362908545450e+02
3.647646529400145710e+02 2.488757076676042743e+02
3.652777213485733228e+02 2.497978373260835383e+02
3.657767596664530174e+02 2.507284264144641099e+02
3.662613818851096426e+02 2.516674682511291223e+02
3.667311182030634882e+02 2.526148976352555735e+02
3.671854330695433646e+02 2.535707004105674116e+02
3.676237570579934868e+02 2.545348090867395570e+02
3.680455285469787441e+02 2.555071922972947789e+02
3.684501581697296047e+02 2.564877671785872053e+02
3.688371664734807496e+02 2.574763723970832530e+02
3.692062893314292182e+02 2.584727281851514817e+02
3.695572793327127101e+02 2.594765340992697702e+02
3.698898836699998469e+02 2.604874888845941996e+02
3.702038470169604238e+02 2.615053187845415437e+02
3.704988771146727231e+02 2.625296233838340640e+02
3.707747156258542987e+02 2.635601060034605894e+02
3.710310773477196449e+02 2.645964186794631132e+02
3.712676605840285333e+02 2.656381664510971632e+02
3.714841642279133680e+02 2.666849802641353335e+02
3.716802951329497091e+02 2.677364201759669982e+02
3.718558189978526798e+02 2.687920309390705143e+02
3.720105037290321093e+02 2.698514068521693048e+02
3.721440830677739200e+02 2.709139678336428574e+02
3.722563096864558361e+02 2.719792543802963678e+02
3.723469548242028395e+02 2.730467151814225417e+02
3.724158865875147058e+02 2.741157516312046027e+02
3.724629828488443763e+02 2.751857582531268918e+02
3.724881120730095176e+02 2.762561184802170260e+02
3.724911365980862570e+02 2.773261591284971246e+02
3.724719594409974093e+02 2.783952109630520795e+02
3.724305851087038377e+02 2.794625620220984388e+02
3.723670351976165875e+02 2.805274710035197359e+02
3.722813236917835980e+02 2.815892200933486720e+02
3.721734775424959594e+02 2.826469982122901001e+02
3.720435419379344921e+02 2.837000642409757347e+02
3.718916293631384065e+02 2.847476121733693617e+02
3.717178759669692454e+02 2.857888294674029339e+02
3.715224321742637130e+02 2.868229019189026303e+02
3.713054425425210070e+02 2.878490375319458963e+02
3.710670883095710906e+02 2.888663939310214914e+02
3.708075569319712486e+02 2.898741698598390144e+02
3.705270566877833858e+02 2.908715585857618180e+02
3.702258169921270223e+02 2.918577662124404810e+02
3.699041079207830194e+02 2.928320155807624019e+02
3.695621950388168102e+02 2.937935596394312938e+02
3.692002968254299731e+02 2.947416653508770992e+02
3.688186554394180234e+02 2.956756343585768718e+02
3.684175546082157098e+02 2.965948169920533246e+02
3.679973030025489606e+02 2.974986025035415196e+02
3.675582674115514124e+02 2.983864862852809097e+02
3.671008402562354718e+02 2.992580097435883317e+02
3.666254436624541313e+02 3.001128199896605224e+02
3.661325321795103491e+02 3.009506914991342796e+02
3.656225805329096374e+02 3.017714944904100207e+02
