3.649392196219519633e+02 3.024945079947240743e+02
3.644400967498733621e+02 3.032988882738849838e+02
3.639236106531210453e+02 3.040905049595264131e+02
3.633897058290896780e+02 3.048697752629013280e+02
3.628384492585384464e+02 3.056369207713969445e+02
3.622699407769934510e+02 3.063921399861353621e+02
3.616843160490151377e+02 3.071355923280287925e+02
3.610817360917637302e+02 3.078674334370670067e+02
3.604624011940921946e+02 3.085877884497573405e+02
3.598265588206326129e+02 3.092967036654896447e+02
3.591744474002161951e+02 3.099942859176243815e+02
3.585063760826533894e+02 3.106805494708517585e+02
3.578226646131383859e+02 3.113555256051037077e+02
3.571236578296950483e+02 3.120192327968568407e+02
3.564097250640710399e+02 3.126716585739850984e+02
3.556812373018184417e+02 3.133127988454675119e+02
3.549385909750174619e+02 3.139426025742844217e+02
3.541821566119610907e+02 3.145610320216045466e+02
3.534123324950711549e+02 3.151679949917096337e+02
3.526294973892632925e+02 3.157634293339898477e+02
3.518340557776249966e+02 3.163472259273091822e+02
3.510263900371445516e+02 3.169192929118794382e+02
3.502068833481454817e+02 3.174794966109244569e+02
3.493759083093759727e+02 3.180276966539631758e+02
3.485338379296676408e+02 3.185637334788347061e+02
3.476810385373044596e+02 3.190874599757724468e+02
3.468178772063685642e+02 3.195986991477428774e+02
3.459447072946705930e+02 3.200972687292699561e+02
3.450618780481121348e+02 3.205829684201071359e+02
3.441697379159277261e+02 3.210555991907047542e+02
3.432686284121472227e+02 3.215149484936988529e+02
3.423588895608659755e+02 3.219608011510683809e+02
3.414408544603568316e+02 3.223929365329964867e+02
3.405148596995299499e+02 3.228111345385831328e+02
3.395812335463400018e+02 3.232151676811728862e+02
3.386403079826992553e+02 3.236048063376226764e+02
3.376924021913015963e+02 3.239798144184494504e+02
3.367378460792070314e+02 3.243399713152824120e+02
3.357769566152236393e+02 3.246850568267973927e+02
3.348100683680395946e+02 3.250148515030330714e+02
3.338374944931084656e+02 3.253291304067627152e+02
3.328595500631125788e+02 3.256276644377312550e+02
3.318765526862609931e+02 3.259102409473480861e+02
3.308888375565758793e+02 3.261766606838309599e+02
3.298966912029121659e+02 3.264267116008712719e+02
3.289004600150554438e+02 3.266601858191429528e+02
3.279004379641227160e+02 3.268768708152196609e+02
3.268969395014223664e+02 3.270765566579804613e+02
3.258902790013092954e+02 3.272590360475008424e+02
3.248807703116627863e+02 3.274240998798833857e+02
3.238687270777451204e+02 3.275715372649963228e+02
3.228544663087321851e+02 3.277011681763017918e+02
3.218383154661823369e+02 3.278131440395135883e+02
3.208206513312194375e+02 3.279078270841720837e+02
3.198017717740676176e+02 3.279855724728747646e+02
3.187820151021390416e+02 3.280467433433586280e+02
3.177616553556404142e+02 3.280916953655059274e+02
3.167409653902482773e+02 3.281207633493885965e+02
3.157202088104898507e+02 3.281342714679362302e+02
3.146996309860162455e+02 3.281325430147092561e+02
3.136794540210364630e+02 3.281158956093237293e+02
3.126599018287169542e+02 3.280846473433954884e+02
3.116411801748445214e+02 3.280391107959230794e+02
3.106234819161479095e+02 3.279795932659326922e+02
3.096069762992419214e+02 3.279063920658305165e+02
3.085918566599176529e+02 3.278198140692612697e+02
3.075782694273178208e+02 3.277201546360861357e+02
3.065663777538026125e+02 3.276077193353982011e+02
3.055563110119667840e+02 3.274828060940226919e+02
3.045482210042779911e+02 3.273457232653661890e+02
3.035422217559713545e+02 3.271967679875360204e+02
3.025384263410439303e+02 3.270362321164877244e+02
3.015369537828190118e+02 3.268644256342569747e+02
3.005378981250170227e+02 3.266816603931065970e+02
2.995413497777602174e+02 3.264882456115063292e+02
2.985473919724062739e+02 3.262844879568125407e+02
2.975561001305023296e+02 3.260706920159931883e+02
2.965675408303756626e+02 3.258471704002942033e+02
2.955817717594784995e+02 3.256142424587179107e+02
2.945988418820599009e+02 3.253722223269883216e+02
2.936187952977345503e+02 3.251214238307221081e+02
2.926416673857893898e+02 3.248621602636862349e+02
2.916674838991720549e+02 3.245947452194417906e+02
2.906962639468248426e+02 3.243194889971749717e+02
2.897280199613213654e+02 3.240367070849018774e+02
2.887627548131903268e+02 3.237467114328310345e+02
2.878004698393683043e+02 3.234497989656903201e+02
2.868411497043549048e+02 3.231462796510497810e+02
2.858847862599599807e+02 3.228364411894959858e+02
2.849313489804294477e+02 3.225205813738501774e+02
2.839808191369954784e+02 3.221989821463502608e+02
2.830331485764173749e+02 3.218719340698482370e+02
2.820883129495607022e+02 3.215397039254897891e+02
2.811462524127157394e+02 3.212025563987138526e+02
2.802069250026381155e+02 3.208607481567295281e+02
2.792702795060031917e+02 3.205145286981528443e+02
2.783362404044520417e+02 3.201641494556033081e+02
2.774047511444873066e+02 3.198098458581844739e+02
2.764757532829067372e+02 3.194518323442662222e+02
2.755491562214394889e+02 3.190903235652675107e+02
2.746248916292511808e+02 3.187255311374016173e+02
2.737028791663150855e+02 3.183576576205348942e+02
2.727830673793942537e+02 3.179868091773392393e+02
2.718654179411527139e+02 3.176129710279824963e+02
2.709499210932236792e+02 3.172361206061914345e+02
2.700365601325567013e+02 3.168562307161575973e+02
2.691253196333740902e+02 3.164732721138993270e+02
2.682161915295849894e+02 3.160872134861966742e+02
2.673091532901343612e+02 3.156980214429790408e+02
2.664041930589181675e+02 3.153056634001140424e+02
2.655013022543186594e+02 3.149101042846141354e+02
2.646004710291439892e+02 3.145113061821637075e+02
2.637016898294903058e+02 3.141092313964186928e+02
2.628049488054211906e+02 3.137038436330684021e+02
2.619102389883308888e+02 3.132951048428275271e+02
2.610175526674834714e+02 3.128829749323136298e+02
2.601268883515381845e+02 3.124674118769873985e+02
2.592382275273779442e+02 3.120483726428075784e+02
2.583515662274154465e+02 3.116258222534652305e+02
2.574668956959724824e+02 3.111997218170417909e+02
2.565842078833758251e+02 3.107700302370509462e+02
2.557034954353885041e+02 3.103367042389799053e+02
2.548247498942746745e+02 3.098997019657078340e+02
2.539479600280972988e+02 3.094589858841475802e+02
2.530731146432869139e+02 3.090145167325490547e+02
2.522002020697078137e+02 3.085662526924151621e+02
2.513291164039351031e+02 3.081141393629550294e+02
2.504596506921907633e+02 3.076581435842889505e+02
2.495917265426701874e+02 3.071983131766749011e+02
2.487252849943101296e+02 3.067347035933256620e+02
2.478602621951187075e+02 3.062673661617873790e+02
2.469965943353202533e+02 3.057963506571458652e+02
2.461342209417906872e+02 3.053217080757896156e+02
2.452730765759805536e+02 3.048434905171708920e+02
2.444130954199156918e+02 3.043617480151285690e+02
2.435542116835205775e+02 3.038765278784780435e+02
2.426963596294970102e+02 3.033878746785850922e+02
2.418394731725434212e+02 3.028958308726565178e+02
2.409834852951130983e+02 3.024004376297912700e+02
2.401283288923316661e+02 3.019017334917105018e+02
2.392739428207795811e+02 3.013997546639041047e+02
2.384202511538152578e+02 3.008945304664361515e+02
2.375671909484279638e+02 3.003860913374004440e+02
2.367147007228796554e+02 2.998744585456230425e+02
2.358627192074601169e+02 2.993596493658410509e+02
2.350111855195260375e+02 2.988416782031033563e+02
2.341600427424783106e+02 2.983205563798287585e+02
2.333092327069873591e+02 2.977962859620906215e+02
2.324587051887811242e+02 2.972688556667420698e+02
2.316084192822256966e+02 2.967382512752961929e+02
2.307583326663596210e+02 2.962044540631287646e+02
2.299084113138512180e+02 2.956674398957017047e+02
2.290586549263625784e+02 2.951271246473634733e+02
2.282092348921577525e+02 2.945832455246307404e+02
2.273603605137140846e+02 2.940355032206305737e+02
2.265122449240677156e+02 2.934836047742570599e+02
2.256651100922880744e+02 2.929272655476636373e+02
2.248191978999853120e+02 2.923661896516855450e+02
2.239747740045792455e+02 2.918000747901554064e+02
2.231321184518782275e+02 2.912286146516828467e+02
2.222915216903701605e+02 2.906515034726857607e+02
2.214532843795570045e+02 2.900684561079916080e+02
2.206177119256524293e+02 2.894791689080349784e+02
2.197851299024816569e+02 2.888833715976464305e+02
2.189558611442317329e+02 2.882807698867504200e+02
2.181302494536974450e+02 2.876710983033671027e+02
2.173086414221849054e+02 2.870540915235234820e+02
2.164913809212463889e+02 2.864294729900636867e+02
2.156788218991360111e+02 2.857970375453020893e+02
2.148712969938025310e+02 2.851565531933898683e+02
2.140691556717686126e+02 2.845078001230320410e+02
2.132727592845017170e+02 2.838505705002633590e+02
2.124824706881696557e+02 2.831846787722992644e+02
2.116986122012012004e+02 2.825099637479721650e+02
2.109215077165182777e+02 2.818262844226131847e+02
2.101514879943041763e+02 2.811335048743011384e+02
2.093888907527368417e+02 2.804314944613993248e+02
2.086340515743335970e+02 2.797201354874595722e+02
2.078872685761923549e+02 2.789993511084917373e+02
2.071488320021236405e+02 2.782690782554873863e+02
2.064190301643334919e+02 2.775292392385725293e+02
2.056981853645838783e+02 2.767798132828326061e+02
2.049865886861906290e+02 2.760207428228529807e+02
2.042844962476073647e+02 2.752519779853187742e+02
2.035922070072206225e+02 2.744735744633325680e+02
2.029099588528472111e+02 2.736854738962883857e+02
2.022380592081801751e+02 2.728877339082569051e+02
2.015767557645787633e+02 2.720803024803395260e+02
2.009263477088815364e+02 2.712632539789429416e+02
2.002870920952083509e+02 2.704366008801399062e+02
1.996592631051065325e+02 2.696003727517548896e+02
1.990431447296450642e+02 2.687546084314312225e+02
1.984390288946194403e+02 2.678993506506945437e+02
1.978472224959144796e+02 2.670346423763257917e+02
1.972680430065548194e+02 2.661605305271900193e+02
1.967018157007653656e+02 2.652770684377393877e+02
1.961488597040239483e+02 2.643842745364310645e+02
1.956095520685232430e+02 2.634822735665547953e+02
1.950842612533853639e+02 2.625710521759253311e+02
1.945734332402322764e+02 2.616507093848327941e+02
1.940774801902744571e+02 2.607212487503475700e+02
1.935968669124881387e+02 2.597827779069599501e+02
1.931320162867890247e+02 2.588353939119443794e+02
1.926831056628355725e+02 2.578793280533966481e+02
1.922502031828539373e+02 2.569148780570556596e+02
1.918333755937916010e+02 2.559423146283477308e+02
1.914327218977335008e+02 2.549619934486143791e+02
1.910483077722190615e+02 2.539741452174590677e+02
1.906802638625064219e+02 2.529791037422984346e+02
1.903287050346840772e+02 2.519770899237634580e+02
1.899937910060546358e+02 2.509684402337872768e+02
1.896756655747162199e+02 2.499534218791664273e+02
1.893744864188772681e+02 2.489323089332060306e+02
1.890904098021360085e+02 2.479054032474303426e+02
1.888235963286670369e+02 2.468730506639532223e+02
1.885741947139985371e+02 2.458354660171891624e+02
1.883424075011136836e+02 2.447930602818543662e+02
1.881284099052773797e+02 2.437460989193700698e+02
1.879323692507171870e+02 2.426949261375779940e+02
1.877544406669992156e+02 2.416398983811603500e+02
1.875947907415568352e+02 2.405813211124236091e+02
1.874536128581076468e+02 2.395196293929215869e+02
1.873310943229471661e+02 2.384551103624138477e+02
1.872274115385119160e+02 2.373881778744706992e+02
1.871427216159100908e+02 2.363192032544724270e+02
1.870771997401583917e+02 2.352485998131229508e+02
1.870310349509038303e+02 2.341767600094842408e+02
1.870044346820558587e+02 2.331040751949849437e+02
1.869975955323147900e+02 2.320309499599435981e+02
1.870107075974124484e+02 2.309578192829914940e+02
1.870439729215852935e+02 2.298851227948769065e+02
1.870976133816331526e+02 2.288132762702634295e+02
1.871718691418629987e+02 2.277427136442626079e+02
1.872669872601036900e+02 2.266738666092120695e+02
1.873832155296676660e+02 2.256071957061143678e+02
1.875208090638287217e+02 2.245431645917439312e+02
1.876800505051848802e+02 2.234821926502874589e+02
1.878612151305427176e+02 2.224247731752064396e+02
1.880646047966827155e+02 2.213713436413239322e+02
1.882905218397827127e+02 2.203223804197505160e+02
1.885392625069729604e+02 2.192783586668809335e+02
1.888111481403254572e+02 2.182396999693402506e+02
1.891064358969747730e+02 2.172069352154935586e+02
1.894254311682423975e+02 2.161804792730912936e+02
1.897684184774943219e+02 2.151607997729511226e+02
1.901356492007429324e+02 2.141483523917172818e+02
1.905273349186901441e+02 2.131435757723138238e+02
1.909436435223612420e+02 2.121468870906099085e+02
1.913847349885402878e+02 2.111586966622394073e+02
1.918507168113785326e+02 2.101794366616522041e+02
1.923407649094722558e+02 2.092101672434850457e+02
1.928537195356516349e+02 2.082514784719062959e+02
1.933887178380212788e+02 2.073032128259067690e+02
1.939453199668010086e+02 2.063654185611846401e+02
1.945234780632169418e+02 2.054384505716687102e+02
1.951230853261733671e+02 2.045227011145643417e+02
1.957439508927343184e+02 2.036185889960165980e+02
1.963858143796320519e+02 2.027265477864005447e+02
1.970484256572942741e+02 2.018470178143282396e+02
1.977314264276471931e+02 2.009805387087435804e+02
1.984344892710279566e+02 2.001276001586605560e+02
1.991572022671229263e+02 1.992887390142212496e+02
1.998991124647083382e+02 1.984644959788003291e+02
2.006597485923653323e+02 1.976553919802082078e+02
2.014386207475162962e+02 1.968619346692496208e+02
2.022352034263252278e+02 1.960846467446480688e+02
2.030489441270839279e+02 1.953240566863806293e+02
2.038793518427328593e+02 1.945806599924741818e+02
2.047257606481334165e+02 1.938549603924692235e+02
2.055876636975166036e+02 1.931472850099472680e+02
2.064643473122440298e+02 1.924580597402032822e+02
2.073552502300202889e+02 1.917876340081837725e+02
2.082598138526479943e+02 1.911363704119326314e+02
2.091773474395047856e+02 1.905045810670894753e+02
2.101072654309192274e+02 1.898923906221790787e+02
2.110488639543545446e+02 1.892999665946048822e+02
2.120015610777766142e+02 1.887274345643557467e+02
2.129647566117880615e+02 1.881749361789171360e+02
2.139379022504235763e+02 1.876425141579193792e+02
2.149202680310822018e+02 1.871301254763127986e+02
2.159113441739644941e+02 1.866376531029752641e+02
2.169105592219069365e+02 1.861650153927657527e+02
2.179173615322576438e+02 1.857121304938595188e+02
2.189312089599268347e+02 1.852788614285983613e+02
2.199515598690272213e+02 1.848649793113843316e+02
2.209780179555998529e+02 1.844702290129274616e+02
2.220099717390823457e+02 1.840944081310140632e+02
2.230470620578590797e+02 1.837372642883520371e+02
2.240888511211185801e+02 1.833985560143353268e+02
2.251349167894099423e+02 1.830780080037726236e+02
2.261848600325891141e+02 1.827753429666954901e+02
2.272383320303826224e+02 1.824902839314392793e+02
2.282950061520792246e+02 1.822225615274308552e+02
2.293545023274279515e+02 1.819719272381701671e+02
2.304165418010183828e+02 1.817381422901171106e+02
2.314808560162158813e+02 1.815209800216742053e+02
2.325471540997853879e+02 1.813202234625621543e+02
2.336151648282978499e+02 1.811356584611895642e+02
2.346846500616341302e+02 1.809671068756439922e+02
2.357553605021728629e+02 1.808144667424010947e+02
2.368270742652254057e+02 1.806776475902234154e+02
2.378996643788872234e+02 1.805565662649179330e+02
2.389727627734898192e+02 1.804511507492569535e+02
2.400463283102984633e+02 1.803612735210674884e+02
2.411200165707641929e+02 1.802867087679511258e+02
2.421936790681086507e+02 1.802272085117557197e+02
2.432671246740059416e+02 1.801825340891073495e+02
2.443401637009620231e+02 1.801524508379521308e+02
2.454126165813249543e+02 1.801367627892999224e+02
2.464843134032599892e+02 1.801353679505611751e+02
2.475550881021092380e+02 1.801481820101471669e+02
2.486247773703212260e+02 1.801751239383587802e+02
2.496932753629505157e+02 1.802161227399724908e+02
2.507603364830758608e+02 1.802711174764667703e+02
2.518258577326434988e+02 1.803401035746013292e+02
2.528896840972180371e+02 1.804230886841730808e+02
2.539516355500857969e+02 1.805200798774763484e+02
2.550115380550515169e+02 1.806310845448598172e+02
2.560693123244442404e+02 1.807561297939668918e+02
2.571246817595407492e+02 1.808952290174202631e+02
2.581775379309730170e+02 1.810484136215535216e+02
2.592277102484198963e+02 1.812157142691261242e+02
2.602750255696711861e+02 1.813971629485647270e+02
2.613193095409263833e+02 1.815927785974206188e+02
2.623603900995756248e+02 1.818025337420911569e+02
2.633980953625141410e+02 1.820263920905704254e+02
2.644322527722054019e+02 1.822643183301530883e+02
2.654626889391784061e+02 1.825162780107785636e+02
2.664892332468560312e+02 1.827822070977126145e+02
2.675117294214378489e+02 1.830619316162676284e+02
2.685300344401449024e+02 1.833552555501509573e+02
2.695440216133021636e+02 1.836619897220299720e+02
2.705534909108701527e+02 1.839819250092596690e+02
2.715583426148191393e+02 1.843148320323147971e+02
2.725585132443175098e+02 1.846603324308485128e+02
2.735538300679457961e+02 1.850179726178880060e+02
2.745442948674372019e+02 1.853873444150178784e+02
2.755297921390219926e+02 1.857680103811545678e+02
2.765102969460260169e+02 1.861595177272850776e+02
2.774857874028559763e+02 1.865612460368992060e+02
2.784562968031871719e+02 1.869725451241372980e+02
2.794218313800311080e+02 1.873927530600606701e+02
2.803824883505801040e+02 1.878212415087599538e+02
2.813382783691803297e+02 1.882573261925485326e+02
2.822893622951557404e+02 1.887002702904748332e+02
2.832358570664410991e+02 1.891492919424201773e+02
2.841779123693878546e+02 1.896036152814554328e+02
2.851157295120845561e+02 1.900624877523104601e+02
2.860494957439379959e+02 1.905251501476767828e+02
2.869794239233846724e+02 1.909908400755458331e+02
2.879057677600587795e+02 1.914588105685536163e+02
2.888287991949184175e+02 1.919283280055105934e+02
2.897487848538082744e+02 1.923986510565548258e+02
2.906660130275016627e+02 1.928691314846719251e+02
2.915806472137906553e+02 1.933395548843242295e+02
2.924928037038573052e+02 1.938098638664900761e+02
2.934026016169822242e+02 1.942800088557509923e+02
2.943101502867688168e+02 1.947499321475451097e+02
2.952155716482838557e+02 1.952196010789556340e+02
2.961189564951913553e+02 1.956890552286434684e+02
2.970203842500419569e+02 1.961583648663308566e+02
2.979199325642574081e+02 1.966276033465602495e+02
2.988176781305211307e+02 1.970968512901673932e+02
2.997136901457679983e+02 1.975661873204433903e+02
3.006080288715401707e+02 1.980357299401331659e+02
3.015007437983488785e+02 1.985056124506207027e+02
3.023918811850374482e+02 1.989759705612252958e+02
3.032814841419967138e+02 1.994469423372363508e+02
3.041695919621072903e+02 1.999186696487120685e+02
3.050562354767177453e+02 2.003913079323738771e+02
3.059414382998644442e+02 2.008650227605651253e+02
3.068252221882021331e+02 2.013399760247575330e+02
3.077076047278192732e+02 2.018163343401509451e+02
3.085885992663698403e+02 2.022942663959713911e+02
3.094682145297748548e+02 2.027739442037560593e+02
3.103464549329044644e+02 2.032555422699058738e+02
3.112233209182051610e+02 2.037392367718492494e+02
3.120988089197825275e+02 2.042252054916859265e+02
3.129729195306372276e+02 2.047136155826730999e+02
3.138456922624633876e+02 2.052045693313243078e+02
3.147171738474278300e+02 2.056981403305196636e+02
3.155874021920924406e+02 2.061944042136240682e+02
3.164564105255498703e+02 2.066934375310871985e+02
3.173242271962868699e+02 2.071953177367129797e+02
3.181908748326808904e+02 2.077001245873716755e+02
3.190563707839485232e+02 2.082079394021918404e+02
3.199207269851751221e+02 2.087188457918176425e+02
3.207839513604859008e+02 2.092329264816855243e+02
3.216460480963407917e+02 2.097502625710035318e+02
3.225070130416060010e+02 2.102709430907565888e+02
3.233668349904727393e+02 2.107950604425842016e+02
3.242254982264892647e+02 2.113227072546962404e+02
3.250829823295663914e+02 2.118539786029167828e+02
3.259392616108659126e+02 2.123889689901430700e+02
3.267943003882249968e+02 2.129277760722984283e+02
3.276480559244934057e+02 2.134705081548827366e+02
3.285004794924442990e+02 2.140172723811516562e+02
3.293515185589322982e+02 2.145681817216286902e+02
3.302011116637435748e+02 2.151233381776858380e+02
3.310491887718408748e+02 2.156828569280987153e+02
3.318956695132698087e+02 2.162468634073547946e+02
3.327404700130311994e+02 2.168154928038473201e+02
3.335834892184039404e+02 2.173888523046458374e+02
3.344246321352447353e+02 2.179670717408928340e+02
3.352637309994445332e+02 2.185503668488200049e+02
3.361005385955389215e+02 2.191389841295399492e+02
3.369348115798985646e+02 2.197331824749869043e+02
3.377663049884190514e+02 2.203332378540826255e+02
3.385947322451814898e+02 2.209393642599696364e+02
3.394198493308371098e+02 2.215518292581937772e+02
3.402413704698473680e+02 2.221708365838142072e+02
3.410590298339274113e+02 2.227966218004009136e+02
3.418725339026695451e+02 2.234293884021150234e+02
3.426815996349643001e+02 2.240693598072357986e+02
3.434859280681325799e+02 2.247167026610902383e+02
3.442852666032916886e+02 2.253716255169505587e+02
3.450793002823082816e+02 2.260342480258287310e+02
3.458677622417859538e+02 2.267047595078805671e+02
3.466503556114516300e+02 2.273833196999596851e+02
3.474267825470555522e+02 2.280700338048586389e+02
3.481967910468986247e+02 2.287650234554306508e+02
3.489601122086905320e+02 2.294683931667472905e+02
3.497164729965530228e+02 2.301802479573335916e+02
3.504655798459533003e+02 2.309006604982732824e+02
3.512071777003370698e+02 2.316297134555775870e+02
3.519410210460703752e+02 2.323674545821492359e+02
3.526668609115303639e+02 2.331139274675841477e+02
3.533844434757696149e+02 2.338691724835144896e+02
3.540935104158695026e+02 2.346332262646303946e+02
3.547938170900577575e+02 2.354061165546076495e+02
3.554851309383350326e+02 2.361878523903156974e+02
3.561672027001304741e+02 2.369784126110812679e+02
3.568397987698328393e+02 2.377778043867020017e+02
3.575026876331470476e+02 2.385860537054427368e+02
3.581555983862368748e+02 2.394031060094042687e+02
3.587983041298087414e+02 2.402289653793468176e+02
3.594305545848462771e+02 2.410636047069662595e+02
3.600520993605307467e+02 2.419070035426210268e+02
3.606626679322416180e+02 2.427591066364290384e+02
3.612620093504223178e+02 2.436199224615256185e+02
3.618498259833458519e+02 2.444894070922861147e+02
3.624258183721819933e+02 2.453675150394525701e+02
3.629896934335709489e+02 2.462542226235335079e+02
3.635411412699446032e+02 2.471494855072786549e+02
3.640798256827777095e+02 2.480532636597640419e+02
3.646053752618224166e+02 2.489655325387649043e+02
3.651174106531404959e+02 2.498862746684244200e+02
3.656155157187882310e+02 2.508153929368065747e+02
3.660993076582316803e+02 2.517528793552248203e+02
3.665683248982409737e+02 2.526986677391409728e+02
3.670220461401438001e+02 2.536527390799399768e+02
3.674599176998270877e+02 2.546150225006491610e+02
3.678813931239646422e+02 2.555854821690064398e+02
3.682858989987250879e+02 2.565640324019956324e+02
3.686729724953966070e+02 2.575505095969962213e+02
3.690423671104132950e+02 2.585446321921007211e+02
3.693938534263298834e+02 2.595460987858949693e+02
3.697271967966336206e+02 2.605546078004869059e+02
3.700421598755969512e+02 2.615698849426391348e+02
3.703384706789773304e+02 2.625915337370491898e+02
3.706158909318658061e+02 2.636192583108451686e+02
3.708741564319686859e+02 2.646527139903800503e+02
3.711129871142347838e+02 2.656915115071058153e+02
3.713321032158980302e+02 2.667352875569125672e+02
3.715312313229543406e+02 2.677836117053970497e+02
3.717101517178670065e+02 2.688360405526594832e+02
3.718686455951322500e+02 2.698921795816546592e+02
3.720064615079779742e+02 2.709514666339736664e+02
3.721233654148834376e+02 2.720134569292044375e+02
3.722191374279163369e+02 2.730776188312036084e+02
3.722936427658902403e+02 2.741433776284169426e+02
3.723467541251393413e+02 2.752101525962740993e+02
3.723783341484854645e+02 2.762773526469968601e+02
3.723882388886042918e+02 2.773443323221796390e+02
3.723763585933389777e+02 2.784104509497445861e+02
3.723426700856263665e+02 2.794750281292713225e+02
3.722871639245159372e+02 2.805373546007515984e+02
3.722098216112680120e+02 2.815967429793764154e+02
3.721106365061638712e+02 2.826524145523317202e+02
3.719896152125249955e+02 2.837036574281812591e+02
3.718468212075958377e+02 2.847496957454670792e+02
3.716823383593824133e+02 2.857897450657274590e+02
3.714962630764510436e+02 2.868230167245371831e+02
3.712886841821115809e+02 2.878487410217726961e+02
3.710597255311577101e+02 2.888660957291804721e+02
3.708095157088815768e+02 2.898742954106333514e+02
3.705382026117943610e+02 2.908725453629605227e+02
3.702459538859789063e+02 2.918600591988750352e+02
3.699329767318442350e+02 2.928360617436883899e+02
3.695994764643405119e+02 2.937998031019432119e+02
3.692456224392783497e+02 2.947505434559544142e+02
3.688716098699684949e+02 2.956875725824746155e+02
3.684776757376246792e+02 2.966102231535642204e+02
3.680640823247869093e+02 2.975178619448921609e+02
3.676311522301510877e+02 2.984099522604835784e+02
3.671792349879114568e+02 2.992859995034679628e+02
3.667087131572657199e+02 3.001456062936601938e+02
3.662200061664887585e+02 3.009884940480820319e+02
3.657135579562438465e+02 3.018144742071949622e+02
