3.650055490119017350e+02 3.025286446619706453e+02
3.645059378157961874e+02 3.033356821246034087e+02
3.639889296162712640e+02 3.041299822759688141e+02
3.634544711720600958e+02 3.049119492926053567e+02
3.629026282821121185e+02 3.056817997495397776e+02
3.623335001987735495e+02 3.064397272356314375e+02
3.617472221719103800e+02 3.071858868558189783e+02
3.611439558651076709e+02 3.079204292928993141e+02
3.605239024040736240e+02 3.086434752250360134e+02
3.598873086882907160e+02 3.093550685089223862e+02
3.592344157070605775e+02 3.100553105371386096e+02
3.585655323236882737e+02 3.107442130473644966e+02
3.578809783080416196e+02 3.114218025384640782e+02
3.571810984333696410e+02 3.120880924092732585e+02
3.564662613969210838e+02 3.127430657285999018e+02
3.557368387974441930e+02 3.133867130191514434e+02
3.549932259665519609e+02 3.140189791247834137e+02
3.542357945450455645e+02 3.146398199398602173e+02
3.534649413359035179e+02 3.152491385761616698e+02
3.526810466634680097e+02 3.158468661460541398e+02
3.518845135906809674e+02 3.164328887293729622e+02
3.510757259033776450e+02 3.170071079477272633e+02
3.502550667727629730e+02 3.175693848018656240e+02
3.494229098932352713e+02 3.181195730756341504e+02
3.485796282948392104e+02 3.186575079058787310e+02
3.477255907673072102e+02 3.191830356550375996e+02
3.468611639920551966e+02 3.196959744136172503e+02
3.459867040206572710e+02 3.201961369860478612e+02
3.451025615896530212e+02 3.206833192517430575e+02
3.442090880384228626e+02 3.211573177721416528e+02
3.433066261739472225e+02 3.216179162348641967e+02
3.423955185401947006e+02 3.220648954866568943e+02
3.414761003594687168e+02 3.224980330375124709e+02
3.405487117843040323e+02 3.229171072528690161e+02
3.396136835941084087e+02 3.233218894707200661e+02
3.386713510832826728e+02 3.237121486352186253e+02
3.377220354587174711e+02 3.240876478208267599e+02
3.367660700291485796e+02 3.244481668312946567e+02
3.358037740934731801e+02 3.247934869208538657e+02
3.348354862260361529e+02 3.251233896603694689e+02
3.338615217142381084e+02 3.254376515972456900e+02
3.328821981032023700e+02 3.257360450771948308e+02
3.318978355183895701e+02 3.260183594977327743e+02
3.309087726859742702e+02 3.262843977662047905e+02
3.299152965708997272e+02 3.265339505714639472e+02
3.289177577722965680e+02 3.267668120576145157e+02
3.279164511218932034e+02 3.269827722251702085e+02
3.269116930252129691e+02 3.271816226655025730e+02
3.259037996615521138e+02 3.273631571853391620e+02
3.248930866131574930e+02 3.275271677838659912e+02
3.238798691959648863e+02 3.276734446735684401e+02
3.228644660728455165e+02 3.278018093416564511e+02
3.218472057942773858e+02 3.279124191139071627e+02
3.208284684006106318e+02 3.280056444875611987e+02
3.198085519525759537e+02 3.280818491865328497e+02
3.187877973921204671e+02 3.281414046957320920e+02
3.177664789981879494e+02 3.281846751184074265e+02
3.167448703312505813e+02 3.282120027785784941e+02
3.157232357328182957e+02 3.282237187923745410e+02
3.147018209273227285e+02 3.282201533866310683e+02
3.136808477656381342e+02 3.282016311062205887e+02
3.126605403486942123e+02 3.281684769547293854e+02
3.116411041902831585e+02 3.281210107129181210e+02
3.106227316458623591e+02 3.280595470688698470e+02
3.096055907158673222e+02 3.279843906905139193e+02
3.085898747881803956e+02 3.278958557969510252e+02
3.075757285579853146e+02 3.277942450936134833e+02
3.065633143815460357e+02 3.276798723163165050e+02
3.055527595042643156e+02 3.275530441086867768e+02
3.045442148161490650e+02 3.274140775790834255e+02
3.035377918796842209e+02 3.272632785135597828e+02
3.025336013766257111e+02 3.271009474244922899e+02
3.015317604198878598e+02 3.269274037934972625e+02
3.005323600501924375e+02 3.267429695490879453e+02
2.995354876233387245e+02 3.265479639579078821e+02
2.985412230940472114e+02 3.263427036730585087e+02
2.975496383441659418e+02 3.261275032201889985e+02
2.965607961019412073e+02 3.259026854941770353e+02
2.955747498857864457e+02 3.256685804198002074e+02
2.945915440728711587e+02 3.254255126180050297e+02
2.936112181528422411e+02 3.251738063431695309e+02
2.926338026100949605e+02 3.249137852197949314e+02
2.916593178265997608e+02 3.246457728988960980e+02
2.906877771066951368e+02 3.243700894633257121e+02
2.897191874914164487e+02 3.240870601830807232e+02
2.887535457851150795e+02 3.237970066166507195e+02
2.877908463598898265e+02 3.235002350389084427e+02
2.868310683620780424e+02 3.231970644404415225e+02
2.858741960054094875e+02 3.228877905181298047e+02
2.849201926912999170e+02 3.225727192656027569e+02
2.839690317109540842e+02 3.222521403511507856e+02
2.830206583978248887e+02 3.219263522782665632e+02
2.820750398536022772e+02 3.215956287790608030e+02
2.811321094773872460e+02 3.212602413028712931e+02
2.801918168848203550e+02 3.209204527705091436e+02
2.792541025333619586e+02 3.205765188474023262e+02
2.783188831591032226e+02 3.202286971889793108e+02
2.773860931113239872e+02 3.198772291025900358e+02
2.764556646676251148e+02 3.195223348688729175e+02
2.755274988609607476e+02 3.191642351348420448e+02
2.746015174615300793e+02 3.188031469629542016e+02
2.736776304467567797e+02 3.184392779502084636e+02
2.727557801879807471e+02 3.180727264893333199e+02
2.718359286983529728e+02 3.177034537620342576e+02
2.709180664039565727e+02 3.173314117486615373e+02
2.700021778362948908e+02 3.169565480164060887e+02
2.690882494417787711e+02 3.165788082088665760e+02
2.681762749853254491e+02 3.161981369876511963e+02
2.672662345706112887e+02 3.158144788610800902e+02
2.663581190032444397e+02 3.154277791974395768e+02
2.654519228228304542e+02 3.150379809501852151e+02
2.645476399992531356e+02 3.146450244163120260e+02
2.636452651071425635e+02 3.142488508801006901e+02
2.627447925712540382e+02 3.138494041453628256e+02
2.618462181848015007e+02 3.134466264832856837e+02
2.609495395064781746e+02 3.130404582626825345e+02
2.600547605190974423e+02 3.126308379393704513e+02
2.591618697447538011e+02 3.122177036608355252e+02
2.582708696432335955e+02 3.118010014490206459e+02
2.573817587855257898e+02 3.113806737750285265e+02
2.564945369877111148e+02 3.109566611134833920e+02
2.556092053080243431e+02 3.105289019779677346e+02
2.547257645007269673e+02 3.100973360374466097e+02
2.538442135810675211e+02 3.096619066387536350e+02
2.529645522603276504e+02 3.092225555964969885e+02
2.520867804598639452e+02 3.087792225180289734e+02
2.512108123205040329e+02 3.083318390083156828e+02
2.503364700422110616e+02 3.078803620632094180e+02
2.494636933606707316e+02 3.074248216529687170e+02
2.485924402119954948e+02 3.069652545541347308e+02
2.477226646731711526e+02 3.065016941249858746e+02
2.468543213852196061e+02 3.060341726053966909e+02
2.459873691010203913e+02 3.055627224209257520e+02
2.451217639776618284e+02 3.050873751270552248e+02
2.442574626090581944e+02 3.046081604051518070e+02
2.433944222176783967e+02 3.041251057494406496e+02
2.425326006672182473e+02 3.036382364565790795e+02
2.416719568115952654e+02 3.031475751076400798e+02
2.408124509882525217e+02 3.026531408859092949e+02
2.399540443762413133e+02 3.021549506095514062e+02
2.390967040356125324e+02 3.016530189039070819e+02
2.382403849559333651e+02 3.011473556132137332e+02
2.373850544253220107e+02 3.006379705019960511e+02
2.365306833976710266e+02 3.001248634589218796e+02
2.356772440274311577e+02 2.996080309543660292e+02
2.348247095316694129e+02 2.990874673604001828e+02
2.339730571984340202e+02 2.985631643201550673e+02
2.331222645092165067e+02 2.980351060101484109e+02
2.322723173213205143e+02 2.975032650411869781e+02
2.314232099158228664e+02 2.969676109137542994e+02
2.305749363896548516e+02 2.964281099290964221e+02
2.297274982603451292e+02 2.958847226082675093e+02
2.288809243416691288e+02 2.953373673403750672e+02
2.280353760905121021e+02 2.947858215362282408e+02
2.271910456961834086e+02 2.942298336774694008e+02
2.263481298588422703e+02 2.936691595279277180e+02
2.255068324061544445e+02 2.931035620586707182e+02
2.246673711608424640e+02 2.925327927468241569e+02
2.238299822071528808e+02 2.919566078397086812e+02
2.229949102859314110e+02 2.913747579693319949e+02
2.221624092460233157e+02 2.907869933300011667e+02
2.213327436998125961e+02 2.901930855017050703e+02
2.205061774500951799e+02 2.895927843902379664e+02
2.196829929379929069e+02 2.889858790863473814e+02
2.188634644317715185e+02 2.883721311291981237e+02
2.180478878600467567e+02 2.877513316732960789e+02
2.172365595917714529e+02 2.871232697657948165e+02
2.164297720125116200e+02 2.864877203866867035e+02
2.156278311264431977e+02 2.858445272773047918e+02
2.148310196076235172e+02 2.851935036280186750e+02
2.140396362342036980e+02 2.845344740087151081e+02
2.132539905546456964e+02 2.838672737182382093e+02
2.124743944697056577e+02 2.831917570386876264e+02
2.117011273522793999e+02 2.825077930659790582e+02
2.109344718954072846e+02 2.818152678627879482e+02
2.101747168318832735e+02 2.811140714818664037e+02
2.094221570297455344e+02 2.804040981314143437e+02
2.086770867479764036e+02 2.796852519042532776e+02
2.079397733510265596e+02 2.789574675867276028e+02
2.072104792879392789e+02 2.782206902733024094e+02
2.064894649688554296e+02 2.774748500758386740e+02
2.057770235973535478e+02 2.767199322319938233e+02
2.050734191829992881e+02 2.759558840864679610e+02
2.043788897421380284e+02 2.751826539636322195e+02
2.036937172301754231e+02 2.744002908478278755e+02
2.030181246547655860e+02 2.736087322396751915e+02
2.023524023029521857e+02 2.728080281671512353e+02
2.016967834836748352e+02 2.719981213454985323e+02
2.010515540430948533e+02 2.711790749418377118e+02
2.004169603288703172e+02 2.703508911023935752e+02
1.997932655277012941e+02 2.695135882587964034e+02
1.991807425307161168e+02 2.686671935375612748e+02
1.985796716525686350e+02 2.678117378300601104e+02
1.979903449116695526e+02 2.669472537522456150e+02
1.974130635375142049e+02 2.660737779886791259e+02
1.968481364401121709e+02 2.651913529053912271e+02
1.962958669754794983e+02 2.642999864220845438e+02
1.957566128409478949e+02 2.633997896962883942e+02
1.952307137676206992e+02 2.624907450223892624e+02
1.947185797613957448e+02 2.615729447723895760e+02
1.942205882799974006e+02 2.606463873679093695e+02
1.937371674303668954e+02 2.597111706417495611e+02
1.932687065362626413e+02 2.587673796935430914e+02
1.928153715936022365e+02 2.578152209964904955e+02
1.923772298787689010e+02 2.568549611217238180e+02
1.919543479197595843e+02 2.558868393991949119e+02
1.915468238542452184e+02 2.549111771452453183e+02
1.911547239118203265e+02 2.539281729191058332e+02
1.907781756897415164e+02 2.529381258585359546e+02
1.904172909655890464e+02 2.519412238581373060e+02
1.900722257520336598e+02 2.509377666303988406e+02
1.897431211829214703e+02 2.499279845557599060e+02
1.894301333991005549e+02 2.489121127427513045e+02
1.891334245598361576e+02 2.478904095792317435e+02
1.888531657226476455e+02 2.468631744380867588e+02
1.885895173425428197e+02 2.458305751717606711e+02
1.883426943336607735e+02 2.447929730425255741e+02
1.881128869319575472e+02 2.437505825882058730e+02
1.879002916641012746e+02 2.427036915589424950e+02
1.877051023084798658e+02 2.416525970708949558e+02
1.875275259589324151e+02 2.405975439408420868e+02
1.873677990375131230e+02 2.395389077717414921e+02
1.872261547377078159e+02 2.384769129459980377e+02
1.871028319417463877e+02 2.374119095224772877e+02
1.869980616849773298e+02 2.363442028639359762e+02
1.869120966503217289e+02 2.352741429541876528e+02
1.868452066037199870e+02 2.342020598164995135e+02
1.867976839307106331e+02 2.331282837808637396e+02
1.867698230538345285e+02 2.320531599015374695e+02
1.867619224471661425e+02 2.309770682991670583e+02
1.867742968552276466e+02 2.299003991204624811e+02
1.868072849746828865e+02 2.288235222257508497e+02
1.868612483661698320e+02 2.277468330945950754e+02
1.869365622817956591e+02 2.266707317048379480e+02
1.870336087189925536e+02 2.255956586529824506e+02
1.871527806289994373e+02 2.245220687752620847e+02
1.872945020908515232e+02 2.234503781898724242e+02
1.874591917076496941e+02 2.223811001984905431e+02
1.876472953969884543e+02 2.213146988623707330e+02
1.878592582572255765e+02 2.202516991396715866e+02
1.880955179868164464e+02 2.191926432993907383e+02
1.883565366918432176e+02 2.181380292412863184e+02
1.886427025879581834e+02 2.170885079843235701e+02
1.889544480914523774e+02 2.160446137245169211e+02
1.892921711757893206e+02 2.150069666213188384e+02
1.896562235212284406e+02 2.139761978363378603e+02
1.900469009355644516e+02 2.129529440047853086e+02
1.904644364447223950e+02 2.119378416697768444e+02
1.909090321260698886e+02 2.109315395285757120e+02
1.913808080749726344e+02 2.099347323878643294e+02
1.918788193552604753e+02 2.089489436488968011e+02
1.924017647783317102e+02 2.079751655270667641e+02
1.929486905546241928e+02 2.070134841738276350e+02
1.935189922834427136e+02 2.060641333335322827e+02
1.941123899751509043e+02 2.051275848193124034e+02
1.947285466646356440e+02 2.042043146815733792e+02
1.953670480430040755e+02 2.032947977131557593e+02
1.960274201538765340e+02 2.023994958109486504e+02
1.967092045203080204e+02 2.015188353530187158e+02
1.974118254896128235e+02 2.006533161086752273e+02
1.981347649505709967e+02 1.998033547326014343e+02
1.988774320821435992e+02 1.989694022991251643e+02
1.996392123461753556e+02 1.981518973771247545e+02
2.004194860522657109e+02 1.973512361115999170e+02
2.012176256635687821e+02 1.965677802013180155e+02
2.020329828482283574e+02 1.958018976483354265e+02
2.028648977082747535e+02 1.950539549192364461e+02
2.037127917286832144e+02 1.943242764519788466e+02
2.045759208086752778e+02 1.936132020849634614e+02
2.054537290478298246e+02 1.929208925296159691e+02
2.063454527361186877e+02 1.922476138461576056e+02
2.072504981378686466e+02 1.915935501026121415e+02
2.081682820082893954e+02 1.909588996637259299e+02
2.090981024939042641e+02 1.903438306673001819e+02
2.100393863578775040e+02 1.897483486214695176e+02
2.109914423186349950e+02 1.891725084566213013e+02
2.119537070292985561e+02 1.886163241923803184e+02
2.129256007088160345e+02 1.880798291361522274e+02
2.139066067089691785e+02 1.875629794849755569e+02
2.148960372582939158e+02 1.870656802633428413e+02
2.158934273640021502e+02 1.865877673262777989e+02
2.168982478204605400e+02 1.861291154384791184e+02
2.179099882114155378e+02 1.856896020094571043e+02
2.189281507850957951e+02 1.852690651287246624e+02
2.199522432872565219e+02 1.848672760125023160e+02
2.209819163196851548e+02 1.844839844424986097e+02
2.220166025936450183e+02 1.841189952193403769e+02
2.230559841105097689e+02 1.837720654025137037e+02
2.240996630441609909e+02 1.834429702328846759e+02
2.251472568118780373e+02 1.831314627828616324e+02
2.261984031260402048e+02 1.828372968507935923e+02
2.272527867035168185e+02 1.825602280826537651e+02
2.283101115284017908e+02 1.823000210453178624e+02
2.293700261959615148e+02 1.820564622572881035e+02
2.304322772991318118e+02 1.818293493275688775e+02
2.314966191566596763e+02 1.816184928861405865e+02
2.325627818371442288e+02 1.814237139670780437e+02
2.336305127634241501e+02 1.812448371125238680e+02
2.346995898118151729e+02 1.810817214646569084e+02
2.357697776147573450e+02 1.809342983910453881e+02
2.368408661727865194e+02 1.808025106326438447e+02
2.379127373458917134e+02 1.806863087440092386e+02
2.389850342109313601e+02 1.805856542964382641e+02
2.400577197735681239e+02 1.805004511403852803e+02
2.411304568668371644e+02 1.804304975439572161e+02
2.422031000074086364e+02 1.803755690227494597e+02
2.432754609624452087e+02 1.803354504348498324e+02
2.443473521363793850e+02 1.803099307026991482e+02
2.454185949585181277e+02 1.802988325268472352e+02
2.464890194406932267e+02 1.803020598760315352e+02
2.475584591439753126e+02 1.803195323962489738e+02
2.486267502027613716e+02 1.803511730144277578e+02
2.496937847704286355e+02 1.803969146855606027e+02
2.507593182894936774e+02 1.804566969016820792e+02
2.518232456610494410e+02 1.805305057926699703e+02
2.528854111927843178e+02 1.806183379986150044e+02
2.539456351032618500e+02 1.807201895927289286e+02
2.550037437806848573e+02 1.808360569771807604e+02
2.560596561456195559e+02 1.809659529273774581e+02
2.571131000975332768e+02 1.811098668535169338e+02
2.581639678371683999e+02 1.812678041510184812e+02
2.592120917783968821e+02 1.814397695917586475e+02
2.602573025283216452e+02 1.816257693446456187e+02
2.612994304059598676e+02 1.818257943237129552e+02
2.623383095223293253e+02 1.820397815037379132e+02
2.633737753444844998e+02 1.822676575913156682e+02
2.644056637201155127e+02 1.825093504339737649e+02
2.654338107111587988e+02 1.827647889217641648e+02
2.664580562064462015e+02 1.830338724350596067e+02
2.674782555330995137e+02 1.833163901819205250e+02
2.684942780335218231e+02 1.836121094220176531e+02
2.695060097981296963e+02 1.839208044081779008e+02
2.705132680496368494e+02 1.842422302242281091e+02
2.715159669525195909e+02 1.845761242707540077e+02
2.725140554206160459e+02 1.849220864963871520e+02
2.735073794172899966e+02 1.852796457559675503e+02
2.744959518218528274e+02 1.856483751913906133e+02
2.754796751683705907e+02 1.860278200623886278e+02
2.764585383035050086e+02 1.864175147689548453e+02
2.774325312687547580e+02 1.868168481932785028e+02
2.784016960399256959e+02 1.872251850890370690e+02
2.793660497991624538e+02 1.876418791296003690e+02
2.803256956041680610e+02 1.880663166318932440e+02
2.812806554850328098e+02 1.884978340725214991e+02
2.822310887252651241e+02 1.889357350397220046e+02
2.831771126196101136e+02 1.893792854202543481e+02
2.841188752706166838e+02 1.898277567926608072e+02
2.850565726467937111e+02 1.902804432027823225e+02
2.859903873784843995e+02 1.907366345876233140e+02
2.869205231761953314e+02 1.911956284616619257e+02
2.878472202016546362e+02 1.916567405143088081e+02
2.887707350069586596e+02 1.921192992911874740e+02
2.896913196465053488e+02 1.925826259296786986e+02
2.906092451642795140e+02 1.930461293954039945e+02
2.915246641812871644e+02 1.935096284573471621e+02
2.924376841520850689e+02 1.939730902101125309e+02
2.933484143345961002e+02 1.944364891907947879e+02
2.942569551842004785e+02 1.948997921323352784e+02
2.951634176440039710e+02 1.953629883702597283e+02
2.960678850932285400e+02 1.958261299772205177e+02
2.969704305768923973e+02 1.962892958503245211e+02
2.978711251133791507e+02 1.967525678210287197e+02
2.987700380651776300e+02 1.972160346640216062e+02
2.996672326554744927e+02 1.976797827996184935e+02
3.005627636989438543e+02 1.981439327996685336e+02
3.014566765041611802e+02 1.986086179688848574e+02
3.023490131413072390e+02 1.990739739483480548e+02
3.032398125087831886e+02 1.995401386649165545e+02
3.041291098189909121e+02 2.000072534343814254e+02
3.050169330343638876e+02 2.004754704406207111e+02
3.059033033037379141e+02 2.009449506414717632e+02
3.067882407616281171e+02 2.014158516426226413e+02
3.076717607630711768e+02 2.018883354270816142e+02
3.085538748075207423e+02 2.023625660261540133e+02
3.094345904131919838e+02 2.028387098012134970e+02
3.103139111958997773e+02 2.033169351239061768e+02
3.111918369623880949e+02 2.037974120592895702e+02
3.120683636726625991e+02 2.042803123066025819e+02
3.129434923819574124e+02 2.047657973703432219e+02
3.138172663608227140e+02 2.052539654283329753e+02
3.146897333457701507e+02 2.057448842830810918e+02
3.155609306466653834e+02 2.062386228011469314e+02
3.164308913088767099e+02 2.067352509210124936e+02
3.172996437494799125e+02 2.072348395630705795e+02
3.181672108826795125e+02 2.077374620780912551e+02
3.190336105653126424e+02 2.082431934888069804e+02
3.198988554107748996e+02 2.087521111518248915e+02
3.207629543678680761e+02 2.092642917015471653e+02
3.216259128851771720e+02 2.097798102676808298e+02
3.224877280340196535e+02 2.102987500472428053e+02
3.233483900441770515e+02 2.108211978421914523e+02
3.242078848307218095e+02 2.113472407751738444e+02
3.250661937501155307e+02 2.118769684772953212e+02
3.259232931389964847e+02 2.124104701719035972e+02
3.267791494366748566e+02 2.129478385847208131e+02
3.276337219298512764e+02 2.134891772070207310e+02
3.284869641459384297e+02 2.140345885183475616e+02
3.293388258943380151e+02 2.145841808678887048e+02
3.301892483761928361e+02 2.151380519011523518e+02
3.310381639847996667e+02 2.156963127676506531e+02
3.318854946922903650e+02 2.162590851887026702e+02
3.327311590420911216e+02 2.168265006976048710e+02
3.335750587487699477e+02 2.173986631097327233e+02
3.344171013354026627e+02 2.179756989794339859e+02
3.352571190766366271e+02 2.185578237859435546e+02
3.360948628171921087e+02 2.191452863031422567e+02
3.369300870376518446e+02 2.197383476110001084e+02
3.377625445165131737e+02 2.203372857858385032e+02
3.385919465078079043e+02 2.209423169963409919e+02
3.394180466839214887e+02 2.215537107192879205e+02
3.402405570682163898e+02 2.221716725774886925e+02
3.410592095403540043e+02 2.227964399232256199e+02
3.418737082571162773e+02 2.234282179998873801e+02
3.426837678252858836e+02 2.240672319092133762e+02
3.434890871579306122e+02 2.247136496150011737e+02
3.442894118440146940e+02 2.253676807320866544e+02
3.450844249949666391e+02 2.260294458148922558e+02
3.458738578966736554e+02 2.266991351575245517e+02
3.466574117874847616e+02 2.273769093808933519e+02
3.474347872852826526e+02 2.280628740649640065e+02
3.482057313885388794e+02 2.287571508794796955e+02
3.489699741894831959e+02 2.294598443142670590e+02
3.497272416579669425e+02 2.301710593621758960e+02
3.504772391785684249e+02 2.308908685575372601e+02
3.512197111727711558e+02 2.316193541530470839e+02
3.519544120833371039e+02 2.323565630434882223e+02
3.526810929451143011e+02 2.331025379538489233e+02
3.533994999668595938e+02 2.338573184072432127e+02
3.541093748876905352e+02 2.346209401986351963e+02
3.548104735018877136e+02 2.353934300206344687e+02
3.555025641180151865e+02 2.361747955762517392e+02
3.561853983276697591e+02 2.369650142872443155e+02
3.568587435164018871e+02 2.377640920824259183e+02
3.575223692657351080e+02 2.385720538413126235e+02
3.581760057689893415e+02 2.393888434885527658e+02
3.588194277414050930e+02 2.402144637699834391e+02
3.594523864895084557e+02 2.410488861667539595e+02
3.600746332853694867e+02 2.418920889339435405e+02
3.606858992169402427e+02 2.427440154501491918e+02
3.612859352617368813e+02 2.436046731509967458e+02
3.618744456850665756e+02 2.444740168225985997e+02
3.624511329942930615e+02 2.453519997871475482e+02
3.630157062037043261e+02 2.462385974048265496e+02
3.635678575070657530e+02 2.471337643931323100e+02
3.641072528104477328e+02 2.480374598896069642e+02
3.646335228232516670e+02 2.489496586818154356e+02
3.651462903898065520e+02 2.498703428109064077e+02
3.656451413936896984e+02 2.507994144026938557e+02
3.661296954042195466e+02 2.517368653906000873e+02
3.665994928947483231e+02 2.526826293258403382e+02
3.670540144901464714e+02 2.536366873620584386e+02
3.674927083128985714e+02 2.545989686839833155e+02
3.679150299062327463e+02 2.555694379823207782e+02
3.683204077687634594e+02 2.565480100451285352e+02
3.687083802714461740e+02 2.575345222057283650e+02
3.690787007733516703e+02 2.585286945362037727e+02
3.694311395469347872e+02 2.595302273897818282e+02
3.697654616283300015e+02 2.605388210687910373e+02
3.700814294281322532e+02 2.615542035216180352e+02
3.703787698535753634e+02 2.625759798964390370e+02
3.706572429067923053e+02 2.636038572754621327e+02
3.709165823540768088e+02 2.646374937091027846e+02
3.711565059164652780e+02 2.656765023853378125e+02
3.713767316651671422e+02 2.667205228487613908e+02
3.715769834601094317e+02 2.677691272149824613e+02
3.717570381189113959e+02 2.688218750352368716e+02
3.719166733767564210e+02 2.698783754824880816e+02
3.720556336858372219e+02 2.709380683141021109e+02
3.721736812329444888e+02 2.720005121877144347e+02
3.722705919495343778e+02 2.730651781731872916e+02
3.723462265627658212e+02 2.741314941662787987e+02
3.724004531361175054e+02 2.751988821283664493e+02
3.724331295266547954e+02 2.762667536654269611e+02
3.724441067001787928e+02 2.773344652749394754e+02
3.724332700312220936e+02 2.784013785452917773e+02
3.724005920111275145e+02 2.794668149603988923e+02
3.723460587524880339e+02 2.805300667144300064e+02
3.722696472124908951e+02 2.815904486005793501e+02
3.721713457743249478e+02 2.826471819518013717e+02
3.720511566645669177e+02 2.836995568647517416e+02
3.719091402457466415e+02 2.847467979201164212e+02
3.717453773467610176e+02 2.857881209161253082e+02
3.715599611319124165e+02 2.868227372767805718e+02
3.713529769462931540e+02 2.878498785709227832e+02
3.711245455313516572e+02 2.888687210211977003e+02
3.708747939462746785e+02 2.898784795188466319e+02
3.706038686730041718e+02 2.908783589475375493e+02
3.703119356925166130e+02 2.918675725417189142e+02
3.699992004531324028e+02 2.928453434548517293e+02
3.696658666524858177e+02 2.938109213637859511e+02
3.693121035161606756e+02 2.947635653642331022e+02
3.689381063606481916e+02 2.957025637736911676e+02
3.685441121755073937e+02 2.966272476256972368e+02
3.681303827899390058e+02 2.975369832818168447e+02
3.676972411818318847e+02 2.984312302403305353e+02
3.672450364402305922e+02 2.993094930062935646e+02
3.667741511594826420e+02 3.001713716743517466e+02
3.662850054093529479e+02 3.010165839653799367e+02
3.657780436235264006e+02 3.018449386412811464e+02
