3.650010103032820439e+02 3.025263087986979826e+02
3.644918311585707897e+02 3.033277989253748501e+02
3.639657211454082812e+02 3.041159555966674475e+02
3.634226498269767944e+02 3.048912278034382553e+02
3.628627007664889561e+02 3.056538793169564769e+02
3.622859856631483240e+02 3.064041528707589350e+02
3.616926473580155061e+02 3.071422533529459429e+02
3.610828497801584263e+02 3.078683820240906357e+02
3.604567918846183261e+02 3.085827094544622469e+02
3.598147163351538893e+02 3.092853261129538964e+02
3.591568532098059450e+02 3.099763818140745570e+02
3.584835017477988686e+02 3.106559322547860233e+02
3.577949728269876459e+02 3.113240522664928562e+02
3.570916010365174884e+02 3.119808032154753050e+02
3.563737438252350103e+02 3.126262131452621134e+02
3.556417580366787092e+02 3.132603168532546647e+02
3.548960263333110561e+02 3.138830996730217180e+02
3.541369049385698418e+02 3.144945625486203653e+02
3.533647795893008379e+02 3.150946496534687071e+02
3.525800132204104784e+02 3.156833350676703844e+02
3.517829966945390083e+02 3.162605423422892272e+02
3.509740959420856257e+02 3.168262123969750519e+02
3.501536796439474415e+02 3.173802428787603844e+02
3.493221048682753462e+02 3.179225242909060398e+02
3.484797302469193596e+02 3.184529259556933312e+02
3.476269049066715411e+02 3.189713297951169579e+02
3.467639821410599552e+02 3.194775846615538626e+02
3.458912977497534484e+02 3.199715325325261688e+02
3.450091850280666677e+02 3.204529947702553727e+02
3.441179749249431552e+02 3.209217938127283105e+02
3.432179937750156000e+02 3.213777368800884346e+02
3.423095650078728909e+02 3.218206278056433121e+02
3.413930054018103988e+02 3.222502598266468681e+02
3.404686334337677636e+02 3.226664249029191751e+02
3.395367610632920901e+02 3.230689064796378602e+02
3.385977032355782512e+02 3.234574856332304762e+02
3.376517641603198854e+02 3.238319354456323822e+02
3.366992568576530402e+02 3.241920408963581508e+02
3.357404830986509410e+02 3.245375848387249107e+02
3.347757603607462897e+02 3.248683510428447789e+02
3.338053876334707297e+02 3.251841167736104694e+02
3.328296656932876658e+02 3.254846548396050707e+02
3.318488981045555306e+02 3.257697533812464030e+02
3.308634050157389197e+02 3.260392134823416654e+02
3.298734621716841389e+02 3.262928224244554940e+02
3.288794006355203123e+02 3.265303723182902900e+02
3.278815035566215101e+02 3.267516500136957234e+02
3.268800737049710960e+02 3.269564482742503060e+02
3.258754142331796970e+02 3.271445640806323922e+02
3.248678279043509178e+02 3.273157924635129916e+02
3.238576173946572681e+02 3.274699265127852641e+02
3.228450887239797567e+02 3.276067888442494223e+02
3.218305581475769941e+02 3.277265208717964811e+02
3.208143892254088314e+02 3.278294674202776946e+02
3.197968697998294374e+02 3.279159657553661305e+02
3.187783267182451254e+02 3.279863611403565073e+02
3.177590249056602829e+02 3.280409912375029649e+02
3.167392282233729475e+02 3.280801742306235838e+02
3.157191918098478709e+02 3.281042185043953054e+02
3.146991532671140135e+02 3.281134314839222839e+02
3.136793275343317191e+02 3.281081148434151373e+02
3.126599317111794676e+02 3.280885705334395084e+02
3.116411653468010741e+02 3.280550931942729562e+02
3.106232156259604835e+02 3.280079709233957601e+02
3.096062463735268011e+02 3.279474817634580859e+02
3.085904466744889305e+02 3.278739132957651350e+02
3.075759584587574977e+02 3.277875413040167132e+02
3.065629417882626058e+02 3.276886481730582545e+02
3.055515226225560355e+02 3.275775058648879394e+02
3.045418517416421764e+02 3.274543967880140940e+02
3.035340411632205928e+02 3.273195920782714552e+02
3.025282027245857535e+02 3.271733573739322765e+02
3.015244567635985504e+02 3.270159727679607613e+02
3.005228981769266170e+02 3.268477170438957842e+02
2.995236194357407840e+02 3.266688663578066212e+02
2.985267067528108100e+02 3.264796944115938686e+02
2.975322393684970734e+02 3.262804728029117314e+02
2.965402887837659023e+02 3.260714789014797930e+02
2.955509187590740225e+02 3.258529948499992770e+02
2.945641846335266223e+02 3.256252975736016424e+02
2.935801389333275324e+02 3.253886640007989968e+02
2.925988265272516742e+02 3.251433707555799515e+02
2.916202824431977092e+02 3.248896949328949972e+02
2.906445347090854057e+02 3.246279104477072224e+02
2.896716096130901406e+02 3.243582972893821079e+02
2.887015225744707436e+02 3.240811318164948602e+02
2.877342840087375748e+02 3.237966748962897441e+02
2.867698989805453493e+02 3.235052053678152788e+02
2.858083665145906593e+02 3.232069802167102353e+02
2.848496766676552170e+02 3.229022694202213302e+02
2.838938201214613741e+02 3.225913249249161368e+02
2.829407713811497729e+02 3.222744104177989470e+02
2.819905147080110623e+02 3.219517669705621188e+02
2.810430125812341089e+02 3.216236415303297917e+02
2.800982352000224296e+02 3.212902710638991266e+02
2.791561465314750876e+02 3.209518861866150132e+02
2.782166925362649863e+02 3.206087213773768667e+02
2.772798299063675245e+02 3.202609972869543640e+02
2.763455135131093243e+02 3.199089187310670468e+02
2.754136738990983417e+02 3.195526934419507938e+02
2.744842557480291134e+02 3.191925240226072447e+02
2.735571945615328673e+02 3.188286052835731539e+02
2.726324503455336412e+02 3.184610467232173505e+02
2.717099970664924058e+02 3.180898535903282891e+02
2.707898299643933910e+02 3.177150223602677670e+02
2.698719391800228209e+02 3.173365456258073891e+02
2.689563156611648651e+02 3.169544139287472149e+02
2.680429563586723134e+02 3.165686141707793126e+02
2.671318473017507245e+02 3.161791308015636446e+02
2.662229825332069026e+02 3.157859481831101789e+02
2.653163586444905491e+02 3.153890480762037782e+02
2.644119711888279198e+02 3.149884096161945308e+02
2.635098162155251202e+02 3.145840107803368824e+02
2.626098900555276145e+02 3.141758288222196711e+02
2.617121897528665500e+02 3.137638391197298233e+02
2.608167133245225955e+02 3.133480150529470052e+02
2.599234638794249577e+02 3.129283277168906920e+02
2.590324309856219429e+02 3.125047470518669570e+02
2.581436165895829049e+02 3.120772471884965853e+02
2.572570189561893699e+02 3.116457986925164505e+02
2.563726369645351042e+02 3.112103700565451163e+02
2.554904701048681375e+02 3.107709277151560059e+02
2.546105173688370940e+02 3.103274382688493347e+02
2.537327762194031493e+02 3.098798702815350907e+02
2.528572443361370858e+02 3.094281905322149555e+02
2.519839191027253378e+02 3.089723635369438171e+02
2.511127180141648694e+02 3.085123492247223567e+02
2.502434697740630440e+02 3.080481349896427332e+02
2.493761071123101658e+02 3.075797738876208882e+02
2.485105786863779826e+02 3.071073245177085482e+02
2.476468290192484858e+02 3.066308419037395083e+02
2.467848025374597682e+02 3.061503795709701876e+02
2.459244466091964796e+02 3.056659912875720124e+02
2.450657048322260891e+02 3.051777308738136867e+02
2.442085205515862754e+02 3.046856500378832493e+02
2.433528371633476297e+02 3.041897979005465800e+02
2.424985981422918542e+02 3.036902209860264747e+02
2.416457466696527092e+02 3.031869638103004263e+02
2.407942250884606494e+02 3.026800696600694209e+02
2.399439757014878580e+02 3.021695793376722463e+02
2.390949460645383056e+02 3.016555309455442284e+02
2.382470711200669200e+02 3.011379573469004640e+02
2.374002964163551326e+02 3.006168921377957304e+02
2.365545679919751763e+02 3.000923620639628666e+02
2.357098319645024844e+02 2.995643903789787146e+02
2.348660348063807248e+02 2.990329975889132470e+02
2.340231265180536866e+02 2.984982009318431437e+02
2.331810553676349969e+02 2.979600106955427350e+02
2.323397741514158668e+02 2.974184284391048436e+02
2.314992432055630047e+02 2.968734527824228167e+02
2.306594217106299425e+02 2.963250781884103162e+02
2.298202762279024967e+02 2.957732931228516122e+02
2.289817976775547379e+02 2.952180413288941168e+02
2.281441108298887173e+02 2.946591264847467642e+02
2.273073703693373204e+02 2.940963224632395736e+02
2.264717335440379600e+02 2.935294084860123007e+02
2.256373641518023874e+02 2.929581701724513891e+02
2.248044421663082062e+02 2.923823814695136889e+02
2.239731652081408697e+02 2.918018140448444910e+02
2.231437418140671411e+02 2.912162343629383372e+02
2.223163891491683444e+02 2.906254077042925132e+02
2.214913322618413076e+02 2.900291176497115657e+02
2.206688007438742432e+02 2.894271268762914247e+02
2.198490451554368406e+02 2.888192244781102431e+02
2.190323137924148966e+02 2.882051740268929052e+02
2.182188730333492117e+02 2.875847647571660559e+02
2.174089907763917324e+02 2.869577844250872545e+02
2.166029347868425532e+02 2.863240057388550781e+02
2.158009912617241639e+02 2.856832563652599219e+02
2.150034294280492873e+02 2.850353350276360516e+02
2.142105336621820584e+02 2.843800503870791658e+02
2.134225987549682202e+02 2.837172209685884923e+02
2.126399233046909103e+02 2.830466820640313585e+02
2.118627819587007082e+02 2.823682782883985851e+02
2.110914545591992351e+02 2.816818688313499592e+02
2.103262273752436613e+02 2.809873168030281931e+02
2.095673931874618177e+02 2.802844893846493051e+02
2.088152449861318303e+02 2.795732631753049873e+02
2.080700514203921045e+02 2.788535436222712178e+02
2.073320773241342749e+02 2.781252459478745322e+02
2.066015863390163645e+02 2.773882708982712302e+02
2.058788739274752686e+02 2.766425724969807334e+02
2.051642073115420146e+02 2.758880691653001236e+02
2.044578238393835647e+02 2.751246835590354181e+02
2.037600020600235098e+02 2.743524376184388984e+02
2.030709636508601363e+02 2.735712439391018052e+02
2.023909963316197604e+02 2.727811252250598386e+02
2.017203302751752005e+02 2.719819992191935398e+02
2.010592367118771051e+02 2.711739097106651002e+02
2.004079438564875204e+02 2.703568417480764765e+02
1.997666964472634277e+02 2.695307952922927370e+02
1.991357487634039671e+02 2.686957777544876080e+02
1.985153598922173046e+02 2.678518005734711664e+02
1.979057846230472819e+02 2.669988851283339955e+02
1.973072802297537294e+02 2.661370584802039616e+02
1.967201110258358483e+02 2.652663509308781045e+02
1.961445344339975065e+02 2.643867544739944151e+02
1.955808600183214310e+02 2.634983664464405138e+02
1.950293529885654209e+02 2.626011610919539976e+02
1.944903399513113413e+02 2.616952279675571731e+02
1.939641111654269992e+02 2.607805533077781206e+02
1.934510085697852446e+02 2.598572218020145783e+02
1.929513398366969739e+02 2.589252947467431909e+02
1.924652399745090747e+02 2.579849238632811534e+02
1.919927697545366527e+02 2.570363062494969313e+02
1.915339890854423572e+02 2.560796066496678236e+02
1.910889936188245599e+02 2.551150758411653214e+02
1.906578443355322463e+02 2.541428273522804204e+02
1.902406792322612432e+02 2.531630779197867014e+02
1.898376220570459338e+02 2.521759162399055469e+02
1.894488477905606203e+02 2.511815520613662329e+02
1.890745149972849788e+02 2.501801141003322471e+02
1.887148014403855427e+02 2.491717311518470979e+02
1.883699134042466028e+02 2.481565469131357133e+02
1.880400817824550472e+02 2.471347458016059022e+02
1.877255225954785374e+02 2.461063545360338765e+02
1.874265215035472352e+02 2.450716244841816831e+02
1.871433367879618004e+02 2.440306282776381863e+02
1.868762662095727762e+02 2.429835135637711687e+02
1.866256251220066247e+02 2.419304325376186284e+02
1.863917449835942364e+02 2.408714700454840454e+02
1.861750014242799125e+02 2.398068739814272874e+02
1.859757658201754680e+02 2.387366977433656245e+02
1.857944535646390420e+02 2.376611475671577693e+02
1.856314924201244025e+02 2.365803684538539926e+02
1.854873440614817071e+02 2.354945667899560817e+02
1.853624957587862241e+02 2.344039251336309633e+02
1.852574691374954625e+02 2.333086285769564370e+02
1.851728155708117640e+02 2.322088830299836957e+02
1.851091149132813598e+02 2.311049494002830045e+02
1.850669757814246168e+02 2.299971136452433598e+02
1.850470424701243530e+02 2.288856427965150147e+02
1.850499962161555914e+02 2.277708539066444473e+02
1.850765519679631268e+02 2.266530848716639639e+02
1.851274491419436856e+02 2.255327552322056590e+02
1.852034485514950291e+02 2.244103308010257649e+02
1.853053536268945720e+02 2.232862387907373147e+02
1.854339668274382973e+02 2.221610941142643014e+02
1.855901268271569791e+02 2.210354627392617601e+02
1.857746705600845303e+02 2.199100488523991714e+02
1.859884224383239939e+02 2.187856287649638034e+02
1.862322316234953803e+02 2.176629430030743038e+02
1.865068347689168036e+02 2.165430545803173459e+02
1.868130096118266863e+02 2.154268681448762095e+02
1.871514548908608901e+02 2.143154915585055562e+02
1.875227805496028850e+02 2.132101105325048422e+02
1.879274890412845593e+02 2.121119809386448196e+02
1.883659590980950327e+02 2.110224188797048157e+02
1.888384626489875302e+02 2.099428033561192422e+02
1.893450894830930054e+02 2.088746349666660649e+02
1.898843203498082914e+02 2.078210830279717243e+02
1.904542288745021779e+02 2.067844946201845175e+02
1.910534904696031617e+02 2.057656211735738907e+02
1.916809514869255509e+02 2.047651922573846548e+02
1.923356189211756089e+02 2.037839864848109812e+02
1.930164552822402300e+02 2.028226841309172812e+02
1.937223692244205040e+02 2.018818801272463759e+02
1.944522446383575698e+02 2.009620723620973024e+02
1.952050220780845109e+02 2.000636008693033716e+02
1.959795007754443930e+02 1.991868341265042943e+02
1.967746335416338184e+02 1.983319479828427347e+02
1.975893278670924644e+02 1.974991277994810162e+02
1.984225193775953926e+02 1.966885024283519954e+02
1.992731911399771434e+02 1.959001055084529526e+02
2.001403623653096417e+02 1.951338939507218697e+02
2.010230693064193019e+02 1.943898151392861848e+02
2.019203767552997419e+02 1.936678003819521905e+02
2.028314959248006346e+02 1.929677107476846913e+02
2.037554755195727410e+02 1.922894589121743536e+02
2.046916611893792322e+02 1.916327536271072915e+02
2.056391543394127837e+02 1.909974508664678297e+02
2.065972947366229846e+02 1.903832996470611931e+02
2.075654500948718351e+02 1.897900711377984351e+02
2.085428844033343125e+02 1.892175565642257880e+02
2.095290631132907890e+02 1.886654230913332810e+02
2.105233160851253160e+02 1.881334140923326856e+02
2.115251306642737177e+02 1.876212301334183223e+02
2.125339777631931497e+02 1.871286034610937747e+02
2.135494228999691870e+02 1.866552304539816873e+02
2.145708629106595993e+02 1.862008324820213545e+02
2.155979480778978541e+02 1.857650643051303518e+02
2.166302493310023181e+02 1.853476338531117449e+02
2.176673552246701888e+02 1.849482598687226016e+02
2.187088752025086649e+02 1.845666561819949436e+02
2.197544359828465588e+02 1.842025231017651663e+02
2.208038140237038078e+02 1.838555481201770476e+02
2.218565402566856051e+02 1.835254869800435813e+02
2.229124109262454283e+02 1.832120477729669972e+02
2.239711320943480928e+02 1.829149788965649464e+02
2.250324262457412203e+02 1.826340372261921345e+02
2.260960309808645832e+02 1.823689878902160046e+02
2.271617268038025372e+02 1.821196019034201186e+02
2.282293076523783384e+02 1.818856633261511320e+02
2.292985033591513400e+02 1.816669856030604819e+02
2.303691421686164063e+02 1.814634016993501859e+02
2.314410543199945778e+02 1.812747614827353857e+02
2.325140390953727092e+02 1.811009282162303862e+02
2.335879088350495749e+02 1.809417709734505024e+02
2.346625020957576737e+02 1.807971923874069375e+02
2.357376381451294947e+02 1.806671626792657435e+02
2.368131586030294216e+02 1.805516641530962829e+02
2.378889960108630248e+02 1.804506881949401986e+02
2.389648334115593116e+02 1.803642393901257037e+02
2.400406809547229727e+02 1.802922757561767639e+02
2.411162386346122730e+02 1.802346772152717165e+02
2.421913991975247598e+02 1.801913052165474198e+02
2.432660069747222735e+02 1.801620316207312555e+02
2.443399027070521470e+02 1.801467331423429812e+02
2.454129318709739209e+02 1.801453100771352638e+02
2.464849443519125316e+02 1.801577166987927399e+02
2.475557911698112150e+02 1.801839190098558561e+02
2.486253238128542478e+02 1.802238866721336592e+02
2.496934485831497170e+02 1.802775996875550675e+02
2.507599309055636354e+02 1.803450394132359520e+02
2.518246763436226274e+02 1.804262187831151323e+02
2.528875378965897767e+02 1.805211587926484356e+02
2.539483431066568926e+02 1.806298800200951860e+02
2.550069247848713871e+02 1.807524034984007528e+02
2.560632084658246868e+02 1.808887630813880207e+02
2.571169262764103678e+02 1.810389579671956142e+02
2.581679761231377483e+02 1.812030013579264676e+02
2.592161950551823679e+02 1.813809058872683693e+02
2.602614179180606584e+02 1.815726856555569668e+02
2.613034790792456761e+02 1.817783373016743838e+02
2.623422170983882893e+02 1.819977960219674458e+02
2.633774719864128429e+02 1.822309852432595108e+02
2.644090841244560011e+02 1.824778296084612066e+02
2.654368941017656880e+02 1.827382548765266677e+02
2.664607464282061642e+02 1.830121565968060224e+02
2.674805014480708110e+02 1.832993174027916439e+02
2.684960337389004508e+02 1.835994974241425552e+02
2.695072347629017031e+02 1.839124638732267556e+02
2.705139271407762749e+02 1.842379648672774692e+02
2.715160305909727754e+02 1.845757318701877239e+02
2.725134989847012434e+02 1.849253626208299863e+02
2.735061831498705942e+02 1.852863847584397945e+02
2.744941007291508868e+02 1.856583702622285443e+02
2.754771591398033479e+02 1.860408633204214652e+02
2.764553515747535357e+02 1.864333993932503972e+02
2.774286705603041696e+02 1.868353776156966717e+02
2.783971595826233170e+02 1.872461754625258834e+02
2.793608371472684553e+02 1.876651593496657995e+02
2.803198068240493512e+02 1.880917282135453945e+02
2.812740909399396969e+02 1.885252333401333260e+02
2.822238454361485651e+02 1.889650028408667879e+02
2.831691832602077739e+02 1.894103300728867225e+02
2.841102473072709245e+02 1.898605139027355904e+02
2.850472271612421196e+02 1.903148753773617443e+02
2.859802982613811650e+02 1.907727325453955132e+02
2.869096544520409111e+02 1.912334172603604543e+02
2.878355240702262563e+02 1.916962812692481464e+02
2.887581506636799986e+02 1.921606887999324442e+02
2.896777727074282893e+02 1.926259964579495261e+02
2.905946479015699424e+02 1.930916425582279885e+02
2.915089251977751132e+02 1.935574426796558782e+02
2.924207123103835784e+02 1.940233491758770015e+02
2.933301190164269201e+02 1.944893218369578562e+02
2.942372472341228331e+02 1.949553129031633887e+02
2.951422091550426785e+02 1.954212969858070323e+02
2.960450902092997012e+02 1.958873110465333411e+02
2.969459659746954117e+02 1.963534187513388360e+02
2.978449104132255911e+02 1.968196867991578927e+02
2.987419959876797293e+02 1.972861888374463604e+02
2.996372901588815694e+02 1.977529966608641985e+02
3.005308514074679920e+02 1.982202166398475356e+02
3.014227292319806679e+02 1.986879683449190281e+02
3.023129702927122366e+02 1.991563738186592900e+02
3.032016184752642971e+02 1.996255575311515145e+02
3.040887143719093046e+02 2.000956475101597789e+02
3.049742916675281776e+02 2.005667829436873149e+02
3.058583773192627291e+02 2.010391118870855394e+02
3.067409985114995266e+02 2.015127796210680629e+02
3.076221772627056339e+02 2.019879356232439704e+02
3.085019324020045133e+02 2.024647316812897770e+02
3.093802794271275616e+02 2.029433217232038942e+02
3.102572304797330958e+02 2.034238617172396459e+02
3.111327943400917775e+02 2.039065095800483505e+02
3.120069763924960853e+02 2.043914251339365080e+02
3.128797892626939756e+02 2.048787591349878880e+02
3.137512961209652076e+02 2.053686028603790987e+02
3.146215603663953289e+02 2.058610146131173906e+02
3.154906314723309606e+02 2.063560519176923833e+02
3.163585553232928191e+02 2.068537738682327074e+02
3.172253735567243211e+02 2.073542407879953942e+02
3.180911230930523175e+02 2.078575150337012474e+02
3.189558364150892658e+02 2.083636605489988938e+02
3.198195408886238056e+02 2.088727438088470478e+02
3.206822609576471450e+02 2.093848311806540892e+02
3.215440180474175236e+02 2.098999879904719421e+02
3.224048249811060600e+02 2.104182875467548683e+02
3.232646883519936409e+02 2.109398072727275064e+02
3.241236107506672397e+02 2.114646252872831269e+02
3.249815902772421623e+02 2.119928224254532267e+02
3.258386205870106664e+02 2.125244798245026630e+02
3.266946852926768088e+02 2.130596838990297783e+02
3.275497596749382865e+02 2.135985323277483587e+02
3.284038138206628332e+02 2.141411224085240974e+02
3.292568138621555249e+02 2.146875573093148830e+02
3.301087185322707001e+02 2.152379309481029566e+02
3.309594750148364142e+02 2.157923532762225420e+02
3.318090183086887350e+02 2.163509470151211644e+02
3.326572795973397660e+02 2.169138446581776805e+02
3.335041750486003025e+02 2.174811527213906572e+02
3.343496241092630612e+02 2.180530004797003016e+02
3.351934548657089863e+02 2.186296243849067480e+02
3.360354015381398654e+02 2.192113099003133243e+02
3.368751995840797804e+02 2.197983536704892344e+02
3.377125813668662317e+02 2.203910682432371573e+02
3.385472384512742678e+02 2.209897052052472475e+02
3.393789009608951233e+02 2.215945679466452702e+02
3.402072570234740283e+02 2.222058975233275078e+02
3.410320128116562159e+02 2.228239651725237138e+02
3.418528463443399232e+02 2.234490097031545019e+02
3.426694449618290719e+02 2.240812886054921478e+02
3.434814813559528943e+02 2.247210001069044836e+02
3.442886754251188108e+02 2.253683815391827920e+02
3.450906841110525534e+02 2.260235805893227337e+02
3.458872117024264412e+02 2.266868138428302473e+02
3.466779319771270593e+02 2.273582674192568902e+02
3.474625211127318494e+02 2.280380678832770798e+02
3.482407054395659429e+02 2.287263538602938695e+02
3.490121940656612765e+02 2.294232460384473029e+02
3.497766915844120490e+02 2.301288651342008791e+02
3.505338813925439467e+02 2.308432983216830223e+02
3.512834906611925021e+02 2.315666384336586532e+02
3.520252615544787318e+02 2.322989379515196902e+02
3.527589329533878981e+02 2.330402446885786958e+02
3.534842387539493416e+02 2.337906029926558631e+02
3.542009083437163781e+02 2.345500531187380204e+02
3.549086892223648420e+02 2.353186229681160455e+02
3.556073463534725079e+02 2.360963175136909911e+02
3.562966278676348111e+02 2.368831105774949322e+02
3.569762983523581283e+02 2.376790052920650567e+02
3.576461251210149044e+02 2.384840242964326080e+02
3.583058372994071874e+02 2.392981054976880841e+02
3.589552134359415163e+02 2.401212452836313673e+02
3.595940085169743270e+02 2.409534080333314421e+02
3.602219778902524467e+02 2.417945654382234864e+02
3.608388562893059088e+02 2.426446535895447312e+02
3.614444005972695209e+02 2.435036744020740969e+02
3.620383211267538854e+02 2.443715749948565588e+02
3.626203268239541444e+02 2.452483014208778513e+02
3.631901339245292206e+02 2.461338230469833377e+02
3.637474416968195214e+02 2.470280884503266350e+02
3.642919223288498642e+02 2.479310515679279376e+02
3.648232115773798796e+02 2.488426834415081430e+02
3.653409376221315483e+02 2.497629633009220242e+02
3.658446903539019104e+02 2.506917881670549662e+02
3.663340955330731390e+02 2.516291490619833837e+02
3.668086953011172682e+02 2.525749780478365381e+02
3.672679672088918892e+02 2.535292589623753940e+02
3.677113549170823603e+02 2.544919224238074946e+02
3.681383105332938044e+02 2.554629368302397836e+02
3.685482583290565231e+02 2.564422194595665587e+02
3.689407285261815446e+02 2.574296118477984123e+02
3.693154591639884075e+02 2.584248411546419675e+02
3.696722041038728435e+02 2.594276146478303531e+02
3.700107117863668122e+02 2.604376394283221430e+02
3.703307283553289153e+02 2.614546515485222926e+02
3.706319578534246943e+02 2.624782596370707779e+02
3.709141314545141199e+02 2.635081822896849530e+02
3.711769517719707778e+02 2.645440862926124623e+02
3.714201041434137096e+02 2.655855904648960291e+02
3.716432744822629957e+02 2.666323408265612898e+02
3.718461518978311915e+02 2.676839122305353271e+02
3.720284758252360575e+02 2.687398671294807286e+02
3.721899869180869018e+02 2.697998199652329276e+02
3.723303889891262770e+02 2.708632036324842716e+02
3.724494056961823389e+02 2.719295766044996299e+02
3.725467752282724518e+02 2.729984026671178299e+02
3.726223259233718181e+02 2.740690982098610107e+02
3.726758942325106432e+02 2.751410719381821650e+02
3.727073062710953195e+02 2.762137201002193478e+02
3.727163805366851079e+02 2.772863778569549709e+02
3.727029760724741436e+02 2.783583839842576140e+02
3.726670534815943370e+02 2.794290314606965921e+02
3.726085895410045623e+02 2.804975800834557731e+02
3.725275529653019930e+02 2.815633137875738043e+02
3.724239237160532525e+02 2.826254119731494256e+02
3.722977036908583273e+02 2.836831292101201711e+02
3.721489705382655870e+02 2.847356458497035874e+02
3.719778269148131926e+02 2.857821320370337617e+02
3.717843896319642454e+02 2.868217526934929538e+02
3.715687696193223815e+02 2.878536966486633446e+02
3.713311191579014690e+02 2.888770875144270462e+02
3.710716107561174795e+02 2.898910947925346022e+02
3.707904411079852025e+02 2.908948766830393993e+02
3.704878290928322144e+02 2.918876015086401026e+02
3.701640362857852438e+02 2.928684463333715939e+02
3.698193241887079807e+02 2.938366206593765355e+02
3.694539200857254286e+02 2.947913435298086142e+02
3.690680800243954423e+02 2.957318654710655323e+02
3.686621048843176709e+02 2.966574834969609356e+02
3.682363227093948694e+02 2.975675368064270856e+02
3.677911268454767537e+02 2.984614576415548868e+02
3.673269375922075710e+02 2.993387346852774726e+02
3.668442111137164829e+02 3.001989568898368361e+02
3.663434424047094922e+02 3.010418379574938399e+02
3.658251503331984509e+02 3.018671928771802868e+02
