3.644097389463836407e+02 3.022220087956656016e+02
3.639167914743070469e+02 3.030064504781191204e+02
3.634077766422784066e+02 3.037787464518028742e+02
3.628825080352868326e+02 3.045394971567325797e+02
3.623409485982314777e+02 3.052890295132141887e+02
3.617830903602111903e+02 3.060276327014270805e+02
3.612089621698618203e+02 3.067555387214019902e+02
3.606186137132981457e+02 3.074729677313467846e+02
3.600121372918864608e+02 3.081800933044783051e+02
3.593896880121817503e+02 3.088769842929459060e+02
3.587513951894712250e+02 3.095637818471595892e+02
3.580974859911947306e+02 3.102405045124925209e+02
3.574282028434046197e+02 3.109071966753518836e+02
3.567438207769990299e+02 3.115638853499845027e+02
3.560446495634428175e+02 3.122105568115383676e+02
3.553309986871411752e+02 3.128472070928585254e+02
3.546032189683297133e+02 3.134737719533703739e+02
3.538616221797589105e+02 3.140902040237637607e+02
3.531065681952748605e+02 3.146963858307705095e+02
3.523383850876247720e+02 3.152922397241235899e+02
3.515574493148316151e+02 3.158776279951602532e+02
3.507641032165053616e+02 3.164524372890750215e+02
3.499586980371702793e+02 3.170164965481676518e+02
3.491415717632781934e+02 3.175696269134488716e+02
3.483130727783921543e+02 3.181116268949589880e+02
3.474735350411175432e+02 3.186423130640077943e+02
3.466233104420670088e+02 3.191614633163562758e+02
3.457627237141426235e+02 3.196688448713078969e+02
3.448921036801247624e+02 3.201641995919098918e+02
3.440117758546734876e+02 3.206472732244101849e+02
3.431220686880852213e+02 3.211177955294822368e+02
3.422233070310232392e+02 3.215754949366984761e+02
3.413158129980539002e+02 3.220200868983228588e+02
3.403999093351870897e+02 3.224512866237835169e+02
3.394759166200097980e+02 3.228688011387325787e+02
3.385441586751089744e+02 3.232723367261780254e+02
3.376049529222734691e+02 3.236615926009775990e+02
3.366586265022618818e+02 3.240362858629055722e+02
3.357054988003388871e+02 3.243961341504394227e+02
3.347459035184673439e+02 3.247408577408804717e+02
3.337801593372830098e+02 3.250701708153416689e+02
3.328085871977718284e+02 3.253837851478403422e+02
3.318315131316199995e+02 3.256814362784796799e+02
3.308492802032404825e+02 3.259628775801637630e+02
3.298621896726538125e+02 3.262278491762603494e+02
3.288705957303980085e+02 3.264760974258750252e+02
3.278748072174244612e+02 3.267073644472486649e+02
3.268751527976317561e+02 3.269214044369360863e+02
3.258719620829820656e+02 3.271179794464422912e+02
3.248655643814418568e+02 3.272968503677911372e+02
3.238562890055032994e+02 3.274577768753835016e+02
3.228444690631570779e+02 3.276005523584073558e+02
3.218304511645628736e+02 3.277253262312192419e+02
3.208146294834950254e+02 3.278324738439073940e+02
3.197973203904262505e+02 3.279223640208122106e+02
3.187788772745313395e+02 3.279953742481003474e+02
3.177595895195203184e+02 3.280518746428696772e+02
3.167397434285162490e+02 3.280922120624785521e+02
3.157196149060569610e+02 3.281167212447289785e+02
3.146994608435704777e+02 3.281257363286521809e+02
3.136795140142972400e+02 3.281195860645291305e+02
3.126600081019728350e+02 3.280985996801317128e+02
3.116411579202820121e+02 3.280630978636950772e+02
3.106231647373681994e+02 3.280133939510157575e+02
3.096062053443309878e+02 3.279497914193787551e+02
3.085904808122193117e+02 3.278726034774017535e+02
3.075761439746483461e+02 3.277821317549876312e+02
3.065633647741931327e+02 3.276786853956947994e+02
3.055522781501126701e+02 3.275625638289845938e+02
3.045430426650919458e+02 3.274340770345519900e+02
3.035357774176892462e+02 3.272935238112280558e+02
3.025306004491893646e+02 3.271411976577599034e+02
3.015276368719986522e+02 3.269774086668416544e+02
3.005269855906315115e+02 3.268024674052883256e+02
2.995287420419398359e+02 3.266166818622306209e+02
2.985329944335994128e+02 3.264203575566054383e+02
2.975398230567739120e+02 3.262137979794460989e+02
2.965492993019343544e+02 3.259973143495759018e+02
2.955614856260933152e+02 3.257712243662170977e+02
2.945764352809475213e+02 3.255358405119931149e+02
2.935941973323153320e+02 3.252914751162740004e+02
2.926148121310646957e+02 3.250384400967435568e+02
2.916383095060032815e+02 3.247770484710613346e+02
2.906647116932757626e+02 3.245076106906778932e+02
2.896940366389885071e+02 3.242304428784330526e+02
2.887262912561608346e+02 3.239458574543801888e+02
2.877614782674042431e+02 3.236541514333055716e+02
2.867995898106427148e+02 3.233556377297021527e+02
2.858406167968718137e+02 3.230506071724649360e+02
2.848845349929023882e+02 3.227393622413814569e+02
2.839313249081577055e+02 3.224221881578893090e+02
2.829809446343690524e+02 3.220993803771686999e+02
2.820333676072853564e+02 3.217712105936237776e+02
2.810885390835206863e+02 3.214379522190220086e+02
2.801464159283493132e+02 3.210998693334472023e+02
2.792069469218287736e+02 3.207572191219052229e+02
2.782700594888240175e+02 3.204102615552306474e+02
2.773356950716320171e+02 3.200592409682781749e+02
2.764037929565337208e+02 3.197043825877594259e+02
2.754742641001998322e+02 3.193459130788198763e+02
2.745470367251060111e+02 3.189840546805986605e+02
2.736220281903757154e+02 3.186190207084874260e+02
2.726991858853148756e+02 3.182509210966696287e+02
2.717784761983850785e+02 3.178797370023503390e+02
2.708598908045027542e+02 3.175054401087991209e+02
2.699434158739977079e+02 3.171279979210335114e+02
2.690290390037886823e+02 3.167473759485480400e+02
2.681167545946896098e+02 3.163635373312868069e+02
2.672065447217278802e+02 3.159764437511105371e+02
2.662984009802898413e+02 3.155860572973630838e+02
2.653923181917554075e+02 3.151923375566661321e+02
2.644882904162022896e+02 3.147952414660154545e+02
2.635863123151171408e+02 3.143947259157540088e+02
2.626863786562428231e+02 3.139907487543110847e+02
2.617884853087153942e+02 3.135832661318169698e+02
2.608926295754383773e+02 3.131722322508155116e+02
2.599988146218590259e+02 3.127575992377870762e+02
2.591070289806970095e+02 3.123393185386912023e+02
2.582172744660590524e+02 3.119173478857164810e+02
2.573295490992915120e+02 3.114916414493357024e+02
2.564438518832701561e+02 3.110621513664107738e+02
2.555601827988400601e+02 3.106288277675294012e+02
2.546785414130475829e+02 3.101916215755815642e+02
2.537989255872769547e+02 3.097504867698104931e+02
2.529213336666966825e+02 3.093053756938026027e+02
2.520457639869716218e+02 3.088562384508057335e+02
2.511721314042094377e+02 3.084030184766428420e+02
2.503002598506843981e+02 3.079456854210890810e+02
2.494300852125191454e+02 3.074842791335217385e+02
2.485615606470285286e+02 3.070188457697508397e+02
2.476946353244678676e+02 3.065494279802069855e+02
2.468292587001783431e+02 3.060760671228062506e+02
2.459653837904305362e+02 3.055988048779561268e+02
2.451029603538625281e+02 3.051176826791405574e+02
2.442419382636248599e+02 3.046327399975957064e+02
2.433822677663241620e+02 3.041440139273009891e+02
2.425238995010492715e+02 3.036515391754188045e+02
2.416667844756240129e+02 3.031553481141380075e+02
2.408108740241236774e+02 3.026554708510341243e+02
2.399561199051775020e+02 3.021519350837490947e+02
2.391024794988874191e+02 3.016447660922236764e+02
2.382498977887812259e+02 3.011339840993364305e+02
2.373983313464979403e+02 3.006196096605943922e+02
2.365477389309193939e+02 3.001016548326717270e+02
2.356980799811068437e+02 2.995801282060220387e+02
2.348493146734780055e+02 2.990550359619138590e+02
2.340014070216877826e+02 2.985263813043162600e+02
2.331543203712409706e+02 2.979941601027668412e+02
2.323080248231211726e+02 2.974583577557820036e+02
2.314624985677832854e+02 2.969189566195133239e+02
2.306177191543617937e+02 2.963759353895640061e+02
2.297736715703236996e+02 2.958292668971076296e+02
2.289303677050211547e+02 2.952788793436096171e+02
2.280879559701592996e+02 2.947245567500432344e+02
2.272466158782173125e+02 2.941660532061629851e+02
2.264065306992740432e+02 2.936031293097659045e+02
2.255678907462131804e+02 2.930355526469640495e+02
2.247309015894689992e+02 2.924630792951329568e+02
2.238957871918672708e+02 2.918854666900286929e+02
2.230627814539875828e+02 2.913024669536770261e+02
2.222321273215096085e+02 2.907138315821330252e+02
2.214040773591429740e+02 2.901193322199701470e+02
2.205788858284246601e+02 2.895187194213319231e+02
2.197568265854404785e+02 2.889117775911701074e+02
2.189381680477349335e+02 2.882982647005338777e+02
2.181231988366295127e+02 2.876779667324778416e+02
2.173122086327087175e+02 2.870506680067726961e+02
2.165054847628699122e+02 2.864161386838111412e+02
2.157033296482572098e+02 2.857742125050783102e+02
2.149060250792290958e+02 2.851246936818358222e+02
2.141138686283673280e+02 2.844673973108089058e+02
2.133271685818756680e+02 2.838021489842170126e+02
2.125462360586353725e+02 2.831287926814856064e+02
2.117713523630038992e+02 2.824471859050158855e+02
2.110028026909739367e+02 2.817572024578203127e+02
2.102408784992699680e+02 2.810587202124761461e+02
2.094858775962249524e+02 2.803516212742762264e+02
2.087380973811381466e+02 2.796357977178701049e+02
2.079978085083463668e+02 2.789111724300992137e+02
2.072652769141236035e+02 2.781776787031334379e+02
2.065407668897162523e+02 2.774352351646991792e+02
2.058245750853695029e+02 2.766838148182554846e+02
2.051169693247773864e+02 2.759233539585874269e+02
2.044181893322911492e+02 2.751537917453873092e+02
2.037285173486641554e+02 2.743751674816425634e+02
2.030481776874934781e+02 2.735874101630402038e+02
2.023774612777421567e+02 2.727905601760935497e+02
2.017166020372055186e+02 2.719845518864408405e+02
2.010658816315557260e+02 2.711694421815763576e+02
2.004255409443680094e+02 2.703452281113256390e+02
1.997958375567530709e+02 2.695119225259476252e+02
1.991770386876960970e+02 2.686695465624060262e+02
1.985694180413738366e+02 2.678181252744728909e+02
1.979732552733156012e+02 2.669576884558097163e+02
1.973888368326889804e+02 2.660882706134781301e+02
1.968164566196232101e+02 2.652099111268028651e+02
1.962564025722160750e+02 2.643226137391005750e+02
1.957090160680754707e+02 2.634264859115603485e+02
1.951746117640106775e+02 2.625215085244097963e+02
1.946535714204540000e+02 2.616077740497183868e+02
1.941462430976475559e+02 2.606852781331980964e+02
1.936530257134443502e+02 2.597541153031808108e+02
1.931742808759108243e+02 2.588143639335352759e+02
1.927101632401336246e+02 2.578662137038620585e+02
1.922607366310067789e+02 2.569099095586841486e+02
1.918260640749645347e+02 2.559456675289317502e+02
1.914062414527538465e+02 2.549737867461753638e+02
1.910013321030085365e+02 2.539944389387722197e+02
1.906114674076686981e+02 2.530078963121974880e+02
1.902367643859132897e+02 2.520143142246071477e+02
1.898773865151005111e+02 2.510139627269577716e+02
1.895334819652278782e+02 2.500070389253082226e+02
1.892052154724460706e+02 2.489937431432720132e+02
1.888927668291767645e+02 2.479742957233334835e+02
1.885963308076492240e+02 2.469489577190219620e+02
1.883160903365321701e+02 2.459178506166044542e+02
1.880522876941589061e+02 2.448812994216801258e+02
1.878051398605682039e+02 2.438394725144378583e+02
1.875748821753093978e+02 2.427926119418698363e+02
1.873617546585643652e+02 2.417409677708579920e+02
1.871660116492021757e+02 2.406847334683891972e+02
1.869879416301331219e+02 2.396242440840776453e+02
1.868278296275873913e+02 2.385596702438020316e+02
1.866859788540756142e+02 2.374913174753355349e+02
1.865626913040511567e+02 2.364194420087702042e+02
1.864582945421630882e+02 2.353443507938811194e+02
1.863731359070159783e+02 2.342663304065638101e+02
1.863075889352617480e+02 2.331856693367028583e+02
1.862620366234918095e+02 2.321026738157527234e+02
1.862368727186083674e+02 2.310176924710999913e+02
1.862325109550768900e+02 2.299310896371263198e+02
1.862493924441158413e+02 2.288432107643096742e+02
1.862879850966105550e+02 2.277544357076563131e+02
1.863487741100789492e+02 2.266651550691973966e+02
1.864322547522808691e+02 2.255758139232655139e+02
1.865389358615857418e+02 2.244868824816603308e+02
1.866693602924051731e+02 2.233987931015642801e+02
1.868240658774421661e+02 2.223121046275491608e+02
1.870036175377334757e+02 2.212273272621113733e+02
1.872085763592614569e+02 2.201450566330179583e+02
1.874394932793478574e+02 2.190659230891592131e+02
1.876969425532940647e+02 2.179905155424776524e+02
1.879814112224462690e+02 2.169196287947301300e+02
1.882934274458761479e+02 2.158539276106074851e+02
1.886334690744040188e+02 2.147941985491845855e+02
1.890019531650312103e+02 2.137412591856107156e+02
1.893992236700575802e+02 2.126959516473581573e+02
1.898255417705085222e+02 2.116591354229969966e+02
1.902811135247834216e+02 2.106316964944143990e+02
1.907660316334181800e+02 2.096145884726370525e+02
1.912791590669521611e+02 2.086098443446270778e+02
1.918189889738155500e+02 2.076188721235367609e+02
1.923844394863943705e+02 2.066419624350610320e+02
1.929747196678658270e+02 2.056794965733827212e+02
1.935893095719502242e+02 2.047320302221242514e+02
1.942276379621761748e+02 2.038000893151450725e+02
1.948890656935910783e+02 2.028841706292479330e+02
1.955729068140057052e+02 2.019847305190117481e+02
1.962785038494944558e+02 2.011021502151436096e+02
1.970050763414724315e+02 2.002368670373781754e+02
1.977519320633346069e+02 1.993892014452000296e+02
1.985183170640001151e+02 1.985594993988426324e+02
1.993034715393488625e+02 1.977480802979645205e+02
2.001066475455149600e+02 1.969552040555189478e+02
2.009271035450099703e+02 1.961810821007062771e+02
2.017640906520349517e+02 1.954259268831703480e+02
2.026168623926160706e+02 1.946899447010151505e+02
2.034847739324215752e+02 1.939732920027002478e+02
2.043670201266735376e+02 1.932761523690789431e+02
2.052630166032199384e+02 1.925985273801475159e+02
2.061719640880840814e+02 1.919405352994968155e+02
2.070932525122901495e+02 1.913022065645551493e+02
2.080262883296168468e+02 1.906835886550685473e+02
2.089703678820665971e+02 1.900847177388447449e+02
2.099249388337890707e+02 1.895054865786154892e+02
2.108893275692767588e+02 1.889458455333038671e+02
2.118629955271598533e+02 1.884057048390416753e+02
2.128453880843315744e+02 1.878849980908157988e+02
2.138360235659173725e+02 1.873835990704792209e+02
2.148342541117832809e+02 1.869013591304751571e+02
2.158396602576305554e+02 1.864380635638466970e+02
2.168517543578811058e+02 1.859935408502818177e+02
2.178700665240735646e+02 1.855676250699122249e+02
2.188941419027931374e+02 1.851601239373899546e+02
2.199235349125742687e+02 1.847707984042082785e+02
2.209579423128520830e+02 1.843993918402389056e+02
2.219968373149455090e+02 1.840457059247879954e+02
2.230399430058820656e+02 1.837094959092274564e+02
2.240869002255762155e+02 1.833905419449929752e+02
2.251373646933542432e+02 1.830886118875915258e+02
2.261910100847420324e+02 1.828034768357894109e+02
2.272475547123262629e+02 1.825349112055726835e+02
2.283067336926446558e+02 1.822826996940543722e+02
2.293682243215076824e+02 1.820466501739742853e+02
2.304317999730413362e+02 1.818265826214693561e+02
2.314972395955710169e+02 1.816223310030238167e+02
2.325642959141805761e+02 1.814337405366812561e+02
2.336327371824535533e+02 1.812606606788623935e+02
2.347023599889787135e+02 1.811029736752525707e+02
2.357729455123041760e+02 1.809606292103096905e+02
2.368442988781882264e+02 1.808335881350336649e+02
2.379163154493929255e+02 1.807218195824082159e+02
2.389886516512032699e+02 1.806253039748566493e+02
2.400612812875385202e+02 1.805439646929319224e+02
2.411338783728483293e+02 1.804776201694077145e+02
2.422063066128837932e+02 1.804260664956339895e+02
2.432783861947625041e+02 1.803891093071009664e+02
2.443499370074542014e+02 1.803665584837964104e+02
2.454207868421009664e+02 1.803582529992475827e+02
2.464907709769786095e+02 1.803641008096374492e+02
2.475597279059932134e+02 1.803840236930867889e+02
2.486274984798740491e+02 1.804179468020276431e+02
2.496939788799905955e+02 1.804658054005051326e+02
2.507589296124803013e+02 1.805275384960493739e+02
2.518222494358797405e+02 1.806031238183168455e+02
2.528837871487660038e+02 1.806925482895588573e+02
2.539433679154235790e+02 1.807957983475519086e+02
2.550008232396823757e+02 1.809128608417628072e+02
2.560560764658146695e+02 1.810437372815097774e+02
2.571088624866354166e+02 1.811884006280951382e+02
2.581590792571222437e+02 1.813468388415746233e+02
2.592065660314166848e+02 1.815190393935132533e+02
2.602511607338303747e+02 1.817049912725543948e+02
2.612927014851533727e+02 1.819046681968232804e+02
2.623310307182692895e+02 1.821179896027133509e+02
2.633659927216664300e+02 1.823448647047734710e+02
2.643974326567390563e+02 1.825852040134467700e+02
2.654251963916351542e+02 1.828389192455111925e+02
2.664491338818316422e+02 1.831058946605342044e+02
2.674691100566388968e+02 1.833859113800214686e+02
2.684850038003689860e+02 1.836787302857701150e+02
2.694967108005182581e+02 1.839841193837291371e+02
2.705040589190032279e+02 1.843018277927687905e+02
2.715069715913658683e+02 1.846315904965040318e+02
2.725054047057911362e+02 1.849730192588730517e+02
2.734992114998537431e+02 1.853256585578752151e+02
2.744884101296320864e+02 1.856890969488171095e+02
2.754729091857124104e+02 1.860628953627272040e+02
2.764527018173927218e+02 1.864466074204884194e+02
2.774277789010710080e+02 1.868396571231487542e+02
2.783981811682958210e+02 1.872414485438343092e+02
2.793639236799223227e+02 1.876513745888794631e+02
2.803251060722520265e+02 1.880688606118208952e+02
2.812817456448339044e+02 1.884932839354279963e+02
2.822339934451784416e+02 1.889239980010041791e+02
2.831819564642944442e+02 1.893603210288074763e+02
2.841257709329234444e+02 1.898015765737413858e+02
2.850656197521319655e+02 1.902471103696482260e+02
2.860016708443585003e+02 1.906962633568722651e+02
2.869341119868113310e+02 1.911483823616024722e+02
2.878631664158857006e+02 1.916028316340107267e+02
2.887890724941330518e+02 1.920589878733441083e+02
2.897120618849787093e+02 1.925162196488951736e+02
2.906323862449490321e+02 1.929739772533626763e+02
2.915501884206818204e+02 1.934320871310127075e+02
2.924655698028943220e+02 1.938905120200733450e+02
2.933786338964231390e+02 1.943492220876786121e+02
2.942894745648549133e+02 1.948081793023008572e+02
2.951981975959106990e+02 1.952673676568657868e+02
2.961048829889890612e+02 1.957268282728547604e+02
2.970096014959705712e+02 1.961866269842435031e+02
2.979124221888657758e+02 1.966468325850676990e+02
2.988134132233925584e+02 1.971075210072866923e+02
2.997126358594515523e+02 1.975687652074223877e+02
3.006101450254868723e+02 1.980306714394113499e+02
3.015059864153742524e+02 1.984933580453138120e+02
3.024002028849230896e+02 1.989569457888203772e+02
3.032928345282805935e+02 1.994215578193319516e+02
3.041839181477168381e+02 1.998873208203694674e+02
3.050734835754513483e+02 2.003543727404374408e+02
3.059615545446145575e+02 2.008228607315106444e+02
3.068481530786539793e+02 2.012929282052865574e+02
3.077332978706216409e+02 2.017647235816470754e+02
3.086170038063096399e+02 2.022383974310489236e+02
3.094992817514397530e+02 2.027141036078697880e+02
3.103801388302301802e+02 2.031919985351964897e+02
3.112595787195728576e+02 2.036722404887653113e+02
3.121376016147117411e+02 2.041549895446397045e+02
3.130142113028110771e+02 2.046403948125759200e+02
3.138894457159704530e+02 2.051285383275864262e+02
3.147633532320070913e+02 2.056194753341933961e+02
3.156359764943589425e+02 2.061132647485310656e+02
3.165073538717447832e+02 2.066099665521056750e+02
3.173775194111270253e+02 2.071096419696954456e+02
3.182465016018218193e+02 2.076123554712083319e+02
3.191143239446732878e+02 2.081181737553632729e+02
3.199810052106192870e+02 2.086271662065576038e+02
3.208465603630879741e+02 2.091394014151355236e+02
3.217110009442760088e+02 2.096549466076632768e+02
3.225743305569381505e+02 2.101738783003374067e+02
3.234365456355908464e+02 2.106962770165377776e+02
3.242976385060388225e+02 2.112222237903515349e+02
3.251575973959053840e+02 2.117518025369250836e+02
3.260164053141644445e+02 2.122850967599220837e+02
3.268740345554237479e+02 2.128221940753777801e+02
3.277304509467634261e+02 2.133631942479726433e+02
3.285856143057358736e+02 2.139081959245130520e+02
3.294394814283872392e+02 2.144573042298765984e+02
3.302919991916829190e+02 2.150106127677240693e+02
3.311431055316416519e+02 2.155682307819068910e+02
3.319927274634353580e+02 2.161302794352741614e+02
3.328407892518246740e+02 2.166968904014150326e+02
3.336871958418255986e+02 2.172681656154361747e+02
3.345318596318841173e+02 2.178442325722691066e+02
3.353746066068592313e+02 2.184253211613483643e+02
3.362151689816843145e+02 2.190117028036241607e+02
3.370532833398261801e+02 2.196036624661079486e+02
3.378886851051299232e+02 2.202015026960720832e+02
3.387210635282270914e+02 2.208054596866885220e+02
3.395501564239503978e+02 2.214158249614787337e+02
3.403756570805816750e+02 2.220328201933012906e+02
3.411972808647889224e+02 2.226567007778225218e+02
3.420147130807699796e+02 2.232876877194633209e+02
3.428276507377252074e+02 2.239260228272469533e+02
3.436357755290698606e+02 2.245718852504371341e+02
3.444388216796058941e+02 2.252254960684334719e+02
3.452364561678954260e+02 2.258869820691188011e+02
3.460283980306931539e+02 2.265565437750072135e+02
3.468143345137274309e+02 2.272343499068584833e+02
3.475939539281540078e+02 2.279205094141129848e+02
3.483669962280840195e+02 2.286151462728750232e+02
3.491331837934142186e+02 2.293183661612780782e+02
3.498922349383701658e+02 2.300302752480598372e+02
3.506438463021257803e+02 2.307509457048386707e+02
3.513877572784444396e+02 2.314804588503367313e+02
3.521237194524735514e+02 2.322188576723650613e+02
3.528514811916493841e+02 2.329661808223974617e+02
3.535707860820129440e+02 2.337224637016476834e+02
3.542813733078886003e+02 2.344877379108146158e+02
3.549829972224019912e+02 2.352620254862229672e+02
3.556754257402520238e+02 2.360453285425981278e+02
3.563584094277325676e+02 2.368376178157007246e+02
3.570317157496410800e+02 2.376388938970160609e+02
3.576951149162933916e+02 2.384491770613472568e+02
3.583483349008036498e+02 2.392684043383866879e+02
3.589911490736020028e+02 2.400965750430714252e+02
3.596233065133902755e+02 2.409336560352781476e+02
3.602445565408553989e+02 2.417796212267459453e+02
3.608546275366826990e+02 2.426344084896668392e+02
3.614532666286758626e+02 2.434980235884312378e+02
3.620401690727901496e+02 2.443704198066991466e+02
3.626150281041616950e+02 2.452515489895799874e+02
3.631775439090592386e+02 2.461413855535612356e+02
3.637273993041952167e+02 2.470398823545648384e+02
3.642642463758542704e+02 2.479469987135890676e+02
3.647876951840937636e+02 2.488627129615716456e+02
3.652973471952120690e+02 2.497870104894009557e+02
3.657927654210934634e+02 2.507197937504869287e+02
3.662735477429266666e+02 2.516610569951975833e+02
3.667392041365551449e+02 2.526107367793202059e+02
3.671891722691888162e+02 2.535688229105460891e+02
3.676228548725626979e+02 2.545352507838640861e+02
3.680396620655429842e+02 2.555099905115411048e+02
3.684389758206783654e+02 2.564929591221688270e+02
3.688202915200561165e+02 2.574839918104756293e+02
3.691833267093388145e+02 2.584828006727503293e+02
3.695278162738694050e+02 2.594890754918850462e+02
3.698534895766624686e+02 2.605025038150502610e+02
3.701600732686707147e+02 2.615227988557999197e+02
3.704472605085384771e+02 2.625495452922268669e+02
3.707147842440706427e+02 2.635824267108280878e+02
3.709623515928714141e+02 2.646210740144047122e+02
3.711896536028875744e+02 2.656650701391283178e+02
3.713963820416342401e+02 2.667140217921854628e+02
3.715822430132125191e+02 2.677674621136069959e+02
3.717470143270919039e+02 2.688249034655385685e+02
3.718904779028082999e+02 2.698859045606146765e+02
3.720123836398020671e+02 2.709498529853627247e+02
3.721125002883064212e+02 2.720162521983705801e+02
3.721906235603402706e+02 2.730845129051174922e+02
3.722466634097342535e+02 2.741539945376803757e+02
3.722805433858407014e+02 2.752240490535610320e+02
3.722921793368511203e+02 2.762940174331736785e+02
3.722814833162671562e+02 2.773631868691130649e+02
3.722484140167821920e+02 2.784308469367244356e+02
3.721930449425841516e+02 2.794962445608165353e+02
3.721154709936873815e+02 2.805586005845702289e+02
3.720157814967287777e+02 2.816171583526909217e+02
3.718940822679411440e+02 2.826710796072088101e+02
3.717504978724010698e+02 2.837195900360048881e+02
3.715852204941701302e+02 2.847618601369854900e+02
3.713984680240248508e+02 2.857970587601790271e+02
3.711904750813928331e+02 2.868243582375332039e+02
3.709614728813667739e+02 2.878429515843173476e+02
3.707117264182056715e+02 2.888520013248222540e+02
3.704414931678225571e+02 2.898507064444139587e+02
3.701510502469532753e+02 2.908382697725604089e+02
3.698406975053183601e+02 2.918139126883846757e+02
3.695107756862207111e+02 2.927768873559899703e+02
3.691616148894418643e+02 2.937264751030837147e+02
3.687934730057439197e+02 2.946619791798042911e+02
3.684066255130172749e+02 2.955827449541814076e+02
3.680013879042785447e+02 2.964881734289775181e+02
3.675781007589407636e+02 2.973777027885660118e+02
3.671371541008622899e+02 2.982509047650686398e+02
3.666789646263487157e+02 2.991073848568499329e+02
3.662039708286514497e+02 2.999468704244816308e+02
3.657126341175601283e+02 3.007692293572077915e+02
3.652054307647960059e+02 3.015744238520762224e+02
