3.649011438855982874e+02 3.024749121753888517e+02
3.644061803673353097e+02 3.032799348396031291e+02
3.638938916542539914e+02 3.040725434631088433e+02
3.633641953665105007e+02 3.048531633072282716e+02
3.628171350983494108e+02 3.056220162484547700e+02
3.622527887426285815e+02 3.063792981742398069e+02
3.616712717840283631e+02 3.071251632136964531e+02
3.610727267471981463e+02 3.078597597041027143e+02
3.604573374827955945e+02 3.085832034708092237e+02
3.598253370936990905e+02 3.092955299032422545e+02
3.591769513828103868e+02 3.099968340066587302e+02
3.585124785646834766e+02 3.106871169238346511e+02
3.578322277751493061e+02 3.113663946994453227e+02
3.571365347122001026e+02 3.120346695625191842e+02
3.564257611369732217e+02 3.126919126350359761e+02
3.557002722876093799e+02 3.133381031152535456e+02
3.549604593335325831e+02 3.139731732715894168e+02
3.542066878894104889e+02 3.145970656301208805e+02
3.534393510527162903e+02 3.152096682652386903e+02
3.526588250167488923e+02 3.158108985521420209e+02
3.518655112107928744e+02 3.164006281733062451e+02
3.510597912224635593e+02 3.169787451220076377e+02
3.502420462984529195e+02 3.175450945632572370e+02
3.494126482899996518e+02 3.180995141901991587e+02
3.485719694249496570e+02 3.186418232496631617e+02
3.477203779227612017e+02 3.191718527993565999e+02
3.468582409083486482e+02 3.196894055788050650e+02
3.459859145743391764e+02 3.201942784797129775e+02
3.451037502842609683e+02 3.206862513094734481e+02
3.442121005038662815e+02 3.211651048816117964e+02
3.433113095691277863e+02 3.216306074724498103e+02
3.424017220303228441e+02 3.220825249209206049e+02
3.414836755632389327e+02 3.225206208408402517e+02
3.405575133576694498e+02 3.229446602566425213e+02
3.396235692768051422e+02 3.233544015260434321e+02
3.386821821529319436e+02 3.237496008187866892e+02
3.377336765988262073e+02 3.241300091213158794e+02
3.367783904187466533e+02 3.244953966100038087e+02
3.358166472279547747e+02 3.248455363779152663e+02
3.348487907199594247e+02 3.251802018927344875e+02
3.338751404839496217e+02 3.254991620438361224e+02
3.328960185783805628e+02 3.258021820114090588e+02
3.319117501405044095e+02 3.260890469308299089e+02
3.309226797528283441e+02 3.263595568874371793e+02
3.299290980173674939e+02 3.266135003504784322e+02
3.289313617022260701e+02 3.268506689331958910e+02
3.279297693370763227e+02 3.270708509031005633e+02
3.269246420495707639e+02 3.272738380785718846e+02
3.259163006230787119e+02 3.274594257339785486e+02
3.249050649544618636e+02 3.276274074972219523e+02
3.238912543961173469e+02 3.277775753443015105e+02
3.228751913790193271e+02 3.279097526191064276e+02
3.218572069511794780e+02 3.280240984113257241e+02
3.208376858018406210e+02 3.281209846757037667e+02
3.198169273056461179e+02 3.282007769505035526e+02
3.187952767350198542e+02 3.282638483497179323e+02
3.177730099491665214e+02 3.283105646722496544e+02
3.167504027195757317e+02 3.283412677156279642e+02
3.157277218669310059e+02 3.283562866781379057e+02
3.147052153473861722e+02 3.283559499047145209e+02
3.136831065666566474e+02 3.283405801127163954e+02
3.126616221237454170e+02 3.283105003609260280e+02
3.116409696481655374e+02 3.282660268591501449e+02
3.106213435709197483e+02 3.282074695876827377e+02
3.096029129789289982e+02 3.281351284968984032e+02
3.085858752366241902e+02 3.280493131598063314e+02
3.075703760483538645e+02 3.279503215523461677e+02
3.065565812095542810e+02 3.278384617365867939e+02
3.055446192355809103e+02 3.277140338513677307e+02
3.045346456367781229e+02 3.275773486656369187e+02
3.035267737558078238e+02 3.274287055294195170e+02
3.025211167603927720e+02 3.272683985629461176e+02
3.015177963839556696e+02 3.270967409436717617e+02
3.005169064699801993e+02 3.269140481259792637e+02
2.995185378489405252e+02 3.267206329847135748e+02
2.985227742079105155e+02 3.265168058449397677e+02
2.975296913103709926e+02 3.263028750061059213e+02
2.965393558212152811e+02 3.260791580102962257e+02
2.955518252323656725e+02 3.258459802108009171e+02
2.945671475489228328e+02 3.256036616799192984e+02
2.935853668413670334e+02 3.253525222928281551e+02
2.926065182944129219e+02 3.250928814399878775e+02
2.916306261260060069e+02 3.248250599292201741e+02
2.906577066555524311e+02 3.245493763147250661e+02
2.896877723800764102e+02 3.242661548420643385e+02
2.887208241889396163e+02 3.239757158877130792e+02
2.877568583314304647e+02 3.236783642379943444e+02
2.867958613119528763e+02 3.233744200520864069e+02
2.858378174396822828e+02 3.230641805111986855e+02
2.848826964603772467e+02 3.227479544541386645e+02
2.839304722846809454e+02 3.224260332665020883e+02
2.829810965544908186e+02 3.220987184794394125e+02
2.820345362565860796e+02 3.217662866074472845e+02
2.810907303906722063e+02 3.214290145169057382e+02
2.801496295692326157e+02 3.210871695921505875e+02
2.792111762777067838e+02 3.207410122327721069e+02
2.782752913489538855e+02 3.203908054315232903e+02
2.773419101130443778e+02 3.200367954269494817e+02
2.764109660856594815e+02 3.196792079450274855e+02
2.754823640377198330e+02 3.193182698627342688e+02
2.745560264213985420e+02 3.189542036626912704e+02
2.736318647102168029e+02 3.185872226606530262e+02
2.727098219507087720e+02 3.182174320455251859e+02
2.717898619065113621e+02 3.178448018903374646e+02
2.708719745097155851e+02 3.174692925242048887e+02
2.699561443331122632e+02 3.170908600683149530e+02
2.690423576741594047e+02 3.167094586786178070e+02
2.681306079199259216e+02 3.163250405282566931e+02
2.672208759804823899e+02 3.159375567243950513e+02
2.663131527271256118e+02 3.155469589089001374e+02
2.654074325572787529e+02 3.151531962663129889e+02
2.645037093264838859e+02 3.147562153584494808e+02
2.636019776092588245e+02 3.143559631148258404e+02
2.627022321048072513e+02 3.139523880403031626e+02
2.618044688309017829e+02 3.135454370298927529e+02
2.609086854793367252e+02 3.131350550753892321e+02
2.600148859103898076e+02 3.127211851752383041e+02
2.591230592099022374e+02 3.123037699025567235e+02
2.582332079872151098e+02 3.118827587956481011e+02
2.573453311604922646e+02 3.114580978915490732e+02
2.564594288407740237e+02 3.110297312460411945e+02
2.555755023285948937e+02 3.105976009671894076e+02
2.546935526411251374e+02 3.101616501826271701e+02
2.538135791450910688e+02 3.097218254412114220e+02
2.529355818749115770e+02 3.092780717514100388e+02
2.520595610478909805e+02 3.088303319444352155e+02
2.511854327267711824e+02 3.083785417796385104e+02
2.503130217023297064e+02 3.079226629799728130e+02
2.494422666426286241e+02 3.074627284922731860e+02
2.485731239223458431e+02 3.069987778063121482e+02
2.477055460898309320e+02 3.065308469956930253e+02
2.468394861884465570e+02 3.060589709623349108e+02
2.459749011235132912e+02 3.055831849593473066e+02
2.451117448657155364e+02 3.051035238630861954e+02
2.442499717157649854e+02 3.046200206864743336e+02
2.433895365391470875e+02 3.041327061976999744e+02
2.425303947803539018e+02 3.036416089117395245e+02
2.416725025552829322e+02 3.031467549619159740e+02
2.408158167769787781e+02 3.026481679317333260e+02
2.399602950155772305e+02 3.021458690863455558e+02
2.391059006647336957e+02 3.016398774389463142e+02
2.382525848611136610e+02 3.011302070724973419e+02
2.374003106723908445e+02 3.006168724229230520e+02
2.365490438380506077e+02 3.000998791566222508e+02
2.356987510146019531e+02 2.995792295824679741e+02
2.348493997826461452e+02 2.990549237817294284e+02
2.340009617415481671e+02 2.985269590414782215e+02
2.331534080406793521e+02 2.979953254497679609e+02
2.323067168816009200e+02 2.974600026791225105e+02
2.314608747465656222e+02 2.969209675277878091e+02
2.306158676537864380e+02 2.963781933359736058e+02
2.297716892168010929e+02 2.958316477709158789e+02
2.289283603230523170e+02 2.952812539342955915e+02
2.280860389872246969e+02 2.947267903715425064e+02
2.272449146089636258e+02 2.941680058316691202e+02
2.264051805553788483e+02 2.936046558339613171e+02
2.255670374125095066e+02 2.930365031268349867e+02
2.247307007709225104e+02 2.924632996581045745e+02
2.238964033742417996e+02 2.918848005410624751e+02
2.230643877123819436e+02 2.913007560939104792e+02
2.222349054479944925e+02 2.907109162321607982e+02
2.214082179349746298e+02 2.901150511966955605e+02
2.205845878567598390e+02 2.895129110047360541e+02
2.197642954042876795e+02 2.889042816775464644e+02
2.189476150430834593e+02 2.882889235756230164e+02
2.181348413274035067e+02 2.876666250836855170e+02
2.173262699366928246e+02 2.870371731178653931e+02
2.165221939373717248e+02 2.864003411971417563e+02
2.157229193110744063e+02 2.857559678739797278e+02
2.149287312587314034e+02 2.851038630550011703e+02
2.141399306490795595e+02 2.844438475612711272e+02
2.133568289620650944e+02 2.837757527496651164e+02
2.125797402554676694e+02 2.830994284893993722e+02
2.118089483440068932e+02 2.824147389797864207e+02
2.110447406475793741e+02 2.817215648743029988e+02
2.102874107909170789e+02 2.810197910029801278e+02
2.095372586963334527e+02 2.803093065429584954e+02
2.087945841040082087e+02 2.795900105365834065e+02
2.080596613140576494e+02 2.788618319016927671e+02
2.073327603211300811e+02 2.781247098521482144e+02
2.066141497648922893e+02 2.773785695266396942e+02
2.059041297950388696e+02 2.766233895721938438e+02
2.052029731728188722e+02 2.758591126941327047e+02
2.045109283833405698e+02 2.750856827722202524e+02
2.038282859902259077e+02 2.743031411718304753e+02
2.031552809274464266e+02 2.735114223746924722e+02
2.024922127280046027e+02 2.727105697804832403e+02
2.018393272385039836e+02 2.719005238269871256e+02
2.011969214504519243e+02 2.710813411613968924e+02
2.005652552607852215e+02 2.702530201658532860e+02
1.999446052809895775e+02 2.694155755251513256e+02
1.993352579482855162e+02 2.685690310035456605e+02
1.987375075934861286e+02 2.677134145876627827e+02
1.981516619318335586e+02 2.668487557471743798e+02
1.975780387257327391e+02 2.659750884012490815e+02
1.970169636984215344e+02 2.650924529245309600e+02
1.964687581293234189e+02 2.642008575204974932e+02
1.959337961343745462e+02 2.633004106195473355e+02
1.954124392856673182e+02 2.623910959371181661e+02
1.949051184792873528e+02 2.614730036164719991e+02
1.944122346146791074e+02 2.605461351069697571e+02
1.939342376333295306e+02 2.596105889867281462e+02
1.934715372338467603e+02 2.586664553670669875e+02
1.930242997462437700e+02 2.577139570588079209e+02
1.925925829582215840e+02 2.567533817140085262e+02
1.921764439604761492e+02 2.557849910743479143e+02
1.917759692562044620e+02 2.548091252381828156e+02
1.913912150687286555e+02 2.538260075702779091e+02
1.910222920682789436e+02 2.528359587060406852e+02
1.906692947408249665e+02 2.518391942937548436e+02
1.903323587115871192e+02 2.508360360117807204e+02
1.900116055646438440e+02 2.498267398375047037e+02
1.897071705177509386e+02 2.488115665066601991e+02
1.894191885189060258e+02 2.477908007422999788e+02
1.891477988998324520e+02 2.467647664758693224e+02
1.888931321865318012e+02 2.457336640401320267e+02
1.886553681602539996e+02 2.446978741597770863e+02
1.884346636594426911e+02 2.436576403241570290e+02
1.882311747870265890e+02 2.426132754678077674e+02
1.880450508902775937e+02 2.415651012219142046e+02
1.878764542865835097e+02 2.405133898832657735e+02
1.877255726044089101e+02 2.394585326724092909e+02
1.875925917060270649e+02 2.384007808304394018e+02
1.874776975008677198e+02 2.373404999359171370e+02
1.873810662864276253e+02 2.362780133849471156e+02
1.873028936126994211e+02 2.352136826566393779e+02
1.872433909071841640e+02 2.341478485716231432e+02
1.872027907195418095e+02 2.330808495518527081e+02
1.871813273272050537e+02 2.320130343958654748e+02
1.871792382089341800e+02 2.309447797247057963e+02
1.871967757987883090e+02 2.298764669785336139e+02
1.872342154937428802e+02 2.288084554565687938e+02
1.872918545724163835e+02 2.277411223984076685e+02
1.873700066256288608e+02 2.266748440046295059e+02
1.874689941957079782e+02 2.256100264090568714e+02
1.875891511946923060e+02 2.245470820419032805e+02
1.877308429989087415e+02 2.234863839158221595e+02
1.878944318666455615e+02 2.224283816061081893e+02
1.880803122612692277e+02 2.213734757424941222e+02
1.882888843792349007e+02 2.203221120506781574e+02
1.885205457662794970e+02 2.192747432705574226e+02
1.887757220850299404e+02 2.182317771753895101e+02
1.890547767537353252e+02 2.171937426128068296e+02
1.893581236755698001e+02 2.161610629291380121e+02
1.896861563686889838e+02 2.151342282009713358e+02
1.900392336497336032e+02 2.141137310165492238e+02
1.904176712587547797e+02 2.131000622448337083e+02
1.908217362422004726e+02 2.120937072444160947e+02
1.912516840194071790e+02 2.110951623025290189e+02
1.917077100541663128e+02 2.101049661060757501e+02
1.921890308925733564e+02 2.091243638301731096e+02
1.926945054018283372e+02 2.081541392461004421e+02
1.932232936398465313e+02 2.071942920117508038e+02
1.937749455554873066e+02 2.062450151829793299e+02
1.943493719100713975e+02 2.053067911004782786e+02
1.949464162834051706e+02 2.043801320032694946e+02
1.955658318106000308e+02 2.034655697069675853e+02
1.962072973449717495e+02 2.025636424027705687e+02
1.968704949831600857e+02 2.016748772245683767e+02
1.975549850060124868e+02 2.007998896120852521e+02
1.982603641986416392e+02 1.999392295312873671e+02
1.989861434625716754e+02 1.990934881988504515e+02
1.997317945976465978e+02 1.982632520102555418e+02
2.004967671910235651e+02 1.974490687236924487e+02
2.012804875717376660e+02 1.966514522487693739e+02
2.020823502274204486e+02 1.958709241637635614e+02
2.029017276037696149e+02 1.951080055219119345e+02
2.037380627883489126e+02 1.943631758234527922e+02
2.045906174692356387e+02 1.936369143352962396e+02
2.054588222407985825e+02 1.929295016579609978e+02
2.063418961792587822e+02 1.922413186659020994e+02
2.072392240788505262e+02 1.915726616090179846e+02
2.081501983791589510e+02 1.909238373833298397e+02
2.090740803365058298e+02 1.902951011063630062e+02
2.100102470798101706e+02 1.896865139539649761e+02
2.109579567169854499e+02 1.890981808554997485e+02
2.119165976822234825e+02 1.885301615062876692e+02
2.128855428751249690e+02 1.879825313646093150e+02
2.138642251584075211e+02 1.874552707633454247e+02
2.148518974910860209e+02 1.869482842263691396e+02
2.158480418572183623e+02 1.864614004528511373e+02
2.168520780185147316e+02 1.859944846422621083e+02
2.178634477092341797e+02 1.855474019072335352e+02
2.188816066567920018e+02 1.851199695853331662e+02
2.199060164462077864e+02 1.847119256970375432e+02
2.209362876195983176e+02 1.843229829668191826e+02
2.219718110137461622e+02 1.839529088543272337e+02
2.230122352917034618e+02 1.836014199583180471e+02
2.240571303994352945e+02 1.832682506967837242e+02
2.251060847697057739e+02 1.829531128305295908e+02
2.261587100283368841e+02 1.826557178353723714e+02
2.272146681999038265e+02 1.823757779497435365e+02
2.282736432098409409e+02 1.821130135644349934e+02
2.293352648991557317e+02 1.818671700790085595e+02
2.303992664351839039e+02 1.816380097790707282e+02
2.314653905143281349e+02 1.814253083885460853e+02
2.325333563909782413e+02 1.812288518319270167e+02
2.336029024618087249e+02 1.810484292264793851e+02
2.346738001158162490e+02 1.808838683967098007e+02
2.357458092340130804e+02 1.807350788480827646e+02
2.368187165840088539e+02 1.806019825308646887e+02
2.378924038168503614e+02 1.804845089180329580e+02
2.389665084620226594e+02 1.803825991161235436e+02
2.400409973503241474e+02 1.802961413865609757e+02
2.411155310892872876e+02 1.802249325609496680e+02
2.421899668245549151e+02 1.801687482740842086e+02
2.432641175847358284e+02 1.801273736773894143e+02
2.443377967928176986e+02 1.801005980559776276e+02
2.454108270136212582e+02 1.800882488266159385e+02
2.464830395160227283e+02 1.800902457603064306e+02
2.475542685892887107e+02 1.801065260937295420e+02
2.486243504881528565e+02 1.801370303781533835e+02
2.496931783978548083e+02 1.801817092123739315e+02
2.507605043424855751e+02 1.802405228495545373e+02
2.518262228808813745e+02 1.803134867565270554e+02
2.528901756260455898e+02 1.804006283956034054e+02
2.539521784510228599e+02 1.805019746004677756e+02
2.550120526256456230e+02 1.806175524594705735e+02
2.560697137376522505e+02 1.807474073191012849e+02
2.571248793871534417e+02 1.808915664720002212e+02
2.581774352095708309e+02 1.810500743398309851e+02
2.592272041516194463e+02 1.812229744989530502e+02
2.602740061902235880e+02 1.814103117449346030e+02
2.613176599346386979e+02 1.816121146604772321e+02
2.623579869100495330e+02 1.818283551384033387e+02
2.633948090238094437e+02 1.820589940463849246e+02
2.644279475577256449e+02 1.823039931466075245e+02
2.654572230049772088e+02 1.825633149787947787e+02
2.664824592391144620e+02 1.828368878153516448e+02
2.675034968548999927e+02 1.831245131440449541e+02
2.685201908190931590e+02 1.834259665756459583e+02
2.695324129775312372e+02 1.837410305520989198e+02
2.705399636368827032e+02 1.840694677611991210e+02
2.715427437659255361e+02 1.844110159719469095e+02
2.725406941515070685e+02 1.847652457981483280e+02
2.735336509719464289e+02 1.851316486869895925e+02
2.745216232131468246e+02 1.855097611856110689e+02
2.755045067868230717e+02 1.858990913146049309e+02
2.764822884004695993e+02 1.862991296170693545e+02
2.774549623900019242e+02 1.867091903045198364e+02
2.784225797044527440e+02 1.871285555190834202e+02
2.793851677488239034e+02 1.875564964713349809e+02
2.803428438021716715e+02 1.879923178027688095e+02
2.812956448342405906e+02 1.884352711402165426e+02
2.822437533496420201e+02 1.888845613668405576e+02
2.831873124403515476e+02 1.893393515648491245e+02
2.841264992736896033e+02 1.897988113396190215e+02
2.850615421692691029e+02 1.902621336709227933e+02
2.859926583071844561e+02 1.907285094080381214e+02
2.869200871965168744e+02 1.911971442925976987e+02
2.878441069858171204e+02 1.916672652681779709e+02
2.887650147420029612e+02 1.921381130624875766e+02
2.896831059467342584e+02 1.926089220912029987e+02
2.905986939864860119e+02 1.930790271709976764e+02
2.915119543666756954e+02 1.935482402203539323e+02
2.924230098046175499e+02 1.940165455722327863e+02
2.933319843493919166e+02 1.944839351869086386e+02
2.942389934192427745e+02 1.949503935917441595e+02
2.951441614223924716e+02 1.954159296064264879e+02
2.960475810510351380e+02 1.958806256709315790e+02
2.969493323783138408e+02 1.963445952452682945e+02
2.978494926169717019e+02 1.968079547239779856e+02
2.987481362953772077e+02 1.972708273432375279e+02
2.996453314738999438e+02 1.977333344486581836e+02
3.005411356151927862e+02 1.981956330445567289e+02
3.014355956485395609e+02 1.986578936164774802e+02
3.023287543479503370e+02 1.991202888765610908e+02
3.032206503917388432e+02 1.995829936912593325e+02
3.041113178909365047e+02 2.000461860654154407e+02
3.050007831409968162e+02 2.005100539283706667e+02
3.058890647954120823e+02 2.009747934083093810e+02
3.067761798768149788e+02 2.014405972290419129e+02
3.076621394304108321e+02 2.019076621509564688e+02
3.085469498663469494e+02 2.023761867113102824e+02
3.094306130882376351e+02 2.028463707854453162e+02
3.103131263947567504e+02 2.033184156294174443e+02
3.111944823797416575e+02 2.037925239214762314e+02
3.120746688846218717e+02 2.042688996829151904e+02
3.129536776486278882e+02 2.047477363128977572e+02
3.138315395344926628e+02 2.052291627297190644e+02
3.147082881601127156e+02 2.057132767938217910e+02
3.155839462071309640e+02 2.062001771585364907e+02
3.164585310898361854e+02 2.066899629737565078e+02
3.173320545985020544e+02 2.071827339345469454e+02
3.182045213429137789e+02 2.076785928291849359e+02
3.190759294930066972e+02 2.081776442440368271e+02
3.199462711946179070e+02 2.086799945729860895e+02
3.208155338319289172e+02 2.091857487177736346e+02
3.216837002146789928e+02 2.096950094443848798e+02
3.225507434311750785e+02 2.102078884596174362e+02
3.234166281350665031e+02 2.107245010981933149e+02
3.242813137965894725e+02 2.112449623127156713e+02
3.251447547106288880e+02 2.117693889993207677e+02
3.260068990397813309e+02 2.122978967407247524e+02
3.268676835823001170e+02 2.128306038756973066e+02
3.277270378467942464e+02 2.133676395783127191e+02
3.285848844752323998e+02 2.139091309982178473e+02
3.294411422029149321e+02 2.144552108180184007e+02
3.302957191321276014e+02 2.150059990234494762e+02
3.311485160019923910e+02 2.155616272601637604e+02
3.319994237887614190e+02 2.161222359498767673e+02
3.328483301702661947e+02 2.166879751519129229e+02
3.336951026924521670e+02 2.172589641624072954e+02
3.345396177122067911e+02 2.178353449625903977e+02
3.353816952191881455e+02 2.184173266130202364e+02
3.362210870950698904e+02 2.190051315501898159e+02
3.370575518359210037e+02 2.195989959054656424e+02
3.378908481490036593e+02 2.201991743037306719e+02
3.387206898169464466e+02 2.208058558011611296e+02
3.395468411085449816e+02 2.214192852269894445e+02
3.403690235149571208e+02 2.220396380046878733e+02
3.411869818449402487e+02 2.226671242038165133e+02
3.420004321614525225e+02 2.233019205772081364e+02
3.428091032277244494e+02 2.239442256618683018e+02
3.436127079253384977e+02 2.245941785253545220e+02
3.444110103617311438e+02 2.252519624845307078e+02
3.452037090884357440e+02 2.259176683521559710e+02
3.459905549871861012e+02 2.265914608658106886e+02
3.467712682017836414e+02 2.272734743276885752e+02
3.475455670786899418e+02 2.279637884379427533e+02
3.483132174934207228e+02 2.286625020888179449e+02
3.490739684056152328e+02 2.293696969867475559e+02
3.498275653217907006e+02 2.300854560085012110e+02
3.505737330060536578e+02 2.308098294559595161e+02
3.513122342668510782e+02 2.315428809547635751e+02
3.520428393380544208e+02 2.322846411419764365e+02
3.527653153181097423e+02 2.330351370537326829e+02
3.534794248900382740e+02 2.337943929799523914e+02
3.541849265856133684e+02 2.345624300158064273e+02
3.548815905107496746e+02 2.353392629912521556e+02
3.555691959215328666e+02 2.361248907920851252e+02
3.562475050741752511e+02 2.369192820749124166e+02
3.569162966525136085e+02 2.377224348287101066e+02
3.575753518046898876e+02 2.385343665029622002e+02
3.582244091561026380e+02 2.393550148331901539e+02
3.588632490714908272e+02 2.401843799082447504e+02
3.594916280681975991e+02 2.410224304468858634e+02
3.601093027589424764e+02 2.418691421266254338e+02
3.607160094572840876e+02 2.427244556517198646e+02
3.613115028121916339e+02 2.435883775327767182e+02
3.618954877834911485e+02 2.444608629845375276e+02
3.624676673870414447e+02 2.453418659098146577e+02
3.630277511810655824e+02 2.462313622889728322e+02
3.635754318056806937e+02 2.471293073128719300e+02
3.641103746530484955e+02 2.480356610543981901e+02
3.646322084194594595e+02 2.489503999416870670e+02
3.651405537188122139e+02 2.498735075151406306e+02
3.656349941724695896e+02 2.508048872812343291e+02
3.661151469585491895e+02 2.517445322407311608e+02
3.665805502103406752e+02 2.526923768436662385e+02
3.670306822357043757e+02 2.536484027857763976e+02
3.674649888816781527e+02 2.546125397223144091e+02
3.678829232455723286e+02 2.555847523264034749e+02
3.682839113979956096e+02 2.565649552412670005e+02
3.686674887018673417e+02 2.575529856506365718e+02
3.690334044643957441e+02 2.585485636307887489e+02
3.693814247567984808e+02 2.595513892353729943e+02
3.697113103406394998e+02 2.605611619967883144e+02
3.700228191700708180e+02 2.615776082225498840e+02
3.703156771481360465e+02 2.626003311119131354e+02
3.705896486555313913e+02 2.636290319244893681e+02
3.708444728698231074e+02 2.646633629555107632e+02
3.710798732903275550e+02 2.657029320745331233e+02
3.712955737583804421e+02 2.667473728251215448e+02
3.714913066594533575e+02 2.677962512986869683e+02
3.716668624318638763e+02 2.688491192944999852e+02
3.718220330185944817e+02 2.699055769239257643e+02
3.719565784703047484e+02 2.709650586472627083e+02
3.720702760806224774e+02 2.720271152127098730e+02
3.721629188316849763e+02 2.730912113456781185e+02
3.722343876317324884e+02 2.741567687523960899e+02
3.722845715166238847e+02 2.752232036205094232e+02
3.723133497811601273e+02 2.762899224682960835e+02
3.723205956019175460e+02 2.773562790851976843e+02
3.723062162181080907e+02 2.784216325332899373e+02
3.722702049296637483e+02 2.794853034880086966e+02
3.722125689539740279e+02 2.805465852867759509e+02
3.721333065486662122e+02 2.816047932919157120e+02
3.720324283018130700e+02 2.826591554059766622e+02
3.719099563822692289e+02 2.837089651691485415e+02
3.717659658930970750e+02 2.847534555047163281e+02
3.716005515561996049e+02 2.857918522379611659e+02
3.714138204949675810e+02 2.868233784058205060e+02
3.712058720425711158e+02 2.878472758043388353e+02
3.709768385017781611e+02 2.888627386996230939e+02
3.707268511573065553e+02 2.898689969000882343e+02
3.704560590276767016e+02 2.908652729810796131e+02
3.701646301959339667e+02 2.918507988770272732e+02
3.698527712683087998e+02 2.928248203949424351e+02
3.695206851347831503e+02 2.937866080401813633e+02
3.691685342059398636e+02 2.947354438824971226e+02
3.687965046519792622e+02 2.956706406109866521e+02
3.684048228613277161e+02 2.965915544560563717e+02
3.679937392556136615e+02 2.974975747037258316e+02
3.675635618190354990e+02 2.983881908711895221e+02
3.671146244529859359e+02 2.992629312013053777e+02
3.666472916503614670e+02 3.001214223568891271e+02
3.661619623360367655e+02 3.009634099651726729e+02
3.656590583396690590e+02 3.017887274010157057e+02
