3.644514455195492815e+02 3.022434732386708447e+02
3.639629091572004995e+02 3.030322223442953486e+02
3.634578068838378613e+02 3.038089836077905375e+02
3.629359669141435916e+02 3.045743086197997513e+02
3.623973675779037080e+02 3.053284820635112169e+02
3.618420192253872187e+02 3.060717530305792025e+02
3.612699711622984751e+02 3.068043164607432232e+02
3.606812960944405404e+02 3.075263576145899265e+02
3.600761107081808063e+02 3.082380185592507473e+02
3.594545937237315343e+02 3.089393418229049075e+02
3.588169016652325354e+02 3.096304421877529194e+02
3.581632853042650027e+02 3.103113173215698453e+02
3.574940080403718525e+02 3.109819881400566715e+02
3.568093648500235417e+02 3.116424593756028685e+02
3.561096845142927805e+02 3.122926979861883865e+02
3.553952964915293364e+02 3.129326817555012781e+02
3.546665689585502150e+02 3.135623315667480711e+02
3.539238326818882570e+02 3.141815840541742091e+02
3.531674627197695031e+02 3.147903092077698943e+02
3.523978050745928954e+02 3.153884159431297576e+02
3.516152498862163611e+02 3.159757566813998437e+02
3.508201557239553949e+02 3.165522075642704749e+02
3.500128881426659291e+02 3.171175904531480683e+02
3.491938000011959389e+02 3.176717201455497843e+02
3.483632524836540938e+02 3.182143902839938505e+02
3.475215941984300798e+02 3.187454119797022827e+02
3.466691878899371204e+02 3.192645603901725053e+02
3.458063725141929581e+02 3.197716024237129773e+02
3.449334892736645202e+02 3.202662821189505848e+02
3.440508766456916305e+02 3.207483472933898270e+02
3.431588736085229812e+02 3.212175308649788121e+02
3.422578160908360019e+02 3.216735647633446433e+02
3.413480366680207112e+02 3.221161716957468002e+02
3.404298693471979504e+02 3.225450753465171942e+02
3.395036442450214622e+02 3.229599918137743089e+02
3.385696947150327674e+02 3.233606364496400261e+02
3.376283459525175772e+02 3.237467182136119277e+02
3.366799333856878320e+02 3.241179650485496495e+02
3.357247832827758884e+02 3.244741063678499131e+02
3.347632369145535449e+02 3.248148740042428244e+02
3.337956186217439836e+02 3.251399941188636831e+02
3.328222547501278541e+02 3.254491902803979428e+02
3.318434759708577531e+02 3.257422084928662684e+02
3.308596299940911649e+02 3.260188118180185484e+02
3.298710207489287427e+02 3.262787503747522351e+02
3.288780067449579292e+02 3.265217801461704994e+02
3.278808991424088504e+02 3.267476527810304674e+02
3.268800287797645296e+02 3.269561283430827530e+02
3.258757270154749790e+02 3.271469727831586169e+02
3.248683248166628914e+02 3.273199508312244461e+02
3.238581530791290675e+02 3.274748259596640878e+02
3.228455464425109085e+02 3.276113954855523502e+02
3.218308530977816986e+02 3.277298144739224313e+02
3.208144689409643888e+02 3.278304649256422749e+02
3.197967118082437423e+02 3.279137223172861013e+02
3.187779363688678131e+02 3.279799707655964767e+02
3.177584332730272649e+02 3.280295870226415218e+02
3.167384899757645371e+02 3.280629249840013131e+02
3.157183833039465526e+02 3.280803266823332933e+02
3.146983709319159175e+02 3.280821335320223398e+02
3.136786864933633296e+02 3.280686815312491831e+02
3.126595640958854005e+02 3.280403072866859588e+02
3.116412189280020471e+02 3.279973407267566472e+02
3.106238524592419594e+02 3.279401057237823807e+02
3.096076420262759257e+02 3.278689163036202103e+02
3.085927875735400221e+02 3.277840961775120832e+02
3.075794421841004009e+02 3.276859576447327527e+02
3.065677744238627156e+02 3.275748229389587891e+02
3.055579189244207896e+02 3.274510064787653505e+02
3.045500314482553108e+02 3.273148331394875754e+02
3.035442299590642961e+02 3.271666166615358406e+02
3.025406307281545537e+02 3.270066655583834745e+02
3.015393550086874370e+02 3.268353067786868564e+02
3.005404988213136903e+02 3.266528694323554305e+02
2.995441538747163008e+02 3.264596799987076565e+02
2.985504041114538722e+02 3.262560623951661114e+02
2.975593251042818110e+02 3.260423384564086291e+02
2.965709829941500288e+02 3.258188383411238078e+02
2.955854344438843100e+02 3.255858991971574596e+02
2.946027269137546227e+02 3.253438529267662602e+02
2.936229023223536387e+02 3.250930310427672794e+02
2.926459933309000121e+02 3.248337644473097043e+02
2.916720225802807249e+02 3.245663841728419925e+02
2.907010056670663403e+02 3.242912177854036599e+02
2.897329506162329267e+02 3.240085978749615947e+02
2.887678556042385480e+02 3.237188534198789966e+02
2.878057171177571831e+02 3.234222982973913645e+02
2.868465136960694508e+02 3.231192585280642788e+02
2.858902317808239104e+02 3.228100373066532711e+02
2.849368340161082074e+02 3.224949475637939713e+02
2.839862952284451012e+02 3.221742864078771618e+02
2.830385595270012686e+02 3.218483592078530364e+02
2.820935954017230074e+02 3.215174468451072585e+02
2.811513347762164585e+02 3.211818269217968691e+02
2.802117276492227234e+02 3.208417689454926744e+02
2.792747141786146017e+02 3.204975350354230841e+02
2.783402095773353153e+02 3.201493889848117078e+02
2.774081480136028404e+02 3.197975781094984882e+02
2.764784613796151689e+02 3.194423280727099836e+02
2.755510488495896197e+02 3.190838644624910216e+02
2.746258316670579802e+02 3.187224096653863512e+02
2.737027186920647637e+02 3.183581763779785092e+02
2.727816520431791787e+02 3.179912655496102047e+02
2.718625935437249836e+02 3.176216372118872187e+02
2.709455346574822556e+02 3.172492423312118603e+02
2.700304605924571888e+02 3.168740273575127162e+02
2.691173585106069481e+02 3.164959368418719805e+02
2.682062231041154519e+02 3.161149145980432991e+02
2.672970347811937586e+02 3.157309043033751550e+02
2.663897850753795069e+02 3.153438506699766890e+02
2.654844693458009033e+02 3.149536960423204732e+02
2.645810823089464066e+02 3.145603800963494905e+02
2.636796192731000588e+02 3.141638436223998951e+02
2.627800753561907641e+02 3.137640301135326695e+02
2.618824470594087757e+02 3.133608815658554363e+02
2.609867326780972121e+02 3.129543380993645201e+02
2.600929371203380356e+02 3.125443380210339228e+02
2.592010492350178197e+02 3.121308192235950401e+02
2.583110723231235966e+02 3.117137279517134516e+02
2.574230055952839393e+02 3.112930068518658686e+02
2.565368495158407995e+02 3.108685965954435346e+02
2.556526057990254799e+02 3.104404359160950548e+02
2.547702757991994531e+02 3.100084648531212110e+02
2.538898590165822782e+02 3.095726273768207761e+02
2.530113556300422601e+02 3.091328659673736752e+02
2.521347659931191458e+02 3.086891208992685733e+02
2.512600014199870202e+02 3.082413226947406315e+02
2.503868781476463141e+02 3.077894256010546314e+02
2.495153352556482673e+02 3.073334599703047729e+02
2.486453307857795210e+02 3.068734634247339841e+02
2.477768187033842651e+02 3.064094700542379996e+02
2.469097535260141001e+02 3.059415128291697670e+02
2.460440939422521751e+02 3.054696251850264730e+02
2.451797956960057832e+02 3.049938400007901578e+02
2.443168149021805959e+02 3.045141883158406131e+02
2.434551082683733227e+02 3.040306989673704834e+02
2.425946331080274661e+02 3.035433985804824601e+02
2.417353475576601625e+02 3.030523112493349913e+02
2.408772108815680610e+02 3.025574581178899507e+02
2.400201830868493857e+02 3.020588580015930233e+02
2.391642302907761177e+02 3.015565276890855557e+02
2.383093057031082651e+02 3.010504786111660565e+02
2.374553753125182709e+02 3.005407227560822889e+02
2.366024082054128996e+02 3.000272626257197999e+02
2.357503744938301793e+02 2.995100973041011798e+02
2.348992452810620080e+02 2.989892237246256173e+02
2.340489958982724090e+02 2.984646362138620930e+02
2.331996012415057464e+02 2.979363214984391561e+02
2.323510438779748313e+02 2.974042551477375582e+02
2.315033152035647106e+02 2.968684101001459226e+02
2.306564060803570442e+02 2.963287558170527518e+02
2.298103153665975640e+02 2.957852564550815373e+02
2.289650658770905807e+02 2.952378338637275874e+02
2.281208108825175600e+02 2.946862750119665861e+02
2.272777331733346386e+02 2.941303384455535479e+02
2.264360188213841809e+02 2.935697889139476615e+02
2.255958609345377965e+02 2.930043982452647811e+02
2.247574680433982337e+02 2.924339272928147011e+02
2.239210658295716598e+02 2.918581381927052689e+02
2.230868901486461198e+02 2.912767882734229943e+02
2.222551857489221732e+02 2.906896342008824945e+02
2.214262065247145301e+02 2.900964524378549640e+02
2.206002082642609992e+02 2.894969991521758175e+02
2.197774646339682647e+02 2.888910646736004537e+02
2.189582440907077796e+02 2.882784136454411623e+02
2.181428347181153526e+02 2.876588382422033874e+02
2.173315256822811534e+02 2.870321290833348939e+02
2.165246036406415442e+02 2.863980629723690186e+02
2.157223688877151346e+02 2.857564805051174517e+02
2.149251011521580779e+02 2.851071933112158376e+02
2.141330956583667557e+02 2.844500236871040784e+02
2.133466581309170067e+02 2.837848042737136325e+02
2.125660968792174117e+02 2.831113859979742529e+02
2.117916901493238697e+02 2.824296335333407342e+02
2.110237198057169223e+02 2.817394277381169445e+02
2.102624738166507257e+02 2.810406534333708919e+02
2.095082463475536656e+02 2.803331995647295685e+02
2.087613311247436343e+02 2.796169648386308495e+02
2.080219955720322957e+02 2.788918781961652371e+02
2.072905024482604972e+02 2.781578787609255414e+02
2.065671128457656209e+02 2.774148910393669212e+02
2.058521197832475309e+02 2.766628934277571830e+02
2.051457878563164741e+02 2.759018277251925610e+02
2.044483547916217105e+02 2.751316377720948481e+02
2.037601006052449293e+02 2.743523664753569165e+02
2.030812480189907490e+02 2.735639473681563913e+02
2.024120856169428180e+02 2.727664244062704029e+02
2.017528458653020778e+02 2.719597362942893710e+02
2.011038098080245504e+02 2.711439422147067830e+02
2.004652186778820635e+02 2.703190418021330856e+02
1.998373302972486840e+02 2.694850504263569064e+02
1.992204120745135469e+02 2.686419917615595523e+02
1.986147381304865291e+02 2.677898933136065125e+02
1.980205901003090503e+02 2.669287864464340032e+02
1.974382570500251575e+02 2.660587070111432695e+02
1.968680355265000799e+02 2.651796959059078063e+02
1.963102164013708375e+02 2.642917590327971880e+02
1.957651435892551319e+02 2.633950049455690419e+02
1.952331367860594753e+02 2.624894163615956586e+02
1.947145828200414996e+02 2.615750861988108227e+02
1.942098356084545969e+02 2.606520122061568827e+02
1.937192993675671744e+02 2.597202902311213393e+02
1.932433406228852277e+02 2.587800012432077210e+02
1.927821134110247669e+02 2.578313406744055101e+02
1.923356782001682177e+02 2.568745605391668505e+02
1.919040946860918382e+02 2.559098844190461932e+02
1.914874546511359483e+02 2.549376177386252493e+02
1.910858178575967656e+02 2.539579406751527983e+02
1.906993092260935896e+02 2.529711329106090716e+02
1.903280389643144588e+02 2.519773595977776495e+02
1.899721626143900153e+02 2.509768984840125938e+02
1.896318207032086320e+02 2.499699556590244924e+02
1.893071697788293477e+02 2.489567404419370575e+02
1.889983787608113346e+02 2.479374825376872593e+02
1.887056296705182206e+02 2.469124517203751452e+02
1.884290933376280748e+02 2.458817810734630598e+02
1.881689979996061766e+02 2.448458023038874387e+02
1.879255471856241684e+02 2.438046939601084944e+02
1.876989596939414469e+02 2.427587069057555027e+02
1.874894572180514842e+02 2.417080997300494118e+02
1.872972756266442218e+02 2.406530754015600735e+02
1.871226834163905153e+02 2.395939738644283921e+02
1.869659461270042584e+02 2.385309747185050355e+02
1.868273447855246161e+02 2.374643881336746745e+02
1.867071581664966118e+02 2.363944757647088579e+02
1.866056897182602654e+02 2.353215472486595843e+02
1.865232622348729308e+02 2.342458912906794239e+02
1.864602241433921108e+02 2.331677971765287793e+02
1.864169327200250166e+02 2.320875700012792890e+02
1.863937553614065337e+02 2.310055541399902381e+02
1.863910790533365116e+02 2.299221072386168032e+02
1.864093179247076648e+02 2.288375668475718783e+02
1.864489127013290215e+02 2.277523014870032512e+02
1.865103224329958493e+02 2.266666877576361969e+02
1.865940172163100215e+02 2.255811520977096905e+02
1.867004812092348516e+02 2.244961424482416703e+02
1.868302331207702309e+02 2.234120679123003868e+02
1.869837880397954279e+02 2.223294557117901320e+02
1.871616911864765029e+02 2.212487838765512436e+02
1.873644875599121065e+02 2.201706094589145835e+02
1.875927145080746641e+02 2.190955198804006727e+02
1.878469348977433526e+02 2.180240603001241766e+02
1.881276296100893148e+02 2.169569697371597954e+02
1.884353255347599543e+02 2.158948612717896367e+02
1.887705067456977872e+02 2.148384632343428962e+02
1.891336017315510674e+02 2.137885322070694656e+02
1.895249714414127880e+02 2.127458472017072779e+02
1.899449001570006033e+02 2.117112033604263388e+02
1.903936276159792840e+02 2.106854241056381341e+02
1.908712911543351538e+02 2.096694022111988147e+02
1.913768262156990545e+02 2.086650737183838658e+02
1.919087960514171129e+02 2.076737777477781890e+02
1.924661730153801216e+02 2.066957785189181322e+02
1.930482387672923323e+02 2.057314524267606259e+02
1.936545623405555432e+02 2.047813745149770170e+02
1.942846557964343219e+02 2.038461018017175661e+02
1.949379562120503522e+02 2.029261717011501389e+02
1.956138462311554065e+02 2.020220897069965247e+02
1.963117288463810155e+02 2.011342940295064068e+02
1.970308777327823293e+02 2.002632837256448965e+02
1.977706463330829649e+02 1.994094467704999261e+02
1.985303198382372898e+02 1.985731996667865928e+02
1.993091707076129353e+02 1.977549350544768174e+02
2.001064739581743197e+02 1.969549843058719318e+02
2.009215022254855114e+02 1.961736264906763836e+02
2.017535162088238678e+02 1.954111414726543217e+02
2.026017749527774185e+02 1.946678027642772975e+02
2.034656358538353516e+02 1.939438330390449323e+02
2.043442873611424204e+02 1.932394743070921947e+02
2.052371320663195888e+02 1.925547742175058943e+02
2.061433544760722611e+02 1.918898956860313660e+02
2.070623287671674859e+02 1.912449112771290629e+02
2.079934449689356484e+02 1.906199087867717878e+02
2.089359773606165618e+02 1.900149556861337601e+02
2.098893481226535584e+02 1.894299617222951042e+02
2.108528570125572230e+02 1.888648922620769781e+02
2.118259412886786208e+02 1.883196701073553072e+02
2.128080226515947402e+02 1.877942399792796664e+02
2.137985956456040242e+02 1.872884795338695483e+02
2.147969844339250756e+02 1.868022350807439409e+02
2.158027461120002499e+02 1.863352835025654599e+02
2.168153699368996570e+02 1.858874441515700369e+02
2.178343644777174859e+02 1.854585408442706296e+02
2.188592543618267143e+02 1.850483681248407777e+02
2.198895741760375699e+02 1.846566696639633847e+02
2.209250043626072397e+02 1.842831698443200992e+02
2.219649994708019278e+02 1.839276517767628434e+02
2.230092691805124900e+02 1.835898504262591757e+02
2.240574409177995392e+02 1.832695262728711896e+02
2.251091586415249992e+02 1.829664282956731256e+02
2.261640855253853317e+02 1.826803084447713559e+02
2.272219309829585541e+02 1.824109215459702398e+02
2.282824223388504379e+02 1.821580324428806534e+02
2.293452293050363835e+02 1.819214311183750112e+02
2.304101205635266751e+02 1.817009231284373243e+02
2.314768710328487771e+02 1.814963283893193307e+02
2.325452294625237926e+02 1.813074780678426237e+02
2.336149608539712403e+02 1.811342074750013467e+02
2.346858597646133830e+02 1.809763874598648954e+02
2.357577060640010416e+02 1.808339625005994833e+02
2.368303041627247296e+02 1.807068890005710387e+02
2.379035502476460806e+02 1.805951315153330370e+02
2.389770978587074808e+02 1.804986663187969214e+02
2.400509234288747678e+02 1.804174153571769352e+02
2.411246994508429964e+02 1.803512036433844230e+02
2.421982908547336422e+02 1.802998347115953948e+02
2.432715179389252853e+02 1.802631217537782504e+02
2.443442003026030704e+02 1.802408822480661570e+02
2.454161652711310069e+02 1.802329653551335298e+02
2.464872474891010654e+02 1.802392958145622686e+02
2.475572842660628226e+02 1.802598132376252238e+02
2.486261146750115074e+02 1.802944606090033517e+02
2.496936333961989192e+02 1.803431910111401919e+02
2.507595966438526887e+02 1.804059630895157227e+02
2.518239004070972271e+02 1.804827792678479454e+02
2.528863891167386555e+02 1.805736520046680766e+02
2.539468824038816592e+02 1.806785931951292810e+02
2.550052055718084034e+02 1.807976150558364452e+02
2.560612764293297232e+02 1.809307451074674589e+02
2.571148204581066921e+02 1.810779841694477454e+02
2.581657279260384144e+02 1.812393484281132885e+02
2.592138286389947552e+02 1.814148533956748679e+02
2.602589502296681303e+02 1.816045159345107720e+02
2.613009198118626841e+02 1.818083360691777557e+02
2.623395684551903173e+02 1.820262547286000085e+02
2.633747285400012288e+02 1.822582014637184784e+02
2.644062327072403491e+02 1.825041069182673539e+02
2.654339136914362598e+02 1.827639027274122441e+02
2.664576081845354452e+02 1.830374889292433238e+02
2.674771692320661600e+02 1.833246479200122963e+02
2.684924642761823748e+02 1.836251384324598916e+02
2.695033776495021698e+02 1.839387261706046104e+02
2.705097252530612195e+02 1.842651576937301456e+02
2.715114202086263617e+02 1.846041599125587140e+02
2.725084117730778530e+02 1.849553145666027376e+02
2.735005478258809717e+02 1.853181305551433979e+02
2.744878426736224242e+02 1.856921609569071165e+02
2.754702016902718356e+02 1.860769311976593769e+02
2.764476166746269428e+02 1.864719549127360949e+02
2.774200823905590596e+02 1.868765964300782798e+02
2.783876460598563085e+02 1.872901949214925708e+02
2.793503314647078355e+02 1.877120787693633304e+02
2.803082476746238854e+02 1.881416088787311196e+02
2.812614253189043438e+02 1.885780974358622188e+02
2.822100301982999895e+02 1.890208257726334296e+02
2.831541880158986828e+02 1.894690387436745027e+02
2.840940557627816361e+02 1.899219870666633483e+02
2.850298378712237763e+02 1.903789438590282543e+02
2.859617266836488056e+02 1.908391799879108248e+02
2.868899341990016296e+02 1.913019813955612847e+02
2.878147077092793324e+02 1.917666545060721432e+02
2.887363110228351957e+02 1.922325186909100410e+02
2.896550052364992780e+02 1.926988865208607820e+02
2.905710689376292066e+02 1.931651599872425606e+02
2.914846592597000381e+02 1.936311613513072700e+02
2.923958869281425450e+02 1.940968649473582275e+02
2.933048640026885892e+02 1.945622524737656818e+02
2.942116949097115821e+02 1.950272983071338047e+02
2.951164927744496822e+02 1.954919991726533226e+02
2.960193429245069296e+02 1.959564163080667072e+02
2.969203198876188026e+02 1.964206383811441867e+02
2.978194959158128086e+02 1.968847569729924487e+02
2.987169408726128381e+02 1.973488703876174100e+02
2.996127197085641569e+02 1.978130750693128164e+02
3.005068874284150411e+02 1.982775006600036818e+02
3.013994898204750825e+02 1.987422895296073193e+02
3.022905692184418740e+02 1.992075863528141895e+02
3.031801645550772832e+02 1.996735380498303414e+02
3.040683109143793104e+02 2.001402947390269276e+02
3.049550364275293077e+02 2.006080162411146830e+02
3.058403620658979207e+02 2.010768704073871049e+02
3.067243088035343703e+02 2.015470222672058185e+02
3.076068915187989887e+02 2.020186406577889500e+02
3.084881214621258891e+02 2.024918964555569687e+02
3.093680063207677904e+02 2.029669617514583706e+02
3.102465500352834056e+02 2.034440100784024708e+02
3.111237526232742994e+02 2.039232166443660219e+02
3.119996101387529279e+02 2.044047582752328651e+02
3.128741254481471969e+02 2.048888025126626360e+02
3.137473516096550270e+02 2.053754572942610253e+02
3.146193401822715145e+02 2.058647966205549835e+02
3.154901278849175128e+02 2.063568931199628764e+02
3.163597474000941929e+02 2.068518206432275690e+02
3.172282266775995936e+02 2.073496539394263323e+02
3.180955882543047437e+02 2.078504698059682312e+02
3.189618496315096650e+02 2.083543464709617012e+02
3.198270227685721920e+02 2.088613643157451634e+02
3.206911162410497127e+02 2.093716031952985475e+02
3.215541351503871397e+02 2.098851415065006165e+02
3.224160755854371132e+02 2.104020653563472933e+02
3.232769269360689464e+02 2.109224645948212640e+02
3.241366741959083129e+02 2.114464293467864024e+02
3.249952975233267125e+02 2.119740520544112883e+02
3.258527722517841880e+02 2.125054249318994550e+02
3.267090638393490281e+02 2.130406441858954736e+02
3.275641296479766424e+02 2.135798164161986676e+02
3.284179214913406213e+02 2.141230473735359396e+02
3.292703870045160102e+02 2.146704483178796181e+02
3.301214660653716919e+02 2.152221205181420203e+02
3.309710887667580437e+02 2.157781786003880313e+02
3.318191743071641326e+02 2.163387478429700082e+02
3.326656379926434397e+02 2.169039629467989130e+02
3.335103797516340478e+02 2.174739321115398241e+02
3.343533037223990618e+02 2.180487851372494106e+02
3.351942368735337254e+02 2.186287424352305777e+02
3.360329245164132317e+02 2.192140602932962565e+02
3.368691144038659786e+02 2.198050063326578822e+02
3.377025518381632878e+02 2.204018644541246772e+02
3.385329423919941974e+02 2.210048582827064081e+02
3.393600315592822767e+02 2.216142623441985791e+02
3.401835248854005727e+02 2.222302888160866416e+02
3.410031464046486462e+02 2.228531802688705739e+02
3.418185930456176607e+02 2.234831477244657947e+02
3.426295713913692111e+02 2.241204211903412045e+02
3.434357734904470476e+02 2.247651736597136960e+02
3.442369371675958405e+02 2.254176178342017920e+02
3.450327393213952973e+02 2.260778788731786051e+02
3.458229034133989330e+02 2.267461499363177495e+02
3.466071233395937270e+02 2.274225948902712844e+02
3.473850933443662257e+02 2.281073222007062498e+02
3.481565540115527142e+02 2.288004548885399743e+02
3.489212292162378617e+02 2.295020988667943129e+02
3.496788385901022593e+02 2.302123603352408168e+02
3.504290814326172949e+02 2.309313132219018030e+02
3.511716960572943549e+02 2.316590401307262539e+02
3.519064314227029513e+02 2.323955878934582131e+02
3.526330330546932146e+02 2.331409989916784582e+02
3.533512416003529211e+02 2.338953125423892345e+02
3.540607931819758392e+02 2.346585637671538507e+02
3.547614377873151739e+02 2.354307785963766264e+02
3.554529377870414351e+02 2.362119638833585782e+02
3.561350389954108095e+02 2.370020963082057222e+02
3.568075026719313314e+02 2.378011804672287326e+02
3.574700920399751567e+02 2.386092394789605180e+02
3.581225306918537399e+02 2.394262166986274281e+02
3.587645850141903452e+02 2.402521139512918182e+02
3.593959980589298766e+02 2.410869018779720818e+02
3.600165126587315854e+02 2.419305574390351978e+02
3.606258515765176185e+02 2.427830227689022706e+02
3.612237551929604251e+02 2.436443039581586731e+02
3.618099151149860973e+02 2.445143561771486702e+02
3.623840207849492572e+02 2.453931326492598259e+02
3.629457677393816653e+02 2.462806076865253999e+02
3.634948346010522187e+02 2.471767345702396028e+02
3.640308711008073601e+02 2.480814717525290973e+02
3.645534877115908330e+02 2.489947945958672904e+02
3.650622862850599404e+02 2.499166846956412940e+02
3.655568320363403814e+02 2.508470438350551603e+02
3.660367226151947762e+02 2.517858608954032036e+02
3.665014732262124539e+02 2.527330682417712637e+02
3.669505323685119151e+02 2.536886470603889450e+02
3.673833153601428307e+02 2.546525259140432240e+02
3.677992439445673654e+02 2.556246659636933032e+02
3.681977127834332464e+02 2.566049770954922451e+02
3.685782344395005339e+02 2.575932859172443159e+02
3.689405517080675736e+02 2.585892932231215582e+02
3.692844260756757535e+02 2.595926781778957206e+02
3.696096138677987710e+02 2.606031184058454642e+02
3.699158685376940525e+02 2.616203165751155097e+02
3.702029138049951484e+02 2.626438531711952464e+02
3.704705133595623465e+02 2.636734024028485237e+02
3.707184066649064675e+02 2.647085891522094698e+02
3.709463182561209464e+02 2.657489936311109204e+02
3.711539731328568905e+02 2.667942194430102631e+02
3.713411100859732983e+02 2.678438014452845550e+02
3.715075356474056321e+02 2.688972557752460943e+02
3.716530592092383358e+02 2.699541432149771367e+02
3.717774610487193740e+02 2.710138641428388269e+02
3.718805381996148185e+02 2.720759290433332467e+02
3.719621107822791259e+02 2.731397626525608757e+02
3.720221012372490463e+02 2.742047435560653525e+02
3.720604435059268553e+02 2.752702441060930596e+02
3.720770635015294943e+02 2.763356269420436320e+02
3.720718834604832637e+02 2.774002051739340686e+02
3.720448648032218557e+02 2.784632952610009511e+02
3.719960663684174165e+02 2.795241755779551340e+02
3.719255649348278325e+02 2.805821003351663308e+02
3.718334303149741800e+02 2.816363439085163805e+02
3.717197483393378548e+02 2.826861056458170651e+02
3.715846168932833393e+02 2.837306428378815895e+02
3.714281874074765710e+02 2.847691621505116473e+02
3.712506330917731248e+02 2.858008676101682113e+02
3.710521421337515449e+02 2.868249651137023761e+02
3.708328975653624298e+02 2.878406766667071679e+02
3.705931133624025620e+02 2.888471973459946298e+02
3.703329910276313512e+02 2.898437518342090016e+02
3.700527492833236352e+02 2.908295669364904370e+02
3.697526278333976961e+02 2.918038842021396135e+02
3.694329054325451125e+02 2.927659733030075699e+02
3.690938523132995783e+02 2.937151270095515656e+02
3.687356764096588790e+02 2.946506583347106698e+02
3.683586042539050709e+02 2.955719188809487719e+02
3.679629013488375335e+02 2.964783111709835453e+02
3.675488578092408147e+02 2.973692689971499021e+02
3.671168125516052214e+02 2.982443556057289697e+02
3.666671319731939320e+02 2.991031601709117353e+02
3.662002051285386983e+02 2.999453877279797780e+02
3.657164458619965330e+02 3.007708766315645903e+02
3.652162856966679101e+02 3.015795519583742248e+02
