3.648220266625265822e+02 3.024341942022624039e+02
3.643267004243485303e+02 3.032355191984470366e+02
3.638139728660489141e+02 3.040242423398285041e+02
3.632837744722232287e+02 3.048007946633064194e+02
3.627361657327211333e+02 3.055653961537893792e+02
3.621712404283202886e+02 3.063182425530544037e+02
3.615891292836212756e+02 3.070594888710515988e+02
3.609899880957610208e+02 3.077892868398079145e+02
3.603740129817526849e+02 3.085077566175492052e+02
3.597414504098671273e+02 3.092149365891053208e+02
3.590925344174452221e+02 3.099109300773494056e+02
3.584275745166571596e+02 3.105957437185192589e+02
3.577468901457344828e+02 3.112694034800201734e+02
3.570508265409521869e+02 3.119319228802858106e+02
3.563397549146493475e+02 3.125832840893607454e+02
3.556140471955151838e+02 3.132234792843432842e+02
3.548741032241796916e+02 3.138524524375296778e+02
3.541202939545329400e+02 3.144701629348175516e+02
3.533530213579090287e+02 3.150765138225542046e+02
3.525726647778066649e+02 3.156714409986663554e+02
3.517796329414477441e+02 3.162548316604781462e+02
3.509743094956765503e+02 3.168265925102207348e+02
3.501570802489267180e+02 3.173865868493709854e+02
3.493283193081193190e+02 3.179346719771896232e+02
3.484884024455500935e+02 3.184706858153223834e+02
3.476376964335063917e+02 3.189944803199611556e+02
3.467765717053857202e+02 3.195058762798296357e+02
3.459053819686783982e+02 3.200046894546545673e+02
3.450244780109282488e+02 3.204907167455364174e+02
3.441342085592133344e+02 3.209637571446018569e+02
3.432349168988833981e+02 3.214235957874445262e+02
3.423269437358990217e+02 3.218700156723107284e+02
3.414106233251600884e+02 3.223027930917227764e+02
3.404862921770424009e+02 3.227217049534147009e+02
3.395542793519493330e+02 3.231265206664842253e+02
3.386149169133762484e+02 3.235170079003426054e+02
3.376685251745191749e+02 3.238929276124102898e+02
3.367154341546721525e+02 3.242540559935465581e+02
3.357559617862588084e+02 3.246001692300526997e+02
3.347904421982563576e+02 3.249310447438587062e+02
3.338191895082090355e+02 3.252464542311724358e+02
3.328425194143723047e+02 3.255461654385405268e+02
3.318607501484127056e+02 3.258299627459209660e+02
3.308742167444675033e+02 3.260976442095951029e+02
3.298832077618152994e+02 3.263489947642977427e+02
3.288880687679260859e+02 3.265838041210446931e+02
3.278890952762870938e+02 3.268018570889055923e+02
3.268866024409900888e+02 3.270029421314069964e+02
3.258809053864416683e+02 3.271868508562345710e+02
3.248723186803384237e+02 3.273533731340161808e+02
3.238611566563609472e+02 3.275022971070801532e+02
3.228477369470545568e+02 3.276334414985869898e+02
3.218323878920022025e+02 3.277469529651898483e+02
3.208154856283830441e+02 3.278431870492887015e+02
3.197973294077008291e+02 3.279224920636891625e+02
3.187782572861710264e+02 3.279852244740781089e+02
3.177585446147402308e+02 3.280317332274772184e+02
3.167384652268363538e+02 3.280623467222360432e+02
3.157182836860253587e+02 3.280773829145231844e+02
3.146982465844993726e+02 3.280771589131235260e+02
3.136785776516238684e+02 3.280619861864895483e+02
3.126595021661343594e+02 3.280321766922705820e+02
3.116412275602426121e+02 3.279880364710530785e+02
3.106239485465634971e+02 3.279298660182799949e+02
3.096078367293312681e+02 3.278579558873687461e+02
3.085930870355517186e+02 3.277726062267145721e+02
3.075798486367327200e+02 3.276741056926838382e+02
3.065682868904705174e+02 3.275627525830645936e+02
3.055585342518219250e+02 3.274388371752905869e+02
3.045507448952306504e+02 3.273026601768594332e+02
3.035450362344859627e+02 3.271545111762046076e+02
3.025415247417331557e+02 3.269946745136658706e+02
3.015403325630845757e+02 3.268234523064874679e+02
3.005415575916618991e+02 3.266411483345942770e+02
2.995452941603253976e+02 3.264480637965225469e+02
2.985516296049668767e+02 3.262444974106645645e+02
2.975606436585161418e+02 3.260307458951646709e+02
2.965724074086678002e+02 3.258071141469699228e+02
2.955869832486309861e+02 3.255739139499513044e+02
2.946044251549201931e+02 3.253314519768938453e+02
2.936247822533750877e+02 3.250800346554035514e+02
2.926480951442090941e+02 3.248199679928340515e+02
2.916743951018746088e+02 3.245515588978619803e+02
2.907037070420367399e+02 3.242751115750049848e+02
2.897360487953760639e+02 3.239909354407559476e+02
2.887714291396001158e+02 3.236993365266273486e+02
2.878098561107093474e+02 3.234006060859566674e+02
2.868513195911575622e+02 3.230950488183662515e+02
2.858958186138441420e+02 3.227829482387361963e+02
2.849433281691617594e+02 3.224645977364455689e+02
2.839938369268587053e+02 3.221402753228950360e+02
2.830473024451528659e+02 3.218102673632382107e+02
2.821037082725174514e+02 3.214748372821134126e+02
2.811630003817979855e+02 3.211342463224178232e+02
2.802251444197481760e+02 3.207887482375492141e+02
2.792900965824507011e+02 3.204385896733480195e+02
2.783577879110340518e+02 3.200840190730556287e+02
2.774281700067722340e+02 3.197252689412483733e+02
2.765011928000500347e+02 3.193625504222305267e+02
2.755767727918237142e+02 3.189960745885572351e+02
2.746548505515780221e+02 3.186260500984698751e+02
2.737353542690868267e+02 3.182526769070260571e+02
2.728182376142457883e+02 3.178760710660084783e+02
2.719034606521302635e+02 3.174962434292658600e+02
2.709910124713147752e+02 3.171131985355618212e+02
2.700808740091545133e+02 3.167269360224584602e+02
2.691730268032664526e+02 3.163374533280849050e+02
2.682674599424634607e+02 3.159447444429466714e+02
2.673641471535796086e+02 3.155487988329057316e+02
2.664630729455623168e+02 3.151496067170450033e+02
2.655642246498488248e+02 3.147471557473862163e+02
2.646675875781793366e+02 3.143414305155774855e+02
2.637731471038619020e+02 3.139324147930227582e+02
2.628808883040351247e+02 3.135200922318269363e+02
2.619907966608103038e+02 3.131044444635028299e+02
2.611028584076742618e+02 3.126854509256912138e+02
2.602170658705443884e+02 3.122630891301647011e+02
2.593333925910231983e+02 3.118373345985643823e+02
2.584518276578498899e+02 3.114081709500450756e+02
2.575723543980066097e+02 3.109755774533376780e+02
2.566949563139008319e+02 3.105395309596746074e+02
2.558196170648022587e+02 3.101000059202395391e+02
2.549463184195747374e+02 3.096569784507607324e+02
2.540750383544664430e+02 3.092104296143265856e+02
2.532057542353132362e+02 3.087603385422082169e+02
2.523384422570723302e+02 3.083066814463680316e+02
2.514729742456190706e+02 3.078494164539170015e+02
2.506091101673146397e+02 3.073885179797175056e+02
2.497467522292446347e+02 3.069240512118935271e+02
2.488858237096499124e+02 3.064560900533449512e+02
2.480262418769251269e+02 3.059847035075511599e+02
2.471679235383299726e+02 3.055099585859672402e+02
2.463107879502481410e+02 3.050319249740402370e+02
2.454547464984436260e+02 3.045506761800969571e+02
2.445997092859085456e+02 3.040662835274192162e+02
2.437455858175573269e+02 3.035788150439965420e+02
2.428922850365094632e+02 3.030883354498843119e+02
2.420397138079034391e+02 3.025949084715489334e+02
2.411877747347398042e+02 3.020985999018419079e+02
2.403363691965535054e+02 3.015994727550051380e+02
2.394854046736101907e+02 3.010975875880222929e+02
2.386347706676234850e+02 3.005929956132846996e+02
2.377843701845187354e+02 3.000857511111722715e+02
2.369341042098418484e+02 2.995759012708232945e+02
2.360838726114301380e+02 2.990634888025936675e+02
2.352335748224977579e+02 2.985485526377287897e+02
2.343831141014613308e+02 2.980311282145378868e+02
2.335323902959568727e+02 2.975112401267155633e+02
2.326813094720569097e+02 2.969888989748051245e+02
2.318297878021864733e+02 2.964641128518981645e+02
2.309777384952561192e+02 2.959368837419537499e+02
2.301250840241378626e+02 2.954072086226251486e+02
2.292717871504329139e+02 2.948750043224718524e+02
2.284180256640120774e+02 2.943399676380914798e+02
2.275640230220518561e+02 2.938017503284536360e+02
2.267100054532714069e+02 2.932600091754511027e+02
2.258562098321400242e+02 2.927144104180920294e+02
2.250029006059880601e+02 2.921646082992954234e+02
2.241503749849798339e+02 2.916102342228358566e+02
2.232989518968866776e+02 2.910509168231306489e+02
2.224489621356584337e+02 2.904862863739336376e+02
2.216007459116111420e+02 2.899159927124396745e+02
2.207546555096163274e+02 2.893396702351006411e+02
2.199110675983110923e+02 2.887569770352382079e+02
2.190703632988762593e+02 2.881675509330373757e+02
2.182329438269468938e+02 2.875710575528991626e+02
2.173992160510826750e+02 2.869671654065591042e+02
2.165695859260961527e+02 2.863555350153625909e+02
2.157444660621815729e+02 2.857359005288196272e+02
2.149242505571059212e+02 2.851079736462835399e+02
2.141093512386259476e+02 2.844714792428335954e+02
2.133001931999570786e+02 2.838261557064404315e+02
2.124972018077772304e+02 2.831717679292795538e+02
2.117007512197545225e+02 2.825081176842916193e+02
2.109112147626644571e+02 2.818350310576973925e+02
2.101289736317878862e+02 2.811523405323794691e+02
2.093544169757213638e+02 2.804598852239333269e+02
2.085879295516763818e+02 2.797575212182192104e+02
2.078298438785639064e+02 2.790451592960425842e+02
2.070804803698482885e+02 2.783227285909579223e+02
2.063401575872501326e+02 2.775901439782015245e+02
2.056092293796495767e+02 2.768473792044562742e+02
2.048880156176158778e+02 2.760943727674499542e+02
2.041767886585569727e+02 2.753310800810326100e+02
2.034758615910648416e+02 2.745575680995901280e+02
2.027854838846913310e+02 2.737737866078269917e+02
2.021059770044795414e+02 2.729798051431121735e+02
2.014375992101645920e+02 2.721755808347766674e+02
2.007806579078314257e+02 2.713612045119212439e+02
2.001354148104950923e+02 2.705367040847139606e+02
1.995021489311301650e+02 2.697021251951890690e+02
1.988811490568475620e+02 2.688575231178198806e+02
1.982727123305243140e+02 2.680029568619995075e+02
1.976771543976965972e+02 2.671384836720780527e+02
1.970948028699924350e+02 2.662641642783515863e+02
1.965259931450787860e+02 2.653800663041167809e+02
1.959710535936403915e+02 2.644862214783416903e+02
1.954303746677672109e+02 2.635827711039672181e+02
1.949043492921774430e+02 2.626697067983272973e+02
1.943934564896429720e+02 2.617471348599057137e+02
1.938981397340791375e+02 2.608150636737656782e+02
1.934188974543403674e+02 2.598736108303277206e+02
1.929561838540563485e+02 2.589228844646938796e+02
1.925101935349082964e+02 2.579631356337806096e+02
1.920810053838399085e+02 2.569946865847733193e+02
1.916686963924924498e+02 2.560178328624204482e+02
1.912733770296326554e+02 2.550329590779976172e+02
1.908951230595199036e+02 2.540403217705810448e+02
1.905340821549359873e+02 2.530402834505132148e+02
1.901903874233405531e+02 2.520330910119161842e+02
1.898642182427497573e+02 2.510191124645945422e+02
1.895557370418780465e+02 2.499986465974165810e+02
1.892651193523527127e+02 2.489720019784735427e+02
1.889925324151777204e+02 2.479395204003021433e+02
1.887381438009132353e+02 2.469015919477384671e+02
1.885021076629225831e+02 2.458584755565244677e+02
1.882846324196826799e+02 2.448106324136655303e+02
1.880858959254323963e+02 2.437583786935209105e+02
1.879060519645550471e+02 2.427021175171896630e+02
1.877452313709263194e+02 2.416422686666139725e+02
1.876035745036057847e+02 2.405792026566874995e+02
1.874812465189662589e+02 2.395134213931085014e+02
1.873784028375214632e+02 2.384452813942423290e+02
1.872951677600811990e+02 2.373752707304255694e+02
1.872316319886057556e+02 2.363038380833409349e+02
1.871879005906318980e+02 2.352314732563612267e+02
1.871640889199483979e+02 2.341586452288791520e+02
1.871603259150908798e+02 2.330858217846435991e+02
1.871767133877829110e+02 2.320134842980036467e+02
1.872133334519261894e+02 2.309421417059847670e+02
1.872702750741089517e+02 2.298723034690488305e+02
1.873476420600139249e+02 2.288044525291208231e+02
1.874455509395018566e+02 2.277390840783723149e+02
1.875641169238355417e+02 2.266766856245518795e+02
1.877034484186364125e+02 2.256177634174455306e+02
1.878636559725708537e+02 2.245628169739614464e+02
1.880448723607458987e+02 2.235122968085482285e+02
1.882472191969958715e+02 2.224667059225203332e+02
1.884708430476179615e+02 2.214264856437408753e+02
1.887158908463911757e+02 2.203920956173907371e+02
1.889825021615640139e+02 2.193639765126316945e+02
1.892708395198162918e+02 2.183425067890738376e+02
1.895810079849099168e+02 2.173281304310882831e+02
1.899131611762644241e+02 2.163211758466236745e+02
1.902674418246409687e+02 2.153219898394456493e+02
1.906439696947927303e+02 2.143308826406852177e+02
1.910428380849116081e+02 2.133481226678185294e+02
1.914641128990130881e+02 2.123739324431305988e+02
1.919078655664819735e+02 2.114085014290216691e+02
1.923741369075381158e+02 2.104520068962393964e+02
1.928621838033971017e+02 2.095050221598608005e+02
1.933709554613625983e+02 2.085677025618074651e+02
1.938996438126738155e+02 2.076396235430001980e+02
1.944479257993309886e+02 2.067206094591351189e+02
1.950159278944579171e+02 2.058108422602886378e+02
1.956037222609513151e+02 2.049105674864713080e+02
1.962112979328896074e+02 2.040200794537868205e+02
1.968385718264925686e+02 2.031397107414792060e+02
1.974854714422234565e+02 2.022698415884518397e+02
1.981518345005723916e+02 2.014109724351224031e+02
1.988375060043890414e+02 2.005635885770124105e+02
1.995422417429179802e+02 1.997282327415167060e+02
2.002657444384710175e+02 1.989054678528213742e+02
2.010076960334682781e+02 1.980958695350314258e+02
2.017677599876104750e+02 1.973000339080014953e+02
2.025455522221289755e+02 1.965185830056412328e+02
2.033406479752243001e+02 1.957521537141590500e+02
2.041526625539864312e+02 1.950013631614549467e+02
2.049810411577337277e+02 1.942668413993053775e+02
2.058253610813720229e+02 1.935490697641176325e+02
2.066850006971359051e+02 1.928486208605761760e+02
2.075594654749142762e+02 1.921660025113055497e+02
2.084482542272632202e+02 1.915017367443785474e+02
2.093507263468336248e+02 1.908562846168483702e+02
2.102663214305449344e+02 1.902299135638501753e+02
2.111943625742654831e+02 1.896229281915821332e+02
2.121342819841945584e+02 1.890355938476351696e+02
2.130854901447295617e+02 1.884681897731155402e+02
2.140474341067352952e+02 1.879208790611558868e+02
2.150193722546781885e+02 1.873937073625228322e+02
2.160007714401046996e+02 1.868866454536625383e+02
2.169910396478266534e+02 1.863996957111732513e+02
2.179896032405191306e+02 1.859328582002248993e+02
2.189958916109615075e+02 1.854860603891433470e+02
2.200093261952798684e+02 1.850591093190379013e+02
2.210294710301731413e+02 1.846517818715180965e+02
2.220556827261062551e+02 1.842639036409537709e+02
2.230875652705724974e+02 1.838952500103307841e+02
2.241246456224458257e+02 1.835455959810996376e+02
2.251664640241387474e+02 1.832146650048159131e+02
2.262125854977586243e+02 1.829021751606754833e+02
2.272626268953336819e+02 1.826078434011068055e+02
2.283162293385956048e+02 1.823313928309667631e+02
2.293729830111831234e+02 1.820725635551538630e+02
2.304325792924642258e+02 1.818310997594256833e+02
2.314947218764141610e+02 1.816067560604683138e+02
2.325590945245666319e+02 1.813992957272394335e+02
2.336254023784971423e+02 1.812084840181473737e+02
2.346933854021867774e+02 1.810341225522917910e+02
2.357627745756894910e+02 1.808760907775509850e+02
2.368333296014611449e+02 1.807342793730493327e+02
2.379049059191925721e+02 1.806085858587284179e+02
2.389771208423222220e+02 1.804989182353084516e+02
2.400499175936660379e+02 1.804051263521155875e+02
2.411229388275018550e+02 1.803269554924261513e+02
2.421960234482412204e+02 1.802641277003157541e+02
2.432689694686961275e+02 1.802163740005644570e+02
2.443415777592525160e+02 1.801834291656969924e+02
2.454136607965953942e+02 1.801650707547148897e+02
2.464850421606525117e+02 1.801611811691515754e+02
2.475555500348053215e+02 1.801716620940403288e+02
2.486250159990063082e+02 1.801964183770938348e+02
2.496933295802446935e+02 1.802353648016223531e+02
2.507602415065649097e+02 1.802884282183734399e+02
2.518256451741905551e+02 1.803555976372452960e+02
2.528893823873310396e+02 1.804368752430605696e+02
2.539512702419115158e+02 1.805322625893448674e+02
2.550111320535164907e+02 1.806417615005638311e+02
2.560688859425029023e+02 1.807653948248432414e+02
2.571242529585411489e+02 1.809031757973044137e+02
2.581771221028677132e+02 1.810551364010343320e+02
2.592273203313557133e+02 1.812213078383736615e+02
2.602746720762266364e+02 1.814017225983907338e+02
2.613190005251277626e+02 1.815964007641228193e+02
2.623601309466675389e+02 1.818053182457156538e+02
2.633978886709286940e+02 1.820284425639212600e+02
2.644320982676085237e+02 1.822657421712997916e+02
2.654625833873781175e+02 1.825171863343095708e+02
2.664891703721987710e+02 1.827827146305519079e+02
2.675116998448178265e+02 1.830621564489563013e+02
2.685300256018074379e+02 1.833553190397856554e+02
2.695440176894238107e+02 1.836620164389165382e+02
2.705534727278732703e+02 1.839820426818658916e+02
2.715582876956220275e+02 1.843151706691447771e+02
2.725583962965443448e+02 1.846610209835605474e+02
2.735536231740748008e+02 1.850191381251028702e+02
2.745439675163725042e+02 1.853891119640321108e+02
2.755293113008216892e+02 1.857705030780977893e+02
2.765096273394940454e+02 1.861628554598050584e+02
2.774848926892023542e+02 1.865655402040045203e+02
2.784551401070169163e+02 1.869778972046285901e+02
2.794203756164694141e+02 1.873992546444306413e+02
2.803806963841010997e+02 1.878289742991820503e+02
2.813361136924212929e+02 1.882663611762333176e+02
2.822867901708244744e+02 1.887106634174419355e+02
2.832328454323508140e+02 1.891610829496685540e+02
2.841744322992606158e+02 1.896168277900923442e+02
2.851117555341821230e+02 1.900771293351535007e+02
2.860450064998678386e+02 1.905412122610624124e+02
2.869744029891805894e+02 1.910082970529444708e+02
2.879002041319473051e+02 1.914776193564916298e+02
2.888226877646937965e+02 1.919484283070619028e+02
2.897421271869365569e+02 1.924199655784283891e+02
2.906588169584841239e+02 1.928915682844612718e+02
2.915729230899253253e+02 1.933630203753044157e+02
2.924845629100034898e+02 1.938342674511720531e+02
2.933938564366341097e+02 1.943052629133568985e+02
2.943009140949064317e+02 1.947759521288063809e+02
2.952058584566346440e+02 1.952463056102706105e+02
2.961087804879790610e+02 1.957163674538131204e+02
2.970097594662352094e+02 1.961862129365692056e+02
2.979088727580785871e+02 1.966559203932814626e+02
2.988061965275479110e+02 1.971255753519362486e+02
2.997017996068085495e+02 1.975952614581596833e+02
3.005957413705729095e+02 1.980651022514475983e+02
3.014880703433628923e+02 1.985352361391882425e+02
3.023788316718590750e+02 1.990058038911489291e+02
3.032680672050198041e+02 1.994769485826973323e+02
3.041558148341347305e+02 1.999488170188242577e+02
3.050421039149541684e+02 2.004215693515691044e+02
3.059269563836678003e+02 2.008953756906985575e+02
3.068103924485149605e+02 2.013704025324881854e+02
3.076924277416352993e+02 2.018468209090686685e+02
3.085730736023710961e+02 2.023248038656570031e+02
3.094523367289230578e+02 2.028045274684774029e+02
3.103302194324035099e+02 2.032861700896837647e+02
3.112067199177373027e+02 2.037699116965514179e+02
3.120818322466161021e+02 2.042559337817996266e+02
3.129555549635890657e+02 2.047444073580011263e+02
3.138279274795219180e+02 2.052354394494513485e+02
3.146989949396546535e+02 2.057291074758425395e+02
3.155687924886209998e+02 2.062254902264899101e+02
3.164373505729186036e+02 2.067246673780506399e+02
3.173046946628410865e+02 2.072267194112311302e+02
3.181708445234663145e+02 2.077317288412838252e+02
3.190358146177849790e+02 2.082397795560145539e+02
3.198996138472329562e+02 2.087509576152134514e+02
3.207622471223999128e+02 2.092653481818731223e+02
3.216237155902481391e+02 2.097830347187951361e+02
3.224840120119004041e+02 2.103041081610474521e+02
3.233431222194748216e+02 2.108286626098896477e+02
3.242010274744828848e+02 2.113567923171894165e+02
3.250577042036226771e+02 2.118885938567964615e+02
3.259131236252350163e+02 2.124241631893437443e+02
3.267672473513512159e+02 2.129635990294603971e+02
3.276200298628357359e+02 2.135070101921287460e+02
3.284714197293336042e+02 2.140545043414780935e+02
3.293213615160781274e+02 2.146061947752164940e+02
3.301697912747504802e+02 2.151621840322211767e+02
3.310166367697446503e+02 2.157225869034410266e+02
3.318618157699418134e+02 2.162875278131066636e+02
3.327052423446152716e+02 2.168571407086407703e+02
3.335468142039445638e+02 2.174315321829967331e+02
3.343864346237400014e+02 2.180108305779803288e+02
3.352239377127368698e+02 2.185952457812483090e+02
3.360590821596198907e+02 2.191850158172011049e+02
3.368916302952462161e+02 2.197803906904721600e+02
3.377213426268932039e+02 2.203816372506458094e+02
3.385479397073631276e+02 2.209889619103556697e+02
3.393711827440978936e+02 2.216026236143938490e+02
3.401907924939915802e+02 2.222228193513358292e+02
3.410065088667500959e+02 2.228497771901905082e+02
3.418180449570197084e+02 2.234836939685046673e+02
3.426251238712727627e+02 2.241247860604929372e+02
3.434274528737274181e+02 2.247732149715973549e+02
3.442247835184729183e+02 2.254291837562567480e+02
3.450168069236226529e+02 2.260928086341093604e+02
3.458032607451910394e+02 2.267642738704910244e+02
3.465838533324184709e+02 2.274437349766253931e+02
3.473582914535358555e+02 2.281312948231187079e+02
3.481263256030491107e+02 2.288270730482699093e+02
3.488876896603637192e+02 2.295311726118611091e+02
3.496421133452247432e+02 2.302436969512117173e+02
3.503893063367731884e+02 2.309647178252467086e+02
3.511290149852914055e+02 2.316943173565334178e+02
3.518609940095451520e+02 2.324325442047734782e+02
3.525849945661292395e+02 2.331794429021773283e+02
3.533007629336112245e+02 2.339350547347801239e+02
3.540080408334197841e+02 2.346994172442234685e+02
3.547065826007353735e+02 2.354725596351293575e+02
3.553961534873782284e+02 2.362544932472530093e+02
3.560765023029771328e+02 2.370451997164216209e+02
3.567473929162504760e+02 2.378446882152397279e+02
3.574085909193863699e+02 2.386529862224402336e+02
3.580598230354535190e+02 2.394700424683404947e+02
3.587008581622958445e+02 2.402958631893383199e+02
3.593314421212160141e+02 2.411304239242565188e+02
3.599513203797060328e+02 2.419737064837496519e+02
3.605602186055976404e+02 2.428256583529046395e+02
3.611578809597052668e+02 2.436862892612701899e+02
3.617440054680732828e+02 2.445555576203061321e+02
3.623182881478620061e+02 2.454334199758733064e+02
3.628804309309838914e+02 2.463198538689041186e+02
3.634301190687021403e+02 2.472148162905995434e+02
3.639670117282731781e+02 2.481182681264712073e+02
3.644907331784712028e+02 2.490301851032892841e+02
3.650008995496128819e+02 2.499505494338814060e+02
3.654970909958892662e+02 2.508792650167143847e+02
3.659789197001248908e+02 2.518163223135520070e+02
3.664459207844588491e+02 2.527616543916860792e+02
3.668975707791296372e+02 2.537152397525752008e+02
3.673333144405806934e+02 2.546770056514005205e+02
3.677526031156186264e+02 2.556469128647452749e+02
3.681548616153284001e+02 2.566248728120531268e+02
3.685396281514146608e+02 2.576107175071912252e+02
3.689066624593733081e+02 2.586041586437980300e+02
3.692557421031760896e+02 2.596048879407312029e+02
3.695866395264778248e+02 2.606125968158173691e+02
3.698991242846004184e+02 2.616270030195869367e+02
3.701929342434184491e+02 2.626477048756450472e+02
3.704678427160392857e+02 2.636743970512411579e+02
3.707235981966733220e+02 2.647067266924248656e+02
3.709599340057762902e+02 2.657442977195952949e+02
3.711765836236140217e+02 2.667867390733659363e+02
3.713732883708871668e+02 2.678336142477376143e+02
3.715498447793875130e+02 2.688844731616763966e+02
3.717060501269434099e+02 2.699389126159739476e+02
3.718416711982173410e+02 2.709963683116710627e+02
3.719564910012129531e+02 2.720563886796858242e+02
3.720503071956820804e+02 2.731184385515313124e+02
3.721230015694168856e+02 2.741819409942822858e+02
3.721744634226358812e+02 2.752463133522728640e+02
3.722045723197189773e+02 2.763109631171163869e+02
3.722132019855749263e+02 2.773752463197443490e+02
3.722002584716683486e+02 2.784385235409040433e+02
3.721657299659921136e+02 2.795001177489668294e+02
3.721096180000626532e+02 2.805593248578832686e+02
3.720319149528710909e+02 2.816154609174426469e+02
3.719326259210849912e+02 2.826677574861226958e+02
3.718117662695440799e+02 2.837155076664738544e+02
3.716694019792442418e+02 2.847579457113341732e+02
3.715056182261041045e+02 2.857942981200528152e+02
3.713205126432860652e+02 2.868237877537926011e+02
3.711141752136881564e+02 2.878456533877093761e+02
3.708867289252175397e+02 2.888590891477669516e+02
3.706382955351062378e+02 2.898633207923840587e+02
3.703690147606840810e+02 2.908575667291926266e+02
3.700790457982392923e+02 2.918410533887524139e+02
3.697685866689787417e+02 2.928130213428779030e+02
3.694378328324176550e+02 2.937727328936016420e+02
3.690869411538736813e+02 2.947194619325948111e+02
3.687160931595051920e+02 2.956525123752351192e+02
3.683255113375107044e+02 2.965712307170047097e+02
3.679154435242915611e+02 2.974749938808772640e+02
3.674861950421179131e+02 2.983632818859778126e+02
3.670380991700037612e+02 2.992356089023498384e+02
3.665715204177558348e+02 3.000915883982196419e+02
3.660868583717592628e+02 3.009309532156424325e+02
3.655845371607393304e+02 3.017535219725973548e+02
