3.645985002188748467e+02 3.023191554866414776e+02
3.641058017504999498e+02 3.031120747688108850e+02
3.635974301730481670e+02 3.038933687925064078e+02
3.630731442774581978e+02 3.046636360583618739e+02
3.625328426900701402e+02 3.054232168266669873e+02
3.619764559315178758e+02 3.061724064490165347e+02
3.614039535847066418e+02 3.069114377131279525e+02
3.608153316909798605e+02 3.076405227869914256e+02
3.602106324601400047e+02 3.083598223834959526e+02
3.595899595959410817e+02 3.090693932656851644e+02
3.589534046636250082e+02 3.097693496203252721e+02
3.583011510034314142e+02 3.104596875245073306e+02
3.576333999101394738e+02 3.111404151730013723e+02
3.569503884720961082e+02 3.118115180437965819e+02
3.562523904391699716e+02 3.124729400275174953e+02
3.555396875922504591e+02 3.131246289104653897e+02
3.548125994873014974e+02 3.137664737792810570e+02
3.540714144218300703e+02 3.143983645562166771e+02
3.533164613606677449e+02 3.150201238854870667e+02
3.525480530596136077e+02 3.156316048741595637e+02
3.517665421636173164e+02 3.162326072983381096e+02
3.509722612970046498e+02 3.168229468330789587e+02
3.501655465794661382e+02 3.174023811425773829e+02
3.493467276495699139e+02 3.179706557122577806e+02
3.485161427642651120e+02 3.185274954189098366e+02
3.476741291583728639e+02 3.190726376294018110e+02
3.468210317550795025e+02 3.196057881371354483e+02
3.459571842387973675e+02 3.201266418217371665e+02
3.450829209529275090e+02 3.206348732670865047e+02
3.441985813687476821e+02 3.211301584275902314e+02
3.433045021847373164e+02 3.216121605702976467e+02
3.424010241617100405e+02 3.220805416778459858e+02
3.414884864887684444e+02 3.225349660971502317e+02
3.405672377195014633e+02 3.229751020159879999e+02
3.396376200385429343e+02 3.234006117026156062e+02
3.386999837174150798e+02 3.238111559082112194e+02
3.377546672543217028e+02 3.242063926590620895e+02
3.368020282331364683e+02 3.245860113372337423e+02
3.358424121709425663e+02 3.249497107960141875e+02
3.348761876279639864e+02 3.252971908975487736e+02
3.339036987897943050e+02 3.256281483020354131e+02
3.329252941098851579e+02 3.259422780555931354e+02
3.319413283396032170e+02 3.262393066326512781e+02
3.309521788788986214e+02 3.265189814746509001e+02
3.299581652601250426e+02 3.267810402343106375e+02
3.289596793448847620e+02 3.270252235692090608e+02
3.279570502798372331e+02 3.272512706769242641e+02
3.269506323715370968e+02 3.274589260210844941e+02
3.259407800331464387e+02 3.276479390154373732e+02
3.249278471366655481e+02 3.278180582188612675e+02
3.239121873668421472e+02 3.279690312917431925e+02
3.228941583930558750e+02 3.281006433615579567e+02
3.218741300289794935e+02 3.282130722927846023e+02
3.208525306381999371e+02 3.283067426975052854e+02
3.198296949848459008e+02 3.283820745657333191e+02
3.188060059778525215e+02 3.284394958249832257e+02
3.177817702797958646e+02 3.284794273873501425e+02
3.167572929441868155e+02 3.285022586653337839e+02
3.157328681319034445e+02 3.285083618167384429e+02
3.147087687969911940e+02 3.284981085281358446e+02
3.136852407814714638e+02 3.284718652616691656e+02
3.126625323319501604e+02 3.284299992063070022e+02
3.116408705201279190e+02 3.283728719591270533e+02
3.106204674037360860e+02 3.283008398033157960e+02
3.096015074625550483e+02 3.282142492096246542e+02
3.085842034726379097e+02 3.281134564741354893e+02
3.075687132858307109e+02 3.279988068618911825e+02
3.065552140813992423e+02 3.278706623192849179e+02
3.055438431825895123e+02 3.277293818179092568e+02
3.045347636475210038e+02 3.275753351447827413e+02
3.035280941743488938e+02 3.274088806571106716e+02
3.025239519005061197e+02 3.272303719683911254e+02
3.015224597679793987e+02 3.270401896597460905e+02
3.005237106064515160e+02 3.268387230577105811e+02
2.995277921060196036e+02 3.266263589533248251e+02
2.985347827297296135e+02 3.264034814027867810e+02
2.975447509589438368e+02 3.261704724898899030e+02
2.965577535569279348e+02 3.259277283367015343e+02
2.955738354013082585e+02 3.256756570526430892e+02
2.945930300957174381e+02 3.254146613353958060e+02
2.936153642849080256e+02 3.251451431966106611e+02
2.926408533465553887e+02 3.248675036760553780e+02
2.916695004469070795e+02 3.245821443332120566e+02
2.907012998771274965e+02 3.242894636382754925e+02
2.897362366214748590e+02 3.239898646614502127e+02
2.887742837024084110e+02 3.236837463079858139e+02
2.878154112775787894e+02 3.233714917927746342e+02
2.868595691729337318e+02 3.230534915275246135e+02
2.859067162262062993e+02 3.227301086137920834e+02
2.849567836766308915e+02 3.224017146591286291e+02
2.840097158884740338e+02 3.220686653640620989e+02
2.830654218780692872e+02 3.217313231696413141e+02
2.821238386333048425e+02 3.213900200335309592e+02
2.811848627479744209e+02 3.210450761135293192e+02
2.802484109043676312e+02 3.206968031987979657e+02
2.793143880244586512e+02 3.203455048824570781e+02
2.783826708221516810e+02 3.199914850631844843e+02
2.774531576301915266e+02 3.196350264638534213e+02
2.765257446813317870e+02 3.192763837258237345e+02
2.756002918179622725e+02 3.189158095840350597e+02
2.746766829936704539e+02 3.185535536982963549e+02
2.737547881176646456e+02 3.181898540330152514e+02
2.728345223892602576e+02 3.178247963094947295e+02
2.719158359889977419e+02 3.174582718095065843e+02
2.709987139847730759e+02 3.170901599803892168e+02
2.700831361916530682e+02 3.167203356476842941e+02
2.691690861760386042e+02 3.163486720024821466e+02
2.682565557661994831e+02 3.159750458989998947e+02
2.673455210483907649e+02 3.155993396725131106e+02
2.664359713111619499e+02 3.152214375477636850e+02
2.655279012310414828e+02 3.148412215869320221e+02
2.646213061424249418e+02 3.144585713677569174e+02
2.637161823248829364e+02 3.140733706134180352e+02
2.628125254769265098e+02 3.136855103015181498e+02
2.619103337920068384e+02 3.132948804656296602e+02
2.610096085236878025e+02 3.129013694636569767e+02
2.601103588675976539e+02 3.125048641111973780e+02
2.592125783435556627e+02 3.121052522726101870e+02
2.583162754504109557e+02 3.117024328063014877e+02
2.574214555406501290e+02 3.112963013738246900e+02
2.565281263910594589e+02 3.108867519223319391e+02
2.556362982089888760e+02 3.104736767443874328e+02
2.547459821360212970e+02 3.100569695405227435e+02
2.538571888606378764e+02 3.096365279043774876e+02
2.529699310019473160e+02 3.092122482758070419e+02
2.520842226292631949e+02 3.087840253129966754e+02
2.511999940223968224e+02 3.083517465177865233e+02
2.503170888362347171e+02 3.079153258510480100e+02
2.494354720864083674e+02 3.074747490056471975e+02
2.485551283718019420e+02 3.070300089272932951e+02
2.476760398272924135e+02 3.065810960285563169e+02
2.467981904605244097e+02 3.061280004613502115e+02
2.459215706663333378e+02 3.056707113066210013e+02
2.450461722244150451e+02 3.052092133973375212e+02
2.441719890472559200e+02 3.047434901247106041e+02
2.432990169997355565e+02 3.042735237057179916e+02
2.424272538806417856e+02 3.037992951762132066e+02
2.415567011199620424e+02 3.033207818066960613e+02
2.406873662139985868e+02 3.028379536894044008e+02
2.398192593838737992e+02 3.023507790632841079e+02
2.389523975190174667e+02 3.018592247872213647e+02
2.380867884433172605e+02 3.013632553281350965e+02
2.372224532310700340e+02 3.008628339850142197e+02
2.363594208325683894e+02 3.003579121010387780e+02
2.354977233289493768e+02 2.998484385186291092e+02
2.346373952701682413e+02 2.993343614244200808e+02
2.337784760735842724e+02 2.988156272908486244e+02
2.329210077157484022e+02 2.982921773070912081e+02
2.320650424090247554e+02 2.977639428588547617e+02
2.312106406097844626e+02 2.972308525636082095e+02
2.303578645396130469e+02 2.966928339107967076e+02
2.295067833243803079e+02 2.961498087314676013e+02
2.286574836966028670e+02 2.956016817971581077e+02
2.278101307932115560e+02 2.950482718322519418e+02
2.269649103891137543e+02 2.944893796414382905e+02
2.261220138979879835e+02 2.939248148595067391e+02
2.252816379887975415e+02 2.933543933100499430e+02
2.244439861280239938e+02 2.927779184610778884e+02
2.236092754722050699e+02 2.921952118137763250e+02
2.227777247515776367e+02 2.916060868725123782e+02
2.219495603313328047e+02 2.910103557582089593e+02
2.211250210446314668e+02 2.904078540647385012e+02
2.203043365991220526e+02 2.897983911812951305e+02
2.194877542615361108e+02 2.891818260338708342e+02
2.186755045953069896e+02 2.885579845403469790e+02
2.178678422164574613e+02 2.879267249371451385e+02
2.170650189424996768e+02 2.872879004435486650e+02
2.162672793975421826e+02 2.866413470615754022e+02
2.154748846484044122e+02 2.859869724074575856e+02
2.146880671152405000e+02 2.853246481045084124e+02
2.139070749556592546e+02 2.846542569274148491e+02
2.131321660120888737e+02 2.839756913844638007e+02
2.123636006231593569e+02 2.832888604495900609e+02
2.116016107636581864e+02 2.825936801002827679e+02
2.108464326294401587e+02 2.818900809187321101e+02
2.100983072784810304e+02 2.811779961975123001e+02
2.093574807380046252e+02 2.804573620728609740e+02
2.086241993415515878e+02 2.797281215405628245e+02
2.078986914359516902e+02 2.789902389925584885e+02
2.071811826254397033e+02 2.782436857120204650e+02
2.064718956612946954e+02 2.774884169471393989e+02
2.057710855949080440e+02 2.767244424019181110e+02
2.050789791350021289e+02 2.759517310357021529e+02
2.043957865966112308e+02 2.751702446560654494e+02
2.037217648762769784e+02 2.743800423166663336e+02
2.030571119269317819e+02 2.735810714836894135e+02
2.024020920215816375e+02 2.727733906942317503e+02
2.017569141117677418e+02 2.719569508284496351e+02
2.011218454519147656e+02 2.711318164453055033e+02
2.004971167747290508e+02 2.702979898580649092e+02
1.998829753947138386e+02 2.694554891202039926e+02
1.992796781117831699e+02 2.686043404741283780e+02
1.986874893251203389e+02 2.677445732597385586e+02
1.981066871756727892e+02 2.668762167290093998e+02
1.975375597580832050e+02 2.659993032705277187e+02
1.969804027398282074e+02 2.651138705447738175e+02
1.964355067966281183e+02 2.642199225103081517e+02
1.959032145960587741e+02 2.633175632809770264e+02
1.953838490756413080e+02 2.624067733626521886e+02
1.948777997012551850e+02 2.614876400966925871e+02
1.943854250012896898e+02 2.605601595043664815e+02
1.939071322666688388e+02 2.596244231564692200e+02
1.934432926928214158e+02 2.586805092618351978e+02
1.929940709979720452e+02 2.577286084212141191e+02
1.925595411142542446e+02 2.567689671467711037e+02
1.921397769907304962e+02 2.558018057345001637e+02
1.917348829984796907e+02 2.548274233620771838e+02
1.913449332054035494e+02 2.538460015640188487e+02
1.909700544002753020e+02 2.528578211219297884e+02
1.906103559896036188e+02 2.518630570121079018e+02
1.902659897614716442e+02 2.508619910248012559e+02
1.899370939155243434e+02 2.498548379744370607e+02
1.896238215893468180e+02 2.488418166806227703e+02
1.893263311727856149e+02 2.478231680578905411e+02
1.890447892491075095e+02 2.467991718673918626e+02
1.887793537893212772e+02 2.457699810827498936e+02
1.885302346966996652e+02 2.447359331578970227e+02
1.882976198436482207e+02 2.436972241766418961e+02
1.880817065078229575e+02 2.426541187040379839e+02
1.878826918052976680e+02 2.416068891473261431e+02
1.877007871876802199e+02 2.405557570342932934e+02
1.875362326185542088e+02 2.395010685710299470e+02
1.873892674677784100e+02 2.384430241239400914e+02
1.872601424627817721e+02 2.373819428344330902e+02
1.871491057422535107e+02 2.363180999726975529e+02
1.870564278014576018e+02 2.352518134450479863e+02
1.869823974483227573e+02 2.341833818163702858e+02
1.869273277080608011e+02 2.331131037029331310e+02
1.868915407932537391e+02 2.320412912864111945e+02
1.868753684668469077e+02 2.309682907484743168e+02
1.868791604536086197e+02 2.298944589178609590e+02
1.869032921698006930e+02 2.288201340438709508e+02
1.869481638817583189e+02 2.277456804216974433e+02
1.870141953235221024e+02 2.266714682477086740e+02
1.871018178849613491e+02 2.255979095609963565e+02
1.872114759955106820e+02 2.245254332617068087e+02
1.873436471278617717e+02 2.234544335115296576e+02
1.874988053809082089e+02 2.223854035473287638e+02
1.876774554282150973e+02 2.213187927272664410e+02
1.878801040333708556e+02 2.202551156260195455e+02
1.881072518757392800e+02 2.191949098616927358e+02
1.883594248809182545e+02 2.181386751649360747e+02
1.886370755264377976e+02 2.170870709572596979e+02
1.889407002135013727e+02 2.160406478432112181e+02
1.892707599290140763e+02 2.150000505515374130e+02
1.896276673460195923e+02 2.139659437430414926e+02
1.900117762140086199e+02 2.129390068396610332e+02
1.904233732981204525e+02 2.119199286147267571e+02
1.908627081899648203e+02 2.109094189710264118e+02
1.913299407924744742e+02 2.099082433263531868e+02
1.918241456730945913e+02 2.089180264647080492e+02
1.923440295055408455e+02 2.079398677389860381e+02
1.928886441331515584e+02 2.069739476055013938e+02
1.934573595768020766e+02 2.060205775787082416e+02
1.940498413074877817e+02 2.050802853737764053e+02
1.946656953553971618e+02 2.041535946733509661e+02
1.953044498639046935e+02 2.032410206065887621e+02
1.959655736674097852e+02 2.023430579162502454e+02
1.966485499807948827e+02 2.014601545872979500e+02
1.973527416513649086e+02 2.005928232725389933e+02
1.980775737260559310e+02 1.997414845682735915e+02
1.988224009114387627e+02 1.989065883388667828e+02
1.995865577477634361e+02 1.980885663023708787e+02
2.003693763165467487e+02 1.972878006289524251e+02
2.011701832616795116e+02 1.965046322152367679e+02
2.019882880661008357e+02 1.957394044571113625e+02
2.028229924916355458e+02 1.949924559064327809e+02
2.036736846424345231e+02 1.942640794877290205e+02
2.045395894536019057e+02 1.935545834496012390e+02
2.054201271456049369e+02 1.928640945463731384e+02
2.063145103900665447e+02 1.921928452445020525e+02
2.072221266380018392e+02 1.915409835964166518e+02
2.081423763169265442e+02 1.909086712163348238e+02
2.090745446207332634e+02 1.902960429187979798e+02
2.100180513983884794e+02 1.897030750178072083e+02
2.109721989255946539e+02 1.891297941205583868e+02
2.119364196886832303e+02 1.885761854181840818e+02
2.129101307300739734e+02 1.880422536030111189e+02
2.138928154970717799e+02 1.875279304180227484e+02
2.148837887695926838e+02 1.870331036521960471e+02
2.158825898347358532e+02 1.865575923918966907e+02
2.168886935290088616e+02 1.861012551962597854e+02
2.179015937828872040e+02 1.856639536271042914e+02
2.189207984314154203e+02 1.852455132177290125e+02
2.199458224293475723e+02 1.848456980227656459e+02
2.209763238809420898e+02 1.844642514479454576e+02
2.220117420736776239e+02 1.841009724995505792e+02
2.230517660618072284e+02 1.837556125972922700e+02
2.240960048625638876e+02 1.834279428158091889e+02
2.251440829847387874e+02 1.831177143290776996e+02
2.261956449857379994e+02 1.828246795336919490e+02
2.272503821798651984e+02 1.825485929274117893e+02
2.283080048597973075e+02 1.822892181675234440e+02
2.293681674582483367e+02 1.820463405258537080e+02
2.304306221050296131e+02 1.818197553922907730e+02
2.314951284561010141e+02 1.816092712160009057e+02
2.325614217285162511e+02 1.814147070120164642e+02
2.336292543687611953e+02 1.812358854306839646e+02
2.346984088776935948e+02 1.810726615889992388e+02
2.357686538665335547e+02 1.809249580601345428e+02
2.368397834362237404e+02 1.807927082336088631e+02
2.379116838542575749e+02 1.806758533809483822e+02
2.389840024898815329e+02 1.805743459112907203e+02
2.400567074341221314e+02 1.804880826684251076e+02
2.411294666654611660e+02 1.804168600146325332e+02
2.422021400938928650e+02 1.803604523496476304e+02
2.432745447275268020e+02 1.803186435193278498e+02
2.443464981241638441e+02 1.802912215232480264e+02
2.454178267406302609e+02 1.802780066626630173e+02
2.464883654958975683e+02 1.802788965844756035e+02
2.475579529805042114e+02 1.802938040577558638e+02
2.486264305158925367e+02 1.803226452100644508e+02
2.496936958218637699e+02 1.803653462756111310e+02
2.507595095341782780e+02 1.804218399950374589e+02
2.518237724632486447e+02 1.804921055024791201e+02
2.528863348332399710e+02 1.805761324757544344e+02
2.539470228297934682e+02 1.806739101123436910e+02
2.550056689952644149e+02 1.807854280287311326e+02
2.560621992013950035e+02 1.809106938087409162e+02
2.571163468512075951e+02 1.810496961990334626e+02
2.581680107880309265e+02 1.812024409233868312e+02
2.592170296514737515e+02 1.813689331561974427e+02
2.602632402622095356e+02 1.815491795586025319e+02
2.613064788752268441e+02 1.817431748240085199e+02
2.623465844469338322e+02 1.819508704522595508e+02
2.633833966475978627e+02 1.821722099435944244e+02
2.644167550522024612e+02 1.824071379735123912e+02
2.654464989842095406e+02 1.826556002869026827e+02
2.664724706050455438e+02 1.829175174366868362e+02
2.674945248734472329e+02 1.831927154845814982e+02
2.685125293759769534e+02 1.834810020647886120e+02
2.695263676791827265e+02 1.837821917538896059e+02
2.705358515299636792e+02 1.840960795646041106e+02
2.715408899638098319e+02 1.844224466866107264e+02
2.725414235013644770e+02 1.847609516093083926e+02
2.735372836483397805e+02 1.851111845208678517e+02
2.745284720726851333e+02 1.854727804141073477e+02
2.755148743204786115e+02 1.858453453363621577e+02
2.764964627853750017e+02 1.862284757282701264e+02
2.774732066924314609e+02 1.866216270008493154e+02
2.784451262726377649e+02 1.870242316258881772e+02
2.794122129299614699e+02 1.874357100115058756e+02
2.803745458350297213e+02 1.878555154803404434e+02
2.813321157723141823e+02 1.882830477982844855e+02
2.822850571294854376e+02 1.887176660799712522e+02
2.832334572423519603e+02 1.891586876201094753e+02
2.841774331098482662e+02 1.896054348484682066e+02
2.851171504162711585e+02 1.900572526234620057e+02
2.860527582550495822e+02 1.905134771749941649e+02
2.869844299446525042e+02 1.909734349480180811e+02
2.879123775620812467e+02 1.914364650123696094e+02
2.888368288351407500e+02 1.919019187716840236e+02
2.897580031392479896e+02 1.923691387138037499e+02
2.906761435007754812e+02 1.928375454340013277e+02
2.915913921572857248e+02 1.933069122986975685e+02
2.925038538883833326e+02 1.937771407916728492e+02
2.934136373715066952e+02 1.942481401498588411e+02
2.943208421349735886e+02 1.947198113256652903e+02
2.952255822352183827e+02 1.951920789171441584e+02
2.961279450226190875e+02 1.956649301784218835e+02
2.970280092125876763e+02 1.961383794721428728e+02
2.979258531873744005e+02 1.966124444406345333e+02
2.988215558429031944e+02 1.970871502362079184e+02
2.997151899207660790e+02 1.975625201473248467e+02
3.006068210312397468e+02 1.980386171880296899e+02
3.014965055181016282e+02 1.985155192593200866e+02
3.023842979755329452e+02 1.989933070233549302e+02
3.032702513399239592e+02 1.994720638844858911e+02
3.041544161389256828e+02 1.999518776699428884e+02
3.050368352309116631e+02 2.004328517461893284e+02
3.059175452315116672e+02 2.009151007077468023e+02
3.067965827696858128e+02 2.013987361586013662e+02
3.076739813892786515e+02 2.018838747737546271e+02
3.085497719172066127e+02 2.023706360119917917e+02
3.094239816033457942e+02 2.028591441197272900e+02
3.102966346237805055e+02 2.033495268963135629e+02
3.111677526448155504e+02 2.038419144752416798e+02
3.120373548016129348e+02 2.043364392978198794e+02
3.129054676597945104e+02 2.048332248333200596e+02
3.137721672252719713e+02 2.053323348430600106e+02
3.146375345851936913e+02 2.058338030797776810e+02
3.155016393960058849e+02 2.063376640665634341e+02
3.163645482764098915e+02 2.068439543785243302e+02
3.172263243150991343e+02 2.073527122916990493e+02
3.180870271182386091e+02 2.078639777511082798e+02
3.189467128651586449e+02 2.083777923297448353e+02
3.198054332354438429e+02 2.088942007078018150e+02
3.206632376626922110e+02 2.094132480991916623e+02
3.215201733276101095e+02 2.099349792573873401e+02
3.223762800530410573e+02 2.104594463365065167e+02
3.232315926076576034e+02 2.109867055765307384e+02
3.240861423933015431e+02 2.115168145825689123e+02
3.249399568163124741e+02 2.120498342792266158e+02
3.257930595802790776e+02 2.125858266769088516e+02
3.266454652656875624e+02 2.131248598320154315e+02
3.274971803131831507e+02 2.136670133667398659e+02
3.283482067083709808e+02 2.142123673732828024e+02
3.291985427100595416e+02 2.147610082918253340e+02
3.300481803722400969e+02 2.153130148354360642e+02
3.308970983373371268e+02 2.158684845031639270e+02
3.317452618730101221e+02 2.164275299071401548e+02
3.325926323899007571e+02 2.169902738078106097e+02
3.334391581653694061e+02 2.175568149319706208e+02
3.342847881388065616e+02 2.181272761735046402e+02
3.351293530298895575e+02 2.187019185379232340e+02
3.359725680615565580e+02 2.192810778604532800e+02
3.368141466672063871e+02 2.198651001621456089e+02
3.376537972692517542e+02 2.204543459438627053e+02
3.384911880133266777e+02 2.210491157470754899e+02
3.393260200307479977e+02 2.216497609030873548e+02
3.401579511321027667e+02 2.222565728745101410e+02
3.409866546419832503e+02 2.228698712423980623e+02
3.418117750878474226e+02 2.234899427368104057e+02
3.426329645462205349e+02 2.241170910917672927e+02
3.434498609524062545e+02 2.247515590829244161e+02
3.442621486067561705e+02 2.253936255716907908e+02
3.450694487031935864e+02 2.260434796382370735e+02
3.458714278468354451e+02 2.267013773204954248e+02
3.466677215497701354e+02 2.273675432787103148e+02
3.474579710373650983e+02 2.280421376423625759e+02
3.482418711379037859e+02 2.287253273840058228e+02
3.490190989492960512e+02 2.294172605439683252e+02
3.497893262854230443e+02 2.301180843000686878e+02
3.505522030883115576e+02 2.308279110808295513e+02
3.513074280437353991e+02 2.315468534467881341e+02
3.520547206003324732e+02 2.322749775718686749e+02
3.527937968279376832e+02 2.330123440673705488e+02
3.535243673845202466e+02 2.337590094530584395e+02
3.542461381336163413e+02 2.345150254046149314e+02
3.549588373775794707e+02 2.352804270900771542e+02
3.556622163240941177e+02 2.360552219122433542e+02
3.563560092814113318e+02 2.368393851599485913e+02
3.570399671708130427e+02 2.376329214762498339e+02
3.577138437712095538e+02 2.384358549234114832e+02
3.583773560254722952e+02 2.392481217572864409e+02
3.590302739751698482e+02 2.400697153350935196e+02
3.596723439592786917e+02 2.409005961795126609e+02
3.603033127593675431e+02 2.417407320402083712e+02
3.609229061442031821e+02 2.425900542837593150e+02
3.615308719114856331e+02 2.434485614366791140e+02
3.621269094345215080e+02 2.443161966656154789e+02
3.627107166035342516e+02 2.451929018091502428e+02
3.632819988220174423e+02 2.460786421067226115e+02
3.638404441933676026e+02 2.469733613247401252e+02
3.643857097889117540e+02 2.478770103471240134e+02
3.649174101275627891e+02 2.487895600363346205e+02
3.654351514710314177e+02 2.497109890868128730e+02
3.659385007854397145e+02 2.506411917440050559e+02
3.664270615175698822e+02 2.515801571430820047e+02
3.669003440282517090e+02 2.525278174880003519e+02
3.673577795865164148e+02 2.534841630175493208e+02
3.677987631197152609e+02 2.544491286139723343e+02
3.682226977228371538e+02 2.554226855418698960e+02
3.686289577418524459e+02 2.564047508743534536e+02
3.690170323659568226e+02 2.573951589824159214e+02
3.693866357118100723e+02 2.583936197683194109e+02
3.697374994753428723e+02 2.593998206942588354e+02
3.700693499179437254e+02 2.604134473854118710e+02
3.703819111221345679e+02 2.614342128507657890e+02
3.706748661499665900e+02 2.624616987816209530e+02
3.709479289327641141e+02 2.634955948338425173e+02
3.712007851923355020e+02 2.645355360633251394e+02
3.714331035818594842e+02 2.655811071118498035e+02
3.716445537997168458e+02 2.666319175819908764e+02
3.718348176019115385e+02 2.676875005110138659e+02
3.720036461223411379e+02 2.687473687841422816e+02
3.721507950130952054e+02 2.698110844651689604e+02
3.722759846293633927e+02 2.708780276050282509e+02
3.723789562620079892e+02 2.719477011177967825e+02
3.724594801574468192e+02 2.730195088418232103e+02
3.725174487332924969e+02 2.740927995055360498e+02
3.725527692064769099e+02 2.751669136926068404e+02
3.725653410015958116e+02 2.762411802131935019e+02
3.725550590122755352e+02 2.773148695242915096e+02
3.725218719716978626e+02 2.783872542731032809e+02
3.724658606758239898e+02 2.794575600442235555e+02
3.723871301328679806e+02 2.805249843742384428e+02
3.722857805843049164e+02 2.815887511742034235e+02
3.721619281102423429e+02 2.826479936709270646e+02
3.720157153170824245e+02 2.837019183542611245e+02
3.718473698838974997e+02 2.847496702321064390e+02
3.716571488891258923e+02 2.857903940524861923e+02
3.714453267767122497e+02 2.868232401855924536e+02
3.712121750692037381e+02 2.878473873254824866e+02
3.709580024346888649e+02 2.888619758150747998e+02
3.706831192996790492e+02 2.898661938399568498e+02
3.703878575940067890e+02 2.908592349334852543e+02
3.700725718695671844e+02 2.918403162030309090e+02
3.697376577488913654e+02 2.928086864414670458e+02
3.693834979586212626e+02 2.937636335165560126e+02
3.690103985393517405e+02 2.947044692316269447e+02
3.686186813997790068e+02 2.956305515423870816e+02
3.682087070709250725e+02 2.965412993864746909e+02
3.677808580853994158e+02 2.974361788662869799e+02
3.673355666980240812e+02 2.983147856277002461e+02
3.668732862928785039e+02 2.991767647331412832e+02
3.663944897813790931e+02 3.000218848378145822e+02
3.658996702279223427e+02 3.008500584352137821e+02
3.653893298225588637e+02 3.016613017733230322e+02
