3.653488696846796415e+02 3.027053359231800300e+02
3.648312017109901717e+02 3.035174487931121234e+02
3.642950422409774660e+02 3.043149898812599758e+02
3.637405531604296129e+02 3.050982407522334370e+02
3.631679910307218506e+02 3.058673620770987327e+02
3.625776399918959214e+02 3.066225158910636992e+02
3.619698106446259089e+02 3.073638501702233725e+02
3.613448321754777908e+02 3.080915262193643116e+02
3.607030606223063387e+02 3.088056955039713216e+02
3.600448804445923656e+02 3.095064540384798875e+02
3.593706653610762487e+02 3.101939601627956336e+02
3.586808364182548416e+02 3.108683025925799370e+02
3.579758171661814004e+02 3.115295924614201226e+02
3.572560434407212142e+02 3.121779362449684072e+02
3.565219616075704039e+02 3.128134168347542641e+02
3.557740107066004498e+02 3.134361277141810547e+02
3.550126428015415740e+02 3.140461227343359383e+02
3.542382851242845163e+02 3.146434783126238131e+02
3.534513814581648603e+02 3.152282238959095366e+02
3.526523497225331880e+02 3.158004177468373541e+02
3.518416228939329926e+02 3.163600727065733622e+02
3.510196067554342676e+02 3.169072190562438323e+02
3.501867057402118348e+02 3.174418544406329374e+02
3.493433086618143193e+02 3.179639724404416938e+02
3.484897990837136490e+02 3.184735460009331973e+02
3.476265461500696006e+02 3.189705601724534176e+02
3.467539177525723062e+02 3.194549676884875566e+02
3.458722620669571484e+02 3.199267189255025414e+02
3.449819211105382806e+02 3.203857450497540640e+02
3.440832293991857114e+02 3.208319779400644620e+02
3.431765138473161301e+02 3.212653330368989941e+02
3.422620938289731498e+02 3.216857214850816149e+02
3.413402790682039267e+02 3.220930400224252708e+02
3.404113760060313894e+02 3.224871826178207357e+02
3.394756831231690626e+02 3.228680332138014819e+02
3.385334977315045535e+02 3.232354728124731764e+02
3.375851061233985888e+02 3.235893714780435744e+02
3.366307968378486066e+02 3.239296018265507087e+02
3.356708471298131826e+02 3.242560283634836082e+02
3.347055440221863023e+02 3.245685164933229316e+02
3.337351590693172625e+02 3.248669228981003698e+02
3.327599631003234322e+02 3.251510978709766277e+02
3.317802265568136590e+02 3.254208962296382879e+02
3.307962311928749841e+02 3.256761803892206331e+02
3.298082236680971278e+02 3.259167960017391010e+02
3.288164923062421963e+02 3.261425949650802636e+02
3.278212880083587493e+02 3.263534205355774702e+02
3.268228757347366127e+02 3.265491176286233213e+02
3.258215202260244610e+02 3.267295321778344146e+02
3.248174856010138569e+02 3.268945072514832191e+02
3.238110356410709869e+02 3.270438831248869178e+02
3.228024365916974716e+02 3.271775226886580867e+02
3.217919630001995870e+02 3.272955428374475559e+02
3.207799265974804257e+02 3.273982259141324107e+02
3.197665789730113488e+02 3.274858441506856934e+02
3.187522021326695949e+02 3.275586778853244141e+02
3.177370288622864223e+02 3.276169990661178986e+02
3.167212909465206963e+02 3.276610675398293324e+02
3.157052130457736894e+02 3.276911378535845643e+02
3.146890055321253499e+02 3.277074631440821690e+02
3.136728603676849048e+02 3.277102903457853245e+02
3.126569710000848090e+02 3.276998665473877850e+02
3.116415166575085323e+02 3.276764331445770608e+02
3.106266664687753973e+02 3.276402261096749271e+02
3.096125706167452449e+02 3.275914712322656897e+02
3.085993995508637227e+02 3.275304035849563320e+02
3.075872856459441209e+02 3.274572462863117153e+02
3.065763759723334374e+02 3.273722268093681009e+02
3.055667901425587729e+02 3.272755607802448594e+02
3.045586680463090374e+02 3.271674739257354076e+02
3.035521182661445323e+02 3.270481809718384056e+02
3.025472494807725070e+02 3.269178908903962792e+02
3.015441777723578980e+02 3.267768227515840636e+02
3.005429990049079265e+02 3.266251911956363188e+02
2.995438075336949169e+02 3.264632082089188430e+02
2.985466930731442972e+02 3.262910834704136391e+02
2.975517401363338763e+02 3.261090245305803137e+02
2.965590277033662687e+02 3.259172409820461667e+02
2.955686292898587340e+02 3.257159439466744288e+02
2.945806122186136804e+02 3.255053395468364101e+02
2.935950422296502325e+02 3.252856341503440376e+02
2.926119794376370464e+02 3.250570341011440405e+02
2.916314767224083653e+02 3.248197447718811759e+02
2.906535822455944071e+02 3.245739669825453007e+02
2.896783435247215834e+02 3.243199078788146608e+02
2.887057998241591577e+02 3.240577715815642819e+02
2.877359874408379596e+02 3.237877473117991940e+02
2.867689385399340836e+02 3.235100435900308753e+02
2.858046813414562166e+02 3.232248486414445665e+02
2.848432370528698812e+02 3.229323643679863380e+02
2.838846288432854408e+02 3.226327751826688655e+02
2.829288665701540708e+02 3.223262782498838419e+02
2.819759695855566974e+02 3.220130513797142271e+02
2.810259382766466274e+02 3.216932826338776295e+02
2.800787809844638900e+02 3.213671506885033864e+02
2.791345018172336268e+02 3.210348287183265370e+02
2.781930897216524841e+02 3.206964949931735305e+02
2.772545437579443046e+02 3.203523178835232557e+02
2.763188617862689398e+02 3.200024549953157589e+02
2.753860204013135444e+02 3.196470684433508609e+02
2.744560101990182943e+02 3.192863156660495747e+02
2.735288142951888517e+02 3.189203488149579471e+02
2.726044240157190188e+02 3.185492913097064047e+02
2.716828217510029617e+02 3.181732364313493235e+02
2.707640059681685898e+02 3.177922730935201798e+02
2.698479680734386648e+02 3.174064861753907962e+02
2.689346978885835711e+02 3.170159581291393920e+02
2.680241894657066268e+02 3.166207652153597678e+02
2.671164251283752833e+02 3.162209779608629674e+02
2.662113927373034130e+02 3.158166660599476927e+02
2.653090804745199875e+02 3.154078961690078131e+02
2.644094733330521763e+02 3.149947318261566807e+02
2.635125555264306740e+02 3.145772325250197241e+02
2.626183108975865821e+02 3.141554528445505525e+02
2.617267220785983000e+02 3.137294446461656889e+02
2.608377706245055379e+02 3.132992572290071394e+02
2.599514412583903891e+02 3.128649370294763798e+02
2.590677035307040228e+02 3.124265266562251782e+02
2.581865391373515308e+02 3.119840692991778042e+02
2.573079241762752076e+02 3.115376035607228573e+02
2.564318334147374685e+02 3.110871652496668958e+02
2.555582402753361748e+02 3.106327873403479884e+02
2.546871160552464346e+02 3.101745014592621601e+02
2.538184292004110887e+02 3.097123390740769651e+02
2.529521465016787829e+02 3.092463288397270844e+02
2.520882324363272744e+02 3.087764961665460532e+02
2.512265620771040631e+02 3.083028567760300120e+02
2.503669101109591111e+02 3.078254480342889678e+02
2.495091634871542396e+02 3.073443786857174018e+02
2.486532250885884139e+02 3.068597629310767161e+02
2.477989915027620214e+02 3.063717098762706996e+02
2.469463575882122655e+02 3.058803258686147615e+02
2.460952189337790799e+02 3.053857184645638085e+02
2.452454629683608403e+02 3.048879979408531540e+02
2.443969748627387730e+02 3.043872715856442142e+02
2.435496381974836595e+02 3.038836426617708071e+02
2.427033350261700946e+02 3.033772103907257360e+02
2.418579437873549409e+02 3.028680731612957402e+02
2.410133362906411776e+02 3.023563327720772236e+02
2.401693819377022976e+02 3.018420877236266051e+02
2.393259546029487694e+02 3.013254327570491000e+02
2.384829111513304269e+02 3.008064537557733615e+02
2.376401180807993399e+02 3.002852393783050502e+02
2.367974360467657391e+02 2.997618749528501780e+02
2.359547231195381869e+02 2.992364410862809905e+02
2.351118358838457993e+02 2.987090135715219503e+02
2.342686333782647807e+02 2.981796633999916253e+02
2.334249694796029075e+02 2.976484519350868254e+02
2.325806994206892284e+02 2.971154304895721339e+02
2.317356858706287142e+02 2.965806468340584274e+02
2.308897877542013077e+02 2.960441416400231560e+02
2.300428714565616133e+02 2.955059487043592981e+02
2.291948558725392786e+02 2.949660085751675069e+02
2.283459071347845395e+02 2.944239983795604871e+02
2.274962445792550625e+02 2.938795427859869847e+02
2.266460918147063808e+02 2.933322723734934812e+02
2.257956835515590797e+02 2.927818271990124117e+02
2.249452827684833096e+02 2.922278337239977759e+02
2.240951904027679973e+02 2.916698937553195492e+02
2.232457295341833685e+02 2.911076050865799516e+02
2.223972359355234119e+02 2.905405675511757977e+02
2.215500563389897195e+02 2.899684016644781082e+02
2.207045503029335691e+02 2.893907103031128258e+02
2.198611088200988206e+02 2.888071170498620859e+02
2.190201279358712441e+02 2.882172233191726605e+02
2.181820257106553811e+02 2.876206599449781152e+02
2.173472263432686020e+02 2.870170608737267344e+02
2.165161540328529384e+02 2.864060515517202816e+02
2.156892441899132677e+02 2.857873308519195916e+02
2.148669140284694379e+02 2.851605741214933118e+02
2.140495997185518036e+02 2.845254709631143442e+02
2.132377517477325739e+02 2.838817254330639344e+02
2.124318213441866021e+02 2.832290695414081370e+02
2.116322065192612740e+02 2.825672746662999657e+02
2.108393047208950009e+02 2.818961379958203679e+02
2.100535220126702995e+02 2.812154638341442023e+02
2.092752731495438638e+02 2.805250638544626440e+02
2.085049678848648682e+02 2.798247685408667280e+02
2.077429579504629658e+02 2.791144689668697083e+02
2.069895815213681374e+02 2.783940766122486821e+02
2.062451750177138194e+02 2.776634887182978559e+02
2.055101117289733565e+02 2.769226633511278806e+02
2.047847289455725104e+02 2.761715235759833718e+02
2.040693089114786574e+02 2.754100148461280355e+02
2.033641743140635185e+02 2.746381988698345822e+02
2.026695818874247266e+02 2.738560169534378019e+02
2.019858629474888687e+02 2.730635336791356735e+02
2.013132823274643215e+02 2.722606986940273828e+02
2.006521505493804227e+02 2.714476029019332941e+02
2.000027288108551602e+02 2.706242735173497636e+02
1.993652959045986677e+02 2.697907558354968387e+02
1.987401404919197603e+02 2.689471048454490756e+02
1.981275591078905052e+02 2.680933794578342599e+02
1.975278637833985442e+02 2.672296385153132405e+02
1.969413772599427830e+02 2.663559448080209791e+02
1.963684299588376518e+02 2.654723677266452455e+02
1.958093443923381756e+02 2.645789390937037524e+02
1.952645071008855382e+02 2.636758033833610284e+02
1.947343048928782423e+02 2.627629505487249730e+02
1.942192129389985382e+02 2.618404886797422364e+02
1.937196687184764414e+02 2.609084237834494502e+02
1.932361664025547157e+02 2.599668739991686266e+02
1.927691558045272302e+02 2.590159457229535747e+02
1.923188327278173801e+02 2.580558849765529317e+02
1.918852801402200043e+02 2.570870077829301863e+02
1.914685788278152074e+02 2.561096023449788959e+02
1.910688448216238271e+02 2.551240492840612717e+02
1.906861581801836962e+02 2.541305956314275534e+02
1.903206804458521617e+02 2.531295959541860441e+02
1.899725606183396565e+02 2.521212832384185560e+02
1.896419965661812626e+02 2.511060170562559506e+02
1.893291683367692713e+02 2.500840850298759506e+02
1.890342701395042297e+02 2.490557850454127049e+02
1.887574932446215144e+02 2.480214480810660405e+02
1.884990329656212680e+02 2.469814553571142142e+02
1.882590695689945619e+02 2.459360511335350452e+02
1.880378416090504743e+02 2.448856931586579435e+02
1.878355551953488884e+02 2.438306873232327234e+02
1.876523951149020775e+02 2.427714309975280003e+02
1.874885244867119809e+02 2.417083397961205549e+02
1.873441158385707865e+02 2.406417785432112737e+02
1.872193690979634653e+02 2.395722530835225825e+02
1.871144724799851815e+02 2.385001164087648817e+02
1.870295817272686918e+02 2.374258632384269561e+02
1.869648163976616502e+02 2.363499481950310326e+02
1.869203113291821694e+02 2.352728720591296394e+02
1.868962116945665741e+02 2.341951156716756941e+02
1.868926759773474373e+02 2.331171610976142290e+02
1.869098288566183328e+02 2.320395080296195829e+02
1.869477706289506216e+02 2.309626888450323463e+02
1.870066080546929186e+02 2.298872394004764317e+02
1.870864621554072755e+02 2.288136698072539730e+02
1.871874657016843457e+02 2.277425068028065027e+02
1.873097424865188998e+02 2.266742722490852771e+02
1.874534031739878799e+02 2.256095119040744805e+02
1.876185588213728010e+02 2.245487677211522453e+02
1.878053410918597024e+02 2.234925313062433645e+02
1.880138676432280533e+02 2.224413562627891281e+02
1.882442752078245576e+02 2.213957317589436400e+02
1.884966945524960238e+02 2.203561707786895454e+02
1.887712453844172558e+02 2.193231693556632251e+02
1.890680674105097978e+02 2.182971581995232384e+02
1.893872363145935083e+02 2.172786454319550273e+02
1.897288735365965806e+02 2.162680139762872784e+02
1.900930833136476110e+02 2.152656701098345877e+02
1.904799415850429227e+02 2.142719826119418656e+02
1.908894924581628629e+02 2.132872765393250916e+02
1.913217473822022328e+02 2.123118280611993214e+02
1.917767178372573937e+02 2.113458759024430549e+02
1.922543787508074900e+02 2.103896430146970147e+02
1.927538927331324317e+02 2.094437851106492019e+02
1.932741225994348042e+02 2.085085015625853941e+02
1.938141960837606916e+02 2.075833619059260400e+02
1.943737199410916503e+02 2.066681682741839836e+02
1.949527456161313239e+02 2.057630636769198418e+02
1.955512773961528126e+02 2.048682453136155459e+02
1.961692442400374148e+02 2.039839517907367963e+02
1.968065109327859261e+02 2.031104536333340889e+02
1.974629574580937685e+02 2.022480602372329486e+02
1.981383770691519999e+02 2.013971940785046115e+02
1.988325787945383354e+02 2.005582582612913143e+02
1.995452895157287969e+02 1.997317115459426873e+02
2.002761900732607501e+02 1.989180314901421696e+02
2.010249472349555901e+02 1.981177083708763291e+02
2.017912152276694542e+02 1.973312538950551414e+02
2.025746057722955982e+02 1.965592062949800152e+02
2.033746944883118317e+02 1.958021194967564327e+02
2.041911002099627126e+02 1.950605296815054714e+02
2.050232818218433408e+02 1.943349943785129597e+02
2.058708360924509577e+02 1.936259371063276546e+02
2.067331656327999667e+02 1.929338738071596708e+02
2.076097986236826785e+02 1.922592593989918441e+02
2.085002573290465762e+02 1.916025653625194138e+02
2.094039326857963772e+02 1.909642150368237878e+02
2.103203003490154970e+02 1.903444589025565108e+02
2.112487211027434739e+02 1.897435871859927374e+02
2.121886609899296445e+02 1.891618542529099898e+02
2.131395634806491444e+02 1.885995302526192745e+02
2.141009089418095073e+02 1.880567803212299509e+02
2.150719954141830215e+02 1.875336661971448677e+02
2.160523226850523599e+02 1.870301795927946102e+02
2.170413309422110615e+02 1.865463447484314656e+02
2.180384762739896303e+02 1.860821851311720252e+02
2.190432161294809248e+02 1.856376557688729179e+02
2.200549988417463112e+02 1.852125972034727681e+02
2.210734102895097806e+02 1.848068221330200913e+02
2.220978317307821612e+02 1.844201913850197343e+02
2.231278844367438694e+02 1.840525178454093691e+02
2.241631122653622583e+02 1.837036128184975041e+02
2.252030697123810796e+02 1.833732343253705039e+02
2.262473341096460615e+02 1.830611352595051358e+02
2.272955322676679089e+02 1.827670679174238728e+02
2.283473135751519578e+02 1.824907910429756157e+02
2.294022759635743682e+02 1.822320779368340595e+02
2.304601146277510679e+02 1.819907017204602369e+02
2.315205359704657724e+02 1.817664454487315595e+02
2.325832261236315617e+02 1.815591007780066661e+02
2.336478914173345345e+02 1.813684614294319317e+02
2.347142714545131241e+02 1.811943559079018371e+02
2.357820961181698465e+02 1.810366868938820062e+02
2.368511228361628014e+02 1.808953678526163458e+02
2.379212023149074469e+02 1.807703192111934527e+02
2.389919513761252858e+02 1.806614712705668637e+02
2.400633050856630462e+02 1.805686908758886773e+02
2.411349025638551211e+02 1.804917258202661685e+02
2.422065753698128958e+02 1.804302988671698245e+02
2.432781153740820628e+02 1.803841415196846469e+02
2.443493175999904850e+02 1.803529888823541398e+02
2.454199887578256494e+02 1.803366174776230366e+02
2.464899467327205684e+02 1.803349053634943004e+02
2.475590142652568488e+02 1.803477492650104637e+02
2.486270177602567628e+02 1.803750489650135478e+02
2.496938405581087181e+02 1.804167140871295771e+02
2.507592306806675992e+02 1.804726647842850014e+02
2.518230759121828157e+02 1.805428793282159461e+02
2.528852140062856790e+02 1.806273483870461973e+02
2.539454590160518137e+02 1.807260619489874784e+02
2.550036314804436017e+02 1.808390102288261971e+02
2.560596446624924170e+02 1.809662024490321244e+02
2.571132206500973325e+02 1.811076327059942059e+02
2.581642456580266298e+02 1.812633125634099827e+02
2.592125460472070131e+02 1.814332528622286702e+02
2.602579462772464467e+02 1.816174657403835226e+02
2.613002703157646920e+02 1.818159492175998935e+02
2.623393453980614822e+02 1.820286513962205674e+02
2.633749997588549263e+02 1.822555108508880437e+02
2.644070617154383740e+02 1.824964671715714530e+02
2.654353594994832974e+02 1.827514608603195541e+02
2.664597249294665176e+02 1.830204022744438532e+02
2.674800052126742003e+02 1.833030896370170240e+02
2.684960614069515259e+02 1.835992986724581613e+02
2.695077711147279729e+02 1.839088119631838651e+02
2.705149426761833524e+02 1.842313927549429877e+02
2.715174816838012362e+02 1.845667842980965929e+02
2.725153297737661546e+02 1.849145834948857896e+02
2.735083259081749247e+02 1.852743138340991607e+02
2.744964763377532790e+02 1.856455430406426217e+02
2.754796769470299296e+02 1.860278108417012959e+02
2.764579106881224675e+02 1.864206431916512656e+02
2.774311644855046097e+02 1.868234080525685954e+02
2.783994784708567636e+02 1.872354458718221792e+02
2.793628687352484690e+02 1.876560860763649146e+02
2.803214376618831238e+02 1.880846907341458802e+02
2.812752081492860157e+02 1.885205703029505457e+02
2.822243428189626115e+02 1.889629930769238797e+02
2.831689643507184542e+02 1.894111871369580342e+02
2.841092273041757608e+02 1.898643864682907747e+02
2.850453347674057909e+02 1.903218476459064448e+02
2.859774779940169651e+02 1.907828232095415331e+02
2.869058708687751391e+02 1.912465721683659297e+02
2.878307646054358315e+02 1.917123714467631999e+02
2.887524278032103098e+02 1.921795111077961735e+02
2.896711264693731209e+02 1.926472743904645029e+02
2.905871447311375277e+02 1.931150368770384205e+02
2.915006411472252239e+02 1.935826091991013698e+02
2.924117263847336403e+02 1.940499593303638335e+02
2.933205126957827815e+02 1.945170626685098512e+02
2.942271043690991519e+02 1.949838871426101718e+02
2.951316150087350252e+02 1.954504235306181954e+02
2.960341296959931583e+02 1.959167288723228637e+02
2.969347225376295114e+02 1.963828883415750681e+02
2.978334654344762953e+02 1.968489900249762741e+02
2.987304280927066316e+02 1.973151287799369129e+02
2.996256749302564231e+02 1.977813976238319071e+02
3.005192603740844106e+02 1.982479240998027024e+02
3.014112293243514387e+02 1.987148489139935634e+02
3.023016232357708759e+02 1.991823150540729443e+02
3.031904801756096504e+02 1.996504677289136396e+02
3.040778343263519332e+02 2.001194554301346500e+02
3.049637125376061704e+02 2.005894371620000527e+02
3.058481343483259707e+02 2.010605803293123870e+02
3.067311191165468358e+02 2.015330493960770752e+02
3.076126802318451041e+02 2.020070126575334939e+02
3.084928273580190989e+02 2.024826404164467988e+02
3.093715663785225161e+02 2.029601044927137536e+02
3.102488992947967859e+02 2.034395782657224458e+02
3.111248241390052840e+02 2.039212367236721946e+02
3.119993349348382026e+02 2.044052564026132757e+02
3.128724325208690402e+02 2.048918045014972336e+02
3.137441684115474914e+02 2.053809887832707659e+02
3.146145930211578730e+02 2.058728832465455127e+02
3.154837418559551452e+02 2.063675604677146396e+02
3.163516463725623566e+02 2.068650942255370353e+02
3.172183332976788961e+02 2.073655591315007030e+02
3.180838241859165123e+02 2.078690314068101657e+02
3.189481357069746537e+02 2.083755884410466308e+02
3.198112789463143031e+02 2.088853097302687729e+02
3.206732616739614627e+02 2.093982742730310349e+02
3.215340882789069497e+02 2.099145595678764096e+02
3.223937545103387947e+02 2.104342500034730392e+02
3.232522498212923097e+02 2.109574332848749805e+02
3.241095593114311555e+02 2.114841973946035694e+02
3.249656631983562534e+02 2.120146325818083710e+02
3.258205370603508300e+02 2.125488288791124489e+02
3.266741474717665028e+02 2.130868795695972722e+02
3.275264531296809309e+02 2.136288875161958174e+02
3.283774073966106926e+02 2.141749548568110129e+02
3.292269592932522642e+02 2.147251890934738299e+02
3.300750507911693603e+02 2.152796881617073268e+02
3.309216146857056629e+02 2.158385621065848170e+02
3.317665735157536346e+02 2.164019308092984772e+02
3.326098457227187737e+02 2.169699233481117346e+02
3.334513357701121095e+02 2.175426434668277977e+02
3.342909518225369538e+02 2.181202150948743110e+02
3.351285330563056846e+02 2.187028433054433094e+02
3.359638455942302926e+02 2.192907629644111296e+02
3.367966579295972451e+02 2.198842198363346938e+02
3.376267359870647056e+02 2.204834758579426648e+02
3.384538089096042768e+02 2.210887356481238442e+02
3.392776414797546067e+02 2.217002546302264250e+02
3.400979597500306113e+02 2.223182305034442550e+02
3.409145070148844070e+02 2.229428903706995015e+02
3.417270010806764162e+02 2.235744314421732213e+02
3.425351686877578459e+02 2.242130695728774867e+02
3.433387208456148301e+02 2.248589684603311127e+02
3.441374095518675063e+02 2.255123324860888943e+02
3.449309290559082228e+02 2.261732821480469795e+02
3.457190176500226357e+02 2.268420034485311589e+02
3.465013852395931053e+02 2.275186547044388590e+02
3.472777401099064605e+02 2.282033429841184216e+02
3.480478324383116160e+02 2.288961915927160362e+02
3.488113961071410358e+02 2.295973076353825775e+02
3.495681607271272924e+02 2.303067986351104253e+02
3.503178363067918895e+02 2.310247410119143296e+02
3.510601690557355710e+02 2.317512206461855158e+02
3.517949140058866533e+02 2.324862900722689574e+02
3.525218226044096923e+02 2.332299977242581122e+02
3.532406413859868621e+02 2.339823888318700824e+02
3.539511123276595868e+02 2.347435049003817653e+02
3.546529910527978586e+02 2.355133782100136273e+02
3.553460455198739965e+02 2.362920222825081566e+02
3.560300275788514455e+02 2.370794213118419691e+02
3.567047038607151990e+02 2.378755867715559020e+02
3.573698427193972975e+02 2.386805484448679522e+02
3.580251761153422194e+02 2.394942568630290225e+02
3.586704803876000938e+02 2.403167178911944575e+02
3.593055093084481086e+02 2.411479071971751296e+02
3.599300163921517424e+02 2.419878070294786596e+02
3.605437356325472251e+02 2.428363657941837630e+02
3.611464222474648409e+02 2.436935925342330620e+02
3.617377896445657370e+02 2.445594432563384544e+02
3.623175497573845973e+02 2.454338725330754869e+02
3.628854206956179382e+02 2.463168566424148480e+02
3.634411042403338570e+02 2.472083520892093418e+02
3.639842797948675184e+02 2.481083181033117739e+02
3.645145975731146564e+02 2.490167267442868990e+02
3.650317006126703632e+02 2.499335576533222820e+02
3.655351961881267471e+02 2.508587130760054151e+02
3.660247244289246282e+02 2.517921837905125813e+02
3.664998535687631716e+02 2.527339016843562263e+02
3.669601022971849034e+02 2.536838418766621430e+02
3.674049587692971954e+02 2.546419296094901483e+02
3.678339187066912359e+02 2.556081266778496115e+02
3.682464516160222274e+02 2.565823477474118022e+02
3.686421290637309198e+02 2.575644360861774089e+02
3.690207225989339008e+02 2.585541264943019542e+02
3.693820191082508018e+02 2.595511362407686420e+02
3.697258002206243646e+02 2.605551839789195583e+02
3.700518448244858973e+02 2.615660174740460207e+02
3.703598924748957870e+02 2.625832657960150982e+02
3.706497071779419343e+02 2.636066638651562926e+02
3.709210255287341056e+02 2.646358997221088316e+02
3.711735676266243331e+02 2.656706180026750985e+02
3.714070533799776967e+02 2.667104913267804136e+02
3.716211999870451450e+02 2.677551288774097884e+02
3.718157598014187215e+02 2.688041337926139818e+02
3.719904830447715653e+02 2.698571611781358683e+02
3.721450846850975154e+02 2.709136949153001410e+02
3.722792966551760401e+02 2.719733405269756759e+02
3.723928534986375780e+02 2.730356178143867396e+02
3.724855507067842950e+02 2.741000081708058360e+02
3.725571858628147766e+02 2.751659867149473371e+02
3.726075441135713504e+02 2.762330169333519052e+02
3.726364009133490072e+02 2.773005033918464619e+02
3.726435574384585152e+02 2.783678560675483027e+02
3.726288825896331218e+02 2.794344439876279012e+02
3.725922531788627339e+02 2.804996016115644011e+02
3.725335343352559221e+02 2.815626844749142492e+02
3.724525987005831098e+02 2.826229404437799531e+02
3.723493307683863804e+02 2.836796892505634560e+02
3.722236694085286786e+02 2.847321723641309745e+02
3.720755713014937669e+02 2.857796137302947272e+02
3.719050031696832548e+02 2.868212235535955301e+02
3.717119218593683172e+02 2.878562294797069399e+02
3.714963232240000934e+02 2.888837784881179687e+02
3.712582242456734889e+02 2.899030560688426590e+02
3.709976639836878576e+02 2.909132226549464235e+02
3.707147013449234692e+02 2.919134354331893633e+02
3.704094370033348582e+02 2.929028409360195155e+02
3.700819797454315108e+02 2.938806071781029914e+02
3.697324349928301217e+02 2.948458973328553157e+02
3.693609452779106732e+02 2.957978899931306955e+02
3.689677015573815879e+02 2.967357932650690486e+02
3.685529254153298098e+02 2.976588463771453235e+02
3.681169150545340472e+02 2.985663483195031631e+02
3.676600011279180080e+02 2.994576504362455012e+02
3.671825638336721909e+02 3.003321789678700497e+02
3.666850388459323540e+02 3.011894614583284806e+02
3.661679004899806955e+02 3.020291155182775924e+02
