3.647198814761817971e+02 3.023816248021860815e+02
3.642288883665659682e+02 3.031808590528058858e+02
3.637211175980608004e+02 3.039681226982892213e+02
3.631964167389177760e+02 3.047439088742358422e+02
3.626547694556584815e+02 3.055084775293573216e+02
3.620961936372523269e+02 3.062620546540708801e+02
3.615207464881839883e+02 3.070048156493174361e+02
3.609285124337845900e+02 3.077369247827928689e+02
3.603196201228180939e+02 3.084585061570596167e+02
3.596942541396556976e+02 3.091695932323592046e+02
3.590525886439618830e+02 3.098702806784202153e+02
3.583948800931126470e+02 3.105605581844411063e+02
3.577213977971260306e+02 3.112404299311355658e+02
3.570324416050255536e+02 3.119098830777555236e+02
3.563283424409171403e+02 3.125688697785051318e+02
3.556094362567147300e+02 3.132173497058578846e+02
3.548760907232905311e+02 3.138552308460539848e+02
3.541286445436826398e+02 3.144824289841874361e+02
3.533674704423167441e+02 3.150988000102431670e+02
3.525929232639618363e+02 3.157042310530000577e+02
3.518053902825801629e+02 3.162985601909372235e+02
3.510052376763488837e+02 3.168816429127335255e+02
3.501928334554179401e+02 3.174532859492659327e+02
3.493685369074185019e+02 3.180132873941267917e+02
3.485327112967051448e+02 3.185614262388694442e+02
3.476857160439019481e+02 3.190974943976250984e+02
3.468279139475448574e+02 3.196212539910039254e+02
3.459596556819785178e+02 3.201324600676434216e+02
3.450812896223428652e+02 3.206308493946643239e+02
3.441931661828634788e+02 3.211161603764678034e+02
3.432956301666143304e+02 3.215881188472479835e+02
3.423890275444416602e+02 3.220464490024085080e+02
3.414736995861065907e+02 3.224908743922558187e+02
3.405499939855869798e+02 3.229211211371282957e+02
3.396182504748862243e+02 3.233369090384179003e+02
3.386788145657030782e+02 3.237379562168072198e+02
3.377320187997520975e+02 3.241239765056035367e+02
3.367782106109675055e+02 3.244947073232281127e+02
3.358177243093139168e+02 3.248498913001787969e+02
3.348509147760525479e+02 3.251892719384660495e+02
3.338781132099388742e+02 3.255125886386800289e+02
3.328996537673555167e+02 3.258195779584365823e+02
3.319158747606139173e+02 3.261100003426893750e+02
3.309271347414784259e+02 3.263836333541394765e+02
3.299337378072570459e+02 3.266402435082519560e+02
3.289360552466391141e+02 3.268796007177554657e+02
3.279343995096617732e+02 3.271014720842655379e+02
3.269291061268857561e+02 3.273056286384009468e+02
3.259205104633665542e+02 3.274918452573607510e+02
3.249089471739407031e+02 3.276598955152085182e+02
3.238947505495472683e+02 3.278095516641524227e+02
3.228782584029872282e+02 3.279406202338623757e+02
3.218598194196628128e+02 3.280532709008290908e+02
3.208398369490232085e+02 3.281479026447248657e+02
3.198186267578158208e+02 3.282249087148394437e+02
3.187965498393567145e+02 3.282846902270059104e+02
3.177738958485984426e+02 3.283276411262914962e+02
3.167509531772537912e+02 3.283541292273156955e+02
3.157280000935052158e+02 3.283645084360641704e+02
3.147052948876112168e+02 3.283591319757036331e+02
3.136830702743073971e+02 3.283383476071403493e+02
3.126615612137775884e+02 3.283025036511735379e+02
3.116409827150500860e+02 3.282519427249843034e+02
3.106215356343348049e+02 3.281870020298734971e+02
3.096033947381936287e+02 3.281080088296452573e+02
3.085867617183236575e+02 3.280153000606089790e+02
3.075717862322624683e+02 3.279092013067474340e+02
3.065586365601426451e+02 3.277900511421948408e+02
3.055474433007475454e+02 3.276581824363630631e+02
3.045383620422353488e+02 3.275139386768018426e+02
3.035315062188827824e+02 3.273576519405380054e+02
3.025269880579971868e+02 3.271896492085631962e+02
3.015249262579561673e+02 3.270102793683641380e+02
3.005254112605952059e+02 3.268198959971400086e+02
2.995285292067852083e+02 3.266188500349837796e+02
2.985343579835734431e+02 3.264074897330315821e+02
2.975429664989586627e+02 3.261861612352795987e+02
2.965544133631018440e+02 3.259552210928061413e+02
2.955687467932715435e+02 3.257150346600436137e+02
2.945860047705061788e+02 3.254659618853706888e+02
2.936062196372724884e+02 3.252083622092341102e+02
2.926294137115559124e+02 3.249425942670263225e+02
2.916555980495746780e+02 3.246690168252754347e+02
2.906847755925253978e+02 3.243879851717197198e+02
2.897169423367060404e+02 3.240998596034893353e+02
2.887520828559073607e+02 3.238049964167489065e+02
2.877901783028916611e+02 3.235037362851831517e+02
2.868311941288052367e+02 3.231964308902082053e+02
2.858751001040938604e+02 3.228834067839862882e+02
2.849218443391476399e+02 3.225650004412070757e+02
2.839713840942110892e+02 3.222415317186549260e+02
2.830236475634320641e+02 3.219133288426282320e+02
2.820785847075429729e+02 3.215806928938546321e+02
2.811361111016534551e+02 3.212439198457684597e+02
2.801961581787859927e+02 3.209032967433553836e+02
2.792586473830912723e+02 3.205591029860244134e+02
2.783234754526346819e+02 3.202116194711447861e+02
2.773905566447622846e+02 3.198611091095580719e+02
2.764598028044137550e+02 3.195078117627912206e+02
2.755310936153615557e+02 3.191519670682758374e+02
2.746043290906305288e+02 3.187938107197825843e+02
2.736793968353948685e+02 3.184335678300322456e+02
2.727562241528730738e+02 3.180713286074631583e+02
2.718347688434980682e+02 3.177070125797051787e+02
2.709150189842712280e+02 3.173405278979660125e+02
2.699969578419130016e+02 3.169717784053165701e+02
2.690805716922338888e+02 3.166006661942245159e+02
2.681658544316756547e+02 3.162270945118901864e+02
2.672527864540070937e+02 3.158509695335756078e+02
2.663413596415930442e+02 3.154721986170197283e+02
2.654315705063648352e+02 3.150906868296948460e+02
2.645234159648942978e+02 3.147063367758306640e+02
2.636168939908504854e+02 3.143190534516573962e+02
2.627120025369770246e+02 3.139287464488429009e+02
2.618087417126035348e+02 3.135353241601810055e+02
2.609071142384461268e+02 3.131386932572441424e+02
2.600071299029379475e+02 3.127387586099967507e+02
2.591087844463625061e+02 3.123354256180479638e+02
2.582120874687433343e+02 3.119286080155762306e+02
2.573170457387337819e+02 3.115182163809660096e+02
2.564236681259453121e+02 3.111041595597193918e+02
2.555319656082650681e+02 3.106863447142205246e+02
2.546419500173793153e+02 3.102646798951712981e+02
2.537536328759332775e+02 3.098390761280693937e+02
2.528670274017692918e+02 3.094094431742022380e+02
2.519821480418407873e+02 3.089756890278114838e+02
2.510989318392549592e+02 3.085377181325548008e+02
2.502172339528450493e+02 3.080954645360061477e+02
2.493370181702487969e+02 3.076489276536055399e+02
2.484582657879236649e+02 3.071981130966140086e+02
2.475809556361517423e+02 3.067430239799249421e+02
2.467050680064556616e+02 3.062836629638628665e+02
2.458305886084001770e+02 3.058200317441236962e+02
2.449575037114879308e+02 3.053521286993317290e+02
2.440858012535505281e+02 3.048799506828715948e+02
2.432154707517004795e+02 3.044034931524147396e+02
2.423465032934924750e+02 3.039227501632955750e+02
2.414788927825080407e+02 3.034377124770904857e+02
2.406126377233320852e+02 3.029483650639575103e+02
2.397477387827509574e+02 3.024546909935509689e+02
2.388842026117468436e+02 3.019566714682381416e+02
2.380220272236820733e+02 3.014542855775792987e+02
2.371612222705941804e+02 3.009475111431648315e+02
2.363018037449238875e+02 3.004363155982084095e+02
2.354437901742252279e+02 2.999206638300829013e+02
2.345872021247712098e+02 2.994005197059823331e+02
2.337320644714444882e+02 2.988758449042471739e+02
2.328784041476959317e+02 2.983465961135568705e+02
2.320262569252396077e+02 2.978127211463875597e+02
2.311756658730089953e+02 2.972741645900882190e+02
2.303266755421426524e+02 2.967308695915817225e+02
2.294793367363241430e+02 2.961827730145192845e+02
2.286337197557728871e+02 2.956297928559569073e+02
2.277899772592643330e+02 2.950717542357194816e+02
2.269482834819141317e+02 2.945084631128027013e+02
2.261088183696223268e+02 2.939397342272812921e+02
2.252717668759222249e+02 2.933653881811666224e+02
2.244373207570864963e+02 2.927852325312785524e+02
2.236056865324673879e+02 2.921990917827509975e+02
2.227770722447215519e+02 2.916067818713564748e+02
2.219516935344622937e+02 2.910081171871006518e+02
2.211297783908486281e+02 2.904029353503593143e+02
2.203115461936917825e+02 2.897910470703425290e+02
2.194972356526599242e+02 2.891723102469238142e+02
2.186870693969671606e+02 2.885465493429226740e+02
2.178812939273386462e+02 2.879136208184962697e+02
2.170801529944449726e+02 2.872733760189327654e+02
2.162838838701840984e+02 2.866256485640114420e+02
2.154927421210253726e+02 2.859703410338927370e+02
2.147069556486060264e+02 2.853073197825002580e+02
2.139267680725493221e+02 2.846364621456709756e+02
2.131524327097382354e+02 2.839576550511016535e+02
2.123842057546497983e+02 2.832708014272509445e+02
2.116223168475420380e+02 2.825758098721985334e+02
2.108670003450969546e+02 2.818726031076080289e+02
2.101184955822553491e+02 2.811611065348891998e+02
2.093770469757956789e+02 2.804412483638652702e+02
2.086428994237653001e+02 2.797129635704966972e+02
2.079162802625886570e+02 2.789762082304881687e+02
2.071974142981501359e+02 2.782309452015575744e+02
2.064865236507878876e+02 2.774771213368737790e+02
2.057838626673504336e+02 2.767147376622554589e+02
2.050896574106691617e+02 2.759437548120021120e+02
2.044041164247330471e+02 2.751641271032803502e+02
2.037274943239427500e+02 2.743759060373087095e+02
2.030599870289920545e+02 2.735790316514030565e+02
2.024018567064659635e+02 2.727735547265742753e+02
2.017533098318890268e+02 2.719594186234969015e+02
2.011146084556336575e+02 2.711366820408227341e+02
2.004859770812535658e+02 2.703053417764287474e+02
1.998676567382815676e+02 2.694654099992861802e+02
1.992598979034323179e+02 2.686169066982995446e+02
1.986629579909374854e+02 2.677598549522552958e+02
1.980771041378396262e+02 2.668942797344353153e+02
1.975026117422223990e+02 2.660202094765096490e+02
1.969397636088829699e+02 2.651376771818827365e+02
1.963888371684046774e+02 2.642466810163416540e+02
1.958501614039942353e+02 2.633473199083857139e+02
1.953240388823483329e+02 2.624395702483927835e+02
1.948108366185009288e+02 2.615235166587806361e+02
1.943108896225929527e+02 2.605991497634119014e+02
1.938245820262219468e+02 2.596665555523451303e+02
1.933522628418942588e+02 2.587258038178539437e+02
1.928940864285833356e+02 2.577770692488995792e+02
1.924501220832514434e+02 2.568205787624038976e+02
1.920204390381911992e+02 2.558565314761999616e+02
1.916051380796071442e+02 2.548852063954236939e+02
1.912042889104889127e+02 2.539067605946670199e+02
1.908180187412509099e+02 2.529214508154936993e+02
1.904464380153414709e+02 2.519294230000490131e+02
1.900897015169965982e+02 2.509309323546363260e+02
1.897479499881299603e+02 2.499261636266626283e+02
1.894213402746023576e+02 2.489153040680729418e+02
1.891100407919253712e+02 2.478985604668812925e+02
1.888142325673481707e+02 2.468761781755216305e+02
1.885340868006347534e+02 2.458482681029511241e+02
1.882698309312403637e+02 2.448151342455879842e+02
1.880216695584540219e+02 2.437769298920655103e+02
1.877898255638244223e+02 2.427338771812904383e+02
1.875745271278624671e+02 2.416862044659413300e+02
1.873760175778503481e+02 2.406340845252959468e+02
1.871945730293970485e+02 2.395778236081741568e+02
1.870304686710070143e+02 2.385175693085686817e+02
1.868840009949192620e+02 2.374535954737717134e+02
1.867554690663285726e+02 2.363861268485933635e+02
1.866451979206095757e+02 2.353154349246151469e+02
1.865535334931228704e+02 2.342417699765557302e+02
1.864808494028737869e+02 2.331653821508895135e+02
1.864275354452900331e+02 2.320865361366506932e+02
1.863939974374206372e+02 2.310055354100736338e+02
1.863806631053511751e+02 2.299226972702605281e+02
1.863879896999867185e+02 2.288383195401637238e+02
1.864164639059378317e+02 2.277527318226775606e+02
1.864665977516122553e+02 2.266662729200666320e+02
1.865389204133357453e+02 2.255793338987390086e+02
1.866339780775615225e+02 2.244923304116475435e+02
1.867523544476676136e+02 2.234056415651271266e+02
1.868946325259527725e+02 2.223197704883468759e+02
1.870614311351058063e+02 2.212351747691314472e+02
1.872533735209240433e+02 2.201523985947747235e+02
1.874710772432131591e+02 2.190720239669087732e+02
1.877151873790525656e+02 2.179945958724479453e+02
1.879862664672569679e+02 2.169208687168759013e+02
1.882849260980739245e+02 2.158514752076662830e+02
1.886117346671846633e+02 2.147871780950015363e+02
1.889672021138615889e+02 2.137287806054705470e+02
1.893517664190190715e+02 2.126771210484303936e+02
1.897657829575907726e+02 2.116330667216405175e+02
1.902095564551754308e+02 2.105975266373294232e+02
1.906832796547213036e+02 2.095714955031246802e+02
1.911858878392874885e+02 2.085571008012807113e+02
1.917159285953717927e+02 2.075558637887358771e+02
1.922723738547030337e+02 2.065681746822569949e+02
1.928544722636665938e+02 2.055945178868864787e+02
1.934617293807942531e+02 2.046355537897954946e+02
1.940935898872496637e+02 2.036919146479050937e+02
1.947494214112691679e+02 2.027642044327876363e+02
1.954285365839634778e+02 2.018529857375989991e+02
1.961302665452747362e+02 2.009587367362875057e+02
1.968538040166258725e+02 2.000819872558634245e+02
1.975984301248998918e+02 1.992231411757071271e+02
1.983633587390693265e+02 1.983826260752472876e+02
1.991477951896534080e+02 1.975608383316913148e+02
1.999509494155142022e+02 1.967581009201261679e+02
2.007720302030388098e+02 1.959746724576359327e+02
2.016102385550446456e+02 1.952108076218210613e+02
2.024647786697308049e+02 1.944667505602599817e+02
2.033349617797548774e+02 1.937426883535069067e+02
2.042199276322477886e+02 1.930388267510872708e+02
2.051190430728778722e+02 1.923551659743244215e+02
2.060314516133383620e+02 1.916918252713685433e+02
2.069564974079710566e+02 1.910488277135181363e+02
2.078935438218149159e+02 1.904262108289685500e+02
2.088418395621329466e+02 1.898239947532079839e+02
2.098007915629421802e+02 1.892420413005040700e+02
2.107696822674803627e+02 1.886802702463173773e+02
2.117479377538149947e+02 1.881385568672065745e+02
2.127349695783647689e+02 1.876167990002079478e+02
2.137302678455997125e+02 1.871148308614465350e+02
2.147331520871375119e+02 1.866324638060496000e+02
2.157431817767957796e+02 1.861694385150150879e+02
2.167598469866112225e+02 1.857255396449312741e+02
2.177826580685274394e+02 1.853005568018169527e+02
2.188111437514979798e+02 1.848942546447678410e+02
2.198448454983033002e+02 1.845063540888840805e+02
2.208834535554532579e+02 1.841365572681403648e+02
2.219264273632589664e+02 1.837846271023225029e+02
2.229734865078714563e+02 1.834502775135739228e+02
2.240242670098578230e+02 1.831332514222567056e+02
2.250784225633008475e+02 1.828332850801092491e+02
2.261356260905946556e+02 1.825501186523958665e+02
2.271955970963565221e+02 1.822834955343643060e+02
2.282580728410186168e+02 1.820331695912333885e+02
2.293227317583217655e+02 1.817989210277029315e+02
2.303893526421516071e+02 1.815805468576004955e+02
2.314577202280084691e+02 1.813778589863806587e+02
2.325275923476325772e+02 1.811906809988628595e+02
2.335987430428063760e+02 1.810188408972824448e+02
2.346709758565704647e+02 1.808622012798704759e+02
2.357440788278865114e+02 1.807206961193805625e+02
2.368178648155607959e+02 1.805942711682855588e+02
2.378922397287477395e+02 1.804828804279422059e+02
2.389668634654593404e+02 1.803864902023736079e+02
2.400417237460123943e+02 1.803050162799946179e+02
2.411165007841459555e+02 1.802382876646605609e+02
2.421910695052200140e+02 1.801861132375691739e+02
2.432652590343631402e+02 1.801483118091648521e+02
2.443388972711805422e+02 1.801247066656647746e+02
2.454118193926507274e+02 1.801151515468116600e+02
2.464838674626059571e+02 1.801195723460165539e+02
2.475548860051585507e+02 1.801379094024762821e+02
2.486247211448157373e+02 1.801701065592377233e+02
2.496932753492517918e+02 1.802161178782148738e+02
2.507603102268432451e+02 1.802759030267232845e+02
2.518257293020429870e+02 1.803494652901299560e+02
2.528893836386551186e+02 1.804368180641145045e+02
2.539510989725177694e+02 1.805379742755935979e+02
2.550107067039618016e+02 1.806529472670261782e+02
2.560681324883919956e+02 1.807817669431833565e+02
2.571231055751645158e+02 1.809244397475890764e+02
2.581755230674590393e+02 1.810809883391271455e+02
2.592252202424669463e+02 1.812514347389492286e+02
2.602720299907859385e+02 1.814358023942237423e+02
2.613157843046120661e+02 1.816341000885979327e+02
2.623563182219597252e+02 1.818462845842588536e+02
2.633934674800576090e+02 1.820723027628777118e+02
2.644270675778500959e+02 1.823121026241284426e+02
2.654569536186888286e+02 1.825656331761540230e+02
2.664829638828183533e+02 1.828328142623042254e+02
2.675049512953881390e+02 1.831134569190646744e+02
2.685227823444514570e+02 1.834073505181280268e+02
2.695363401232111187e+02 1.837142914192271519e+02
2.705454354814164617e+02 1.840340563154699964e+02
2.715499787883052250e+02 1.843664041572833696e+02
2.725499152425851435e+02 1.847109548347712575e+02
2.735450816141873815e+02 1.850672557886507263e+02
2.745354875968032502e+02 1.854348997285798930e+02
2.755210268068875052e+02 1.858134504410419936e+02
2.765016819998794517e+02 1.862024599396712290e+02
2.774774360137130316e+02 1.866013284257118414e+02
2.784483250922310162e+02 1.870094305567916990e+02
2.794143581363829867e+02 1.874261293069826877e+02
2.803756337008252331e+02 1.878508210631721624e+02
2.813321633518824569e+02 1.882828492094551791e+02
2.822841039361595676e+02 1.887215176275575743e+02
2.832315667761575924e+02 1.891660890838769546e+02
2.841746945638648185e+02 1.896158320706898337e+02
2.851136802199488329e+02 1.900700380913690708e+02
2.860487012981008093e+02 1.905279926037599409e+02
2.869799583410163564e+02 1.909889819917432590e+02
2.879076908818324796e+02 1.914523091294035737e+02
2.888321553128730557e+02 1.919172898392467630e+02
2.897536011305683132e+02 1.923832317455064924e+02
2.906722997585990811e+02 1.928495299318492187e+02
2.915884063278382428e+02 1.933159830949703633e+02
2.925020319476180930e+02 1.937825361317988495e+02
2.934132905545189374e+02 1.942491416770817239e+02
2.943222858840853746e+02 1.947157440298149425e+02
2.952291348158115625e+02 1.951823117877467837e+02
2.961339247060798243e+02 1.956488808127211882e+02
2.970367323409346909e+02 1.961155157324823506e+02
2.979376328749743266e+02 1.965822842408322515e+02
2.988367008143883936e+02 1.970492613545383449e+02
2.997340028834416330e+02 1.975165196531884817e+02
3.006295981675197595e+02 1.979841702228208646e+02
3.015235352987314172e+02 1.984523382400709011e+02
3.024158598856164986e+02 1.989211513142742831e+02
3.033066145996724572e+02 1.993907394436203617e+02
3.041958385191331899e+02 1.998612364398165653e+02
3.050835625736655743e+02 2.003327895074493483e+02
3.059698109249580966e+02 2.008055560231889558e+02
3.068546055695409791e+02 2.012796894857948189e+02
3.077379650654654029e+02 2.017553484161476831e+02
3.086199037887192844e+02 2.022326934479580700e+02
3.095004315232617387e+02 2.027118889575960736e+02
3.103795538609132336e+02 2.031931020635302616e+02
3.112572726287481828e+02 2.036765016272756554e+02
3.121335858549168165e+02 2.041622581909047653e+02
3.130084949950152691e+02 2.046505312740763429e+02
3.138820363713911092e+02 2.051414136519379952e+02
3.147542565545261937e+02 2.056349712119998117e+02
3.156251956987956078e+02 2.061312732004176382e+02
3.164948893258948033e+02 2.066303897854103582e+02
3.173633682805067906e+02 2.071323921776515533e+02
3.182306577156547291e+02 2.076373542965392858e+02
3.190967775915135007e+02 2.081453519061522002e+02
3.199617427569716597e+02 2.086564632495361309e+02
3.208255640228369430e+02 2.091707656604943679e+02
3.216882485520350201e+02 2.096883349232442981e+02
3.225497954907947360e+02 2.102092552901353599e+02
3.234101968511720315e+02 2.107336145450119318e+02
3.242694402828818170e+02 2.112615008096377096e+02
3.251275090022928680e+02 2.117930048549310982e+02
3.259843809112272197e+02 2.123282168852511802e+02
3.268400236737475097e+02 2.128672304372106794e+02
3.276943983534765721e+02 2.134101502962054724e+02
3.285474599523505503e+02 2.139570800591191073e+02
3.293991600454230593e+02 2.145081294682384794e+02
3.302494407145811692e+02 2.150633969273047796e+02
3.310982355859833888e+02 2.156229949045358012e+02
3.319454678625064616e+02 2.161870466757303859e+02
3.327910576080228111e+02 2.167556856285594051e+02
3.336349066087767028e+02 2.173290162555377378e+02
3.344769235043141293e+02 2.179071670662151803e+02
3.353169386933415126e+02 2.184903591264970544e+02
3.361546971850995646e+02 2.190788484419547615e+02
3.369899482062340326e+02 2.196729040057813336e+02
3.378224396137073313e+02 2.202728121580548759e+02
3.386518755889439376e+02 2.208787952949603834e+02
3.394780055752829639e+02 2.214911303435262937e+02
3.403005359573703572e+02 2.221100277884606840e+02
3.411191940534473588e+02 2.227357308322439167e+02
3.419336784688815669e+02 2.233684496142527962e+02
3.427436988343550297e+02 2.240084146207077254e+02
3.435489489316832419e+02 2.246557972695711385e+02
3.443491713428853132e+02 2.253108110875055274e+02
3.451440442362958265e+02 2.259735784537695054e+02
3.459332955348704672e+02 2.266442931253377822e+02
3.467166223964701999e+02 2.273231183623687457e+02
3.474937216137992095e+02 2.280101609779061107e+02
3.482643379335003715e+02 2.287055438497936848e+02
3.490281989016934290e+02 2.294093722553721761e+02
3.497850279422822268e+02 2.301217519550772010e+02
3.505345274833088069e+02 2.308427557106530230e+02
3.512764399009341787e+02 2.315724661050378188e+02
3.520105178945773901e+02 2.323109296395884940e+02
3.527365107628534702e+02 2.330581885646635101e+02
3.534541629576156652e+02 2.338142818685326461e+02
3.541632144380245109e+02 2.345792447500871560e+02
3.548634191810155016e+02 2.353531033786275088e+02
3.555545435295629773e+02 2.361358648978450958e+02
3.562363368460854645e+02 2.369275057834000222e+02
3.569085645729569478e+02 2.377280313473640376e+02
3.575709944355413654e+02 2.385374659702330575e+02
3.582233534674660405e+02 2.393557526436862020e+02
3.588654128285747902e+02 2.401828944633980996e+02
3.594969199080938438e+02 2.410188628168730531e+02
3.601176220645216404e+02 2.418636357983639584e+02
3.607272461997108053e+02 2.427171561943140432e+02
3.613255380509649513e+02 2.435794320965261477e+02
3.619121942630746958e+02 2.444504194288341523e+02
3.624869094856783249e+02 2.453300724880554640e+02
3.630493848696616510e+02 2.462183674747328439e+02
3.635993044971245354e+02 2.471152594772629527e+02
3.641363240308244826e+02 2.480207087776952051e+02
3.646600606679120347e+02 2.489346926269070650e+02
3.651701232654007185e+02 2.498571951156001205e+02
3.656660833049890584e+02 2.507881194348933036e+02
3.661475459399071610e+02 2.517274583800522407e+02
3.666140335690620304e+02 2.526751469923429454e+02
3.670650030094815861e+02 2.536311698857955435e+02
3.674998776141861185e+02 2.545954586962852488e+02
3.679180878265160004e+02 2.555679794051149258e+02
3.683190366821949624e+02 2.565486466380373258e+02
3.687022417675653969e+02 2.575372938755220957e+02
3.690674446461254661e+02 2.585336320037739597e+02
3.694144047401837838e+02 2.595373508111115939e+02
3.697428762174639587e+02 2.605481390196554798e+02
3.700526105620756994e+02 2.615657116937974251e+02
3.703433267833631248e+02 2.625896594784730382e+02
3.706147823347965868e+02 2.636196711942133675e+02
3.708667093904657577e+02 2.646553856133107274e+02
3.710988244959577855e+02 2.656963960271610290e+02
3.713108447583377369e+02 2.667423206249837335e+02
3.715024985714410946e+02 2.677927080949813785e+02
3.716735783780998190e+02 2.688470902444706212e+02
3.718238792658887633e+02 2.699050462772901255e+02
3.719531648133889803e+02 2.709659887925050157e+02
3.720612163935467720e+02 2.720294459967792591e+02
3.721478360156682470e+02 2.730948580641799595e+02
3.722129247126356404e+02 2.741616191778430220e+02
3.722563940243078378e+02 2.752291175752933441e+02
3.722781467051980258e+02 2.762967317424683529e+02
3.722780805189667603e+02 2.773637878513381452e+02
3.722561322573805001e+02 2.784296165513576966e+02
3.722123360378976713e+02 2.794935091368441249e+02
3.721467429342635000e+02 2.805547308670445545e+02
3.720593964271652112e+02 2.816125695330591725e+02
3.719503541223845104e+02 2.826662294723888067e+02
3.718196875422944458e+02 2.837149798648007391e+02
3.716675258601338783e+02 2.847580329505740337e+02
3.714940199861039787e+02 2.857945969395241264e+02
3.712993347887245932e+02 2.868238806624992208e+02
3.710836288703912942e+02 2.878451129230505785e+02
3.708470933799803220e+02 2.888574838580385062e+02
3.705899141174176634e+02 2.898602197116072716e+02
3.703122946377827702e+02 2.908525451514455540e+02
3.700144584430609598e+02 2.918336988319693432e+02
3.696966677602786149e+02 2.928029414119294529e+02
3.693591776020194857e+02 2.937595606241549149e+02
3.690021890061528893e+02 2.947028611982835855e+02
3.686259232162848889e+02 2.956321841617161112e+02
3.682306403622122275e+02 2.965469198369112860e+02
3.678166237139902250e+02 2.974464938261148177e+02
3.673842091952573128e+02 2.983304465520984650e+02
3.669337574872761820e+02 2.991983551407444111e+02
3.664656545828862590e+02 3.000499050728546422e+02
3.659803145530979123e+02 3.008849094938555027e+02
3.654781694803622827e+02 3.017032715630986672e+02
