3.647985815761277308e+02 3.024221281013443559e+02
3.642930724812143808e+02 3.032167269522660149e+02
3.637709994934535302e+02 3.039982701971807160e+02
3.632322783728116633e+02 3.047672613270093507e+02
3.626769505795026021e+02 3.055239883008953825e+02
3.621050856434411003e+02 3.062687121425308874e+02
3.615167858762868605e+02 3.070016490719485205e+02
3.609121741904335749e+02 3.077230086409838350e+02
3.602914108604713306e+02 3.084329638489724061e+02
3.596547065842367488e+02 3.091315983038243189e+02
3.590022541838395682e+02 3.098190596011703519e+02
3.583343261898124297e+02 3.104953904525423809e+02
3.576512084472257129e+02 3.111606556195665689e+02
3.569532136918760443e+02 3.118149049082546753e+02
3.562406818073093291e+02 3.124581516596935558e+02
3.555139518257767577e+02 3.130904169186543982e+02
3.547733948134466004e+02 3.137116679182682333e+02
3.540193511064479708e+02 3.143218895691960597e+02
3.532521982734946278e+02 3.149210048560866539e+02
3.524722867170530094e+02 3.155089707113598934e+02
3.516800032167195127e+02 3.160856891457282245e+02
3.508757053727861717e+02 3.166510827797245611e+02
3.500597572660157653e+02 3.172050267601844666e+02
3.492325105039119535e+02 3.177473895630161564e+02
3.483943218922826190e+02 3.182780175554038351e+02
3.475455355671316511e+02 3.187967722051287751e+02
3.466865064447044915e+02 3.193034791269839729e+02
3.458175673824309229e+02 3.197979572664190187e+02
3.449390519750166959e+02 3.202800031885942644e+02
3.440512900337536735e+02 3.207494158859274194e+02
3.431546104345495678e+02 3.212059783583720218e+02
3.422493379749208771e+02 3.216494711669790831e+02
3.413357927595526462e+02 3.220796627113249428e+02
3.404142950654535298e+02 3.224963206266668863e+02
3.394851609256938900e+02 3.228992038319048561e+02
3.385487085967247936e+02 3.232880696597749193e+02
3.376052482088604734e+02 3.236626671283627843e+02
3.366550975090949009e+02 3.240227575921463767e+02
3.356985652417991446e+02 3.243680999558138751e+02
3.347359735112497674e+02 3.246984550850045252e+02
3.337676291287718300e+02 3.250135769571797937e+02
3.327938404417505467e+02 3.253132155603057640e+02
3.318149189129655952e+02 3.255971362729707721e+02
3.308311912426937056e+02 3.258651179020830000e+02
3.298429449116169963e+02 3.261169248255958450e+02
3.288505168180087139e+02 3.263523276867799723e+02
3.278542015674976824e+02 3.265710910518654941e+02
3.268543114789192714e+02 3.267729846980525394e+02
3.258511596433727959e+02 3.269577821156145205e+02
3.248450592643220602e+02 3.271252550683932441e+02
3.238363239491627610e+02 3.272751736114863661e+02
3.228252713699820902e+02 3.274073399794599482e+02
3.218122338937192239e+02 3.275219005647068116e+02
3.207975873979086145e+02 3.276192209639640964e+02
3.197816366591701467e+02 3.276996592496358289e+02
3.187647185032409425e+02 3.277635822690379541e+02
3.177471114431801311e+02 3.278113492632705288e+02
3.167290903350525468e+02 3.278433012169215885e+02
3.157109196079587718e+02 3.278597701023863920e+02
3.146928455732541465e+02 3.278610870930442616e+02
3.136750921570080095e+02 3.278475777414536765e+02
3.126578827532900391e+02 3.278195682318269064e+02
3.116414230019125284e+02 3.277773797763841230e+02
3.106259054184125716e+02 3.277213287095095211e+02
3.096115003196060798e+02 3.276517214535011817e+02
3.085983968996640670e+02 3.275688739501454734e+02
3.075867422763662944e+02 3.274730906668600596e+02
3.065766961540206808e+02 3.273646854264620174e+02
3.055683878011444108e+02 3.272439639552997619e+02
3.045619637421677908e+02 3.271112421609263379e+02
3.035575369155619683e+02 3.269668249249131691e+02
3.025552180484826863e+02 3.268110116952322528e+02
3.015551209884912396e+02 3.266441180634299712e+02
3.005573372239180117e+02 3.264664602045192510e+02
2.995619536890065433e+02 3.262783515315194336e+02
2.985690498157145498e+02 3.260801028502922350e+02
2.975786970559859697e+02 3.258720227191431036e+02
2.965909581043658250e+02 3.256544254771039846e+02
2.956058869016119388e+02 3.254276302078847607e+02
2.946235290753102163e+02 3.251919507305860861e+02
2.936439244413059555e+02 3.249477003907419430e+02
2.926671040968028024e+02 3.246951918540795532e+02
2.916930904966810090e+02 3.244347362018834247e+02
2.907219002717995409e+02 3.241666394119012011e+02
2.897535413159954487e+02 3.238912121903372849e+02
2.887880133235263997e+02 3.236087618674712871e+02
2.878253161455978102e+02 3.233195809792545106e+02
2.868654288829764596e+02 3.230239732221002100e+02
2.859083431937967816e+02 3.227222198805154108e+02
2.849540240787699759e+02 3.224146113860674063e+02
2.840024521226061438e+02 3.221014230460422709e+02
2.830535751306135808e+02 3.217829380258539231e+02
2.821073681802035367e+02 3.214594166295341324e+02
2.811637677309637979e+02 3.211311165291992324e+02
2.802227304359579989e+02 3.207982878752195575e+02
2.792842031080880361e+02 3.204611734634949016e+02
2.783481076396357707e+02 3.201200178484756975e+02
2.774143855882998650e+02 3.197750511895048930e+02
2.764829758458392348e+02 3.194264842098260715e+02
2.755537846648347227e+02 3.190745277568925076e+02
2.746267411247252994e+02 3.187193897372119409e+02
2.737017621037099957e+02 3.183612686954601259e+02
2.727787954893028086e+02 3.180002597852903250e+02
2.718578056112727381e+02 3.176363281695925593e+02
2.709387859415484741e+02 3.172694306572113305e+02
2.700217235196861907e+02 3.168995195336543702e+02
2.691066071490301965e+02 3.165265451734602493e+02
2.681934328336807880e+02 3.161504572936218551e+02
2.672821822682375341e+02 3.157712057226722777e+02
2.663728479404887253e+02 3.153887412640725074e+02
2.654654259265383303e+02 3.150030123038281431e+02
2.645599115147143721e+02 3.146139645376538283e+02
2.636563004404126218e+02 3.142215446308305786e+02
2.627545881334311275e+02 3.138257017466264074e+02
2.618547712364121480e+02 3.134263834944520113e+02
2.609568480045359138e+02 3.130235355583541832e+02
2.600608229898790569e+02 3.126171016922849049e+02
2.591666851012967072e+02 3.122070251262113061e+02
2.582744372566150446e+02 3.117932567390238887e+02
2.573840783170688269e+02 3.113757437890550364e+02
2.564956082513454589e+02 3.109544315063240560e+02
2.556090281340492822e+02 3.105292631232791791e+02
2.547243386917184580e+02 3.101001828053360327e+02
2.538415389534315807e+02 3.096671380223211258e+02
2.529606285440403610e+02 3.092300746418293897e+02
2.520816071842672272e+02 3.087889362895333534e+02
2.512043891252324386e+02 3.083436587806527882e+02
2.503287974104841567e+02 3.078942035273675515e+02
2.494547722663714922e+02 3.074406043074731087e+02
2.485822718983026220e+02 3.069829015738433213e+02
2.477112505405252989e+02 3.065211323417264566e+02
2.468416628547741709e+02 3.060553324700820781e+02
2.459734675382972569e+02 3.055855377701819293e+02
2.451066208028477433e+02 3.051117827925304482e+02
2.442410792107638713e+02 3.046341001302532163e+02
2.433767998416975047e+02 3.041525201517577557e+02
2.425137403084309824e+02 3.036670709880995105e+02
2.416518592100445346e+02 3.031777778609637153e+02
2.407911167727510815e+02 3.026846621977612699e+02
2.399314740147498810e+02 3.021877429769613173e+02
2.390728976545088074e+02 3.016870368814720678e+02
2.382153425340176227e+02 3.011825559680945616e+02
2.373587755867808653e+02 3.006743118781539579e+02
2.365031676480536476e+02 3.001623060143414818e+02
2.356484907529962811e+02 2.996465362895721682e+02
2.347947179443719392e+02 2.991269984928133567e+02
2.339418261891013060e+02 2.986036855855140857e+02
2.330897928733477045e+02 2.980765829978455486e+02
2.322386041279065978e+02 2.975456641988487263e+02
2.313882542932011575e+02 2.970108992696420955e+02
2.305387376024991681e+02 2.964722551605795502e+02
2.296900553803947957e+02 2.959296927768883734e+02
2.288422376186938436e+02 2.953831309934691376e+02
2.279954476797528855e+02 2.948323451411562814e+02
2.271498800784541459e+02 2.942770813632658360e+02
2.263057343374676407e+02 2.937170935217667420e+02
2.254632170833277769e+02 2.931521426857232200e+02
2.246225482432886338e+02 2.925819780012778324e+02
2.237839667685462643e+02 2.920063546973322559e+02
2.229477195171296557e+02 2.914250218546300175e+02
2.221140624837034352e+02 2.908377281446158236e+02
2.212832631979889015e+02 2.902442443715239619e+02
2.204555870110616809e+02 2.896443187440503948e+02
2.196313186874049279e+02 2.890377407965988255e+02
2.188107332791772137e+02 2.884242713351474094e+02
2.179941285528283572e+02 2.878037018399234626e+02
2.171818023210000206e+02 2.871758213134152697e+02
2.163740476252807809e+02 2.865404043337208009e+02
2.155711715811297893e+02 2.858972965624172389e+02
2.147734564636232903e+02 2.852463119999412129e+02
2.139812009643991075e+02 2.845872763598168831e+02
2.131947146783005849e+02 2.839200262428275323e+02
2.124143094552035507e+02 2.832444175431664348e+02
2.116402633376096958e+02 2.825603212905517125e+02
2.108728575619368542e+02 2.818676258251840636e+02
2.101123793445042338e+02 2.811662234180753330e+02
2.093591219781740449e+02 2.804560104350671281e+02
2.086133779592529436e+02 2.797368931698573533e+02
2.078754122023258617e+02 2.790088090424501388e+02
2.071454844285242132e+02 2.782717058218035504e+02
2.064238519883220135e+02 2.775255158667059732e+02
2.057108057312322558e+02 2.767702275680046000e+02
2.050066064285850302e+02 2.760057904095339154e+02
2.043114882351301276e+02 2.752321546581106873e+02
2.036257303023444933e+02 2.744493728785187727e+02
2.029495511714200404e+02 2.736573838709518327e+02
2.022832380487597561e+02 2.728562408567711941e+02
2.016270196248834168e+02 2.720458875875760896e+02
2.009811782951447015e+02 2.712263901414657994e+02
2.003459559682376039e+02 2.703977521999633495e+02
1.997216114981181647e+02 2.695599938274823444e+02
1.991084134236432988e+02 2.687131436993317948e+02
1.985066376223729208e+02 2.678572340751640013e+02
1.979165715698699159e+02 2.669922987635364962e+02
1.973385118639358211e+02 2.661183754459520969e+02
1.967727627058083613e+02 2.652355072733213319e+02
1.962196222981677352e+02 2.643437020833299584e+02
1.956794440427549375e+02 2.634430723544290913e+02
1.951525620366568887e+02 2.625335994799613104e+02
1.946393815584316087e+02 2.616153764993806021e+02
1.941402743143374607e+02 2.606884004680076146e+02
1.936556634133526984e+02 2.597527690609877027e+02
1.931859332244064547e+02 2.588085659678535535e+02
1.927312484160032966e+02 2.578559940761656435e+02
1.922916767537290923e+02 2.568953154820692930e+02
1.918672851343971217e+02 2.559267644641221011e+02
1.914581728359802355e+02 2.549506586508728390e+02
1.910644063910967532e+02 2.539671905345238088e+02
1.906861154008417998e+02 2.529766547668833994e+02
1.903234132383148278e+02 2.519792324300725568e+02
1.899764585581675078e+02 2.509752184623083906e+02
1.896453946996133197e+02 2.499648369424988630e+02
1.893303802667324192e+02 2.489483165628270456e+02
1.890315807785395350e+02 2.479259092994788602e+02
1.887491714417624848e+02 2.468979086976903545e+02
1.884833160754108121e+02 2.458644736625028600e+02
1.882342346530662667e+02 2.448259607555048660e+02
1.880021216111094304e+02 2.437825761378269931e+02
1.877871788383341709e+02 2.427346004172506753e+02
1.875896060333450919e+02 2.416823234624380348e+02
1.874096161855198943e+02 2.406259812589794933e+02
1.872474528534608851e+02 2.395659439683542757e+02
1.871033557192779426e+02 2.385024260624951751e+02
1.869775713851269074e+02 2.374357708891535310e+02
1.868703387561203897e+02 2.363662754815597964e+02
1.867819191467073097e+02 2.352942827489156628e+02
1.867125913646495121e+02 2.342201148657243266e+02
1.866626574041157198e+02 2.331440941285588337e+02
1.866324216535572305e+02 2.320665578199138963e+02
1.866221931182068943e+02 2.309878794432834468e+02
1.866322977793205382e+02 2.299084429344564739e+02
1.866630862583709813e+02 2.288286111305679924e+02
1.867149328868399607e+02 2.277487735293539117e+02
1.867882261449796601e+02 2.266693243669105300e+02
1.868833618174791411e+02 2.255907004930360813e+02
1.870007474069848286e+02 2.245133540547480209e+02
1.871408224999210290e+02 2.234376969465305081e+02
1.873040217330255928e+02 2.223642436316766009e+02
1.874908081106974294e+02 2.212934575777329087e+02
1.877016442568800016e+02 2.202258672360437970e+02
1.879369856457049650e+02 2.191620205936215200e+02
1.881973130067955253e+02 2.181024199577184106e+02
1.884830313758976388e+02 2.170477314880611175e+02
1.887945922340952905e+02 2.159984997454315589e+02
1.891324117925513235e+02 2.149553625716195597e+02
1.894968584279237973e+02 2.139189722267112472e+02
1.898882425739807331e+02 2.128899898321743365e+02
1.903068094330872384e+02 2.118690797367430321e+02
1.907527728224898738e+02 2.108569227492585014e+02
1.912262620006594886e+02 2.098542527501141990e+02
1.917263015295897901e+02 2.088626970029507106e+02
1.922515563113215364e+02 2.078833321229766682e+02
1.928010588485785490e+02 2.069162785304263252e+02
1.933741875864173494e+02 2.059618000396566799e+02
1.939706420474251445e+02 2.050203947121878798e+02
1.945900641463892953e+02 2.040925614890111603e+02
1.952320178928694645e+02 2.031787954447508753e+02
1.958960078064399966e+02 2.022795757208934049e+02
1.965815548539354722e+02 2.013953395647913851e+02
1.972880582613331342e+02 2.005265973496815377e+02
1.980149798766273079e+02 1.996737697784102750e+02
1.987617081529282075e+02 1.988373121001056347e+02
1.995276092349538430e+02 1.980176651316475045e+02
2.003120442529710772e+02 1.972152221754459731e+02
2.011143659976955576e+02 1.964303369083217206e+02
2.019339075172062508e+02 1.956633684216018310e+02
2.027699917975022572e+02 1.949146734576467850e+02
2.036220273690687179e+02 1.941845642045327622e+02
2.044892527803845041e+02 1.934733680067222110e+02
2.053711010891941271e+02 1.927812247995401833e+02
2.062667923990068175e+02 1.921083833992447580e+02
2.071757230939676617e+02 1.914550074514679068e+02
2.080973011026285064e+02 1.908212750531404254e+02
2.090308140686478282e+02 1.902073343749599985e+02
2.099756829250373755e+02 1.896131674896836046e+02
2.109312082362618810e+02 1.890388075634610345e+02
2.118968222274406514e+02 1.884842456808395355e+02
2.128719407860915567e+02 1.879494928093673138e+02
2.138560455687737374e+02 1.874344831061870877e+02
2.148484451222257405e+02 1.869391021565937763e+02
2.158486756349770417e+02 1.864631650803608238e+02
2.168562077660853618e+02 1.860065269552064819e+02
2.178705315074809903e+02 1.855690457827315640e+02
2.188911506048573585e+02 1.851505418653341906e+02
2.199175755315716287e+02 1.847507712576906158e+02
2.209494618910645443e+02 1.843694685590676272e+02
2.219862436619638970e+02 1.840064248518743284e+02
2.230276080926524287e+02 1.836613826845822359e+02
2.240731614889073171e+02 1.833341046904351401e+02
2.251225260928557361e+02 1.830243337135696322e+02
2.261753445767041057e+02 1.827318138089613910e+02
2.272313070539527757e+02 1.824562910483677456e+02
2.282901229383856219e+02 1.821975206830077525e+02
2.293514454017903006e+02 1.819552807903685903e+02
2.304150268848851226e+02 1.817293614424115731e+02
2.314806274502984706e+02 1.815195660827827453e+02
2.325479824271006919e+02 1.813257088383269036e+02
2.336168445811475181e+02 1.811476075050963743e+02
2.346869972819940244e+02 1.809851142515113054e+02
2.357582102144306191e+02 1.808381528803852802e+02
2.368302787110078782e+02 1.807066585771297014e+02
2.379030910664880878e+02 1.805905743783212642e+02
2.389762939385510663e+02 1.804898547909539843e+02
2.400498580808748272e+02 1.804043992419626647e+02
2.411234509617476078e+02 1.803340088514336514e+02
2.421969337385879442e+02 1.802784629100748646e+02
2.432701238991020318e+02 1.802375502446896576e+02
2.443428391924130665e+02 1.802110638750567375e+02
2.454149061093436899e+02 1.801988303359122483e+02
2.464861594513045873e+02 1.802007565726094356e+02
2.475564373645064791e+02 1.802167651491003824e+02
2.486255803812993008e+02 1.802467819960245379e+02
2.496934856167577834e+02 1.802907431499972120e+02
2.507599114163894853e+02 1.803485915764021286e+02
2.518247572976982269e+02 1.804203177827018294e+02
2.528878713218612972e+02 1.805059230070856984e+02
2.539490769202355693e+02 1.806054079714984653e+02
2.550082035875101383e+02 1.807187737754792352e+02
2.560651746569259899e+02 1.808460388956371787e+02
2.571197190308656104e+02 1.809872010800897328e+02
2.581717322839865574e+02 1.811422747241059312e+02
2.592210489898305354e+02 1.813112735934500392e+02
2.602675016338264982e+02 1.814942128749221411e+02
2.613109220381316504e+02 1.816910937433658262e+02
2.623511451343177896e+02 1.819018675271394727e+02
2.633880067023875995e+02 1.821264761297483403e+02
2.644213424619618991e+02 1.823648625790891913e+02
2.654509879123486940e+02 1.826169709215395471e+02
2.664767818265320898e+02 1.828827166667763038e+02
2.674985774796384703e+02 1.831619087749412245e+02
2.685162416676445218e+02 1.834543350538004347e+02
2.695296577563185565e+02 1.837597902906223908e+02
2.705386375385697306e+02 1.840780497042993318e+02
2.715430915989535947e+02 1.844088712014447538e+02
2.725429650057908475e+02 1.847518757028188361e+02
2.735380952703633852e+02 1.851066123635601741e+02
2.745284915232462595e+02 1.854726753897958531e+02
2.755140477692565355e+02 1.858496302324111866e+02
2.764947465034799166e+02 1.862370307372508478e+02
2.774705703311424259e+02 1.866342801842214101e+02
2.784415548864474204e+02 1.870407565758683859e+02
2.794077087139258424e+02 1.874558262868038696e+02
2.803691293563730937e+02 1.878788889612438311e+02
2.813258281221031325e+02 1.883092913548964304e+02
2.822779607526920245e+02 1.887463402556802237e+02
2.832256379443892911e+02 1.891893013654023719e+02
2.841690016063334383e+02 1.896374460749493664e+02
2.851082435666523338e+02 1.900900687034116174e+02
2.860435405501975765e+02 1.905464572977442685e+02
2.869750926018655832e+02 1.910058993810040988e+02
2.879031387300523193e+02 1.914676984501452921e+02
2.888279348081246667e+02 1.919311709464544435e+02
2.897497300013425843e+02 1.923956251665273101e+02
2.906687952597728213e+02 1.928604566945490433e+02
2.915852854819394224e+02 1.933254640642771847e+02
2.924993116537931996e+02 1.937905917781229448e+02
2.934109875998238977e+02 1.942557920774414981e+02
2.943204170379346465e+02 1.947210088989889982e+02
2.952277168470271249e+02 1.951862102171379547e+02
2.961329750041593911e+02 1.956514297960457043e+02
2.970362692137113640e+02 1.961167296112472229e+02
2.979376756427257078e+02 1.965821747401416815e+02
2.988372699087235560e+02 1.970478376246920504e+02
2.997351199730114217e+02 1.975137882029065395e+02
3.006312865648381489e+02 1.979801342409079155e+02
3.015258202129099914e+02 1.984469973455709066e+02
3.024187685537432912e+02 1.989145016213180952e+02
3.033101764182673605e+02 1.993827736312124443e+02
3.042000851946061175e+02 1.998519437848101461e+02
3.050885284013437513e+02 2.003221556514371287e+02
3.059755330387549179e+02 2.007935629334671432e+02
3.068611239886645876e+02 2.012663154998692789e+02
3.077453229392592675e+02 2.017405683851332583e+02
3.086281475242723786e+02 2.022164788226403118e+02
3.095096109603899208e+02 2.026942078468236446e+02
3.103897224386530524e+02 2.031739193246677075e+02
3.112684875398152826e+02 2.036557789875052151e+02
3.121459082002546097e+02 2.041399543744439313e+02
3.130219895799706364e+02 2.046266019571553727e+02
3.138967700312016973e+02 2.051158107599525806e+02
3.147702989820231210e+02 2.056076434874836991e+02
3.156426203418493515e+02 2.061021667356646958e+02
3.165137734238654161e+02 2.065994480773655084e+02
3.173837929409274352e+02 2.070995562661988174e+02
3.182527077331878900e+02 2.076025633032790267e+02
3.191205413611878612e+02 2.081085433847665058e+02
3.199873124169141647e+02 2.086175733220125892e+02
3.208530354040177031e+02 2.091297290260429236e+02
3.217177211360432807e+02 2.096450849684513287e+02
3.225813721228518602e+02 2.101637251014817309e+02
3.234439833330191050e+02 2.106857374320508427e+02
3.243055453881760286e+02 2.112112103743477007e+02
3.251660446055965963e+02 2.117402351324155063e+02
3.260254618082965976e+02 2.122729023979292151e+02
3.268837665426465264e+02 2.128093072204561622e+02
3.277409215405540976e+02 2.133495570124165965e+02
3.285968832572048086e+02 2.138937579143884591e+02
3.294516049720385809e+02 2.144420224624724938e+02
3.303050296501743901e+02 2.149944514328441016e+02
3.311570909022483988e+02 2.155511615267588468e+02
3.320077110128970048e+02 2.161122815102291099e+02
3.328568093924824325e+02 2.166779505929380321e+02
3.337042855527035385e+02 2.172482777764789148e+02
3.345500467480980546e+02 2.178233975224413825e+02
3.353939166380484380e+02 2.184035432772722061e+02
3.362356270688346740e+02 2.189889869030173202e+02
3.370749145906921171e+02 2.195800139628196348e+02
3.379115148209609174e+02 2.201769278198327129e+02
3.387451164732589177e+02 2.207799648190437267e+02
3.395754576904947157e+02 2.213894174890983493e+02
3.404022313342284178e+02 2.220055078458614162e+02
3.412251528478606701e+02 2.226284921174719500e+02
3.420439072513136125e+02 2.232585918001398397e+02
3.428581916033003836e+02 2.238960495141049591e+02
3.436676874289468628e+02 2.245410445629786409e+02
3.444721297311510853e+02 2.251937987301213582e+02
3.452711852832401291e+02 2.258544384810894883e+02
3.460645738488602774e+02 2.265231650028269144e+02
3.468519830864192386e+02 2.272001473356336305e+02
3.476331018788346228e+02 2.278854940099451767e+02
3.484076717450364526e+02 2.285793287270320207e+02
3.491754165186813452e+02 2.292817567472327482e+02
3.499360560448790807e+02 2.299928839334295105e+02
3.506892882630173744e+02 2.307127818576728657e+02
3.514348549242286595e+02 2.314415311897287495e+02
3.521725106274158179e+02 2.321791735943049844e+02
3.529020068639811711e+02 2.329257464856170543e+02
3.536230904141208384e+02 2.336812841506871905e+02
3.543355037493649888e+02 2.344458171848155814e+02
3.550390054594460594e+02 2.352193662142686605e+02
3.557333687641956317e+02 2.360019313365912126e+02
3.564183494420550460e+02 2.367934810734559505e+02
3.570937206159680954e+02 2.375940144582451978e+02
3.577592584868048107e+02 2.384035507004261376e+02
3.584146973920063033e+02 2.392220242402616179e+02
3.590598192608381396e+02 2.400494321468074475e+02
3.596943816804111975e+02 2.408857388828317028e+02
3.603181427428589245e+02 2.417309164664878836e+02
3.609308394694962203e+02 2.425849007465628802e+02
3.615322297907990787e+02 2.434476959848666411e+02
3.621220213170707325e+02 2.443192523259433244e+02
3.626999200569493382e+02 2.451995189786088361e+02
3.632656394785760767e+02 2.460884687540909113e+02
3.638188757604943930e+02 2.469860532241876570e+02
3.643592962597787732e+02 2.478922300722252885e+02
3.648865292643922658e+02 2.488069753426544253e+02
3.654001951472003498e+02 2.497302731674494112e+02
3.658998753531620309e+02 2.506620242748864484e+02
3.663851876276307848e+02 2.516022241628751601e+02
3.668556637896126063e+02 2.525508090246394204e+02
3.673107681642293301e+02 2.535077680546469594e+02
3.677499304811919956e+02 2.544730363775890964e+02
3.681725888735326748e+02 2.554465866310536057e+02
3.685781532408307726e+02 2.564283393083926512e+02
3.689661391299794673e+02 2.574181384001381616e+02
3.693362695632006307e+02 2.584157127333681387e+02
3.696882831498063524e+02 2.594207703609216651e+02
3.700219128776935804e+02 2.604330182496670432e+02
3.703368892697899923e+02 2.614521913245752103e+02
3.706329032043983034e+02 2.624778947700849585e+02
3.709096780664125390e+02 2.635098408994090846e+02
3.711669092812622921e+02 2.645476890318273036e+02
3.714042750693881203e+02 2.655910497258900591e+02
3.716214542931243727e+02 2.666395597357932274e+02
3.718181326758275986e+02 2.676927827265989208e+02
3.719940540379319032e+02 2.687502667851786100e+02
3.721489645915414144e+02 2.698116105631853543e+02
3.722825745278013869e+02 2.708762320049340815e+02
3.723946139979848908e+02 2.719436728548697602e+02
3.724848321621751097e+02 2.730133792421119097e+02
3.725530779278789169e+02 2.740847476300527319e+02
3.725992103647427030e+02 2.751571665189756004e+02
3.726230790496922509e+02 2.762300120357285209e+02
3.726245270636801479e+02 2.773026004819651007e+02
3.726034412976060821e+02 2.783742510888030779e+02
3.725598175360363484e+02 2.794442372212516261e+02
3.724936699861575562e+02 2.805118006980782752e+02
3.724050058239384384e+02 2.815762072330631440e+02
3.722938451823306991e+02 2.826366235891870247e+02
3.721602305953034602e+02 2.836922891686436401e+02
3.720042809779386630e+02 2.847423738912191880e+02
3.718261413387140237e+02 2.857860400958131208e+02
3.716259720304724965e+02 2.868224476824219664e+02
3.714039287011036095e+02 2.878507800740097764e+02
3.711602068956931930e+02 2.888701653515718135e+02
3.708950156321567420e+02 2.898797756586532159e+02
3.706085874485323188e+02 2.908787767128204109e+02
3.703011777234953570e+02 2.918663475326777643e+02
3.699730844885474994e+02 2.928416831223407826e+02
3.696246023027327396e+02 2.938040108871305733e+02
3.692559783324103364e+02 2.947525719052039221e+02
3.688674851212994099e+02 2.956866426853418943e+02
3.684594389725683072e+02 2.966055499454815276e+02
3.680321830623253732e+02 2.975086620615462607e+02
3.675861212385671024e+02 2.983954540954039203e+02
3.671216843613346441e+02 2.992654518444050495e+02
3.666393348175082565e+02 3.001182894552017615e+02
3.661395686816637749e+02 3.009537323770713897e+02
3.656229027778178420e+02 3.017716467259249953e+02
