3.648996595745190916e+02 3.024741482691711099e+02
3.644009310945212974e+02 3.032770013974179051e+02
3.638843767915327021e+02 3.040667928934665838e+02
3.633499868655079013e+02 3.048439109862206351e+02
3.627978767040295338e+02 3.056085492773227656e+02
3.622281941498547440e+02 3.063608840825158381e+02
3.616411221173591457e+02 3.071010580363565055e+02
3.610368669448184278e+02 3.078292160229712522e+02
3.604156723605584034e+02 3.085454774439606354e+02
3.597778282672316550e+02 3.092498862611186041e+02
3.591236107416344225e+02 3.099425537959324970e+02
3.584533662024643377e+02 3.106235005694288702e+02
3.577674486288084381e+02 3.112927694014378517e+02
3.570662343277957689e+02 3.119503936859941859e+02
3.563501219307442511e+02 3.125963779545596708e+02
3.556195077801791626e+02 3.132307383445308915e+02
3.548748132917838234e+02 3.138534450708714303e+02
3.541164307490833494e+02 3.144644883329515324e+02
3.533447811827704754e+02 3.150638042221015098e+02
3.525602598599151634e+02 3.156513626014677243e+02
3.517632892720886844e+02 3.162270848274604305e+02
3.509542641816885293e+02 3.167909129914275468e+02
3.501335815667430893e+02 3.173427490763659762e+02
3.493016246964356810e+02 3.178824906420514367e+02
3.484587769763610936e+02 3.184100155981555531e+02
3.476054093954268183e+02 3.189252165458308923e+02
3.467418968414170308e+02 3.194279539633949980e+02
3.458685945347217512e+02 3.199180848591492463e+02
3.449858544242376297e+02 3.203954470394497207e+02
3.440940236472793572e+02 3.208598806639733994e+02
3.431934440477506882e+02 3.213112111205975907e+02
3.422844524138416773e+02 3.217492613947171094e+02
3.413673781849731768e+02 3.221738443860443795e+02
3.404425502987361938e+02 3.225847726018917001e+02
3.395102905634156514e+02 3.229818502405473737e+02
3.385709218564272192e+02 3.233648797170419016e+02
3.376247561533035650e+02 3.237336551835496152e+02
3.366721117814913669e+02 3.240879812049050770e+02
3.357132957327550571e+02 3.244276591919579005e+02
3.347486280850619096e+02 3.247524920586801045e+02
3.337784113533026016e+02 3.250622758822790388e+02
3.328029486137503454e+02 3.253568020914921703e+02
3.318225443725808645e+02 3.256358742395458989e+02
3.308375175030683408e+02 3.258993074386281705e+02
3.298481458290984847e+02 3.261469022513167033e+02
3.288547570174528119e+02 3.263784649779206006e+02
3.278576346715542513e+02 3.265937955405933621e+02
3.268570795178283106e+02 3.267926970597205241e+02
3.258533922481692571e+02 3.269749751629637444e+02
3.248468730326753757e+02 3.271404334320087628e+02
3.238378218285133698e+02 3.272888734304941636e+02
3.228265417774563844e+02 3.274201258099293455e+02
3.218133475181020913e+02 3.275343360049153034e+02
3.207985967195609192e+02 3.276318509175019358e+02
3.197825768215369635e+02 3.277130093027161024e+02
3.187656088637961034e+02 3.277781582820928179e+02
3.177479564362654969e+02 3.278276372131977041e+02
3.167298807233390789e+02 3.278617687369317082e+02
3.157116335466748751e+02 3.278808674088386965e+02
3.146934494776111251e+02 3.278852467749322273e+02
3.136755414302214149e+02 3.278752145567962089e+02
3.126581227663223785e+02 3.278510789126733584e+02
3.116413898219595922e+02 3.278131427701387111e+02
3.106255265451666787e+02 3.277617039681652500e+02
3.096106950887312905e+02 3.276970503033808768e+02
3.085970779829000890e+02 3.276194789956314821e+02
3.075848154622444781e+02 3.275292755867345136e+02
3.065740618025499202e+02 3.274267334883637659e+02
3.055649407144229031e+02 3.273121368407272485e+02
3.045575951458346253e+02 3.271857799496304438e+02
3.035521339159831768e+02 3.270479460038774278e+02
3.025486644392441349e+02 3.268989126212596830e+02
3.015472990725995714e+02 3.267389717971518621e+02
3.005481276567622899e+02 3.265684145491533172e+02
2.995512364479641292e+02 3.263875291251181352e+02
2.985567049676089937e+02 3.261966012042199168e+02
2.975646054642160152e+02 3.259959142029850909e+02
2.965750022584629164e+02 3.257857562329506322e+02
2.955879517635522120e+02 3.255664192087460833e+02
2.946035024499038286e+02 3.253381897823874738e+02
2.936216983586883771e+02 3.251013543152633929e+02
2.926425756074249875e+02 3.248561986312259364e+02
2.916661617112537215e+02 3.246030072304242253e+02
2.906924783245272010e+02 3.243420597361075579e+02
2.897215413546193190e+02 3.240736410255598798e+02
2.887533579345251269e+02 3.237980325642184312e+02
2.877879335712827356e+02 3.235155007876209083e+02
2.868252595731500492e+02 3.232263262306107094e+02
2.858653324770236850e+02 3.229307674106840977e+02
2.849081298888451670e+02 3.226290936640533005e+02
2.839536388752753169e+02 3.223215580093065569e+02
2.830018213314743321e+02 3.220084231145687568e+02
2.820526586966260538e+02 3.216899295307892999e+02
2.811061016236743626e+02 3.213663197451406290e+02
2.801621154303392700e+02 3.210378276738474028e+02
2.792206574498571285e+02 3.207046803869009750e+02
2.782816637641698208e+02 3.203671078372304919e+02
2.773450857273019210e+02 3.200253267373088875e+02
2.764108722806100218e+02 3.196795371609896961e+02
2.754789442339802008e+02 3.193299408630983294e+02
2.745492408912922428e+02 3.189767355674545684e+02
2.736216910693779596e+02 3.186201105034336933e+02
2.726962511800343805e+02 3.182601614023271281e+02
2.717728929922167822e+02 3.178968681224103534e+02
2.708516132131927634e+02 3.175302019617939209e+02
2.699324030361325981e+02 3.171601301019178436e+02
2.690152550669847074e+02 3.167866177976177369e+02
2.681001684411924657e+02 3.164096283508300189e+02
2.671871300426545872e+02 3.160291243395172387e+02
2.662761360585951138e+02 3.156450687871349601e+02
2.653671858126432994e+02 3.152574222435866318e+02
2.644602778993028096e+02 3.148661426826222964e+02
2.635554115054774797e+02 3.144711880569525988e+02
2.626525859262084737e+02 3.140725172885905749e+02
2.617518015472587081e+02 3.136700876555665332e+02
2.608530601697813154e+02 3.132638545440817097e+02
2.599563692632310108e+02 3.128537712367545396e+02
2.590617224413898612e+02 3.124397903198318431e+02
2.581691262428457208e+02 3.120218698688394170e+02
2.572785836867931266e+02 3.115999645154746531e+02
2.563900988101319740e+02 3.111740269429438399e+02
2.555036766688831449e+02 3.107440079112015496e+02
2.546193222031771768e+02 3.103098585512844352e+02
2.537370391842191566e+02 3.098715322221403881e+02
2.528568320117860537e+02 3.094289806722914022e+02
2.519787052161641725e+02 3.089821535629646974e+02
2.511025845508060854e+02 3.085309965217175545e+02
2.502283097870175652e+02 3.080754836784364556e+02
2.493558257288037794e+02 3.076156544711026299e+02
2.484850933900593191e+02 3.071515540271435043e+02
2.476160700738543312e+02 3.066832242498916798e+02
2.467487133528038328e+02 3.062107058677088389e+02
2.458829843945452183e+02 3.057340393859795995e+02
2.450188419288246848e+02 3.052532641806307652e+02
2.441562449335988845e+02 3.047684176747153515e+02
2.432951528089330111e+02 3.042795350677163242e+02
2.424355253964091901e+02 3.037866493254737179e+02
2.415773231796524385e+02 3.032897908956521746e+02
2.407205075623876951e+02 3.027889873340351983e+02
2.398650405335120865e+02 3.022842638557206101e+02
2.390108894056073439e+02 3.017756431761786189e+02
2.381580102519242814e+02 3.012631438873703473e+02
2.373063699084703728e+02 3.007467844292261816e+02
2.364559377316078894e+02 3.002265749798821162e+02
2.356066839154109687e+02 2.997025224799024272e+02
2.347585794798970653e+02 2.991746316644156423e+02
2.339115991024042671e+02 2.986429042924099235e+02
2.330657170813334176e+02 2.981073357241082817e+02
2.322209139033091674e+02 2.975679121838606989e+02
2.313771773871666255e+02 2.970246166923225246e+02
2.305344950621055773e+02 2.964774290335865885e+02
2.296928612906871763e+02 2.959263227834703684e+02
2.288522938559043212e+02 2.953712351771337694e+02
2.280129281230160530e+02 2.948119773573932889e+02
2.271749268797282753e+02 2.942483339895572954e+02
2.263384566817416896e+02 2.936800963909856250e+02
2.255036900924127963e+02 2.931070621031980181e+02
2.246708123849478795e+02 2.925290166096939970e+02
2.238400252069073133e+02 2.919457504471894822e+02
2.230115376597559020e+02 2.913570478020271821e+02
2.221855671288602707e+02 2.907626915807996966e+02
2.213623404996565966e+02 2.901624847847667183e+02
2.205420843337444410e+02 2.895562075571122591e+02
2.197250449436623114e+02 2.889436745278157446e+02
2.189114613064747914e+02 2.883246721451093890e+02
2.181015925068361128e+02 2.876990147546721914e+02
2.172956976151492370e+02 2.870665139303060300e+02
2.164940331802755509e+02 2.864269654438858197e+02
2.156968733662871216e+02 2.857802254969257092e+02
2.149044714530403439e+02 2.851261189769796260e+02
2.141170960120237794e+02 2.844644810336095588e+02
2.133350257145355329e+02 2.837951565345157405e+02
2.125585425781719948e+02 2.831180068385837103e+02
2.117879034709600319e+02 2.824329015972789989e+02
2.110233701363723640e+02 2.817397248763534776e+02
2.102652101783489798e+02 2.810383641758674003e+02
2.095136971531963468e+02 2.803287105721671537e+02
2.087691049257954319e+02 2.796106635271020195e+02
2.080316856365942328e+02 2.788841483462371684e+02
2.073016881062084735e+02 2.781490989515575620e+02
2.065793594651500484e+02 2.774054343030394421e+02
2.058649785506465264e+02 2.766531266372382447e+02
2.051587962424764839e+02 2.758921110067611835e+02
2.044610387027377101e+02 2.751223225143681930e+02
2.037719748363268479e+02 2.743437940719113044e+02
2.030918165361624403e+02 2.735564491986673943e+02
2.024208412895071660e+02 2.727603210436492418e+02
2.017592703655282946e+02 2.719553375377075213e+02
2.011073716860243792e+02 2.711415474839433841e+02
2.004653727806741585e+02 2.703189400981544281e+02
1.998335176523794701e+02 2.694875196238937747e+02
1.992120598023934122e+02 2.686472978999954080e+02
1.986012584647063193e+02 2.677982904152947299e+02
1.980013745546478106e+02 2.669405192004363698e+02
1.974126739468726157e+02 2.660740110451775422e+02
1.968354297310173706e+02 2.651987965688070972e+02
1.962699088741751439e+02 2.643148697634954374e+02
1.957164300007166560e+02 2.634223275636334733e+02
1.951752754841442936e+02 2.625211445738490283e+02
1.946467901882947729e+02 2.616114072052809547e+02
1.941312847502580325e+02 2.606931030057593830e+02
1.936291202104065121e+02 2.597663163108599065e+02
1.931406233243108090e+02 2.588311112295142493e+02
1.926659405977001995e+02 2.578876476698016518e+02
1.922051405516672276e+02 2.569361335477952366e+02
1.917582913072393183e+02 2.559767466190442349e+02
1.913254948847876449e+02 2.550097479357922907e+02
1.909068205499170858e+02 2.540352683969054226e+02
1.905024071523819771e+02 2.530535400162365534e+02
1.901123789651991842e+02 2.520646745427377198e+02
1.897369085069755954e+02 2.510688996895530636e+02
1.893761530895818339e+02 2.500663672094564447e+02
1.890302880987005096e+02 2.490572302640777309e+02
1.886995113131561368e+02 2.480416588619326035e+02
1.883840406411150639e+02 2.470198629812433921e+02
1.880840815162443107e+02 2.459919057485160465e+02
1.877999031995462076e+02 2.449580614702411481e+02
1.875317498025875409e+02 2.439184387316523726e+02
1.872798965033588843e+02 2.428732188074080796e+02
1.870446312589896536e+02 2.418225888822940703e+02
1.868262578140676169e+02 2.407666748343887946e+02
1.866251191328755965e+02 2.397057534435030846e+02
1.864415554367137986e+02 2.386399238041122715e+02
1.862759409294945954e+02 2.375694271814844285e+02
1.861286578124632172e+02 2.364944501171927698e+02
1.860001185991604871e+02 2.354152353106768771e+02
1.858907591695616759e+02 2.343320041240089608e+02
1.858010465039521932e+02 2.332449807339763197e+02
1.857314699887884615e+02 2.321544090124149307e+02
1.856825408340806405e+02 2.310605822633618232e+02
1.856547954164888097e+02 2.299638154580808020e+02
1.856488023925637947e+02 2.288644061375046022e+02
1.856651630803903856e+02 2.277626955684336849e+02
1.857045059522292547e+02 2.266590425801340984e+02
1.857674781178087073e+02 2.255538762403641044e+02
1.858547447365214396e+02 2.244476638532966035e+02
1.859670097279816332e+02 2.233408369450905013e+02
1.861049742411108241e+02 2.222339876062470125e+02
1.862693709555777559e+02 2.211276620368041677e+02
1.864609293613501677e+02 2.200225221807782816e+02
1.866803670682287475e+02 2.189192874030789255e+02
1.869284249916487965e+02 2.178186418682101930e+02
1.872057424449256473e+02 2.167215401436871787e+02
1.875129974424608008e+02 2.156287952103934629e+02
1.878508000093213184e+02 2.145413877751691984e+02
1.882196824864832649e+02 2.134603575430700744e+02
1.886200834979674994e+02 2.123867960227046865e+02
1.890523343501302804e+02 2.113218376698405905e+02
1.895166787106390416e+02 2.102666643809812115e+02
1.900132052858138252e+02 2.092225552746847654e+02
1.905405688647220188e+02 2.081921821638893277e+02
1.910970320218859229e+02 2.071774871215998814e+02
1.916813731953425872e+02 2.061790401197533811e+02
1.922925826197876518e+02 2.051974311954053576e+02
1.929298488846755788e+02 2.042333445422168836e+02
1.935923137231460487e+02 2.032873927457667378e+02
1.942790603456471104e+02 2.023601246733627477e+02
1.949891390414591399e+02 2.014520143380687784e+02
1.957216446382226138e+02 2.005634118918725051e+02
1.964755410165435308e+02 1.996947036541385785e+02
1.972499174401425819e+02 1.988461159020027651e+02
1.980438132830525433e+02 1.980178888668995967e+02
1.988562830284887184e+02 1.972102178915550041e+02
1.996864148290621870e+02 1.964232183084386065e+02
2.005333218599092504e+02 1.956569408393127389e+02
2.013961255056959772e+02 1.949114302202636679e+02
2.022739658711206800e+02 1.941867186290124891e+02
2.031661099894309928e+02 1.934827772693363386e+02
2.040716683047395463e+02 1.927996185123441535e+02
2.049900140069776455e+02 1.921370655026966290e+02
2.059202934648133407e+02 1.914950730164788695e+02
2.068618678805930813e+02 1.908734988214771988e+02
2.078141221722972318e+02 1.902722204919171816e+02
2.087763385691818883e+02 1.896911243130342655e+02
2.097479786362438858e+02 1.891299702411324688e+02
2.107283771321784798e+02 1.885885857171539897e+02
2.117170146039331087e+02 1.880667576611769505e+02
2.127133559538353040e+02 1.875643009665424188e+02
2.137169511630574164e+02 1.870809877661851033e+02
2.147271867676584520e+02 1.866165981839491224e+02
2.157436880134987405e+02 1.861708480299440112e+02
2.167660067743238983e+02 1.857435015397051927e+02
2.177937122221326263e+02 1.853343317225628653e+02
2.188263919147628087e+02 1.849430993276642994e+02
2.198636475172905307e+02 1.845695403139164057e+02
2.209052246387279865e+02 1.842133768252985249e+02
2.219506364335519208e+02 1.838743938954201838e+02
2.229996501566646145e+02 1.835523307253383223e+02
2.240519476302847295e+02 1.832469604377944279e+02
2.251072261253355293e+02 1.829580569797975045e+02
2.261651986726353130e+02 1.826854006193146347e+02
2.272256209077206108e+02 1.824287765782585780e+02
2.282882627947276433e+02 1.821879819712358142e+02
2.293528336445726552e+02 1.819628404479302617e+02
2.304191383142863572e+02 1.817531923559725158e+02
2.314869848295661541e+02 1.815588936688751005e+02
2.325561524639021229e+02 1.813798127185674502e+02
2.336264340632011454e+02 1.812158229822268254e+02
2.346976488816417827e+02 1.810668310607726426e+02
2.357695986301840207e+02 1.809328107133723336e+02
2.368421073403090986e+02 1.808137473634828325e+02
2.379150877485112119e+02 1.807096352820944389e+02
2.389882115902748296e+02 1.806204805989374336e+02
2.400614671321912965e+02 1.805462352894059563e+02
2.411345414694204123e+02 1.804867526541388827e+02
2.422073098131749305e+02 1.804418648468474657e+02
2.432796021363983527e+02 1.804114138798067870e+02
2.443512465095758728e+02 1.803952462586783270e+02
2.454220771696207635e+02 1.803932329002683446e+02
2.464919341479073580e+02 1.804053013322670154e+02
2.475606597821433468e+02 1.804313910484836185e+02
2.486280979889002651e+02 1.804714450150582650e+02
2.496941468425671360e+02 1.805254163844440711e+02
2.507585690331180501e+02 1.805932589169647429e+02
2.518212639881192558e+02 1.806749562442776380e+02
2.528820812333434560e+02 1.807704996741294110e+02
2.539408466593368132e+02 1.808798800588648135e+02
2.549973922390221333e+02 1.810030886830655845e+02
2.560516404883978225e+02 1.811401284832713543e+02
2.571033282121278489e+02 1.812909648977060897e+02
2.581523534368095625e+02 1.814555765777118665e+02
2.591985564076384208e+02 1.816339417390798303e+02
2.602417762451794374e+02 1.818260401426229294e+02
2.612818526809539890e+02 1.820318337900036454e+02
2.623186308157912663e+02 1.822512220392904112e+02
2.633519583125405461e+02 1.824840923460234023e+02
2.643816842850281432e+02 1.827303335441658874e+02
2.654076591267083813e+02 1.829898357657418728e+02
2.664297380584666826e+02 1.832624604014161207e+02
2.674477925466742931e+02 1.835479607647255591e+02
2.684617087363279211e+02 1.838460688960897755e+02
2.694713899250109534e+02 1.841565240536371562e+02
2.704766746487625255e+02 1.844790471186249761e+02
2.714774951174110811e+02 1.848133451510155112e+02
2.724738159714603398e+02 1.851590040630738372e+02
2.734655041872712786e+02 1.855155439122279688e+02
2.744525865778394973e+02 1.858825280705807472e+02
2.754349856805290528e+02 1.862594933147764777e+02
2.764127060301995016e+02 1.866459711261907728e+02
2.773857500879669828e+02 1.870413738913810846e+02
2.783541685539373702e+02 1.874450967106814119e+02
2.793179888370673325e+02 1.878565241503866901e+02
2.802773193254242869e+02 1.882750725596986285e+02
2.812321914294519161e+02 1.887001145976130374e+02
2.821827610948971596e+02 1.891310114469793575e+02
2.831291429122366026e+02 1.895670941481373291e+02
2.840714799078878627e+02 1.900076990399474255e+02
2.850099592078199748e+02 1.904521840994576962e+02
2.859447544179343481e+02 1.908999052352035903e+02
2.868760555569867847e+02 1.913502351925899063e+02
2.878040847622451679e+02 1.918025671792483422e+02
2.887290783669147913e+02 1.922563066684657258e+02
2.896512678786478432e+02 1.927108516727988956e+02
2.905709016976416592e+02 1.931656814288946293e+02
2.914881183032073295e+02 1.936206529550626954e+02
2.924030138040972133e+02 1.940757600242206706e+02
2.933156851584001856e+02 1.945310034795967908e+02
2.942262207669551231e+02 1.949863764056713933e+02
2.951347180655614579e+02 1.954418922793892079e+02
2.960412500987513909e+02 1.958976178360023539e+02
2.969458805037266984e+02 1.963536427748657047e+02
2.978486705471637492e+02 1.968100595157604289e+02
2.987496793019958545e+02 1.972669671315992161e+02
2.996489601923377109e+02 1.977244616919266775e+02
3.005465591898642401e+02 1.981826684129272564e+02
3.014425135859324882e+02 1.986417232175543006e+02
3.023368572988047163e+02 1.991017642003612877e+02
3.032296209289241347e+02 1.995629315756542326e+02
3.041208313549054196e+02 2.000253685249317357e+02
3.050105089504481839e+02 2.004892270161195427e+02
3.058986675809080111e+02 2.009546667432129823e+02
3.067853201409490111e+02 2.014218439452216671e+02
3.076704745766971314e+02 2.018909190368351005e+02
3.085541349729086846e+02 2.023620543061626336e+02
3.094363015335549676e+02 2.028354139010116342e+02
3.103169705895469974e+02 2.033111636629493262e+02
3.111961346143209539e+02 2.037894709626255008e+02
3.120737821848219937e+02 2.042705046362783889e+02
3.129499067467432383e+02 2.047544230770015758e+02
3.138245429267312261e+02 2.052413208353821403e+02
3.146977300600541980e+02 2.057312621548195466e+02
3.155694975647515435e+02 2.062243124535233676e+02
3.164398707107503128e+02 2.067205381170637679e+02
3.173088702853980294e+02 2.072200064294867161e+02
3.181765117160250043e+02 2.077227870226291770e+02
3.190428055111477761e+02 2.082289511204853625e+02
3.199077570953068061e+02 2.087385722206438459e+02
3.207713683091716348e+02 2.092517229911755408e+02
3.216336376442038727e+02 2.097684744622218602e+02
3.224945558104062115e+02 2.102889051104426414e+02
3.233541070516799323e+02 2.108130965602865672e+02
3.242122714475172529e+02 2.113411307010916289e+02
3.250690246676714992e+02 2.118730918873087319e+02
3.259243375465437680e+02 2.124090639010537132e+02
3.267781721208996828e+02 2.129491327219118375e+02
3.276304841368718712e+02 2.134933942119418475e+02
3.284812237747219683e+02 2.140419431988580925e+02
3.293303376352303076e+02 2.145948803469420625e+02
3.301777640910232776e+02 2.151522955579357017e+02
3.310234344581803612e+02 2.157142902710822341e+02
3.318672710466357785e+02 2.162809750492713192e+02
3.327091928798887466e+02 2.168524701890079882e+02
3.335491028927904722e+02 2.174288687631463119e+02
3.343869101587742989e+02 2.180102858079344514e+02
3.352224564231332806e+02 2.185969163820337258e+02
3.360555096799270132e+02 2.191889825660484803e+02
3.368858420582806161e+02 2.197867187175364450e+02
3.377132241945296869e+02 2.203903762762240888e+02
3.385373874086871524e+02 2.210001467967691724e+02
3.393581036058503173e+02 2.216162745903806410e+02
3.401751047831368737e+02 2.222389427847573131e+02
3.409881422208063668e+02 2.228683656944915015e+02
3.417969409606012618e+02 2.235047269406959742e+02
3.426012361544906071e+02 2.241482298628172884e+02
3.434007466937936783e+02 2.247990246837022710e+02
3.441952344224660010e+02 2.254573039148820612e+02
3.449844018338886826e+02 2.261231744490714846e+02
3.457679974351051442e+02 2.267968106879927177e+02
3.465457409118887995e+02 2.274783589393553029e+02
3.473173492146078161e+02 2.281679151063947586e+02
3.480825809184805166e+02 2.288655932039388858e+02
3.488411782210913543e+02 2.295714910267253117e+02
3.495928792689534248e+02 2.302857070003194053e+02
3.503374025869539423e+02 2.310083085228435209e+02
3.510745013233075724e+02 2.317393745838506618e+02
3.518039352210911943e+02 2.324789527083133009e+02
3.525254604042474398e+02 2.332270864908792873e+02
3.532388281685343827e+02 2.339838163901138728e+02
3.539437852653972527e+02 2.347491792632929162e+02
3.546400897531829060e+02 2.355232046226608134e+02
3.553275090804651200e+02 2.363059053977636381e+02
3.560057944540686776e+02 2.370972653379806161e+02
3.566747117228705406e+02 2.378972952340322138e+02
3.573340282024483372e+02 2.387060238910194698e+02
3.579834727287423561e+02 2.395234029533519617e+02
3.586228148254477333e+02 2.403494408637442348e+02
3.592518012124294273e+02 2.411841158918909400e+02
3.598701781021894703e+02 2.420274124104810198e+02
3.604776722286334802e+02 2.428792809901221688e+02
3.610740285455294725e+02 2.437397330563906337e+02
3.616589471678302061e+02 2.446087292709928818e+02
3.622321261871820752e+02 2.454862283706888775e+02
3.627932693107290447e+02 2.463722096684730332e+02
3.633420637622416507e+02 2.472666322524724194e+02
3.638781720817532914e+02 2.481694583703541070e+02
3.644012240587385349e+02 2.490806638975494138e+02
3.649108414796452280e+02 2.500002310620646711e+02
3.654066109080508227e+02 2.509280652271688723e+02
3.658881500774669462e+02 2.518641567770500274e+02
3.663550031996924758e+02 2.528084387206189945e+02
3.668066604755736080e+02 2.537608869800700973e+02
3.672425813543561048e+02 2.547214272768394494e+02
3.676622316357945692e+02 2.556900185602246154e+02
3.680650510722350077e+02 2.566665716778854858e+02
3.684505907163729717e+02 2.576509198714828699e+02
3.688186190506546041e+02 2.586427786297468856e+02
3.691689220185633644e+02 2.596418442110835372e+02
3.695012804530294943e+02 2.606478129850934238e+02
3.698154721237652893e+02 2.616604076465482080e+02
3.701112435914297407e+02 2.626792341412700580e+02
3.703883753976069215e+02 2.637039936783707503e+02
3.706466234814491258e+02 2.647343413383472921e+02
3.708857287877989393e+02 2.657698902243371322e+02
3.711054321347994573e+02 2.668102785640735988e+02
3.713054799961673780e+02 2.678550814362610595e+02
3.714856686660331206e+02 2.689038623199736548e+02
3.716457940085861082e+02 2.699562313720161910e+02
3.717856218103664219e+02 2.710116405176161720e+02
3.719049331529637357e+02 2.720696529580596348e+02
3.720035200389267516e+02 2.731297507355424727e+02
3.720812495496246584e+02 2.741913765728421026e+02
3.721379943937992039e+02 2.752539675531909324e+02
3.721736168801201075e+02 2.763169507778417255e+02
3.721879728377863330e+02 2.773797021447720681e+02
3.721809463666558599e+02 2.784416021351906352e+02
3.721524945917207674e+02 2.795019944884405163e+02
3.721025857135464321e+02 2.805601950617106013e+02
3.720311777617929465e+02 2.816155384788845026e+02
3.719382404703457610e+02 2.826672735617676722e+02
3.718237516648732139e+02 2.837147090685834314e+02
3.716877355914006671e+02 2.847570932012882281e+02
3.715302340938503107e+02 2.857936639117085633e+02
3.713513004792721404e+02 2.868236526854355475e+02
3.711509794824605137e+02 2.878463045755249254e+02
3.709293490811687093e+02 2.888608153180054501e+02
3.706864885569420380e+02 2.898664097976412108e+02
3.704224952580705690e+02 2.908623014945957834e+02
3.701374857128918734e+02 2.918477079369922080e+02
3.698316153970321807e+02 2.928218552537093728e+02
3.695050400980512109e+02 2.937839879901441122e+02
3.691578865726154959e+02 2.947333582889562535e+02
3.687903091480870899e+02 2.956692438758720414e+02
3.684025046134645436e+02 2.965909604003333584e+02
3.679946966351351421e+02 2.974978508160630781e+02
3.675671699239622967e+02 2.983893525356124883e+02
3.671202392923651701e+02 2.992649359024201772e+02
3.666542550191457508e+02 3.001241640947409337e+02
3.661696074368081781e+02 3.009667138536325979e+02
3.656667159474209825e+02 3.017923450217436994e+02
