3.647330974133042218e+02 3.023884264333821648e+02
3.642364416365977604e+02 3.031850800338317526e+02
3.637227013614357247e+02 3.039690798893545320e+02
3.631917899239219878e+02 3.047408959752976898e+02
3.626437541026065219e+02 3.055007747354952699e+02
3.620786722493701859e+02 3.062489363053931584e+02
3.614966588384061765e+02 3.069855571588018393e+02
3.608978515522161956e+02 3.077108092961563557e+02
3.602824280372437329e+02 3.084248302779647020e+02
3.596506185535473605e+02 3.091276707681714697e+02
3.590026366393104240e+02 3.098194487934090375e+02
3.583387762558451755e+02 3.105001795857666593e+02
3.576593422461449450e+02 3.111699001589467457e+02
3.569646662653427143e+02 3.118286342167862131e+02
3.562551075076698339e+02 3.124763717699154313e+02
3.555310247748360553e+02 3.131131129434261311e+02
3.547928080907572053e+02 3.137388065543917719e+02
3.540408158828226419e+02 3.143534188424012541e+02
3.532754422200660542e+02 3.149568561904209218e+02
3.524970548779002115e+02 3.155490600513878121e+02
3.517060562166818727e+02 3.161299196195394074e+02
3.509028200834806057e+02 3.166993454225732307e+02
3.500877250107307646e+02 3.172572017559862729e+02
3.492611368743373532e+02 3.178033470066628752e+02
3.484234254796970163e+02 3.183376190070299003e+02
3.475749488423358571e+02 3.188598710389442772e+02
3.467160733011072580e+02 3.193699225870844884e+02
3.458471445372792914e+02 3.198675874976240152e+02
3.449685075270286347e+02 3.203526588382437694e+02
3.440805038189121774e+02 3.208249324179304267e+02
3.431834722495885330e+02 3.212841891728966743e+02
3.422777478961594397e+02 3.217302081115963688e+02
3.413636604172990019e+02 3.221627587165905879e+02
3.404415402356369214e+02 3.225816106362713072e+02
3.395117121341662028e+02 3.229865255056055275e+02
3.385745032238750696e+02 3.233772635383471652e+02
3.376302309309126031e+02 3.237535775190975187e+02
3.366792210650586981e+02 3.241152343925573973e+02
3.357217890792804269e+02 3.244620000182664512e+02
3.347582647451502567e+02 3.247936420772618362e+02
3.337889604723962407e+02 3.251099219648789358e+02
3.328141900646587601e+02 3.254105972822955550e+02
3.318342701399902239e+02 3.256954421094041550e+02
3.308495331104625734e+02 3.259642443877564233e+02
3.298602689330320459e+02 3.262167782777997331e+02
3.288668200734788911e+02 3.264528236517418804e+02
3.278694832492503224e+02 3.266721549186688662e+02
3.268685736331188991e+02 3.268745514574030722e+02
3.258644067144800260e+02 3.270597963731979121e+02
3.248572976685784397e+02 3.272276710960732657e+02
3.238475616668450243e+02 3.273779553864306422e+02
3.228355175096905896e+02 3.275104607560064665e+02
3.218214969904176428e+02 3.276253382111044061e+02
3.208058772867940434e+02 3.277229549037022025e+02
3.197889615448830796e+02 3.278036706592902760e+02
3.187710878223950886e+02 3.278678538235213296e+02
3.177525335646348594e+02 3.279158651987058306e+02
3.167335732998315052e+02 3.279480462430998955e+02
3.157144714368740779e+02 3.279647287233436828e+02
3.146954741040151475e+02 3.279662435905736402e+02
3.136768045733097665e+02 3.279529161674093984e+02
3.126586863652580632e+02 3.279250723371710592e+02
3.116413249800655763e+02 3.278830325693429586e+02
3.106249127681723508e+02 3.278271121361296423e+02
3.096096191809463676e+02 3.277576163646134546e+02
3.085956345875199531e+02 3.276748601166092953e+02
3.075831051736105337e+02 3.275791467335017160e+02
3.065721913585522884e+02 3.274707888948782397e+02
3.055630215999818233e+02 3.273500910842613507e+02
3.045557437938118142e+02 3.272173680560544540e+02
3.035504703152229808e+02 3.270729234421808087e+02
3.025473117676940547e+02 3.269170554609582382e+02
3.015463831523699696e+02 3.267500788526065207e+02
3.005477758617290647e+02 3.265723090896293570e+02
2.995515770960109876e+02 3.263840589098011833e+02
2.985578666453396295e+02 3.261856384493721066e+02
2.975667163429612287e+02 3.259773556253433640e+02
2.965781892289242592e+02 3.257595246409626384e+02
2.955923395418391237e+02 3.255324648916723049e+02
2.946092129366744530e+02 3.252964904868891267e+02
2.936288497511036439e+02 3.250519151257619797e+02
2.926512816007641504e+02 3.247990518616958866e+02
2.916765309278271161e+02 3.245382126728426897e+02
2.907046138616512962e+02 3.242697049107447924e+02
2.897355391471892858e+02 3.239938408981718680e+02
2.887693064796827116e+02 3.237109294515116176e+02
2.878059143981096213e+02 3.234212643630102662e+02
2.868453438389198027e+02 3.231251516866666975e+02
2.858875841808641098e+02 3.228228748149285252e+02
2.849326016779603492e+02 3.225147270070883110e+02
2.839803748610661955e+02 3.222009857144533953e+02
2.830308526961903226e+02 3.218819369443288565e+02
2.820840077710141713e+02 3.215578433618779286e+02
2.811397773876190058e+02 3.212289661356917350e+02
2.801981163729051900e+02 3.208955583059800460e+02
2.792589702732780097e+02 3.205578656710266046e+02
2.783222609062760284e+02 3.202161360988098977e+02
2.773879279116366092e+02 3.198706027450946294e+02
2.764559083810819970e+02 3.195214795379427528e+02
2.755261082541420024e+02 3.191689809547555114e+02
2.745984544331682287e+02 3.188133179978262319e+02
2.736728620697764995e+02 3.184546924547040589e+02
2.727492765530955126e+02 3.180932040393701641e+02
2.718276600668855281e+02 3.177288246536207339e+02
2.709080024141155718e+02 3.173615174917036938e+02
2.699902872244380205e+02 3.169912412803668076e+02
2.690744996888877836e+02 3.166179527388632664e+02
2.681606318304288266e+02 3.162416075221655092e+02
2.672486619218907435e+02 3.158621612085950119e+02
2.663385784054601118e+02 3.154795700728847692e+02
2.654303730549154352e+02 3.150937878394456106e+02
2.645240367754118438e+02 3.147047654703628154e+02
2.636195607438377237e+02 3.143124547364188857e+02
2.627169356666202589e+02 3.139168097162992694e+02
2.618161532732676164e+02 3.135177828022430617e+02
2.609172067033474605e+02 3.131153243245140061e+02
2.600200950177500658e+02 3.127093824650277156e+02
2.591248020168360426e+02 3.122999050539166888e+02
2.582313246418713106e+02 3.118868472329174324e+02
2.573396557860316420e+02 3.114701604636529169e+02
2.564497892455869419e+02 3.110497940109426622e+02
2.555617197168421910e+02 3.106256949669565302e+02
2.546754412964106393e+02 3.101978112632907028e+02
2.537909460893247910e+02 3.097660941066608871e+02
2.529082265708587158e+02 3.093304929144591711e+02
2.520272751280152761e+02 3.088909546664647792e+02
2.511480021894398078e+02 3.084474203378959487e+02
2.502702304853855537e+02 3.079998585390322319e+02
2.493938936692125310e+02 3.075483069988069360e+02
2.485189423339940333e+02 3.070928094802328587e+02
2.476453232147101744e+02 3.066334062821195516e+02
2.467729833551871366e+02 3.061701363901885884e+02
2.459018735803650770e+02 3.057030383121990553e+02
2.450319424167008151e+02 3.052321489039752578e+02
2.441631386693272816e+02 3.047575028689769852e+02
2.432954115674271520e+02 3.042791325278165573e+02
2.424287107824360135e+02 3.037970678017935029e+02
2.415629871700320450e+02 3.033113351063440177e+02
2.406981938227475268e+02 3.028219558931900224e+02
2.398342846806072828e+02 3.023289488834212762e+02
2.389712189181711608e+02 3.018323300680550005e+02
2.381089449622930374e+02 3.013321114821646347e+02
2.372474228754965395e+02 3.008283031118475037e+02
2.363866182993677683e+02 3.003209026547373810e+02
2.355264984255676097e+02 2.998099039599518392e+02
2.346670315041906747e+02 2.992952986739311427e+02
2.338081893592583924e+02 2.987770752248342774e+02
2.329499459867570863e+02 2.982552135915748863e+02
2.320922874728643990e+02 2.977296782982995182e+02
2.312352077790482099e+02 2.972004290641399393e+02
2.303787014166319693e+02 2.966674228727022182e+02
2.295227688436409608e+02 2.961306095807185557e+02
2.286674508616442836e+02 2.955898913468897149e+02
2.278129415840132026e+02 2.950449967677476479e+02
2.269594722453836084e+02 2.944956212508310500e+02
2.261072824756953992e+02 2.939414707675488216e+02
2.252566200292691860e+02 2.933822593920297095e+02
2.244077438714055006e+02 2.928176879520221974e+02
2.235609371265049390e+02 2.922474699443976078e+02
2.227164884074066435e+02 2.916713109970103233e+02
2.218746965751657854e+02 2.910889173538203067e+02
2.210358768355095265e+02 2.905000220262888320e+02
2.202003356276341322e+02 2.899043325995529585e+02
2.193684008112055039e+02 2.893016124649874428e+02
2.185403829784912375e+02 2.886915918783693655e+02
2.177166215866312200e+02 2.880740380256363551e+02
2.168974549466203996e+02 2.874487146547916723e+02
2.160832119229164334e+02 2.868153714262348899e+02
2.152742331130498599e+02 2.861738471523711951e+02
2.144708256236803550e+02 2.855239452360769405e+02
2.136733151322044932e+02 2.848654832691913157e+02
2.128820394550312187e+02 2.841982913385296001e+02
2.120973373680319867e+02 2.835222224193818192e+02
2.113195017657458834e+02 2.828371521235582691e+02
2.105488268059671668e+02 2.821429771790110976e+02
2.097856126080521904e+02 2.814395985365017054e+02
2.090301653558456394e+02 2.807269215494579271e+02
2.082827890491321909e+02 2.800048629438144872e+02
2.075437533987512495e+02 2.792733761939452961e+02
2.068133206408643900e+02 2.785324267153048368e+02
2.060917491209055470e+02 2.777819629034075888e+02
2.053793344294822987e+02 2.770219943716780335e+02
2.046763379322707692e+02 2.762524871131808482e+02
2.039829925338947021e+02 2.754734069099697535e+02
2.032995818352717947e+02 2.746848303345529416e+02
2.026263209149186082e+02 2.738867098215896476e+02
2.019635003560722737e+02 2.730791220880855690e+02
2.013113463346251990e+02 2.722620242385746110e+02
2.006701511009735270e+02 2.714355007258733394e+02
2.000401646432981408e+02 2.705995668066479993e+02
1.994216548152625421e+02 2.697542559022049886e+02
1.988148994556225091e+02 2.688996110132291051e+02
1.982201856871160146e+02 2.680356781158668582e+02
1.976378245804501148e+02 2.671624979300568725e+02
1.970681414824026092e+02 2.662801133514817025e+02
1.965114697790051821e+02 2.653885741756600964e+02
1.959681360559679035e+02 2.644878942782414128e+02
1.954385287550805117e+02 2.635781976159526607e+02
1.949230349449265418e+02 2.626594605311868236e+02
1.944221261323276337e+02 2.617317746319485536e+02
1.939362385863411475e+02 2.607951337539745396e+02
1.934658633550403977e+02 2.598496401439887222e+02
1.930114493562641940e+02 2.588953855029779447e+02
1.925732007712990992e+02 2.579325970932404175e+02
1.921512133038482091e+02 2.569615703695350817e+02
1.917455815188712336e+02 2.559825750464681278e+02
1.913564333871698864e+02 2.549959692034120167e+02
1.909838619070717698e+02 2.540019861497770819e+02
1.906280172814834089e+02 2.530009698884485374e+02
1.902890289451445369e+02 2.519931537074442076e+02
1.899670716908415500e+02 2.509788893997458956e+02
1.896623040266437386e+02 2.499584604820131801e+02
1.893748970974079668e+02 2.489321598839352987e+02
1.891050088450278963e+02 2.479003144542616326e+02
1.888527945809094604e+02 2.468632984000332726e+02
1.886183972586780158e+02 2.458213569618825431e+02
1.884020124936643015e+02 2.447749315876187381e+02
1.882038068761794136e+02 2.437243211940732976e+02
1.880239249353561206e+02 2.426699079164821740e+02
1.878624898836488342e+02 2.416120887109671003e+02
1.877196351000706045e+02 2.405512113205211620e+02
1.875955182103031689e+02 2.394877498528050808e+02
1.874902892031930151e+02 2.384220355253557670e+02
1.874040744417305291e+02 2.373545246764844023e+02
1.873369727298420173e+02 2.362856334749567964e+02
1.872890979887820038e+02 2.352158169811280857e+02
1.872605755552336859e+02 2.341455089486007921e+02
1.872515461407105875e+02 2.330751407464784108e+02
1.872621331534199101e+02 2.320051550739533184e+02
1.872924477648817572e+02 2.309360204696959897e+02
1.873426098681887026e+02 2.298682059238700788e+02
1.874127561124189185e+02 2.288021545945523201e+02
1.875030382262660851e+02 2.277383216824184728e+02
1.876136141681188576e+02 2.266771552292664182e+02
1.877446414897996760e+02 2.256191227921378015e+02
1.878962824444735418e+02 2.245646871611496636e+02
1.880687239854480026e+02 2.235142649830801531e+02
1.882621445675138432e+02 2.224683273090415980e+02
1.884767513682549236e+02 2.214272876278723459e+02
1.887127554159276315e+02 2.203915817408481246e+02
1.889703625662069442e+02 2.193616315825425431e+02
1.892498035744114304e+02 2.183378022443648092e+02
1.895512529853606054e+02 2.173205316622666885e+02
1.898749347156464751e+02 2.163101485734627829e+02
1.902210616495470106e+02 2.153070085293523164e+02
1.905898229394752832e+02 2.143114393547178054e+02
1.909813794968414697e+02 2.133237364676638492e+02
1.913958620183357766e+02 2.123441592307988515e+02
1.918334044065940418e+02 2.113729448137816860e+02
1.922941054499792415e+02 2.104103306340529969e+02
1.927772532089305741e+02 2.094569951251274063e+02
1.932818153347218697e+02 2.085132046933891274e+02
1.938070039235924185e+02 2.075786263475874591e+02
1.943524929529940266e+02 2.066531671888897392e+02
1.949183841445912151e+02 2.057370794535563334e+02
1.955047202533714312e+02 2.048306744389067262e+02
1.961114574996325075e+02 2.039343081151279478e+02
1.967384775349630104e+02 2.030483698843345621e+02
1.973856700626338352e+02 2.021732878692856161e+02
1.980528287275301693e+02 2.013096056285169198e+02
1.987397575524084630e+02 2.004578431092747905e+02
1.994461704304616489e+02 1.996185745328085943e+02
2.001717291327140629e+02 1.987923895930590561e+02
2.009160724476924997e+02 1.979798803704072725e+02
2.016788180782564552e+02 1.971816481975344573e+02
2.024595381444183886e+02 1.963983162999888066e+02
2.032577667073670113e+02 1.956305193077074023e+02
2.040730828778158354e+02 1.948788673331799544e+02
2.049048914017577943e+02 1.941439779726740085e+02
2.057527339929252719e+02 1.934263067096642033e+02
2.066159507702494977e+02 1.927264010413804556e+02
2.074940164586182902e+02 1.920447390554868434e+02
2.083864019394416687e+02 1.913818115765322716e+02
2.092924388735964385e+02 1.907380469859864434e+02
2.102115447347296708e+02 1.901136753109701090e+02
2.111430201890732405e+02 1.895089640953972037e+02
2.120862798746138651e+02 1.889241396985977417e+02
2.130407183646747171e+02 1.883594421443511351e+02
2.140057714300176599e+02 1.878149972897370219e+02
2.149806872070858788e+02 1.872908189341337675e+02
2.159649274113601791e+02 1.867868449189888338e+02
2.169578946970940478e+02 1.863030452834122173e+02
2.179590114242340633e+02 1.858393877991968850e+02
2.189677056869428498e+02 1.853957719723075002e+02
2.199834008305845714e+02 1.849719843177922485e+02
2.210056649358017467e+02 1.845677817506147278e+02
2.220338561351310318e+02 1.841829710379090272e+02
2.230675831319744873e+02 1.838173082278993320e+02
2.241063776021892977e+02 1.834705529160542028e+02
2.251497861675374850e+02 1.831424195010007452e+02
2.261973803263223033e+02 1.828326179777276934e+02
2.272487835684881645e+02 1.825408574694841377e+02
2.283036435401961626e+02 1.822668535665733316e+02
2.293615565377560870e+02 1.820103408464573533e+02
2.304222211483035778e+02 1.817710612633079563e+02
2.314853479741433659e+02 1.815487678654818637e+02
2.325506271257849846e+02 1.813432226469381305e+02
2.336177698962614784e+02 1.811541898013707339e+02
2.346865223092387680e+02 1.809814703614545124e+02
2.357566210396532824e+02 1.808249440334377880e+02
2.368278313769437773e+02 1.806845019917765001e+02
2.379000146332516579e+02 1.805600423594830204e+02
2.389727922703294496e+02 1.804514740552738203e+02
2.400461136389446892e+02 1.803586507282578850e+02
2.411196259301032967e+02 1.802813286769945194e+02
2.421931731915586283e+02 1.802192419915318453e+02
2.432665577036034961e+02 1.801721338920988273e+02
2.443395840159405168e+02 1.801397514515793432e+02
2.454120677408729136e+02 1.801218840981195228e+02
2.464838350664992106e+02 1.801184248478324434e+02
2.475547163506871016e+02 1.801292858491821960e+02
2.486245449381978858e+02 1.801543824604049178e+02
2.496932120146104808e+02 1.801936400122306736e+02
2.507604688245837110e+02 1.802469964631476955e+02
2.518262096195566357e+02 1.803144534167250299e+02
2.528902763482479941e+02 1.803960259194016373e+02
2.539524856918915816e+02 1.804917283830515373e+02
2.550126601656887715e+02 1.806015754801498758e+02
2.560707171403915936e+02 1.807256039628603332e+02
2.571263752605410673e+02 1.808638441099779754e+02
2.581795214563765626e+02 1.810163455537304742e+02
2.592299797480550865e+02 1.811831570806035927e+02
2.602775710921850418e+02 1.813643287009568041e+02
2.613221145738214659e+02 1.815598990592304744e+02
2.623634304528682151e+02 1.817698662531377067e+02
2.634013383037610083e+02 1.819942206570271992e+02
2.644356562539012998e+02 1.822329534557134707e+02
2.654662008303365610e+02 1.824860565141411541e+02
2.664927905210432755e+02 1.827534922935940926e+02
2.675152572013032000e+02 1.830351144806124921e+02
2.685334451675792593e+02 1.833307548066441370e+02
2.695472142661384964e+02 1.836402516009205783e+02
2.705563498860196319e+02 1.839634229405837686e+02
2.715607375369414740e+02 1.843000647218287043e+02
2.725602992812366665e+02 1.846498167918480249e+02
2.735548473747970775e+02 1.850122417643391373e+02
2.745443683864843933e+02 1.853869474451181816e+02
2.755287308717307724e+02 1.857735120607861745e+02
2.765078940990827618e+02 1.861714950005046205e+02
2.774818228748989100e+02 1.865802737397535509e+02
2.784505378741266099e+02 1.869991919244532141e+02
2.794140330182378875e+02 1.874275813168461582e+02
2.803723926679873557e+02 1.878648069429191310e+02
2.813256163994860799e+02 1.883101750482157684e+02
2.822738562856656586e+02 1.887629250865214487e+02
2.832172229199110234e+02 1.892222474709531070e+02
2.841558603160798953e+02 1.896873385784415973e+02
2.850899638536607199e+02 1.901574178278115426e+02
2.860197165743186929e+02 1.906316973506094712e+02
2.869453292335075503e+02 1.911093818063090168e+02
2.878670538036748781e+02 1.915896896606267035e+02
2.887851609943251106e+02 1.920718526730337317e+02
2.896999188687559581e+02 1.925550955178561878e+02
2.906116167367860044e+02 1.930387350114168328e+02
2.915204212036678086e+02 1.935225184050993334e+02
2.924264531048444269e+02 1.940063488763607893e+02
2.933298365909402037e+02 1.944901374164229253e+02
2.942306892643866263e+02 1.949737878603959018e+02
2.951291394958522005e+02 1.954572294718255421e+02
2.960252839669424816e+02 1.959404706542008512e+02
2.969192078217818107e+02 1.964235531592800328e+02
2.978109951415901833e+02 1.969065219855916382e+02
2.987007286977773219e+02 1.973894291416929150e+02
2.995884873747813799e+02 1.978723267325042059e+02
3.004743368405927981e+02 1.983553102977430171e+02
3.013583326981230357e+02 1.988384926388809788e+02
3.022405278597255460e+02 1.993219891158908865e+02
3.031209726133522508e+02 1.998059175888988079e+02
3.039997138765083946e+02 2.002904000652900720e+02
3.048767899749850585e+02 2.007755737086189356e+02
3.057522309856332186e+02 2.012615860545110138e+02
3.066260691330903683e+02 2.017485827905372844e+02
3.074983296170441349e+02 2.022367129324533721e+02
3.083690349432685025e+02 2.027261280452567576e+02
3.092382042813027851e+02 2.032169819004315912e+02
3.101058534184297741e+02 2.037094303297886029e+02
3.109719947733354388e+02 2.042036311066662222e+02
3.118366373669534823e+02 2.046997439042419842e+02
3.126998022388174263e+02 2.051979217139213176e+02
3.135615838655641028e+02 2.056982685677320148e+02
3.144220649858230558e+02 2.062008481453914044e+02
3.152813035037811460e+02 2.067057174528539747e+02
3.161393545239283185e+02 2.072129356956964159e+02
3.169962689622173571e+02 2.077225631014983946e+02
3.178520949348621230e+02 2.082346588172879649e+02
3.187068773363843661e+02 2.087492818413376767e+02
3.195606552672387011e+02 2.092664933962557825e+02
3.204134662305241932e+02 2.097863556211925129e+02
3.212653454928221208e+02 2.103089299205352063e+02
3.221163201396208251e+02 2.108342812422369832e+02
3.229664135742336271e+02 2.113624773599206890e+02
3.238156454468273182e+02 2.118935870382083237e+02
3.246640302489333294e+02 2.124276814425502948e+02
3.255115795952732469e+02 2.129648330319964202e+02
3.263582987650632958e+02 2.135051185548419141e+02
3.272041831114794945e+02 2.140486222741989195e+02
3.280492245021641224e+02 2.145954294649248482e+02
3.288934091761561831e+02 2.151456301339536594e+02
3.297367213248034545e+02 2.156993092985447618e+02
3.305791320100442476e+02 2.162565649138771846e+02
3.314206003707494119e+02 2.168175064876332669e+02
3.322610798036366191e+02 2.173822517946503581e+02
3.331005182770591091e+02 2.179509009180540886e+02
3.339388587990161454e+02 2.185235707232630489e+02
3.347759466868614027e+02 2.191004907771309149e+02
3.356115376383426110e+02 2.196819526416334440e+02
3.364453823234027823e+02 2.202682541383580315e+02
3.372772241163869467e+02 2.208597052875899180e+02
3.381067794326223748e+02 2.214565688000635362e+02
3.389337802188092610e+02 2.220591499738725929e+02
3.397579244690098221e+02 2.226677101863174641e+02
3.405789186180644492e+02 2.232825324793759876e+02
3.413964467379298640e+02 2.239038733242158230e+02
3.422101963342513500e+02 2.245320028424724228e+02
3.430198407700147527e+02 2.251671444318720035e+02
3.438250836836891153e+02 2.258095548767126672e+02
3.446255792854100832e+02 2.264594160457090481e+02
3.454210154765489733e+02 2.271169646563648143e+02
3.462110538796471246e+02 2.277824118221027163e+02
3.469953577095964761e+02 2.284559164574377803e+02
3.477736293464928963e+02 2.291376459747953902e+02
3.485455551818399158e+02 2.298277516913364877e+02
3.493108159026739372e+02 2.305263837178754329e+02
3.500690732413517026e+02 2.312336614771335803e+02
3.508200269549062682e+02 2.319497055182660006e+02
3.515633913855637616e+02 2.326745979322137714e+02
3.522988767349715999e+02 2.334084153078869122e+02
3.530261874363055199e+02 2.341512298626925883e+02
3.537450226837611353e+02 2.349031087620438996e+02
3.544550998946092477e+02 2.356641041242729386e+02
3.551561551796760341e+02 2.364342432031890269e+02
3.558479092855758381e+02 2.372135238518433482e+02
3.565300960846081466e+02 2.380019687712426730e+02
3.572024503559565574e+02 2.387996173449758430e+02
3.578646759740103676e+02 2.396064288470692532e+02
3.585165240664234148e+02 2.404224107277883604e+02
3.591577240907963642e+02 2.412475404038260649e+02
3.597880047443717899e+02 2.420818007819846684e+02
3.604070755451081709e+02 2.429251410325451559e+02
3.610146665516693929e+02 2.437775677480805712e+02
3.616104680168400591e+02 2.446390345613016279e+02
3.621941684254130109e+02 2.455094925635414711e+02
3.627654617698146922e+02 2.463889129609813722e+02
3.633240257125205517e+02 2.472772467052996319e+02
3.638695127254493968e+02 2.481744479732896025e+02
3.644015417053503256e+02 2.490804847602948939e+02
3.649197235058861111e+02 2.499953311844038240e+02
3.654236336896743751e+02 2.509188840322165106e+02
3.659128790109825786e+02 2.518511249362979925e+02
3.663869878217715836e+02 2.527919800885074153e+02
3.668454263067321222e+02 2.537414221598604627e+02
3.672876287066283680e+02 2.546993727354045802e+02
3.677130355298010045e+02 2.556657859462575857e+02
3.681210609354677672e+02 2.566405664039857015e+02
3.685112391745664127e+02 2.576235357559265822e+02
3.688833384735696654e+02 2.586143896425418802e+02
3.692371465197334715e+02 2.596128034295507518e+02
3.695724462009123954e+02 2.606184524857011979e+02
3.698890177965874955e+02 2.616310388204387891e+02
3.701866060921977919e+02 2.626501472843649481e+02
3.704649830065450828e+02 2.636754621149336231e+02
3.707238947933234954e+02 2.647066202885044390e+02
3.709630726182505214e+02 2.657432152491596753e+02
3.711822478921751554e+02 2.667848651280784793e+02
3.713811586025200313e+02 2.678311226418425690e+02
3.715595951053915087e+02 2.688815273520214078e+02
3.717173482323378266e+02 2.699356653253020681e+02
3.718541782844094996e+02 2.709929604101145628e+02
3.719698619914082087e+02 2.720529487274359326e+02
3.720641918183065400e+02 2.731150815318501373e+02
3.721370468896213879e+02 2.741787668790454973e+02
3.721883144448766529e+02 2.752434062689056304e+02
3.722178722932081882e+02 2.763083905247079883e+02
3.722255927334483090e+02 2.773730579380776362e+02
3.722113833466995061e+02 2.784367500948354746e+02
3.721752408054464922e+02 2.794987691382312391e+02
3.721171767886082193e+02 2.805583895025465608e+02
3.720371945652438512e+02 2.816149054381913288e+02
3.719353109070163441e+02 2.826675260641465570e+02
3.718115560562064843e+02 2.837155216731814562e+02
3.716660182509328934e+02 2.847581030541618361e+02
3.714988071439383361e+02 2.857944736021925110e+02
3.713100460232122373e+02 2.868238336715757555e+02
3.710998517683398745e+02 2.878453999591425827e+02
3.708683764519910255e+02 2.888583458493820331e+02
3.706157749683112570e+02 2.898618773022982396e+02
3.703422220377208305e+02 2.908551947008094771e+02
3.700479132050268731e+02 2.918375083229426536e+02
3.697330840631433375e+02 2.928080454078730668e+02
3.693979676393249179e+02 2.937660567315421645e+02
3.690427552181357669e+02 2.947108070607218906e+02
3.686676628097739581e+02 2.956415940752453935e+02
3.682729481304723436e+02 2.965577612884506493e+02
3.678588950544601630e+02 2.974586850609957764e+02
3.674258443875543207e+02 2.983438514066178868e+02
3.669741653318211547e+02 2.992127822054448529e+02
3.665042572521034003e+02 3.000651043826500768e+02
3.660165528035032594e+02 3.009005701294575488e+02
3.655115076252073436e+02 3.017190212290165050e+02
