3.646520165920551904e+02 3.023466978871502420e+02
3.641409151300174472e+02 3.031316971188758203e+02
3.636147091997782468e+02 3.039038118487513316e+02
3.630732203790959716e+02 3.046636856143834393e+02
3.625163985629838521e+02 3.054117178106491224e+02
3.619442169432559808e+02 3.061482689610572265e+02
3.613566793272139535e+02 3.068736411307319258e+02
3.607538071306232723e+02 3.075881190806522909e+02
3.601356596702207185e+02 3.082919376556098996e+02
3.595023524160014858e+02 3.089852255211637271e+02
3.588539782227872479e+02 3.096681718309051234e+02
3.581907217227220031e+02 3.103408442234675135e+02
3.575127889666639476e+02 3.110033337639683850e+02
3.568204187759757815e+02 3.116557107867660079e+02
3.561138828573710953e+02 3.122980006246547759e+02
3.553934537782843677e+02 3.129302321338623756e+02
3.546594440591655939e+02 3.135523713705008504e+02
3.539121330080415646e+02 3.141643985868445839e+02
3.531518466531492209e+02 3.147662230731855288e+02
3.523788825837069680e+02 3.153577883088867111e+02
3.515935849775217434e+02 3.159389759199510195e+02
3.507962673404794032e+02 3.165096876003687498e+02
3.499872531219790517e+02 3.170697672514438068e+02
3.491668546652569489e+02 3.176190487067700587e+02
3.483353951816087033e+02 3.181573411093801269e+02
3.474931858140722056e+02 3.186844688881520256e+02
3.466405553480416302e+02 3.192002165475572610e+02
3.457778077681091418e+02 3.197043555947220739e+02
3.449052517397615816e+02 3.201966308569615194e+02
3.440231942714109437e+02 3.206767894007050472e+02
3.431319459236071339e+02 3.211445612278409953e+02
3.422318150676793493e+02 3.215996735635429218e+02
3.413231078291516951e+02 3.220418386841682263e+02
3.404061322196450874e+02 3.224707671361687176e+02
3.394811949452590056e+02 3.228861605065964113e+02
3.385486071399957382e+02 3.232877188379111431e+02
3.376086742817683444e+02 3.236751343697661696e+02
3.366617124159568561e+02 3.240481156041462896e+02
3.357080305364064543e+02 3.244063706229882769e+02
3.347479530643786916e+02 3.247496096166925668e+02
3.337817900990078783e+02 3.250775363031282836e+02
3.328098548813129582e+02 3.253898515603104329e+02
3.318324664670889206e+02 3.256862793016406954e+02
3.308499617231992715e+02 3.259665607753150880e+02
3.298626363469679745e+02 3.262304237500969748e+02
3.288708398127569694e+02 3.264776019899322819e+02
3.278748768318919815e+02 3.267078248355346091e+02
3.268750726130099338e+02 3.269208334087398384e+02
3.258717539297409189e+02 3.271163764809124359e+02
3.248652478560270538e+02 3.272942015522292536e+02
3.238558820513566729e+02 3.274540548144905188e+02
3.228439886346966432e+02 3.275957171563383099e+02
3.218299147645909670e+02 3.277193364469787866e+02
3.208140556314232299e+02 3.278252930557137574e+02
3.197967286113478167e+02 3.279139609168501579e+02
3.187782877171294444e+02 3.279857226565784458e+02
3.177590229498356393e+02 3.280409535373432277e+02
3.167392210089806781e+02 3.280800056654566106e+02
3.157191579894523557e+02 3.281032190919354434e+02
3.146990908207847042e+02 3.281109332680483703e+02
3.136792522253738298e+02 3.281034822508162847e+02
3.126598755753567502e+02 3.280812006086689507e+02
3.116411752538822384e+02 3.280444148523455965e+02
3.106233519392337143e+02 3.279934444723369324e+02
3.096065818090739299e+02 3.279285990950984342e+02
3.085910647636160320e+02 3.278501980551634460e+02
3.075769527206874727e+02 3.277585491317897208e+02
3.065644141856552665e+02 3.276539681367843855e+02
3.055535828128209346e+02 3.275367615708701692e+02
3.045446151832850319e+02 3.274072464418695176e+02
3.035376286961238179e+02 3.272657285649237906e+02
3.025327394248627684e+02 3.271125084369656975e+02
3.015300699628203915e+02 3.269479033957392176e+02
3.005297168103532499e+02 3.267722314873485061e+02
2.995317727112367265e+02 3.265858081346062818e+02
2.985363229610031226e+02 3.263889462374691561e+02
2.975434447393045048e+02 3.261819566069419238e+02
2.965532061406244111e+02 3.259651576039380529e+02
2.955656661449342550e+02 3.257388739025022915e+02
2.945808744183273120e+02 3.255034249038685061e+02
2.935988760957108070e+02 3.252591297691431578e+02
2.926197074072251780e+02 3.250063071502055436e+02
2.916433940896133095e+02 3.247452762206541479e+02
2.906699543082473269e+02 3.244763530308945292e+02
2.896994013530738243e+02 3.241998591370848430e+02
2.887317375724560407e+02 3.239161123524033314e+02
2.877669613280743306e+02 3.236254150443483582e+02
2.868050594225255168e+02 3.233280845448290393e+02
2.858460185459061336e+02 3.230244155275863136e+02
2.848898091386325291e+02 3.227147140061150026e+02
2.839364070961713651e+02 3.223992688207652577e+02
2.829857649668764452e+02 3.220783787672167477e+02
2.820378514172070368e+02 3.217523185119198956e+02
2.810926061930765627e+02 3.214213636665412537e+02
2.801499810729677620e+02 3.210857805114587222e+02
2.792099194758428098e+02 3.207458282967448326e+02
2.782723432057234163e+02 3.204017689202204338e+02
2.773371881652521438e+02 3.200538486800639362e+02
2.764043878579864781e+02 3.197022947358233296e+02
2.754738472877169215e+02 3.193473355635617281e+02
2.745454886726278687e+02 3.189891951147960754e+02
2.736192232537482028e+02 3.186280880931411730e+02
2.726949945266950976e+02 3.182641181406877990e+02
2.717727684740416976e+02 3.178972501852863957e+02
2.708525368396727231e+02 3.175274389958220240e+02
2.699342863240290740e+02 3.171546352287446098e+02
2.690180054642052596e+02 3.167787876200605979e+02
2.681036896324513350e+02 3.163998433639036989e+02
2.671913220845335672e+02 3.160177494807325047e+02
2.662808957836321042e+02 3.156324534961769359e+02
2.653724072274140440e+02 3.152439004777355649e+02
2.644658525498965105e+02 3.148520329362303869e+02
2.635612286485696814e+02 3.144567938963569418e+02
2.626585325623238987e+02 3.140581281664758535e+02
2.617577627277781858e+02 3.136559789939817620e+02
2.608589193313499095e+02 3.132502877540170516e+02
2.599620085825488900e+02 3.128409937593306722e+02
2.590670228742262680e+02 3.124280360800238441e+02
2.581739675772601572e+02 3.120113601170732522e+02
2.572828447706047541e+02 3.115909079094172967e+02
2.563936578434773992e+02 3.111666195728312232e+02
2.555064114966276065e+02 3.107384333327838704e+02
2.546211104801793113e+02 3.103062880804031920e+02
2.537377584227071452e+02 3.098701254422370539e+02
2.528563598297303656e+02 3.094298855181114618e+02
2.519769196131874480e+02 3.089855063592712554e+02
2.510993644014361905e+02 3.085369221445321273e+02
2.502235357839262235e+02 3.080840960027381357e+02
2.493493807405961320e+02 3.076270565501250189e+02
2.484768627609591363e+02 3.071658382121453315e+02
2.476059419813214504e+02 3.067004723460835862e+02
2.467365791420595258e+02 3.062309892851656059e+02
2.458687389872214908e+02 3.057574190555793621e+02
2.450023844314973758e+02 3.052797902621331900e+02
2.441374789919709372e+02 3.047981296647648719e+02
2.432739869175069600e+02 3.043124619706255771e+02
2.424118732002425816e+02 3.038228098250477274e+02
2.415511040244416279e+02 3.033291931434869753e+02
2.406916474031426674e+02 3.028316282307486631e+02
2.398334723397230732e+02 3.023301291295040301e+02
2.389765533292604971e+02 3.018247074950999718e+02
2.381208543200464476e+02 3.013153713433420648e+02
2.372663503233526967e+02 3.008021280774686943e+02
2.364130200822167183e+02 3.002849759498049593e+02
2.355608436654895286e+02 2.997639100687543987e+02
2.347098022956146792e+02 2.992389236044015206e+02
2.338598810182337218e+02 2.987100069015574491e+02
2.330110653889475998e+02 2.981771439586510155e+02
2.321633485112213293e+02 2.976403088893589484e+02
2.313167309200538000e+02 2.970994724089222814e+02
2.304712133816071002e+02 2.965546024599291286e+02
2.296268033028225091e+02 2.960056606671205941e+02
2.287835342053308239e+02 2.954525729735071309e+02
2.279415585445440229e+02 2.948951354398108151e+02
2.271010572215897696e+02 2.943331176170149206e+02
2.262622161385523327e+02 2.937662968576630078e+02
2.254252275042231304e+02 2.931944571168625089e+02
2.245902949672257591e+02 2.926173702888996786e+02
2.237576390514301750e+02 2.920348173445347015e+02
2.229274864106135396e+02 2.914465725640371829e+02
2.221000723035720910e+02 2.908524093592686768e+02
2.212756431169943028e+02 2.902521229240293792e+02
2.204544421758729129e+02 2.896454849395371411e+02
2.196367319927700521e+02 2.890323078532827026e+02
2.188227647508658436e+02 2.884123746975649851e+02
2.180128147125549845e+02 2.877854985305963282e+02
2.172071555997931398e+02 2.871514893111248057e+02
2.164060568953487405e+02 2.865101415569965866e+02
2.156098040481970770e+02 2.858613166113252646e+02
2.148186586415381214e+02 2.852048435661977805e+02
2.140328981316039858e+02 2.845405625860489636e+02
2.132528103337982373e+02 2.838683240549538027e+02
2.124786858979205988e+02 2.831879958883141626e+02
2.117107867724719483e+02 2.824994565769080168e+02
2.109493791156118903e+02 2.818026001663131410e+02
2.101947348540511484e+02 2.810973242779122074e+02
2.094471317789013654e+02 2.803835302611657880e+02
2.087068477608245303e+02 2.796611281310670165e+02
2.079741381625168799e+02 2.789300544736437359e+02
2.072492547055091734e+02 2.781902548017360459e+02
2.065324471438338207e+02 2.774416596023870056e+02
2.058239974273066650e+02 2.766842535745620921e+02
2.051241593017826119e+02 2.759179833475655528e+02
2.044331640212413390e+02 2.751427941054896564e+02
2.037512868954713099e+02 2.743587293863959644e+02
2.030787455649887079e+02 2.735657228134663796e+02
2.024158237245165424e+02 2.727638186640077151e+02
2.017627495346073090e+02 2.719529554041023403e+02
2.011198034393486864e+02 2.711331893363229142e+02
2.004872275591147854e+02 2.703045164923963739e+02
1.998652807161950022e+02 2.694669487914068213e+02
1.992542314051537460e+02 2.686205065839210988e+02
1.986543552972207749e+02 2.677652139644971498e+02
1.980659380513970405e+02 2.669010975967906347e+02
1.974892738352385209e+02 2.660281883280668467e+02
1.969246644584843864e+02 2.651465223512018383e+02
1.963724065111409516e+02 2.642561017008051749e+02
1.958328492127172069e+02 2.633570300201699865e+02
1.953063198935265916e+02 2.624492864459141401e+02
1.947932128333631283e+02 2.615329588886738179e+02
1.942938904749915423e+02 2.606080422005352943e+02
1.938087649333548654e+02 2.596746283576413248e+02
1.933382108792394263e+02 2.587327957815138006e+02
1.928823885602109556e+02 2.577827390076128040e+02
1.924413636986414531e+02 2.568247099850615314e+02
1.920152015595023443e+02 2.558589332679165409e+02
1.916039986641739574e+02 2.548857138440432379e+02
1.912078203258562610e+02 2.539052350057715159e+02
1.908267915194880970e+02 2.529177792479514437e+02
1.904610214175052931e+02 2.519235185719562367e+02
1.901106631017405562e+02 2.509227348736755232e+02
1.897758552727370329e+02 2.499156406209676504e+02
1.894567520897996644e+02 2.489024519103960529e+02
1.891535165661200608e+02 2.478834061020120032e+02
1.888663223877783821e+02 2.468587800904526546e+02
1.885953332206093478e+02 2.458287187957105289e+02
1.883407674907106468e+02 2.447935590864992150e+02
1.881028200865660835e+02 2.437534903044034422e+02
1.878816978801021662e+02 2.427087724384196292e+02
1.876776088499039759e+02 2.416596733278006184e+02
1.874907751458619884e+02 2.406064074517525455e+02
1.873214494922307267e+02 2.395493203612975037e+02
1.871698826534793909e+02 2.384886042140457221e+02
1.870363382307785969e+02 2.374245761660072560e+02
1.869210769338573925e+02 2.363575070919985706e+02
1.868243829101183735e+02 2.352877131692668513e+02
1.867465590386812551e+02 2.342154902989626635e+02
1.866879329923453668e+02 2.331411345927684522e+02
1.866488408442477009e+02 2.320649567956431554e+02
1.866296280385535908e+02 2.309873041882817972e+02
1.866306586843544721e+02 2.299085357841806001e+02
1.866523232074324028e+02 2.288289909684969814e+02
1.866950376475798805e+02 2.277490373798636085e+02
1.867592365664841054e+02 2.266690493285133243e+02
1.868453655856283717e+02 2.255894466143006412e+02
1.869538838170157362e+02 2.245106677794494203e+02
1.870852841424735971e+02 2.234331140645658991e+02
1.872400559457072973e+02 2.223572948416780832e+02
1.874187190268181382e+02 2.212836723435055717e+02
1.876217942189327630e+02 2.202127803371616608e+02
1.878497956219012792e+02 2.191451786393159864e+02
1.881032629124105995e+02 2.180813863000716992e+02
1.883826583279911517e+02 2.170220984314819646e+02
1.886884897078381300e+02 2.159678921107935992e+02
1.890212264454154081e+02 2.149194484734104549e+02
1.893812864713545991e+02 2.138774720742420641e+02
1.897690250396834131e+02 2.128426854155807746e+02
1.901847262430163141e+02 2.118158231530323405e+02
1.906286347617904937e+02 2.107976444722672795e+02
1.911009006407794288e+02 2.097889710088868469e+02
1.916005310093800347e+02 2.087915755751484994e+02
1.921261633290936572e+02 2.078066702367580945e+02
1.926768126709318665e+02 2.068344706995626439e+02
1.932518121084080747e+02 2.058753174461251945e+02
1.938507900104805231e+02 2.049297623277480795e+02
1.944733161013745928e+02 2.039983476711155390e+02
1.951188829389496675e+02 2.030816029934538847e+02
1.957869254214793386e+02 2.021800327960229424e+02
1.964768950788212862e+02 2.012940855483045937e+02
1.971881177206158213e+02 2.004242734835912927e+02
1.979199893948391775e+02 1.995710079164699380e+02
1.986718359763553678e+02 1.987347297407758617e+02
1.994429660708224219e+02 1.979158593498793834e+02
2.002326871100750907e+02 1.971147614847457419e+02
2.010403014025397965e+02 1.963317535770029565e+02
2.018650961051297088e+02 1.955671548474752797e+02
2.027063531676483592e+02 1.948212790493590205e+02
2.035634465706534968e+02 1.940943916407804295e+02
2.044355827995504455e+02 1.933867744560535300e+02
2.053221723039798121e+02 1.926985194722020083e+02
2.062224120355282082e+02 1.920298292248265852e+02
2.071356814162929538e+02 1.913808185256992260e+02
2.080613741681702606e+02 1.907516164552638145e+02
2.089987676364392541e+02 1.901423273672535004e+02
2.099472800396708294e+02 1.895528954757802182e+02
2.109062093385463754e+02 1.889833178005078764e+02
2.118749877428192008e+02 1.884335490776191193e+02
2.128530319963874149e+02 1.879035646367412937e+02
2.138398284879137918e+02 1.873932689215985476e+02
2.148346934748383035e+02 1.869025276794892534e+02
2.158371725973130140e+02 1.864311371708469949e+02
2.168467453404940954e+02 1.859789345931471587e+02
2.178629105831024049e+02 1.855457607691438398e+02
2.188851823496185602e+02 1.851314236587986386e+02
2.199130833420794602e+02 1.847356747674501776e+02
2.209462812044265831e+02 1.843582454639233106e+02
2.219842208692541874e+02 1.839989243732332795e+02
2.230266003872070826e+02 1.836574520563269459e+02
2.240730366707677490e+02 1.833335919509245286e+02
2.251231629023566825e+02 1.830270922588870235e+02
2.261766320181064316e+02 1.827377033050141222e+02
2.272331436062412990e+02 1.824651778692450534e+02
2.282924157922727204e+02 1.822092783084311236e+02
2.293541100019869816e+02 1.819697908352121658e+02
2.304179863713613940e+02 1.817465153953359902e+02
2.314838119405629300e+02 1.815392657592944943e+02
2.325513283956756538e+02 1.813478666189424757e+02
2.336202941914334019e+02 1.811721465584309669e+02
2.346904977198061317e+02 1.810119688666378863e+02
2.357617132043098991e+02 1.808672689082971203e+02
2.368337398637673346e+02 1.807379936235629430e+02
2.379064689329379689e+02 1.806240979668913553e+02
2.389795504434438271e+02 1.805255483648793415e+02
2.400529566139038593e+02 1.804422562266317982e+02
2.411263571465125324e+02 1.803740342249739683e+02
2.421996141104156095e+02 1.803206732801181431e+02
2.432725456686701477e+02 1.802819738698180743e+02
2.443449698347796186e+02 1.802577406902782116e+02
2.454167128830512183e+02 1.802478107416522448e+02
2.464876089279188704e+02 1.802520982908141889e+02
2.475574951546072668e+02 1.802705327228612759e+02
2.486262108929390706e+02 1.803030467802885539e+02
2.496936514073899218e+02 1.803495832970923800e+02
2.507595739948344260e+02 1.804100911766103366e+02
2.518238759157090669e+02 1.804845645231375499e+02
2.528864032161339992e+02 1.805730077362746897e+02
2.539469774144558301e+02 1.806754246746007482e+02
2.550054259516583954e+02 1.807918195459835147e+02
2.560616690886504898e+02 1.809222128494650974e+02
2.571154346667627237e+02 1.810666013112050905e+02
2.581666155752799341e+02 1.812249976181719262e+02
2.592150443185840345e+02 1.813974138204676478e+02
2.602605513503463044e+02 1.815838633602313053e+02
2.613029665933656815e+02 1.817843444679692766e+02
2.623421235098261377e+02 1.819988015969870787e+02
2.633778566760039439e+02 1.822271689497553382e+02
2.644100008125164436e+02 1.824693818457037082e+02
2.654383906206622896e+02 1.827253766184132928e+02
2.664628644007360094e+02 1.829950600326612857e+02
2.674832756757006678e+02 1.832782285476117181e+02
2.684994918062575380e+02 1.835746566173128542e+02
2.695113967639861130e+02 1.838841256578714365e+02
2.705188049451886059e+02 1.842063977960350201e+02
2.715216280784055130e+02 1.845412172468977587e+02
2.725198126473170532e+02 1.848881897068064006e+02
2.735132012423625270e+02 1.852468493319222205e+02
2.745018042529711124e+02 1.856167746867056962e+02
2.754855207366161380e+02 1.859975162510694702e+02
2.764643364519678244e+02 1.863886132159445879e+02
2.774382383407185557e+02 1.867894571720340764e+02
2.784072654877433592e+02 1.871994150261823506e+02
2.793714318201821811e+02 1.876178424902304585e+02
2.803308375189129151e+02 1.880441279639937022e+02
2.812855010864091696e+02 1.884776093765266580e+02
2.822355793559344761e+02 1.889175898458285303e+02
2.831811868871890852e+02 1.893633340406658760e+02
2.841224691235630075e+02 1.898141122937406351e+02
2.850596195232614036e+02 1.902692173994914810e+02
2.859928180623250000e+02 1.907279378184472591e+02
2.869222660265591571e+02 1.911895688523992476e+02
2.878482013052806110e+02 1.916534237271913241e+02
2.887708781580523691e+02 1.921188284717482304e+02
2.896905463442554947e+02 1.925851016569924354e+02
2.906074755916818617e+02 1.930516467891351624e+02
2.915218227174056551e+02 1.935182606784564143e+02
2.924337019623642391e+02 1.939848827274107919e+02
2.933432301257875565e+02 1.944514599864422451e+02
2.942505161593455227e+02 1.949179320008613843e+02
2.951556800530200917e+02 1.953842613717812640e+02
2.960588145021405353e+02 1.958504752848692476e+02
2.969600023891758269e+02 1.963166286327390821e+02
2.978593253069690263e+02 1.967827795321576332e+02
2.987568638144197166e+02 1.972489933017145916e+02
2.996526933432741089e+02 1.977153335821906808e+02
3.005468807089191614e+02 1.981818998467396398e+02
3.014394837617350049e+02 1.986488053091023289e+02
3.023305578053364115e+02 1.991161658768394318e+02
3.032201556664948043e+02 1.995841001171995686e+02
3.041083271621996005e+02 2.000527304341921990e+02
3.049951153738833227e+02 2.005221909221008332e+02
3.058805570302926071e+02 2.009926249988776874e+02
3.067646889672947168e+02 2.014641733844381974e+02
3.076475435357391461e+02 2.019369814600360655e+02
3.085291500765243313e+02 2.024111971651087174e+02
3.094095348615007879e+02 2.028869709286368561e+02
3.102887210875977644e+02 2.033644555620480219e+02
3.111667288831409337e+02 2.038438061571521871e+02
3.120435752731982575e+02 2.043251800567634859e+02
3.129192837728132304e+02 2.048087253657089093e+02
3.137939235364969477e+02 2.052945285889821889e+02
3.146675663914854795e+02 2.057826449287296668e+02
3.155402726573720997e+02 2.062731303107341034e+02
3.164120989467737104e+02 2.067660423192868393e+02
3.172830976308682125e+02 2.072614400976415538e+02
3.181533156210220454e+02 2.077593863216410455e+02
3.190227949299543297e+02 2.082599461989552481e+02
3.198915726616690449e+02 2.087631877787934798e+02
3.207596826688368310e+02 2.092691789518931103e+02
3.216271554605465894e+02 2.097779868331106172e+02
3.224940116874681735e+02 2.102896896785997285e+02
3.233602642614581555e+02 2.108043714900229872e+02
3.242259219426393315e+02 2.113221170647645692e+02
3.250909891820180633e+02 2.118430142129533920e+02
3.259554652563712125e+02 2.123671511524663913e+02
3.268193357321022177e+02 2.128946248939138854e+02
3.276825766617822069e+02 2.134255472447960074e+02
3.285451580805325307e+02 2.139600292641721637e+02
3.294070465890491732e+02 2.144981884535662857e+02
3.302681987853002283e+02 2.150401317856528749e+02
3.311285560806646799e+02 2.155859885015964892e+02
3.319880442338929925e+02 2.161359048322795502e+02
3.328465856983461322e+02 2.166900375535338412e+02
3.337040830130730455e+02 2.172485134782753278e+02
3.345604441560947748e+02 2.178114863150161398e+02
3.354154672719602104e+02 2.183792384378599536e+02
3.362688354704985159e+02 2.189521135264419627e+02
3.371202340382200191e+02 2.195304681871023718e+02
3.379693460386719721e+02 2.201146758396265852e+02
3.388158041282861177e+02 2.207050395902763569e+02
3.396592926736336153e+02 2.213019171263052840e+02
3.404994486794250861e+02 2.219055903112246710e+02
3.413359317167171412e+02 2.225163751045723757e+02
3.421683680209741283e+02 2.231345498956931124e+02
3.429963959137929805e+02 2.237604135064817967e+02
3.438196423866789928e+02 2.243941903995712153e+02
3.446377974057816118e+02 2.250361424252179177e+02
3.454504771253231183e+02 2.256864295989785489e+02
3.462573541456632142e+02 2.263452901147427667e+02
3.470580667399902381e+02 2.270129266699995867e+02
3.478522626441325656e+02 2.276894683523763661e+02
3.486396556968041409e+02 2.283750511554158606e+02
3.494199413224307023e+02 2.290697905592069219e+02
3.501928108434106548e+02 2.297738023031475620e+02
3.509579319739557377e+02 2.304871648876931829e+02
3.517150282679561428e+02 2.312099592575350187e+02
3.524638468472173827e+02 2.319422166179251121e+02
3.532041325577123416e+02 2.326839634179893039e+02
3.539356257494204101e+02 2.334352229880979621e+02
3.546580628644640001e+02 2.341960148201247591e+02
3.553712036704830552e+02 2.349663438987080326e+02
3.560748309147337523e+02 2.357461886728171123e+02
3.567687093833692416e+02 2.365354940409623339e+02
3.574526237376852578e+02 2.373342385466121414e+02
3.581263634174611070e+02 2.381424230156324597e+02
3.587896744708319261e+02 2.389599564155703035e+02
3.594423582421235892e+02 2.397868146087240575e+02
3.600841908180455562e+02 2.406229390238101757e+02
3.607149499743928232e+02 2.414682802581453416e+02
3.613343912874939861e+02 2.423227509886836231e+02
3.619422936494304963e+02 2.431863395401846049e+02
3.625383806610351485e+02 2.440589777432845437e+02
3.631223749152663345e+02 2.449405977241050039e+02
3.636940083795279861e+02 2.458311582973299778e+02
3.642529952428369029e+02 2.467305965180613043e+02
3.647990162766373601e+02 2.476388592430410540e+02
3.653317059787719359e+02 2.485559173069852363e+02
3.658506910597841397e+02 2.494817516253477550e+02
3.663555560686395438e+02 2.504162540137539281e+02
3.668459267222731341e+02 2.513594203838197529e+02
3.673213293769429697e+02 2.523111870409893527e+02
3.677812069226969811e+02 2.532715547301919230e+02
3.682249637844900008e+02 2.542404668448179734e+02
3.686520147512983954e+02 2.552179084470500641e+02
3.690617443489061316e+02 2.562038088686602464e+02
3.694536341497401963e+02 2.571980236544069385e+02
3.698273577160376249e+02 2.582002983390570989e+02
3.701826016380312012e+02 2.592103562871219538e+02
3.705190462519096855e+02 2.602279184008527864e+02
3.708363698406642470e+02 2.612527348852207751e+02
3.711341997587023798e+02 2.622844147104605668e+02
3.714121881395415699e+02 2.633226871919904966e+02
3.716699549231805122e+02 2.643672216245243476e+02
3.719071004048947771e+02 2.654176311963843773e+02
3.721232259616645024e+02 2.664735554859068429e+02
3.723179393913090394e+02 2.675345508705655675e+02
3.724909114493113975e+02 2.686001541264830053e+02
3.726418173427604756e+02 2.696699552957069841e+02
3.727702901401067948e+02 2.707433403970262589e+02
3.728759871618793795e+02 2.718198300673135464e+02
3.729585942261970217e+02 2.728988331996211514e+02
3.730179251455764984e+02 2.739796963663600877e+02
3.730538088730222626e+02 2.750617543725484211e+02
3.730660657354169416e+02 2.761443258360056348e+02
3.730545095858352056e+02 2.772266594751675939e+02
3.730190183851926236e+02 2.783080028343193817e+02
3.729596271081236409e+02 2.793875453294689919e+02
3.728763988021632940e+02 2.804644402727390116e+02
3.727693930784183749e+02 2.815378692747037235e+02
3.726386843316592490e+02 2.826069015126356021e+02
3.724843890473133001e+02 2.836706901934881557e+02
3.723067442355883259e+02 2.847283093979011142e+02
3.721060246486024425e+02 2.857788291239162390e+02
3.718825251034861594e+02 2.868213221664201455e+02
3.716365404253380689e+02 2.878548957357420477e+02
3.713684147463106342e+02 2.888785980329435006e+02
3.710785244981801156e+02 2.898915379393795888e+02
3.707672768862747716e+02 2.908928258951652310e+02
3.704351061716971572e+02 2.918815979539785417e+02
3.700824932775061598e+02 2.928570175185071776e+02
3.697099094823686301e+02 2.938182971481994628e+02
3.693177515963166115e+02 2.947646716757610079e+02
3.689064375710559034e+02 2.956954242558681472e+02
3.684764299094630928e+02 2.966099039075676842e+02
3.680282174010696963e+02 2.975075183479263501e+02
3.675623474173814316e+02 2.983877998827827582e+02
3.670793901732815243e+02 2.992503512867195923e+02
3.665799411842099857e+02 3.000949039678589543e+02
3.660646204631237879e+02 3.009213429342464678e+02
3.655340577207097681e+02 3.017296743854001875e+02
