3.645713935806901418e+02 3.023052049544779152e+02
3.640776783286662521e+02 3.030963586048919751e+02
3.635681826052165206e+02 3.038756922184339828e+02
3.630426831612141996e+02 3.046438003258177218e+02
3.625010977074368270e+02 3.054010182592470528e+02
3.619433750721984211e+02 3.061476386480849214e+02
3.613695023775526352e+02 3.068838933801463327e+02
3.607794917791292733e+02 3.076099960476705064e+02
3.601734004614438049e+02 3.083261103647373034e+02
3.595513468826167696e+02 3.090322964775839978e+02
3.589134343053300427e+02 3.097286752035348627e+02
3.582598585658593606e+02 3.104152488615230823e+02
3.575908329859130959e+02 3.110920353677946082e+02
3.569066056994917062e+02 3.117590313956907835e+02
3.562074606944123616e+02 3.124161923562593870e+02
3.554936878557567184e+02 3.130634788914893534e+02
3.547656154284553622e+02 3.137007927890892347e+02
3.540235389579110574e+02 3.143280410384970764e+02
3.532677961929232424e+02 3.149450630005431435e+02
3.524987048302668882e+02 3.155517306373011479e+02
3.517166241930157753e+02 3.161478609929378649e+02
3.509218901466565512e+02 3.167332890503896010e+02
3.501148434931472480e+02 3.173077924175019007e+02
3.492958168537837196e+02 3.178711377522831185e+02
3.484651517567292558e+02 3.184230705579558958e+02
3.476231852338042358e+02 3.189633501662428330e+02
3.467702644866113246e+02 3.194917025227932754e+02
3.459067214499891065e+02 3.200078428476647900e+02
3.450328895439910752e+02 3.205114648000621287e+02
3.441491050514746917e+02 3.210022640148509936e+02
3.432557029237165693e+02 3.214799225267967699e+02
3.423530201037225424e+02 3.219441209909108466e+02
3.414413915691091006e+02 3.223945380881797291e+02
3.405211592743473261e+02 3.228308551273355533e+02
3.395926599434590685e+02 3.232527468415282215e+02
3.386562370521296543e+02 3.236598866253223150e+02
3.377122237914365428e+02 3.240519438449184690e+02
3.367609697169407923e+02 3.244286149644479451e+02
3.358028135437026549e+02 3.247896031663489680e+02
3.348381145679183533e+02 3.251346130838688282e+02
3.338672104477153084e+02 3.254633452938223286e+02
3.328904425729875243e+02 3.257754984207868461e+02
3.319081581938684735e+02 3.260707995443452205e+02
3.309207255132795922e+02 3.263489954276626008e+02
3.299284598403983750e+02 3.266098219797378874e+02
3.289317429643825221e+02 3.268530190962285360e+02
3.279308993640179324e+02 3.270783242227362848e+02
3.269262769539465125e+02 3.272854809157596492e+02
3.259182240566047426e+02 3.274742378869128743e+02
3.249070886824692934e+02 3.276443428900465165e+02
3.238932188679198134e+02 3.277955426846810383e+02
3.228769667917972015e+02 3.279276210016929554e+02
3.218586981259327331e+02 3.280407498197978384e+02
3.208388334536714979e+02 3.281353455974855819e+02
3.198177049738807796e+02 3.282118196305534070e+02
3.187956886315440670e+02 3.282705914708938622e+02
3.177730882289140482e+02 3.283120735799912495e+02
3.167502050877297393e+02 3.283366500231184091e+02
3.157273294171330917e+02 3.283446895571702839e+02
3.147047306813257137e+02 3.283365604472467112e+02
3.136826521303217419e+02 3.283126256905553078e+02
3.126613383849552292e+02 3.282732490401350560e+02
3.116410134742780542e+02 3.282187889083107848e+02
3.106218866207711926e+02 3.281495985755334459e+02
3.096041406093634123e+02 3.280660215147732970e+02
3.085879837863755597e+02 3.279684109687104865e+02
3.075735726911345296e+02 3.278571090745753054e+02
3.065610811308197299e+02 3.277324730724592996e+02
3.055506453247674585e+02 3.275948561454168271e+02
3.045424246260567998e+02 3.274446221294754764e+02
3.035365367228693572e+02 3.272821235409570590e+02
3.025330973309366414e+02 3.271077079866828967e+02
3.015322268546179316e+02 3.269217474969716477e+02
3.005340174839146243e+02 3.267246209594032393e+02
2.995385561422321530e+02 3.265167046527035382e+02
2.985459207241098056e+02 3.262983721296509998e+02
2.975561794246445970e+02 3.260699948719725967e+02
2.965693892545666017e+02 3.258319562306666626e+02
2.955855959198395340e+02 3.255846496340701606e+02
2.946048344638906542e+02 3.253284631080993563e+02
2.936271329167203135e+02 3.250637839892634133e+02
2.926525084627028264e+02 3.247909986512551086e+02
2.916809669583576010e+02 3.245104930632069795e+02
2.907125061623813735e+02 3.242226492233696717e+02
2.897471140185023728e+02 3.239278536219160287e+02
2.887847675348623966e+02 3.236264887693945980e+02
2.878254419343784889e+02 3.233189217278715546e+02
2.868690906789013866e+02 3.230055269150771551e+02
2.859156786223007316e+02 3.226866523380052172e+02
2.849651416791343763e+02 3.223626543027025946e+02
2.840174306923507856e+02 3.220338736187703148e+02
2.830724602706628161e+02 3.217006577382188084e+02
2.821301743044687100e+02 3.213633253209164309e+02
2.811904752010080415e+02 3.210221845561678720e+02
2.802532865144477796e+02 3.206775356487108866e+02
2.793185201211764479e+02 3.203296706903660152e+02
2.783860597998559001e+02 3.199788822091674660e+02
2.774558111946990380e+02 3.196254431501038766e+02
2.765276775556478697e+02 3.192696001562684387e+02
2.756015258348901966e+02 3.189115981692545461e+02
2.746772474900075736e+02 3.185516792422836829e+02
2.737547200467690232e+02 3.181900740825478806e+02
2.728338637733872929e+02 3.178268700482164490e+02
2.719146301719276266e+02 3.174619716544301014e+02
2.709970049889019492e+02 3.170952723256289119e+02
2.700809683331572728e+02 3.167266608131113230e+02
2.691665036847237502e+02 3.163560241643385211e+02
2.682536025746924224e+02 3.159832524797174074e+02
2.673422407650419927e+02 3.156082405282163563e+02
2.664324068681791573e+02 3.152308848341051544e+02
2.655240945371187422e+02 3.148510796859627021e+02
2.646172977576811149e+02 3.144687168093817036e+02
2.637120112750610588e+02 3.140836916180825256e+02
2.628082291669430788e+02 3.136959061165292155e+02
2.619059477188590677e+02 3.133052612319099808e+02
2.610051659683258549e+02 3.129116561258765614e+02
2.601058905682704676e+02 3.125149883106898869e+02
2.592081123286783964e+02 3.121151561071599190e+02
2.583118367923248115e+02 3.117120684130717905e+02
2.574170660953855077e+02 3.113056308022821668e+02
2.565238045009141388e+02 3.108957470164446022e+02
2.556320584033583430e+02 3.104823190177485230e+02
2.547418348060811297e+02 3.100652500925672825e+02
2.538531399095098209e+02 3.096444473680486453e+02
2.529659815311202351e+02 3.092198166747465962e+02
2.520803686302282358e+02 3.087912619013639528e+02
2.511962263119852707e+02 3.083586797460964135e+02
2.503133928261131018e+02 3.079219934709009294e+02
2.494318268207745177e+02 3.074811979866965999e+02
2.485515061438728424e+02 3.070362952722650220e+02
2.476724059028088902e+02 3.065872845856653726e+02
2.467945027935120947e+02 3.061341647262561310e+02
2.459177795036124792e+02 3.056769333913812261e+02
2.450422196017458134e+02 3.052155842074909060e+02
2.441678084795737220e+02 3.047501091896015168e+02
2.432945332080878131e+02 3.042804989551549397e+02
2.424223825257809040e+02 3.038067427140287577e+02
2.415513485125718489e+02 3.033288257257794953e+02
2.406814289884710263e+02 3.028467259424726308e+02
2.398126242353727946e+02 3.023604192379683582e+02
2.389449409247310996e+02 3.018698798404207082e+02
2.380783765031208077e+02 3.013750793953578295e+02
2.372129415063878923e+02 3.008759878831228889e+02
2.363486545039551743e+02 3.003725625779973143e+02
2.354855370534654071e+02 2.998647579337790603e+02
2.346236129804936752e+02 2.993525275025498900e+02
2.337629107343953478e+02 2.988358228353779964e+02
2.329034616211181401e+02 2.983145894563913885e+02
2.320453082520136547e+02 2.977887613809141385e+02
2.311885014350222889e+02 2.972582692824158812e+02
2.303330936764806438e+02 2.967230425330445769e+02
2.294791440489350123e+02 2.961830044386082363e+02
2.286267354781373911e+02 2.956380547617023922e+02
2.277760464273201251e+02 2.950879860994317596e+02
2.269272800700910580e+02 2.945325697011939496e+02
2.260806463868340188e+02 2.939715865457720838e+02
2.252363613603844499e+02 2.934048243708922996e+02
2.243946479844028659e+02 2.928320583805813726e+02
2.235557452269187309e+02 2.922530828581789706e+02
2.227198937167759709e+02 2.916676839300247934e+02
2.218873423894797554e+02 2.910756469089324696e+02
2.210583543069004406e+02 2.904767821238957026e+02
2.202331820147623489e+02 2.898708733655936385e+02
2.194120963598228116e+02 2.892577584011958152e+02
2.185953497246506458e+02 2.886372411326694873e+02
2.177832206435210480e+02 2.880091598884912401e+02
2.169759848728509155e+02 2.873733480578120520e+02
2.161739096302804626e+02 2.867296223772397070e+02
2.153772774593845440e+02 2.860778778596266534e+02
2.145863396337244069e+02 2.854179727964088897e+02
2.138013641014046016e+02 2.847497776918485215e+02
2.130226291745587730e+02 2.840731736162169909e+02
2.122504152561483579e+02 2.833880598685435075e+02
2.114849694195206098e+02 2.826943465244837057e+02
2.107265422250141853e+02 2.819919600908828556e+02
2.099753893001438314e+02 2.812808301556119659e+02
2.092317714474435206e+02 2.805608895341844118e+02
2.084959492214454428e+02 2.798320789167563021e+02
2.077681617033362045e+02 2.790943637110079862e+02
2.070486441919536560e+02 2.783477173376386986e+02
2.063376286857378261e+02 2.775920967746467909e+02
2.056353811585636322e+02 2.768275157962131061e+02
2.049421375280354312e+02 2.760539459721468347e+02
2.042581155326739690e+02 2.752713523846164776e+02
2.035835816253828909e+02 2.744798014141536555e+02
2.029187401294247195e+02 2.736792437412875643e+02
2.022638647102376694e+02 2.728697455315193565e+02
2.016191711488089311e+02 2.720512613185395026e+02
2.009849379822310311e+02 2.712238624192005432e+02
2.003614061946476284e+02 2.703875554379500841e+02
1.997488338426024654e+02 2.695423637181345953e+02
1.991474886969668319e+02 2.686883194590900530e+02
1.985576469909937032e+02 2.678254580013098689e+02
1.979796036509061423e+02 2.669538122217491605e+02
1.974136656799605305e+02 2.660734177818490025e+02
1.968601479231282951e+02 2.651843165094188635e+02
1.963193599312544109e+02 2.642865164969367129e+02
1.957916663115976803e+02 2.633801288045509637e+02
1.952774197623298562e+02 2.624651338165472225e+02
1.947770454622189504e+02 2.615416208210520495e+02
1.942909369256173306e+02 2.606095872340109167e+02
1.938195380387579405e+02 2.596691299273617801e+02
1.933632546002814649e+02 2.587203345480381245e+02
1.929222707912816759e+02 2.577634087655620192e+02
1.924966729336480569e+02 2.567986212969060489e+02
1.920865471557623039e+02 2.558262157577761400e+02
1.916920103710954777e+02 2.548465170613089015e+02
1.913131482474027223e+02 2.538597328229973584e+02
1.909500975557495792e+02 2.528661734250001416e+02
1.906029761854630920e+02 2.518660448967178809e+02
1.902719443036177154e+02 2.508596623723415746e+02
1.899571479966824086e+02 2.498472756358619336e+02
1.896587471289310542e+02 2.488291410089807982e+02
1.893768988131415085e+02 2.478055416789075878e+02
1.891117632879065411e+02 2.467768024290867288e+02
1.888634918077417524e+02 2.457431249828603370e+02
1.886322855382162800e+02 2.447048946756629562e+02
1.884183222021330266e+02 2.436623604046056357e+02
1.882217765117497947e+02 2.426158436112247614e+02
1.880428148619900526e+02 2.415656767301052810e+02
1.878816164158769482e+02 2.405121448879720560e+02
1.877383853559539943e+02 2.394556542423813710e+02
1.876133235758038040e+02 2.383964735109218509e+02
1.875066304041341425e+02 2.373349883955529549e+02
1.874184935782909349e+02 2.362715453348531582e+02
1.873491191255651245e+02 2.352065310957746931e+02
1.872987279115318699e+02 2.341403146536175370e+02
1.872675605263525256e+02 2.330732656111882761e+02
1.872558561190952560e+02 2.320057671433598614e+02
1.872638540157142018e+02 2.309382328265818387e+02
1.872918063317914914e+02 2.298710837890562004e+02
1.873399857254930794e+02 2.288047227281809910e+02
1.874086837746073400e+02 2.277395730104289271e+02
1.874982038617210662e+02 2.266760602748952351e+02
1.876088537030713326e+02 2.256146417841530649e+02
1.877409483485973283e+02 2.245557832307196691e+02
1.878948296689921165e+02 2.234999156727429579e+02
1.880708316069325292e+02 2.224475444242713706e+02
1.882693125749099181e+02 2.213991302832164365e+02
1.884906295669566987e+02 2.203551767672336155e+02
1.887351312113583504e+02 2.193161934055956976e+02
1.890031873198869334e+02 2.182826482128701286e+02
1.892951016478121744e+02 2.172551162757147267e+02
1.896112153596392034e+02 2.162340728570744091e+02
1.899518409091994613e+02 2.152200472493110794e+02
1.903172520534892840e+02 2.142135632465088975e+02
1.907076767180527668e+02 2.132151337327813394e+02
1.911232920231608716e+02 2.122252555000180791e+02
1.915642491711299158e+02 2.112444180870743935e+02
1.920306314998743460e+02 2.102731269674100361e+02
1.925216266964427518e+02 2.093124419935834624e+02
1.930360839767874381e+02 2.083629711710053414e+02
1.935731173893540529e+02 2.074246276460042395e+02
1.941322085371954813e+02 2.064974924744556972e+02
1.947131806964090970e+02 2.055819041367395812e+02
1.953158036985154240e+02 2.046782217798970294e+02
1.959397728708076158e+02 2.037868165632479815e+02
1.965847234459600941e+02 2.029080618801076525e+02
1.972503029939232420e+02 2.020423258125447319e+02
1.979360620023015542e+02 2.011900543166035220e+02
1.986415863293234167e+02 2.003516402825991634e+02
1.993663911954397179e+02 1.995275125104323877e+02
2.001099612245592141e+02 1.987180973540765763e+02
2.008717753878029839e+02 1.979238033360018960e+02
2.016513070251823194e+02 1.971450297396271196e+02
2.024480029472217097e+02 1.963821875428967019e+02
2.032612906650449816e+02 1.956356909769108654e+02
2.040906603017100167e+02 1.949059240039590861e+02
2.049354539068591805e+02 1.941932888871355090e+02
2.057951748224230641e+02 1.934980453126305804e+02
2.066691385664591110e+02 1.928205445565047000e+02
2.075568031432430871e+02 1.921610697627746731e+02
2.084576314710701581e+02 1.915199182470697394e+02
2.093709730707984988e+02 1.908973556144636348e+02
2.102962854126264460e+02 1.902934982849554899e+02
2.112329163110019863e+02 1.897085054733012726e+02
2.121803254904381220e+02 1.891425003951161727e+02
2.131379549461974818e+02 1.885956232311162069e+02
2.141052974985359185e+02 1.880679334250814918e+02
2.150816804922410768e+02 1.875594250502997511e+02
2.160666343738374167e+02 1.870700276300510723e+02
2.170596302221709379e+02 1.865997053115564199e+02
2.180601553857718216e+02 1.861484236066300468e+02
2.190677042333015550e+02 1.857160988996999436e+02
2.200817700114682225e+02 1.853025646242894879e+02
2.211019803386154194e+02 1.849076319316224613e+02
2.221277590172995815e+02 1.845311612200558784e+02
2.231587644981092637e+02 1.841729677668533327e+02
2.241945788557677872e+02 1.838328741920564653e+02
2.252347956477647983e+02 1.835106654258171375e+02
2.262790286585351964e+02 1.832061243209415409e+02
2.273269377427415350e+02 1.829190346396816551e+02
2.283782025213783413e+02 1.826491878171862027e+02
2.294324500741193447e+02 1.823963906534918351e+02
2.304894006464102176e+02 1.821604510974045468e+02
2.315487834106629919e+02 1.819411878369818680e+02
2.326103058112470876e+02 1.817384287555068170e+02
2.336736932227991304e+02 1.815520044467453147e+02
2.347387012942002116e+02 1.813817764471648672e+02
2.358050737085360993e+02 1.812276712202740327e+02
2.368725797786194960e+02 1.810896251810036404e+02
2.379410787105583154e+02 1.809675822231982636e+02
2.390102006178212264e+02 1.808614957382111186e+02
2.400798846002242044e+02 1.807712546125610231e+02
2.411497798758396129e+02 1.806966233122103631e+02
2.422197226190089339e+02 1.806373411319349316e+02
2.432895098775373697e+02 1.805931561000503507e+02
2.443589413399025148e+02 1.805638199146593195e+02
2.454278274543746647e+02 1.805491192069995066e+02
2.464959889345295494e+02 1.805489253894516537e+02
2.475632514528233799e+02 1.805631259213560043e+02
2.486294445909683759e+02 1.805916113531120573e+02
2.496944535875178985e+02 1.806342821134150540e+02
2.507580325198871662e+02 1.806910456431319290e+02
2.518200718125970639e+02 1.807618577152273929e+02
2.528804139706648186e+02 1.808466848310994521e+02
2.539388792067298937e+02 1.809454929027907326e+02
2.549952947464747979e+02 1.810582481666788510e+02
2.560495784952448162e+02 1.811849343917258750e+02
2.571014638597542330e+02 1.813255161183282098e+02
2.581508443410378959e+02 1.814799744429825807e+02
2.591975562203464278e+02 1.816482899617979285e+02
2.602414347723128003e+02 1.818304447411267404e+02
2.612823155270836537e+02 1.820264084821499182e+02
2.623200376250353543e+02 1.822361063862660444e+02
2.633544417618739431e+02 1.824594554133422264e+02
2.643853693483037546e+02 1.826963737473264757e+02
2.654126623430878453e+02 1.829467807050407657e+02
2.664361662966111339e+02 1.832105707832899952e+02
2.674557401882701697e+02 1.834875451518044827e+02
2.684712559839385335e+02 1.837774868503516643e+02
2.694826016281268721e+02 1.840801858569482476e+02
2.704895979086657007e+02 1.843954132884090313e+02
2.714921588191068622e+02 1.847229274151744107e+02
2.724902289023726212e+02 1.850623697468612647e+02
2.734836510224527046e+02 1.854133162955833427e+02
2.744724292718311176e+02 1.857753864175186038e+02
2.754564594375528372e+02 1.861481719421009302e+02
2.764357196824844323e+02 1.865312568694340314e+02
2.774101857078454145e+02 1.869240954362547598e+02
2.783798815749964319e+02 1.873261215105231656e+02
2.793448056444742633e+02 1.877367576302764576e+02
2.803050383211299277e+02 1.881554580540644110e+02
2.812605794829717070e+02 1.885816278076925414e+02
2.822115609358436927e+02 1.890146405546594224e+02
2.831580718836798951e+02 1.894538328083625345e+02
2.841002299511582123e+02 1.898985460110898487e+02
2.850381977238646982e+02 1.903481431152893038e+02
2.859721236208143864e+02 1.908019806775129439e+02
2.869021776001237072e+02 1.912594130670423453e+02
2.878285645927225573e+02 1.917198089626711237e+02
2.887515041242536995e+02 1.921825490587966101e+02
2.896712102922307963e+02 1.926470060315682815e+02
2.905879172574139488e+02 1.931126281984455773e+02
2.915017603590258091e+02 1.935792090912225945e+02
2.924128379715431265e+02 1.940466675719097793e+02
2.933212512640105274e+02 1.945149298543394139e+02
2.942270946021358213e+02 1.949839146578682687e+02
2.951304734381776598e+02 1.954535620568408376e+02
2.960314694657757855e+02 1.959238688836440758e+02
2.969301563432900934e+02 1.963948565569288576e+02
2.978266071661912520e+02 1.968665496368098502e+02
2.987208943908276524e+02 1.973389796866698589e+02
2.996130870724979900e+02 1.978121768098107793e+02
3.005032457516922477e+02 1.982862058037667339e+02
3.013914231769290950e+02 1.987611449827142849e+02
3.022776703243432053e+02 1.992370753427891827e+02
3.031620364625437105e+02 1.997140805369299130e+02
3.040445685586126388e+02 2.001922482077076495e+02
3.049253071041543990e+02 2.006716788094912260e+02
3.058042862507718951e+02 2.011524824107407028e+02
3.066815423924918491e+02 2.016347670667534544e+02
3.075571068689022809e+02 2.021186449103937264e+02
3.084310091050982692e+02 2.026042309020285757e+02
3.093032760148486773e+02 2.030916430029678565e+02
3.101739320728004827e+02 2.035810018432962352e+02
3.110429994395666426e+02 2.040724304122042554e+02
3.119104979387633421e+02 2.045660540430845913e+02
3.127764584360606364e+02 2.050619908613718962e+02
3.136409767641687267e+02 2.055603063890527835e+02
3.145041436877497176e+02 2.060610298943612975e+02
3.153660309188384190e+02 2.065641871206479152e+02
3.162267080842347013e+02 2.070698063620166636e+02
3.170862416412822427e+02 2.075779176159874453e+02
3.179446956736200036e+02 2.080885513743720878e+02
3.188021316535395613e+02 2.086017391484849952e+02
3.196586064720371496e+02 2.091175154566188326e+02
3.205141758442671858e+02 2.096359160208781702e+02
3.213688938820281464e+02 2.101569763914252462e+02
3.222228073809346824e+02 2.106807378188136681e+02
3.230759594523661917e+02 2.112072454418562018e+02
3.239283902068588077e+02 2.117365460044693464e+02
3.247801356612428094e+02 2.122686895009465502e+02
3.256312291409584532e+02 2.128037276582090271e+02
3.264816965096202921e+02 2.133417183370487749e+02
3.273315546345857001e+02 2.138827295370282968e+02
3.281808169688899852e+02 2.144268305165531103e+02
3.290294926546546321e+02 2.149740964532278440e+02
3.298775873013116211e+02 2.155245969335858831e+02
3.307250921083198136e+02 2.160784194625370844e+02
3.315719848935748928e+02 2.166356665770188101e+02
3.324182389439371264e+02 2.171964504286511044e+02
3.332638188094372254e+02 2.177608629055467873e+02
3.341086859710072190e+02 2.183290177469190212e+02
3.349526775747477245e+02 2.189011733989581217e+02
3.357955141048307155e+02 2.194776720020984726e+02
3.366369113840511886e+02 2.200588637684427056e+02
3.374765784496797778e+02 2.206451118119319403e+02
3.383141896242361781e+02 2.212367248110479068e+02
3.391494423282400703e+02 2.218340588232647974e+02
3.399819934188097363e+02 2.224374177728869597e+02
3.408115113117074770e+02 2.230471302018233075e+02
3.416376377933418098e+02 2.236634939827540052e+02
3.424600198220464335e+02 2.242868219188511887e+02
3.432782904130556290e+02 2.249173703759400382e+02
3.440921225843137563e+02 2.255554294630986476e+02
3.449011311609580162e+02 2.262012048408013243e+02
3.457049712387600380e+02 2.268549638177843804e+02
3.465032683265591800e+02 2.275169439778036917e+02
3.472956539528669282e+02 2.281873201670729543e+02
3.480818100287062862e+02 2.288662720245635853e+02
3.488614011505379722e+02 2.295539607917561398e+02
3.496340861558142592e+02 2.302505463256058533e+02
3.503995027123203272e+02 2.309561545302129844e+02
3.511573363821624412e+02 2.316709088462569355e+02
3.519072946209208226e+02 2.323948858151520653e+02
3.526490812731753977e+02 2.331281560340118801e+02
3.533823944950186728e+02 2.338707856597821433e+02
3.541069274235956641e+02 2.346228356103280248e+02
3.548223968652989697e+02 2.353843484635418974e+02
3.555285444173297833e+02 2.361553372821424546e+02
3.562250953241291995e+02 2.369357834617194101e+02
3.569117904726866186e+02 2.377256964246720656e+02
3.575883731498017823e+02 2.385251042092199327e+02
3.582545529391469472e+02 2.393339476370960881e+02
3.589100933221381524e+02 2.401522207757636238e+02
3.595547347805463687e+02 2.409798854331665154e+02
3.601882179964888451e+02 2.418169102187302428e+02
3.608102630920922138e+02 2.426632279073702421e+02
3.614206125980136335e+02 2.435188358135976046e+02
3.620189635496689107e+02 2.443836758048182105e+02
3.626050115584235982e+02 2.452576880989717836e+02
3.631784593913575350e+02 2.461408356463018379e+02
3.637389927750652419e+02 2.470330602007535106e+02
3.642862674131442304e+02 2.479343099837979594e+02
3.648198979726772109e+02 2.488445521535516320e+02
3.653394909322897206e+02 2.497637613849453828e+02
3.658446142591679973e+02 2.506918292085605628e+02
3.663348714441717107e+02 2.516287401664736763e+02
3.668097745893331307e+02 2.525744226682030842e+02
3.672687580690562754e+02 2.535288618613601273e+02
3.677112205172012978e+02 2.544919882240731113e+02
3.681365683909672271e+02 2.554637678032055703e+02
3.685441798185516404e+02 2.564441131043044493e+02
3.689335501727331916e+02 2.574328530325900601e+02
3.693044041002131621e+02 2.584296904263123338e+02
3.696564845178373275e+02 2.594343059252455532e+02
3.699895290984880489e+02 2.604463786647257848e+02
3.703032733513630319e+02 2.614656150927576732e+02
3.705974116424722524e+02 2.624915930679460985e+02
3.708716664948517518e+02 2.635239978425686900e+02
3.711257324071124231e+02 2.645624612176877122e+02
3.713592871570550642e+02 2.656065655264104635e+02
3.715720094809034890e+02 2.666559178713320080e+02
3.717635891342146692e+02 2.677100504534155334e+02
3.719337821435886440e+02 2.687684763843458313e+02
3.720823484027422978e+02 2.698307573246052584e+02
3.722090133155043645e+02 2.708962757917950057e+02
3.723135225799019850e+02 2.719645352294587610e+02
3.723956492806586311e+02 2.730349418510910482e+02
3.724552842036485458e+02 2.741068481265610330e+02
3.724923321587854730e+02 2.751795983546524553e+02
3.725066900548056310e+02 2.762525249711795254e+02
3.724982502968977087e+02 2.773249027484770863e+02
3.724669571844102620e+02 2.783960083861470594e+02
3.724128825653041872e+02 2.794650721938020865e+02
3.723361216520740413e+02 2.805312963717815364e+02
3.722367646079797510e+02 2.815939082493650858e+02
3.721149174367595265e+02 2.826520455740787838e+02
3.719707115406574758e+02 2.837049169971867286e+02
3.718043612350002149e+02 2.847516701274316802e+02
3.716161097042453889e+02 2.857914513945941053e+02
3.714062173682221442e+02 2.868234117612612408e+02
3.711749416601762732e+02 2.878467285447731001e+02
3.709225774591957929e+02 2.888605410587481970e+02
3.706494224084907501e+02 2.898640339863086410e+02
3.703557959683499234e+02 2.908563964356524707e+02
3.700420404541918629e+02 2.918368395932916428e+02
3.697085395227740037e+02 2.928046053213011533e+02
3.693556654072251035e+02 2.937589724423398252e+02
3.689837173446638872e+02 2.946992430817766717e+02
3.685930117160626764e+02 2.956247644830531840e+02
3.681839042787343033e+02 2.965349436206038263e+02
3.677567738312214374e+02 2.974292328646615147e+02
3.673120496173081051e+02 2.983072140751667121e+02
3.668501835067771140e+02 2.991685162013623653e+02
3.663716480753574274e+02 3.000128912067232818e+02
3.658769373446248778e+02 3.008402342467520043e+02
3.653665561458146840e+02 3.016505429922898998e+02
