1.982272265969868386e+02 3.307535831282308436e+02
1.976221969736511141e+02 3.298792299519717517e+02
1.970446282547912631e+02 3.289909637221587104e+02
1.964941511453076828e+02 3.280903624769700855e+02
1.959700928840946688e+02 3.271787210152066336e+02
1.954716773626776387e+02 3.262572491026250532e+02
1.949980401954825311e+02 3.253270671016893516e+02
1.945482440759000440e+02 3.243891996865022520e+02
1.941212993643513300e+02 3.234445620136864363e+02
1.937161667355350687e+02 3.224940403776827225e+02
1.933317662930100198e+02 3.215383520202020691e+02
1.929670035820796841e+02 3.205781873993853424e+02
1.926207738529554092e+02 3.196141134430728243e+02
1.922919701527380312e+02 3.186466562291566333e+02
1.919794917956563154e+02 3.176762342360934213e+02
1.916822507069405788e+02 3.167032130280853721e+02
1.913991682407288977e+02 3.157278980280291307e+02
1.911291818862882508e+02 3.147505344953869439e+02
1.908712536382327869e+02 3.137713143107994824e+02
1.906243709159951720e+02 3.127903788792760338e+02
1.903875435639263571e+02 3.118078250192105543e+02
1.901598217247860134e+02 3.108236968060008394e+02
1.899402559467114884e+02 3.098380275512878370e+02
1.897279516156430361e+02 3.088507822865283856e+02
1.895220277441993346e+02 3.078619233463058436e+02
1.893216444118547486e+02 3.068713605980302646e+02
1.891259940878110797e+02 3.058789807009113701e+02
1.889342796346700197e+02 3.048846598409348871e+02
1.887458025440973586e+02 3.038882280992312417e+02
1.885606362843348620e+02 3.028894255422601418e+02
1.883793532000728987e+02 3.018879766209481659e+02
1.882025662426694907e+02 3.008836528807353261e+02
1.880309027561919208e+02 2.998762927719786830e+02
1.878650166059262006e+02 2.988657666766548573e+02
1.877056034065710151e+02 2.978519815195672322e+02
1.875533941901409776e+02 2.968349107961740287e+02
1.874091378588199177e+02 2.958145614915731016e+02
1.872736084690230030e+02 2.947909618850638935e+02
1.871475780338433879e+02 2.937642209640581541e+02
1.870318338054200069e+02 2.927344475274867364e+02
1.869271383741844375e+02 2.917017927992325781e+02
1.868342279071157463e+02 2.906664760602968158e+02
1.867538608881887683e+02 2.896286918152618455e+02
1.866868012866322601e+02 2.885886912037867091e+02
1.866338026960284822e+02 2.875467877413958036e+02
1.865955776078829160e+02 2.865032690919686047e+02
1.865727397238835010e+02 2.854584579616066549e+02
1.865659034962187661e+02 2.844126805973458545e+02
1.865756692009622384e+02 2.833663345796426825e+02
1.866026486282522114e+02 2.823197942794169535e+02
1.866474396879751509e+02 2.812734622257746651e+02
1.867105314135932019e+02 2.802277471729449303e+02
1.867923677143115526e+02 2.791830665775025864e+02
1.868934000802928210e+02 2.781398402629395719e+02
1.870140701638393352e+02 2.770985359337765885e+02
1.871548177129657518e+02 2.760596230285619299e+02
1.873158853521791514e+02 2.750235311785755812e+02
1.874972197285661650e+02 2.739906380059313165e+02
1.876987561832164886e+02 2.729612984011765207e+02
1.879204265677080912e+02 2.719358907230506475e+02
1.881621559745989316e+02 2.709148089682434488e+02
1.884239069611525395e+02 2.698984066572378424e+02
1.887057571990864346e+02 2.688870384324575866e+02
1.890077494049655797e+02 2.678812239338348604e+02
1.893300041228712587e+02 2.668813102854102794e+02
1.896725980195474506e+02 2.658877782402522598e+02
1.900356322518401839e+02 2.649010693605375764e+02
1.904192626327829885e+02 2.639217041286058816e+02
1.908237775602472084e+02 2.629501746515946934e+02
1.912493979810364806e+02 2.619871362258357408e+02
1.916963988195824697e+02 2.610331482077053806e+02
1.921650324578004359e+02 2.600888488995312287e+02
1.926555676498377920e+02 2.591549207107085522e+02
1.931682510013237959e+02 2.582322822041971904e+02
1.937031391660765962e+02 2.573220650847388811e+02
1.942603629872315310e+02 2.564251151791940515e+02
1.948400398400704034e+02 2.555422431823388081e+02
1.954422832798681782e+02 2.546742392444884331e+02
1.960671596946960733e+02 2.538219969191276277e+02
1.967147995951516748e+02 2.529863531858151475e+02
1.973852665789692082e+02 2.521682056033043580e+02
1.980786278767634485e+02 2.513684112329142977e+02
1.987948722566568165e+02 2.505878823617794637e+02
1.995336593285468041e+02 2.498272703108923736e+02
2.002933851072203026e+02 2.490864675455362374e+02
2.010721597009029438e+02 2.483651283745652449e+02
2.018681470039892929e+02 2.476627857137570174e+02
2.026795429596143947e+02 2.469788870530954910e+02
2.035045646074879357e+02 2.463127778969293900e+02
2.043411827092913597e+02 2.456635126855565261e+02
2.051871809490965859e+02 2.450298731730654822e+02
2.060403997442348327e+02 2.444105274635775231e+02
2.068987458574115408e+02 2.438040397330765074e+02
2.077601938574372014e+02 2.432088752102335718e+02
2.086228572618491626e+02 2.426234621003116274e+02
2.094851226702621432e+02 2.420463090455255610e+02
2.103454760500549128e+02 2.414758741047494937e+02
2.112024570159422581e+02 2.409105604354303978e+02
2.120546643320606108e+02 2.403487086577837033e+02
2.129007834375172763e+02 2.397886311651707842e+02
2.137399498215903293e+02 2.392289435610855719e+02
2.145716062219245828e+02 2.386684935789765234e+02
2.153952474663464898e+02 2.381060840102005614e+02
2.162103697500081694e+02 2.375405382343938356e+02
2.170165010035574085e+02 2.369706604700142236e+02
2.178132681774534944e+02 2.363953238001617478e+02
2.186005016509389804e+02 2.358135845392005194e+02
2.193780673475906440e+02 2.352245326218256309e+02
2.201458363788825352e+02 2.346272665277286933e+02
2.209036823452618137e+02 2.340208961671544330e+02
2.216515473199386008e+02 2.334045905322238070e+02
2.223899343559204738e+02 2.327781617565026977e+02
2.231196596593995025e+02 2.321418071863932937e+02
2.238415115410528813e+02 2.314957672749361848e+02
2.245562450987088425e+02 2.308403214741833835e+02
2.252645852996878091e+02 2.301757815759359289e+02
2.259671253454400812e+02 2.295023639533634991e+02
2.266642164878323342e+02 2.288200764996759347e+02
2.273561688035754855e+02 2.281289170088312801e+02
2.280432738904134453e+02 2.274289028292746480e+02
2.287258021002773773e+02 2.267200740168408402e+02
2.294040112115445993e+02 2.260024908922566453e+02
2.300781795146422724e+02 2.252762408035892463e+02
2.307485542634918261e+02 2.245414656362878816e+02
2.314153681308438308e+02 2.237983256695594037e+02
2.320788690327153745e+02 2.230469588208469531e+02
2.327392452662324160e+02 2.222875653856129645e+02
2.333968018905291046e+02 2.215204489023750796e+02
2.340519618956118677e+02 2.207461545038477482e+02
2.347051574897511728e+02 2.199652471362536232e+02
2.353567898015667765e+02 2.191783211138008767e+02
2.360072588883266462e+02 2.183859648654370460e+02
2.366569612418317092e+02 2.175888387161997741e+02
2.373064768216632956e+02 2.167878517587220699e+02
2.379564337332395780e+02 2.159840298699875802e+02
2.386074444247686301e+02 2.151784123832583191e+02
2.392601090539124300e+02 2.143720494334086197e+02
2.399150180270507065e+02 2.135659980476160626e+02
2.405728190254921230e+02 2.127614253924868990e+02
2.412342460351661657e+02 2.119596390641625021e+02
2.419000312956083292e+02 2.111619627283510852e+02
2.425709006591506522e+02 2.103697252021007955e+02
2.432475757654178778e+02 2.095842590441848472e+02
2.439307420441357124e+02 2.088068498542814666e+02
2.446209114849051502e+02 2.080385320871203021e+02
2.453185445666711928e+02 2.072802586656458743e+02
2.460241073145276971e+02 2.065329800181633004e+02
2.467380730381556759e+02 2.057976432627446854e+02
2.474610773813014930e+02 2.050751560980598356e+02
2.481941107690674642e+02 2.043662171819382820e+02
2.489378212752994841e+02 2.036715628471815762e+02
2.496927588754728617e+02 2.029919833170029335e+02
2.504594559338145530e+02 2.023282810821330315e+02
2.512384197970858679e+02 2.016812734443256545e+02
2.520301583155534786e+02 2.010518031725952426e+02
2.528352005090995931e+02 2.004407966127041618e+02
2.536540550746926783e+02 1.998492159962044354e+02
2.544872251593731960e+02 1.992780321969007389e+02
2.553351699113787276e+02 1.987282424573875232e+02
2.561983421750450702e+02 1.982008750284342113e+02
2.570774163380348227e+02 1.976973468246912375e+02
2.579732299536140090e+02 1.972194568124334353e+02
2.588866207197507379e+02 1.967690300961990886e+02
2.598183527352034616e+02 1.963479340653595955e+02
2.607691538910342501e+02 1.959580591508147336e+02
2.617392939404359140e+02 1.956006639734809482e+02
2.627275934330136806e+02 1.952748243369593695e+02
2.637326052112202319e+02 1.949791468630778581e+02
2.647528625414050225e+02 1.947122466957241613e+02
2.657868936800053348e+02 1.944727353939296961e+02
2.668332023507825284e+02 1.942591579479950212e+02
2.678897379883435974e+02 1.940691235887955486e+02
2.689540467965588277e+02 1.938994907910404208e+02
2.700237138556609011e+02 1.937470695387547721e+02
2.710963728503199945e+02 1.936086391285008119e+02
2.721697141919642036e+02 1.934809451000716081e+02
2.732415356996319815e+02 1.933607567832566190e+02
2.743098058493933991e+02 1.932449995977312369e+02
2.753725855221647976e+02 1.931305885028728255e+02
2.764280159306881046e+02 1.930143941883960679e+02
2.774743268315756950e+02 1.928932402819082768e+02
2.785099024879615399e+02 1.927640124941336524e+02
2.795338862175313466e+02 1.926248508762085692e+02
2.805459118617694685e+02 1.924747070116238774e+02
2.815456670660250893e+02 1.923125302480200105e+02
2.825329024947977246e+02 1.921372452402462443e+02
2.835074540239764929e+02 1.919477391583154997e+02
2.844693167444485766e+02 1.917431676643040532e+02
2.854187829789631792e+02 1.915233018809806254e+02
2.863563621229968135e+02 1.912879034532792559e+02
2.872824214038025161e+02 1.910368325029633070e+02
2.881975631327144356e+02 1.907698419664893379e+02
2.891022831435975604e+02 1.904868948951446725e+02
2.899977258098630841e+02 1.901888193536356368e+02
2.908850701526142757e+02 1.898770653601638685e+02
2.917655331288676166e+02 1.895530941373174585e+02
2.926403283698090831e+02 1.892183876634206570e+02
2.935106650160201980e+02 1.888744432620329690e+02
2.943775844736538261e+02 1.885225038820252621e+02
2.952419634385636869e+02 1.881632738635046564e+02
2.961046656806586839e+02 1.877974213730285555e+02
2.969665574777877168e+02 1.874256418927569428e+02
2.978285770682431348e+02 1.870486278711957766e+02
2.986916202167436722e+02 1.866671620784932202e+02
2.995566417724380699e+02 1.862823801330424658e+02
3.004246891422662884e+02 1.858955609343879587e+02
3.012967433185098116e+02 1.855080298992806149e+02
3.021737078445755742e+02 1.851211681334807224e+02
3.030565332713861153e+02 1.847363739382054462e+02
3.039461291599595825e+02 1.843555113654274749e+02
3.048433666817880976e+02 1.839811316383400310e+02
3.057491211928361281e+02 1.836158400472275503e+02
3.066639860163302274e+02 1.832623152071808192e+02
3.075884314645896893e+02 1.829232668748059893e+02
3.085227624543134084e+02 1.826014958661705236e+02
3.094671269464828924e+02 1.823001797628303677e+02
3.104214002795932288e+02 1.820226479736844851e+02
3.113852188565383017e+02 1.817722264111613129e+02
3.123579510104621022e+02 1.815522239096171404e+02
3.133386892831130695e+02 1.813658798956283249e+02
3.143263104124637835e+02 1.812150990051419797e+02
3.153196582850063692e+02 1.811001005983374341e+02
3.163175280281624850e+02 1.810209420961340925e+02
3.173186911279696574e+02 1.809776153378015522e+02
3.183219461848999572e+02 1.809699496353072448e+02
3.193261298058953344e+02 1.809973618277209653e+02
3.203299838960259081e+02 1.810589574642322646e+02
3.213323107849255393e+02 1.811537814156632180e+02
3.223320188302013207e+02 1.812808269489398754e+02
3.233281071166750849e+02 1.814390855807779133e+02
3.243196664086031547e+02 1.816275096851070998e+02
3.253058821021344897e+02 1.818450665728900901e+02
3.262860191883399921e+02 1.820906823373689463e+02
3.272594337243450013e+02 1.823632952866506685e+02
3.282255582789888990e+02 1.826618487543302933e+02
3.291838998409992314e+02 1.829852923501547366e+02
3.301340365666286516e+02 1.833325865872473912e+02
3.310756126947874805e+02 1.837027088999680871e+02
3.320083360124897922e+02 1.840946525632618318e+02
3.329319747230409234e+02 1.845074277367363322e+02
3.338463540440445172e+02 1.849400632803929909e+02
3.347513528995643810e+02 1.853916087086062703e+02
3.356469000864142913e+02 1.858611531690387153e+02
3.365329632928589376e+02 1.863477735813073082e+02
3.374095685702104106e+02 1.868506028645882111e+02
3.382767727326976228e+02 1.873687858802198889e+02
3.391346747983236014e+02 1.879014914415309363e+02
3.399833879992986567e+02 1.884479533298292893e+02
3.408229821010295950e+02 1.890075569473943631e+02
3.416535360088034849e+02 1.895797086505267544e+02
3.424751531346420848e+02 1.901638512085307582e+02
3.432879490295453024e+02 1.907594524223368069e+02
3.440920607656670427e+02 1.913659795020160459e+02
3.448876447752311947e+02 1.919829319463378283e+02
3.456748706402051425e+02 1.926098270600009528e+02
3.464539226167198649e+02 1.932462016163440239e+02
3.472249987658070722e+02 1.938916119521168753e+02
3.479883100526337785e+02 1.945456339897412477e+02
3.487440794083346987e+02 1.952078633782168708e+02
3.494925407884628044e+02 1.958779156907021957e+02
3.502339386238645602e+02 1.965554262247978556e+02
3.509685271619346736e+02 1.972400500243406611e+02
3.516965685408976015e+02 1.979314636411172330e+02
3.524183316177448546e+02 1.986293653516321172e+02
3.531340992396615093e+02 1.993334651237873913e+02
3.538441590865254511e+02 2.000434985555384628e+02
3.545488045201814771e+02 2.007592220873994506e+02
3.552483294021557185e+02 2.014804200733193227e+02
3.559430453181904568e+02 2.022068796254990275e+02
3.566332627794236032e+02 2.029384218882347852e+02
3.573192832710985272e+02 2.036749040073398191e+02
3.580014247758159627e+02 2.044161796782594251e+02
3.586800047711284378e+02 2.051621417876175713e+02
3.593553374339986703e+02 2.059127104542330926e+02
3.600276613463445869e+02 2.066678701810852488e+02
3.606964793353870391e+02 2.074282010942031604e+02
3.613609043350387537e+02 2.081944963363146712e+02
3.620200060848663384e+02 2.089675248786393524e+02
3.626728075846735919e+02 2.097480191753569443e+02
3.633182937117096571e+02 2.105366383817247424e+02
3.639554184071927239e+02 2.113340446999669382e+02
3.645831056300993396e+02 2.121407683438695244e+02
3.652002562996793245e+02 2.129573741940115497e+02
3.658057206313815186e+02 2.137842990608980642e+02
3.663983290564577260e+02 2.146219927633136990e+02
3.669768733929400355e+02 2.154707993708551896e+02
3.675401685615104839e+02 2.163310098698787840e+02
3.680870146278584798e+02 2.172028434342435901e+02
3.686161894911003287e+02 2.180863237206332883e+02
3.691265056286047184e+02 2.189813375027581799e+02
3.696168256101864245e+02 2.198877680179038805e+02
3.700860321849632442e+02 2.208055733296653216e+02
3.705329850326102132e+02 2.217345177955308202e+02
3.709565604836843136e+02 2.226744635319522558e+02
3.713555988304417497e+02 2.236250972747624814e+02
3.717289511993509450e+02 2.245861472543187176e+02
3.720754249214561469e+02 2.255572576100974231e+02
3.723937063371780596e+02 2.265380484169272393e+02
3.726824344577815395e+02 2.275281696884233043e+02
3.729402328026566238e+02 2.285270843255633793e+02
3.731657344073736908e+02 2.295343052659782472e+02
3.733575905220208142e+02 2.305492166124093956e+02
3.735155877997365792e+02 2.315708007298801476e+02
3.736408386924956062e+02 2.325977366970205367e+02
3.737345574528696943e+02 2.336287170202238315e+02
3.737980010466865224e+02 2.346624911479049160e+02
3.738324561172743188e+02 2.356979034218606159e+02
3.738392944666663880e+02 2.367338454520826190e+02
3.738201961614859101e+02 2.377692111073839101e+02
3.737769448736004847e+02 2.388029784622054592e+02
3.737113465714809877e+02 2.398342179225442408e+02
3.736252296031467495e+02 2.408620890219874013e+02
3.735204437820573276e+02 2.418858440024702645e+02
3.733988864411787176e+02 2.429048256918520963e+02
3.732624985469792023e+02 2.439184712872724390e+02
3.731132337337256217e+02 2.449263187847919028e+02
3.729530538863395464e+02 2.459280091459191624e+02
3.727839257615307247e+02 2.469232885117556293e+02
3.726077258241971322e+02 2.479120150615795524e+02
3.724260125877954692e+02 2.488941623157028573e+02
3.722402699952464786e+02 2.498697936658641652e+02
3.720519636536508301e+02 2.508390397704164911e+02
3.718625559660630984e+02 2.518021604955272323e+02
3.716734819208090812e+02 2.527594968811150977e+02
3.714859417586624772e+02 2.537114154798858863e+02
3.713009691554073584e+02 2.546584594937156680e+02
3.711195568180561395e+02 2.556011616358509286e+02
3.709426694238113100e+02 2.565401883633028319e+02
3.707712294183868380e+02 2.574762353580018157e+02
3.706056046912066790e+02 2.584101063032707657e+02
3.704446614802642443e+02 2.593423285930135762e+02
3.702869831081583811e+02 2.602734296920440329e+02
3.701311326790490739e+02 2.612038686881386411e+02
3.699756502925341692e+02 2.621339912873148137e+02
3.698190631212171411e+02 2.630640989778414678e+02
3.696600161220994778e+02 2.639944527632174527e+02
3.694972259409054232e+02 2.649252712845738529e+02
3.693293932927392120e+02 2.658567123899213129e+02
3.691552037561727957e+02 2.667888701019009545e+02
3.689733303359254819e+02 2.677217717070112712e+02
3.687823916101953614e+02 2.686553299801728940e+02
3.685808929035451911e+02 2.695894106142678197e+02
3.683673392907526249e+02 2.705237551085792802e+02
3.681402453336996814e+02 2.714579545111511152e+02
3.678981223589591991e+02 2.723916129733250955e+02
3.676395086410492468e+02 2.733241428876568193e+02
3.673628327213615989e+02 2.742548328001192885e+02
3.670665045918234455e+02 2.751828966762334971e+02
3.667490846066790482e+02 2.761081300081260679e+02
3.664096046291360835e+02 2.770298108486616684e+02
3.660473636009772918e+02 2.779468761347138752e+02
3.656617669625528038e+02 2.788580830168569378e+02
3.652522713430918770e+02 2.797621706378054682e+02
3.648184399411598520e+02 2.806578100975959842e+02
3.643599187632402163e+02 2.815436023147244669e+02
3.638764437583741369e+02 2.824181773046433932e+02
3.633679301188985846e+02 2.832801638115557807e+02
3.628351347639476785e+02 2.841288550811319737e+02
3.622791600468042361e+02 2.849638406226255256e+02
3.617011105561327895e+02 2.857848236356019243e+02
3.611020577151415978e+02 2.865915540925833511e+02
3.604830557654618133e+02 2.873838640830995246e+02
3.598451421680547924e+02 2.881616581086653923e+02
3.591893319107556408e+02 2.889249123037078562e+02
3.585166064645223969e+02 2.896736605873309145e+02
3.578279095091585305e+02 2.904079882045217005e+02
3.571241529434743143e+02 2.911280306237256923e+02
3.564062049074043443e+02 2.918339652143995977e+02
3.556748916443958137e+02 2.925260041214237390e+02
3.549310033565031404e+02 2.932043940365377352e+02
3.541752932921442607e+02 2.938694139839672061e+02
3.534084764836183012e+02 2.945213705984830312e+02
3.526312312409301626e+02 2.951605942081695275e+02
3.518441946960519431e+02 2.957874317239143807e+02
3.510479851481400715e+02 2.964022540940665635e+02
3.502431705889668478e+02 2.970054440093695689e+02
3.494303020584536625e+02 2.975974011107858246e+02
3.486098924404709578e+02 2.981785353765103537e+02
3.477824363670020489e+02 2.987492725103114708e+02
3.469483927472275013e+02 2.993100430201856170e+02
3.461082097284686370e+02 2.998612952437915169e+02
3.452623042573984549e+02 3.004034808870401889e+02
3.444110709743588359e+02 3.009370540355594699e+02
3.435548938395153300e+02 3.014624877477655787e+02
3.426942582808521252e+02 3.019804321109409102e+02
3.418297593075996588e+02 3.024917311652721423e+02
3.409619759956718781e+02 3.029972460482152314e+02
3.400914671890638488e+02 3.034978433387099699e+02
3.392187745019076601e+02 3.039943977560408825e+02
3.383444238199222696e+02 3.044877855129557815e+02
3.374689243896227708e+02 3.049788805077944858e+02
3.365927740804787049e+02 3.054685577467488429e+02
3.357164626362563808e+02 3.059576937405456647e+02
3.348404739107281785e+02 3.064471657319321025e+02
3.339652877190237064e+02 3.069378503987309728e+02
3.330913754776180440e+02 3.074306130690104624e+02
3.322192032634248449e+02 3.079263081925013239e+02
3.313492399996393374e+02 3.084257878006158080e+02
3.304819598897013861e+02 3.089299011124787171e+02
3.296178444478262008e+02 3.094394944126124756e+02
3.287573848925407560e+02 3.099554088084070145e+02
3.279010830951470439e+02 3.104784786315044016e+02
3.270494674353142841e+02 3.110094958297231642e+02
3.262032033935767572e+02 3.115488382748861227e+02
3.253627737196613339e+02 3.120967901477519604e+02
3.245284731031590582e+02 3.126537545109607663e+02
3.237006018253716775e+02 3.132201678246775032e+02
3.228794647780072751e+02 3.137964903155239540e+02
3.220653577655219237e+02 3.143831870423368855e+02
3.212585657274352684e+02 3.149807287724457865e+02
3.204593616860847760e+02 3.155895911972365866e+02
3.196677995494766833e+02 3.162099418437334748e+02
3.188833935438772187e+02 3.168411470071570761e+02
3.181055637627905526e+02 3.174824508160842242e+02
3.173337203544074896e+02 3.181331027025066760e+02
3.165672650119665263e+02 3.187923549633962921e+02
3.158055868866853189e+02 3.194594569986765009e+02
3.150480213829051763e+02 3.201335869309527311e+02
3.142938691823616750e+02 3.208138778121349901e+02
3.135424278926196280e+02 3.214994643645774204e+02
3.127929915917662811e+02 3.221894783894726970e+02
3.120448535385062314e+02 3.228830503215419867e+02
3.112972945086984282e+02 3.235792857927697241e+02
3.105495661548266639e+02 3.242772388989358205e+02
3.098009180418605411e+02 3.249759517808377609e+02
3.090506117141782738e+02 3.256744602128384258e+02
3.082979112348730837e+02 3.263717936602213854e+02
3.075420948330727811e+02 3.270669791148050649e+02
3.067824866463787998e+02 3.277590919285233895e+02
3.060184397659337492e+02 3.284472267280332289e+02
3.052493190489459494e+02 3.291304677326452861e+02
3.044745097522046535e+02 3.298078863025952501e+02
3.036934083529260988e+02 3.304785446575005494e+02
3.029054778477993750e+02 3.311415708610390993e+02
3.021102794460584846e+02 3.317962187100159781e+02
3.013073999923822726e+02 3.324417435918941237e+02
3.004964453658892580e+02 3.330773883630403702e+02
2.996770419822595386e+02 3.337023829602809997e+02
2.988488666764505410e+02 3.343159959724951591e+02
2.980118083493115364e+02 3.349178347131429518e+02
2.971658493106568244e+02 3.355076437272429644e+02
2.963109795825224637e+02 3.360851625890068703e+02
2.954472189686230763e+02 3.366501190089894635e+02
2.945745867683280039e+02 3.372022406063504150e+02
2.936931162463902751e+02 3.377412372016685822e+02
2.928028489850668734e+02 3.382667991795344733e+02
2.919038420286816518e+02 3.387786106543320557e+02
2.909961688518728238e+02 3.392763510431195186e+02
2.900799197512756677e+02 3.397596956246043760e+02
2.891551832409457461e+02 3.402283052505290470e+02
2.882220680992127768e+02 3.406817527222978015e+02
2.872806601291083552e+02 3.411195947920998606e+02
2.863310756829516208e+02 3.415413809032211816e+02
2.853734538665235618e+02 3.419466580286027693e+02
2.844079551883935437e+02 3.423349692622706471e+02
2.834347300953346007e+02 3.427057753340760087e+02
2.824539166417565070e+02 3.430584388035950383e+02
2.814656735942267574e+02 3.433923165997296678e+02
2.804702089471465456e+02 3.437067613896649618e+02
2.794677442125407651e+02 3.440011325679486163e+02
2.784585176401675994e+02 3.442747450949605081e+02
2.774427330677300461e+02 3.445267166254332665e+02
2.764206156316419651e+02 3.447561118084346390e+02
2.753924320553962843e+02 3.449619978867014538e+02
2.743584823639329784e+02 3.451434466013274118e+02
2.733191356257513007e+02 3.452995680168237982e+02
2.722750268973272227e+02 3.454302900471629982e+02
2.712270139900500681e+02 3.455363587123572415e+02
2.701759402420578908e+02 3.456185808816331360e+02
2.691225983545779172e+02 3.456777904614950216e+02
2.680677928192029071e+02 3.457148458520366034e+02
2.670122992245675846e+02 3.457307656031153442e+02
2.659568997021933114e+02 3.457270319701984818e+02
2.649024455734397634e+02 3.457052588189121138e+02
2.638495828424153729e+02 3.456670912327988958e+02
2.627990069123458738e+02 3.456142044847599664e+02
2.617512581907515710e+02 3.455483132839250402e+02
2.607068457199479781e+02 3.454712874975386967e+02
2.596662376421865588e+02 3.453851467745893160e+02
2.586297837424815498e+02 3.452919344939679149e+02
2.575977551622581814e+02 3.451937148064310463e+02
2.565703412003225594e+02 3.450926074228370339e+02
2.555476014971644645e+02 3.449907077763457437e+02
2.545294761405140491e+02 3.448899032950127435e+02
2.535158420633159153e+02 3.447920284977184338e+02
2.525065111929253021e+02 3.446989137769851936e+02
2.515012404859905359e+02 3.446123664417009991e+02
2.504997306343509251e+02 3.445341575780710741e+02
2.495015868004795436e+02 3.444659328834478629e+02
2.485063933332483259e+02 3.444092023131922815e+02
2.475136272668071911e+02 3.443654817529175602e+02
2.465227622475626674e+02 3.443362384733674730e+02
2.455331491417961445e+02 3.443229425479341330e+02
2.445441383905833845e+02 3.443261948214223480e+02
2.435550003167904833e+02 3.443446742245531595e+02
2.425651030096908300e+02 3.443767447500745220e+02
2.415738510983350409e+02 3.444207470975997580e+02
2.405806932125085780e+02 3.444750092751678494e+02
2.395851683494755093e+02 3.445378125514726548e+02
2.385868290681737562e+02 3.446073855635327732e+02
2.375853240003446274e+02 3.446818955835349243e+02
2.365803474483317075e+02 3.447594892746114965e+02
2.355716492568060687e+02 3.448383062868803677e+02
2.345590575157032163e+02 3.449164468848553611e+02
2.335424561948000246e+02 3.449919454113954203e+02
2.325218297178860496e+02 3.450626383876688124e+02
2.314972436276679559e+02 3.451263672562544116e+02
2.304688365044980856e+02 3.451809303718364390e+02
2.294368501586234288e+02 3.452241402017024825e+02
2.284016050232649491e+02 3.452538067692605637e+02
2.273634857381288157e+02 3.452678063299318296e+02
2.263230023184536037e+02 3.452640829694672107e+02
2.252807274001146993e+02 3.452405630958336360e+02
2.242373480894165709e+02 3.451951772622617796e+02
2.231936621305301003e+02 3.451258656485925940e+02
2.221505432831491191e+02 3.450307338231902463e+02
2.211089116634519200e+02 3.449081457167541771e+02
2.200697885046949409e+02 3.447565029164798034e+02
2.190343081204617590e+02 3.445742283112680866e+02
2.180037250089501981e+02 3.443597725851608402e+02
2.169793056881299265e+02 3.441118029191059691e+02
2.159620676850263408e+02 3.438303939815133390e+02
2.149527395387308388e+02 3.435160497944875146e+02
2.139521690937181972e+02 3.431693366781938153e+02
2.129611005997536779e+02 3.427907536868528382e+02
2.119804301534778403e+02 3.423808913620641192e+02
2.110109831248036016e+02 3.419401856421040975e+02
2.100537112949537573e+02 3.414689863299250305e+02
2.091095969214557044e+02 3.409676568709910498e+02
2.081796485308704803e+02 3.404365870942072547e+02
2.072648996579348477e+02 3.398761978157633621e+02
2.063664035849692766e+02 3.392869328360816894e+02
2.054852262606801219e+02 3.386692147325076121e+02
2.046225759795601675e+02 3.380236227102882367e+02
2.037794861272208493e+02 3.373506084623711558e+02
2.029572121988717868e+02 3.366508818839146784e+02
2.021568250246994864e+02 3.359250370185206407e+02
2.013795214777762794e+02 3.351738582003129636e+02
2.006264355520855531e+02 3.343981734712051548e+02
1.998986590036752489e+02 3.335988656832111019e+02
1.991972599064053782e+02 3.327769121780088994e+02
1.985232493904620412e+02 3.319333697615618917e+02
