1.977208695977151649e+02 3.312108900921551253e+02
1.971197052346802536e+02 3.303068535839061042e+02
1.965513086969559993e+02 3.293865743683657570e+02
1.960154037417310917e+02 3.284522419834635798e+02
1.955112934418955319e+02 3.275056605363707831e+02
1.950381312138662508e+02 3.265485175000976596e+02
1.945949402760049338e+02 3.255823767561228124e+02
1.941806330379368148e+02 3.246086696442247330e+02
1.937940351093583899e+02 3.236286777497234084e+02
1.934339034824239150e+02 3.226436330519568969e+02
1.930989184700458452e+02 3.216545401807258031e+02
1.927877352903223311e+02 3.206623581748307288e+02
1.924989705665011854e+02 3.196678829881855677e+02
1.922312038935553460e+02 3.186718544247433442e+02
1.919830028277740439e+02 3.176748681209830920e+02
1.917529408781103655e+02 3.166774384827636482e+02
1.915395951915213004e+02 3.156799901398684938e+02
1.913415570115127764e+02 3.146828600949152701e+02
1.911574617613198654e+02 3.136863002350036709e+02
1.909859868804479675e+02 3.126904860840976994e+02
1.908258342439573596e+02 3.116955302732231985e+02
1.906757507185490965e+02 3.107014858591014672e+02
1.905344808271613033e+02 3.097083570415707641e+02
1.904008373844120854e+02 3.087160981215324682e+02
1.902736493405666920e+02 3.077246115743778887e+02
1.901517980067927454e+02 3.067337662185074691e+02
1.900341996409284206e+02 3.057433923578373651e+02
1.899197820308868359e+02 3.047532804232027956e+02
1.898075695927551862e+02 3.037631904236850460e+02
1.896972508437588658e+02 3.027727877182179554e+02
1.895889471966486042e+02 3.017817154889156086e+02
1.894828233619892615e+02 3.007896523930559169e+02
1.893790605343646121e+02 2.997963057025897342e+02
1.892778722739271586e+02 2.988014204934599434e+02
1.891795105889964645e+02 2.978047714824089098e+02
1.890842499723449066e+02 2.968061582307894923e+02
1.889923861696837832e+02 2.958054113188470637e+02
1.889042449043672605e+02 2.948023874610065604e+02
1.888201548336231212e+02 2.937969693388606629e+02
1.887404737404347941e+02 2.927890630399635370e+02
1.886656157838314698e+02 2.917785985609116892e+02
1.885960148337282760e+02 2.907655380825836460e+02
1.885321308155093618e+02 2.897498574110450136e+02
1.884744352881175473e+02 2.887315594139999462e+02
1.884233977681939507e+02 2.877106797836676719e+02
1.883795216693531245e+02 2.866872629578801366e+02
1.883433457114472844e+02 2.856613837233498998e+02
1.883154260739793244e+02 2.846331323365435537e+02
1.882963130247368042e+02 2.836026419298561905e+02
1.882865700416688810e+02 2.825700486118572030e+02
1.882867661602313660e+02 2.815355126921154465e+02
1.882974647009414184e+02 2.804992148949928037e+02
1.883192297198928600e+02 2.794613552273457913e+02
1.883526358280709587e+02 2.784221456020048322e+02
1.883982541284359229e+02 2.773818362652335168e+02
1.884566632074506742e+02 2.763406900959720360e+02
1.885285852345699311e+02 2.752990133497512488e+02
1.886149424107807704e+02 2.742571912384312895e+02
1.887166795390692755e+02 2.732156368719627153e+02
1.888347340153109997e+02 2.721748172413509224e+02
1.889700308545685914e+02 2.711352497141571121e+02
1.891234764300830875e+02 2.700974454833823302e+02
1.892958267070656859e+02 2.690618773874625731e+02
1.894877154881215802e+02 2.680291557572512602e+02
1.896998421131531529e+02 2.669997649767669259e+02
1.899328625079407971e+02 2.659743253943568106e+02
1.901874475306742909e+02 2.649534423862086214e+02
1.904642248064253067e+02 2.639377840256203172e+02
1.907638366657718052e+02 2.629279645296102217e+02
1.910868486186364805e+02 2.619247683546058170e+02
1.914338773912521106e+02 2.609288940118411801e+02
1.918055142755942484e+02 2.599411290087497264e+02
1.922023771433122761e+02 2.589623218776991962e+02
1.926251074162865677e+02 2.579936227327868323e+02
1.930741399309023336e+02 2.570364765915842895e+02
1.935499798539386234e+02 2.560920424292638700e+02
1.940531074761156276e+02 2.551614608376047499e+02
1.945840034449104792e+02 2.542458708703973116e+02
1.951433997931438569e+02 2.533467258434933740e+02
1.957324075883835235e+02 2.524656079568450480e+02
1.963520427244669975e+02 2.516042367864433515e+02
1.970032993476392846e+02 2.507643230035066608e+02
1.976870417916640577e+02 2.499477077614094185e+02
1.984036005358079819e+02 2.491558815584380113e+02
1.991513456745221617e+02 2.483892113404108386e+02
1.999281874347079224e+02 2.476477505974646647e+02
2.007320930187844681e+02 2.469314053813835415e+02
2.015610525173814835e+02 2.462399916363895613e+02
2.024130396279842330e+02 2.455731933539982492e+02
2.032852465420370152e+02 2.449300218164794387e+02
2.041742487281956357e+02 2.443088619946621805e+02
2.050766950400126234e+02 2.437079181772832897e+02
2.059893328893804778e+02 2.431252347951924833e+02
2.069090107506698644e+02 2.425587032682224446e+02
2.078326557081196313e+02 2.420060507149843261e+02
2.087572256773667618e+02 2.414648080350736450e+02
2.096797718264488708e+02 2.409323545533188735e+02
2.105974533535410274e+02 2.404059473542542946e+02
2.115075365305141588e+02 2.398827251838490042e+02
2.124074511477768397e+02 2.393597684769499665e+02
2.132954824953741877e+02 2.388347291742836660e+02
2.141705064754238492e+02 2.383056826341496048e+02
2.150314753277237969e+02 2.377706495348209046e+02
2.158773702711513351e+02 2.372276481621612447e+02
2.167072241254002449e+02 2.366746642263485967e+02
2.175202296175922072e+02 2.361097782515766710e+02
2.183158978071986951e+02 2.355313401049335766e+02
2.190938024419632484e+02 2.349377421412790170e+02
2.198535336101566315e+02 2.343273813822268892e+02
2.205946939508582147e+02 2.336986633746521704e+02
2.213170278335818182e+02 2.330501216922105812e+02
2.220215032406688067e+02 2.323816395266768779e+02
2.227097601508348532e+02 2.316939192342745741e+02
2.233833856185248408e+02 2.309877431249038580e+02
2.240439048170894125e+02 2.302639620635020492e+02
2.246927852177211378e+02 2.295234880478490140e+02
2.253314284929376470e+02 2.287672735155923363e+02
2.259611522869812177e+02 2.279963050324675464e+02
2.265832210952411856e+02 2.272116141701726235e+02
2.271988488434357691e+02 2.264142790383487522e+02
2.278091993552386612e+02 2.256054238810805543e+02
2.284154533793640098e+02 2.247862865944602788e+02
2.290192328854637083e+02 2.239587265403166896e+02
2.296223170495175339e+02 2.231249496832937780e+02
2.302264338295762229e+02 2.222872102649972419e+02
2.308332699461909954e+02 2.214477821859882738e+02
2.314444466698583938e+02 2.206090025387265996e+02
2.320616221215784947e+02 2.197733124839782874e+02
2.326865173168941681e+02 2.189433388424606335e+02
2.333208264282165203e+02 2.181217441316270538e+02
2.339662091414269298e+02 2.173112200909887406e+02
2.346242924982173861e+02 2.165144736875791978e+02
2.352966387828611516e+02 2.157341733831508179e+02
2.359845105489083323e+02 2.149726200857128617e+02
2.366890531113622274e+02 2.142319724925897049e+02
2.374114082891197484e+02 2.135143916880158770e+02
2.381527178286047786e+02 2.128220397227650835e+02
2.389140971578215442e+02 2.121570472895952832e+02
2.396957499821886017e+02 2.115202336974096227e+02
2.404966529758284537e+02 2.109106322929970929e+02
2.413157312445705713e+02 2.103271247608760746e+02
2.421519459662893894e+02 2.097685686472778741e+02
2.430042922117808928e+02 2.092337993407653300e+02
2.438718144658552376e+02 2.087216575400167642e+02
2.447536766930838894e+02 2.082310962281851232e+02
2.456490980405889673e+02 2.077610937975512968e+02
2.465573221686942702e+02 2.073106140721392023e+02
2.474776156193913152e+02 2.068786076981441795e+02
2.484093310994654473e+02 2.064640382780686423e+02
2.493518577927094384e+02 2.060658673289332512e+02
2.503043202103138469e+02 2.056830281269574812e+02
2.512657992019296955e+02 2.053144687997373694e+02
2.522353690914112576e+02 2.049591408523568248e+02
2.532120993018431250e+02 2.046159955245073832e+02
2.541950173442339747e+02 2.042839275552317417e+02
2.551829881014655257e+02 2.039615881450292534e+02
2.561748400380060389e+02 2.036475580058938135e+02
2.571694040274708186e+02 2.033404195778675216e+02
2.581655253074808343e+02 2.030387414378577375e+02
2.591620613394660495e+02 2.027410923571030708e+02
2.601579584556320697e+02 2.024461613863811635e+02
2.611522670282575973e+02 2.021527264342554133e+02
2.621440341385298325e+02 2.018595806751441728e+02
2.631323456371239899e+02 2.015654872673240163e+02
2.641162969476025637e+02 2.012692043317456125e+02
2.650951120268476870e+02 2.009696736088667137e+02
2.660684557039339211e+02 2.006664169702056881e+02
2.670360467512214768e+02 2.003591105679386715e+02
2.679976397751747186e+02 2.000474080694018539e+02
2.689530120570379381e+02 1.997309470415395367e+02
2.699019377778853368e+02 1.994093968023055083e+02
2.708443752243437075e+02 1.990826676006763023e+02
2.717804308124772206e+02 1.987508504821211659e+02
2.727101909145308696e+02 1.984140618759461461e+02
2.736337611277314181e+02 1.980724106620218379e+02
2.745512524767271429e+02 1.977260075933203041e+02
2.754628308153738203e+02 1.973749686698351411e+02
2.763686768735331611e+02 1.970195111326578115e+02
2.772690001647935674e+02 1.966598576995951646e+02
2.781640178411034299e+02 1.962962317904435849e+02
2.790539549232045715e+02 1.959288578136286390e+02
2.799390389981413136e+02 1.955579506013748414e+02
2.808194427069024073e+02 1.951835997158366354e+02
2.816953110704433811e+02 1.948058125147182125e+02
2.825667931933922432e+02 1.944246015398075542e+02
2.834340651631676451e+02 1.940399735947502791e+02
2.842973522170175329e+02 1.936519134706157672e+02
2.851567609305060387e+02 1.932602342870586654e+02
2.860121878222611258e+02 1.928643351511057347e+02
2.868637280195954418e+02 1.924634442274022774e+02
2.877112862542317657e+02 1.920569085005427041e+02
2.885550563953616461e+02 1.916439432238269376e+02
2.893950739927245763e+02 1.912239367519186999e+02
2.902318997644108549e+02 1.907966702176904334e+02
2.910660445252382260e+02 1.903623029312199435e+02
2.918981122735375493e+02 1.899209812892829348e+02
2.927287566674525010e+02 1.894728535100820181e+02
2.935586849303803092e+02 1.890180696671201588e+02
2.943886516712571506e+02 1.885569948062986043e+02
2.952195641810613438e+02 1.880903367122638201e+02
2.960523442701392014e+02 1.876188664338872627e+02
2.968879112903709370e+02 1.871433878820664916e+02
2.977272463195883461e+02 1.866647088617591237e+02
2.985713022534068841e+02 1.861838121310877909e+02
2.994212157681500344e+02 1.857026125104050323e+02
3.002782139989467396e+02 1.852234368060487100e+02
3.011433918738764532e+02 1.847486756603350671e+02
3.020177016133328038e+02 1.842807889233158960e+02
3.029020471500327858e+02 1.838222684495881083e+02
3.037972053086015194e+02 1.833760079439883839e+02
3.047038286740861395e+02 1.829454836284739940e+02
3.056224522940408974e+02 1.825342237368537894e+02
3.065532810104862165e+02 1.821458218406906440e+02
3.074962981109723614e+02 1.817838973163088667e+02
3.084512207203517278e+02 1.814520385559197564e+02
3.094174845310137130e+02 1.811535554368927876e+02
3.103942295089257186e+02 1.808916550027522305e+02
3.113803325144094174e+02 1.806695129251902472e+02
3.123743895778856654e+02 1.804902574161226028e+02
3.133747127996911672e+02 1.803569031906471594e+02
3.143794260492048238e+02 1.802706734176211967e+02
3.153866805317515514e+02 1.802305435633109312e+02
3.163946844746415081e+02 1.802352672543208598e+02
3.174017183563908020e+02 1.802835104176456866e+02
3.184061351380369729e+02 1.803737515502161841e+02
3.194063649531982492e+02 1.805040683544989975e+02
3.204010551836545915e+02 1.806724303667539573e+02
3.213890636338464901e+02 1.808768189179228045e+02
3.223694166879374734e+02 1.811151757586318638e+02
3.233413231322656998e+02 1.813854623935436052e+02
3.243041506422429734e+02 1.816856216928249239e+02
3.252574315175803576e+02 1.820136378352066231e+02
3.262008445339900504e+02 1.823674828014546563e+02
3.271342172744846835e+02 1.827451680475417959e+02
3.280575099234095546e+02 1.831447391483679610e+02
3.289708105342168665e+02 1.835642785651750728e+02
3.298743287090554190e+02 1.840019088678223511e+02
3.307683899491724446e+02 1.844557934489042736e+02
3.316534280540434452e+02 1.849241427525934398e+02
3.325299784313554596e+02 1.854052178724282101e+02
3.333986720635039092e+02 1.858973328123314843e+02
3.342602290632622157e+02 1.863988575566333452e+02
3.351154299349390726e+02 1.869082444896812660e+02
3.359651628806558392e+02 1.874240044272375769e+02
3.368103495253646429e+02 1.879447124584885387e+02
3.376519990948841610e+02 1.884690055710825334e+02
3.384911845010765887e+02 1.889955782890683622e+02
3.393287971696433374e+02 1.895235809336177795e+02
3.401649982523059634e+02 1.900534108769109025e+02
3.409997945323042359e+02 1.905856904561939871e+02
3.418331154139510772e+02 1.911210319825966053e+02
3.426648421164478577e+02 1.916600480662912105e+02
3.434948392429829482e+02 1.922033385211018697e+02
3.443229072798596917e+02 1.927514840994822976e+02
3.451488140499819792e+02 1.933050561141295418e+02
3.459722885557803806e+02 1.938646140909476401e+02
3.467930222275355732e+02 1.944307048369458926e+02
3.476106703520937344e+02 1.950038616690763149e+02
3.484248483082646999e+02 1.955846096794367668e+02
3.492351246736458847e+02 1.961734735221669723e+02
3.500410325394739743e+02 1.967709633468240895e+02
3.508420725295654847e+02 1.973775716820049979e+02
3.516377124552955706e+02 1.979937742168141028e+02
3.524273880968294748e+02 1.986200302129368822e+02
3.532105073512037166e+02 1.992567742936452930e+02
3.539864437354324309e+02 1.999044273228524276e+02
3.547545419199829553e+02 2.005633891558966582e+02
3.555141155133770212e+02 2.012340464308308015e+02
3.562644561559868635e+02 2.019167360667707101e+02
3.570048394826400227e+02 2.026117817364460620e+02
3.577345250961305396e+02 2.033194828990988015e+02
3.584527497553680746e+02 2.040400702556020178e+02
3.591587369126341400e+02 2.047737812115392728e+02
3.598516793664378497e+02 2.055208289104428729e+02
3.605307789461967332e+02 2.062813301555956969e+02
3.611955105242444688e+02 2.070552206320431026e+02
3.618454636607420980e+02 2.078422696518606756e+02
3.624802384192454383e+02 2.086422648026867819e+02
3.630994268637122104e+02 2.094549899582606542e+02
3.637026133754162061e+02 2.102801790855490935e+02
3.642893901089749420e+02 2.111176319529543548e+02
3.648593182499073464e+02 2.119670398346146101e+02
3.654119832734938313e+02 2.128281894990790875e+02
3.659469410155711557e+02 2.137007583320497304e+02
3.664637662949414789e+02 2.145844863312658504e+02
3.669620129668334130e+02 2.154790463359509260e+02
3.674412272059484508e+02 2.163841339364806231e+02
3.679009413584599884e+02 2.172994231704050208e+02
3.683406995893590761e+02 2.182244491132572648e+02
3.687601176366065374e+02 2.191586791826449883e+02
3.691588843590680540e+02 2.201016266418683074e+02
3.695366953057956039e+02 2.210529065492330574e+02
3.698932259640589564e+02 2.220120265512547064e+02
3.702281631232648920e+02 2.229785932221639371e+02
3.705411873265131248e+02 2.239521158627205466e+02
3.708319887470561298e+02 2.249321546582087024e+02
3.711002539473965385e+02 2.259182323335505203e+02
3.713456841009371487e+02 2.269098526892529435e+02
3.715679714222305279e+02 2.279065480071616889e+02
3.717668244867174394e+02 2.289077775928258802e+02
3.719419486776036479e+02 2.299130419042833182e+02
3.720930607767930951e+02 2.309218007730399620e+02
3.722203063945840995e+02 2.319333793943592923e+02
3.723243093099844714e+02 2.329469992293827829e+02
3.724057362142098668e+02 2.339618990795564741e+02
3.724652802895960235e+02 2.349773531337780526e+02
3.725036405203463801e+02 2.359926724184522584e+02
3.725215407493661814e+02 2.370071949534605551e+02
3.725198086590497155e+02 2.380202834387324344e+02
3.724993046945496076e+02 2.390313348337625143e+02
3.724608954600968787e+02 2.400397837279758164e+02
3.724054571979200432e+02 2.410451079615496894e+02
3.723338730125902885e+02 2.420468270343898780e+02
3.722470089835044291e+02 2.430445051771350791e+02
3.721457136437477971e+02 2.440377500586617145e+02
3.720308385595386653e+02 2.450262096880058493e+02
3.719032380466965719e+02 2.460095729214299354e+02
3.717637679255562375e+02 2.469875702115838578e+02
3.716132412779512606e+02 2.479599765342449871e+02
3.714523221255691396e+02 2.489266126507385479e+02
3.712816399286941191e+02 2.498873328882633871e+02
3.711018120001232887e+02 2.508419960559766366e+02
3.709134611862504016e+02 2.517905502938789937e+02
3.707171970111526775e+02 2.527329603768641846e+02
3.705134650963352101e+02 2.536691389237829526e+02
3.703026048712834495e+02 2.545991546715753202e+02
3.700849360070224066e+02 2.555229791612429722e+02
3.698607710900845404e+02 2.564406770099148503e+02
3.696304076017356124e+02 2.573522641761932164e+02
3.693940475680095119e+02 2.582578868982747622e+02
3.691516325967921830e+02 2.591575119962839153e+02
3.689030453468859605e+02 2.600512181102246245e+02
3.686481623074976710e+02 2.609390808822142276e+02
3.683868524796253610e+02 2.618211114657315193e+02
3.681189728164453072e+02 2.626973544255350248e+02
3.678444104957200693e+02 2.635678640127741801e+02
3.675630678504331854e+02 2.644327047685541174e+02
3.672748345990755752e+02 2.652919471478513174e+02
3.669795866860702063e+02 2.661456678164704499e+02
3.666771857642235091e+02 2.669939500608672915e+02
3.663675331220427438e+02 2.678368458401034786e+02
3.660505949129567966e+02 2.686745754442109728e+02
3.657263472809302698e+02 2.695073309139306161e+02
3.653947679818219854e+02 2.703352057465868370e+02
3.650557467940833476e+02 2.711585386970963327e+02
3.647092206817277997e+02 2.719775124524434773e+02
3.643552152779054722e+02 2.727924940458231617e+02
3.639937438187968155e+02 2.736041251543579165e+02
3.636242009963847295e+02 2.744150051713842231e+02
3.632465316881404647e+02 2.752267727342964463e+02
3.628610420138144832e+02 2.760403706109706832e+02
3.624682892283112210e+02 2.768565026317876914e+02
3.620689292155095700e+02 2.776762290050933757e+02
3.616636600987730503e+02 2.785005906584819968e+02
3.612532188377418265e+02 2.793305275308002820e+02
3.608381994411237770e+02 2.801672474727096187e+02
3.604192744141474805e+02 2.810116125561270906e+02
3.599963978798462563e+02 2.818643170792651631e+02
3.595694487933301389e+02 2.827255697060356283e+02
3.591382095255065678e+02 2.835957529531048067e+02
3.587026251960573404e+02 2.844750117207201470e+02
3.582625937523991979e+02 2.853635663661905255e+02
3.578178325406215095e+02 2.862613280389114152e+02
3.573677336627110321e+02 2.871677742409968346e+02
3.569117141879750648e+02 2.880823003178237514e+02
3.564492588231831860e+02 2.890042419624369927e+02
3.559799105997288393e+02 2.899328977864146282e+02
3.555032103048316685e+02 2.908674324996185305e+02
3.550183361446477193e+02 2.918065216619136777e+02
3.545243864753074945e+02 2.927486244258059855e+02
3.540205353801139267e+02 2.936921471232671479e+02
3.535060223615200812e+02 2.946354514571725645e+02
3.529801438191313991e+02 2.955768635116876908e+02
3.524422544978402811e+02 2.965147008300525044e+02
3.518918057716913381e+02 2.974472790724159950e+02
3.513282467110508378e+02 2.983729109577400891e+02
3.507510944836723752e+02 2.992898784915194597e+02
3.501598595612610438e+02 3.001964692418048344e+02
3.495541983722836790e+02 3.010910642688987195e+02
3.489341447014100481e+02 3.019726403470214677e+02
3.482999298394864809e+02 3.028403163425932121e+02
3.476517059650701640e+02 3.036932653155885191e+02
3.469896142355360098e+02 3.045306668783062491e+02
3.463138349578522934e+02 3.053517077137261708e+02
3.456247574129955069e+02 3.061560052540020820e+02
3.449230433576440191e+02 3.069436048028443906e+02
3.442093342602873918e+02 3.077145958515336588e+02
3.434842308163724738e+02 3.084690937598079472e+02
3.427483180334776875e+02 3.092072261151489556e+02
3.420021642894368483e+02 3.099291965422781914e+02
3.412464298261112390e+02 3.106354061651977077e+02
3.404817737122127141e+02 3.113263178930330355e+02
3.397088246256107027e+02 3.120024123297340566e+02
3.389281828596692776e+02 3.126641863270934323e+02
3.381404190110257559e+02 3.133121467140113623e+02
3.373460181480911615e+02 3.139467206639583310e+02
3.365453889722169833e+02 3.145682648087338862e+02
3.357389177777372424e+02 3.151771445328891446e+02
3.349269711642502898e+02 3.157737365936401375e+02
3.341098996631174600e+02 3.163584275248668973e+02
3.332879707475576083e+02 3.169315192020429208e+02
3.324612382308831116e+02 3.174930187558413763e+02
3.316295462429467307e+02 3.180429570739506175e+02
3.307910756372818923e+02 3.185821234051879856e+02
3.299444720105993838e+02 3.191107981014853863e+02
3.290893851061690043e+02 3.196285427774769232e+02
3.282251146114217590e+02 3.201343088052361736e+02
3.273506852018534232e+02 3.206266075007823702e+02
3.264651242617790103e+02 3.211039314753071494e+02
3.255674746359588312e+02 3.215647610721510432e+02
3.246567935083065777e+02 3.220075655598255366e+02
3.237323311684506848e+02 3.224310605862600028e+02
3.227937944944605420e+02 3.228346196449367085e+02
3.218409796097162143e+02 3.232177068231518433e+02
3.208737078961462998e+02 3.235797684546398045e+02
3.198918169521319328e+02 3.239202378538723224e+02
3.188952340061363770e+02 3.242386218903178019e+02
3.178845601697654502e+02 3.245354232441837325e+02
3.168608047631804538e+02 3.248117536112876564e+02
3.158250126960160742e+02 3.250687166520878577e+02
3.147782194898093735e+02 3.253074190630919134e+02
3.137214848070889843e+02 3.255289591309795583e+02
3.126563207893402137e+02 3.257351371927411492e+02
3.115851580823602376e+02 3.259292405634340639e+02
3.105105207271075756e+02 3.261147567857063336e+02
3.094349157946619471e+02 3.262951893886024095e+02
3.083608009768504417e+02 3.264740723080897737e+02
3.072905831770873988e+02 3.266549487874557940e+02
3.062265310248575361e+02 3.268412498479785313e+02
3.051708131374661548e+02 3.270363687033948850e+02
3.041255356757439472e+02 3.272437359606457221e+02
3.030927368467147289e+02 3.274668258476461347e+02
3.020743735959176774e+02 3.277091514302251767e+02
3.010720187172740907e+02 3.279737545722841787e+02
3.000866475118732524e+02 3.282628231519372548e+02
2.991191132107000499e+02 3.285784946348512676e+02
2.981701946169583266e+02 3.289229461984829186e+02
2.972405913285945189e+02 3.292983959466955071e+02
2.963306804855275800e+02 3.297066674824466190e+02
2.954391656621274365e+02 3.301466651290521099e+02
2.945640818375479739e+02 3.306160674751764077e+02
2.937034785923285085e+02 3.311125312963089300e+02
2.928554209000028550e+02 3.316337007629575737e+02
2.920180046260548465e+02 3.321771955578541906e+02
2.911893709699677402e+02 3.327406464117696601e+02
2.903677195600670871e+02 3.333217067453987283e+02
2.895512905224362044e+02 3.339180066557736950e+02
2.887383678631312023e+02 3.345271471999095638e+02
2.879272848297559335e+02 3.351466985256954558e+02
2.871163982912408414e+02 3.357741282629663147e+02
2.863039627981627859e+02 3.364065102457868193e+02
2.854882601137289839e+02 3.370407498228467489e+02
2.846676600756780999e+02 3.376737088056306106e+02
2.838406284521101384e+02 3.383022044634527106e+02
2.830057356850986139e+02 3.389230144649272916e+02
2.821617293098808545e+02 3.395330420610628153e+02
2.813075454553883219e+02 3.401293513595196600e+02
2.804422298891901733e+02 3.407089792383803797e+02
2.795649484491783596e+02 3.412689254515883022e+02
2.786749789281700487e+02 3.418061550757047939e+02
2.777717566168629446e+02 3.423176986559054171e+02
2.768549897718031048e+02 3.428009955300486808e+02
2.759245364059318604e+02 3.432535832430080518e+02
2.749803625007367600e+02 3.436729809228561976e+02
2.740225380265764556e+02 3.440566917809101710e+02
2.730512819574927903e+02 3.444022909182630201e+02
2.720674771217411489e+02 3.447092839220557607e+02
2.710725665904120092e+02 3.449791104511650701e+02
2.700679719837127095e+02 3.452133305079580623e+02
2.690550436066689599e+02 3.454135430162264129e+02
2.680351144488208774e+02 3.455813850590211018e+02
2.670094321219473272e+02 3.457185153301353466e+02
2.659791097368381543e+02 3.458265354422973132e+02
2.649453057766860979e+02 3.459070660531102135e+02
2.639089711303005288e+02 3.459617654206411999e+02
2.628711192183652088e+02 3.459923253448375249e+02
2.618326023140605230e+02 3.460004919466400679e+02
2.607942620766268078e+02 3.459882896513556716e+02
2.597569197010587914e+02 3.459579944050860263e+02
2.587212579295346586e+02 3.459119185110873218e+02
2.576878750065196755e+02 3.458524020230908036e+02
2.566573008840363173e+02 3.457818451851271107e+02
2.556299285745188570e+02 3.457027258671069490e+02
2.546060088237747436e+02 3.456175928895404468e+02
2.535857000814081061e+02 3.455289981461028788e+02
2.525690730256677341e+02 3.454394956975519335e+02
2.515560992253688539e+02 3.453516239929879248e+02
2.505466615704538356e+02 3.452678911785704372e+02
2.495405398862499453e+02 3.451906917299296538e+02
2.485374292131362211e+02 3.451222961366560753e+02
2.475369229731646783e+02 3.450649819365712005e+02
2.465385453857480229e+02 3.450209817904400893e+02
2.455417033073019866e+02 3.449925306474671061e+02
2.445457363892218439e+02 3.449807881201211899e+02
2.435499185991786248e+02 3.449845038377739570e+02
2.425535964162877178e+02 3.450020424162991048e+02
2.415561631573381476e+02 3.450317447371708681e+02
2.405570627050655332e+02 3.450719389350678625e+02
2.395558108495586396e+02 3.451209064237252733e+02
2.385519619471867259e+02 3.451768862813517558e+02
2.375451450350418554e+02 3.452380603567706885e+02
2.365350424343445468e+02 3.453025899398215870e+02
2.355213981146096103e+02 3.453686295846368353e+02
2.345040154275153839e+02 3.454342926272583441e+02
2.334827780363357874e+02 3.454976498965530141e+02
2.324576303030281963e+02 3.455566109779556427e+02
2.314286281419310569e+02 3.456090982411379287e+02
2.303958645007394352e+02 3.456529858325021678e+02
2.293595561975029966e+02 3.456861642243510460e+02
2.283199811960276406e+02 3.457065204649862835e+02
2.272774698339734130e+02 3.457120221090434597e+02
2.262324868981780810e+02 3.457007133278406172e+02
2.251855384051480655e+02 3.456706154784912428e+02
2.241372425239473785e+02 3.456197520575596513e+02
2.230883211099415746e+02 3.455461530857417074e+02
2.220395633010266749e+02 3.454480144275342468e+02
2.209917944738483584e+02 3.453237926101674589e+02
2.199459318752986405e+02 3.451719774157193115e+02
2.189029962848275659e+02 3.449910742479409578e+02
2.178641186769353908e+02 3.447796098643653977e+02
2.168304354910878260e+02 3.445362865258927059e+02
2.158029142641777582e+02 3.442610220832481787e+02
2.147822431260376277e+02 3.439540805737147480e+02
2.137692569478129769e+02 3.436157932098793140e+02
2.127646786788412498e+02 3.432464154129279450e+02
2.117694173629696763e+02 3.428463030249594112e+02
2.107843018009951095e+02 3.424156516699691792e+02
2.098103054406783485e+02 3.419545781879938318e+02
2.088484455122709278e+02 3.414632143183472976e+02
2.078997800521067916e+02 3.409417201087666740e+02
2.069654077936226599e+02 3.403902896456250460e+02
2.060464674154321187e+02 3.398091354470852821e+02
2.051441470685121260e+02 3.391984115326200708e+02
2.042598357736848413e+02 3.385584444705729084e+02
2.033947295464276692e+02 3.378894183758686154e+02
2.025503229785106782e+02 3.371918259219022502e+02
2.017279082049129784e+02 3.364660315796241434e+02
2.009289633730338380e+02 3.357126366098745507e+02
2.001549224053127887e+02 3.349323063832471803e+02
1.994071999520969882e+02 3.341257876357104237e+02
1.986872182929874953e+02 3.332939599431704778e+02
1.979963679203007132e+02 3.324378208916195376e+02
