1.990702304081835621e+02 3.299922398190054196e+02
1.984486708689188674e+02 3.291758954662802807e+02
1.978481185072650135e+02 3.283466160717290450e+02
1.972683578630849297e+02 3.275051487653966547e+02
1.967090502910349414e+02 3.266521415153978865e+02
1.961698147898646027e+02 3.257882209029976366e+02
1.956502350315867318e+02 3.249139892761098736e+02
1.951498676996828294e+02 3.240300202886036800e+02
1.946682575896429910e+02 3.231368485537082620e+02
1.942049147748468272e+02 3.222350157776292576e+02
1.937593530710074106e+02 3.213249915491126671e+02
1.933310739058393892e+02 3.204072476243301821e+02
1.929195874555303476e+02 3.194822034433374256e+02
1.925243963233470481e+02 3.185502751093502525e+02
1.921450174197460683e+02 3.176118295116037302e+02
1.917809778350659542e+02 3.166672158477667836e+02
1.914318120549486935e+02 3.157167613039746925e+02
1.910970664235707090e+02 3.147607682489067429e+02
1.907763017905266736e+02 3.137995184144803034e+02
1.904690941229073928e+02 3.128332725410957664e+02
1.901750334696004643e+02 3.118622723715028542e+02
1.898937400414989156e+02 3.108867250421732820e+02
1.896248279659024547e+02 3.099068595850787347e+02
1.893679526691234685e+02 3.089228393276516158e+02
1.891227774259852197e+02 3.079348613365148708e+02
1.888889934717653318e+02 3.069430706261678665e+02
1.886663155714917650e+02 3.059476072889789293e+02
1.884544607895148829e+02 3.049486255103592498e+02
1.882531796842784502e+02 3.039462412174482893e+02
1.880623826268702317e+02 3.029405556478407107e+02
1.878820867176899299e+02 3.019316607823192840e+02
1.877123307460444153e+02 3.009196475063969274e+02
1.875531579331552052e+02 2.999046376800667417e+02
1.874046287039643914e+02 2.988867342849897568e+02
1.872668288285400422e+02 2.978660357045118303e+02
1.871398536374225046e+02 2.968426779235019808e+02
1.870238096567313733e+02 2.958167884445919071e+02
1.869188262686340352e+02 2.947884759900564404e+02
1.868250296918691618e+02 2.937579055984520551e+02
1.867425647409592671e+02 2.927252012387424429e+02
1.866715827158493539e+02 2.916905023752782995e+02
1.866122255875676501e+02 2.906539932802315320e+02
1.865646603707924669e+02 2.896158003002782948e+02
1.865290623780196597e+02 2.885760846660190282e+02
1.865056004317952159e+02 2.875350469117322518e+02
1.864944501427858086e+02 2.864928389256562582e+02
1.864957698447437906e+02 2.854496365911462021e+02
1.865097311030396838e+02 2.844056024939085319e+02
1.865364960380331070e+02 2.833609546711436451e+02
1.865762436503615334e+02 2.823158701294759112e+02
1.866291565529837158e+02 2.812705396205878401e+02
1.866953972680225604e+02 2.802251582600675306e+02
1.867751241258165749e+02 2.791799237296596061e+02
1.868685089643899744e+02 2.781350248005131789e+02
1.869757198779941234e+02 2.770906867974122747e+02
1.870969376999819929e+02 2.760471267948844911e+02
1.872325771587162535e+02 2.750046065276004015e+02
1.873833814947437304e+02 2.739634899935572889e+02
1.875501288365702237e+02 2.729241623517424387e+02
1.877335890078023795e+02 2.718870663939991346e+02
1.879345192828993447e+02 2.708526948917202617e+02
1.881536796375404776e+02 2.698215226140188747e+02
1.883917774418140993e+02 2.687940055068244192e+02
1.886494204483386170e+02 2.677707822634814647e+02
1.889272931252577621e+02 2.667523267624036976e+02
1.892260274752641180e+02 2.657392777285103307e+02
1.895462755119691849e+02 2.647322517468138585e+02
1.898887465919179931e+02 2.637319747936878116e+02
1.902542923333175793e+02 2.627391611779192999e+02
1.906436819174258801e+02 2.617547316140955331e+02
1.910577349745024947e+02 2.607795179192377759e+02
1.914972353757473513e+02 2.598144624653883739e+02
1.919630220946159511e+02 2.588605997489475499e+02
1.924561112034513428e+02 2.579193651185265708e+02
1.929773467736819441e+02 2.569925289834276896e+02
1.935276419618646173e+02 2.560815690061319856e+02
1.941078736832199070e+02 2.551879612151575998e+02
1.947189093557959154e+02 2.543132025533141132e+02
1.953619464351847341e+02 2.534591672879255100e+02
1.960386352423166443e+02 2.526279327606562788e+02
1.967505179632680665e+02 2.518217381613833652e+02
1.974990922816986085e+02 2.510428450249884520e+02
1.982857127522397320e+02 2.502936577556101838e+02
1.991107329910402655e+02 2.495760019804806120e+02
1.999709397909883535e+02 2.488896030668508104e+02
2.008623463032746486e+02 2.482335557191396731e+02
2.017810697361373116e+02 2.476067262289674318e+02
2.027233076389894109e+02 2.470077988075305768e+02
2.036852792969563382e+02 2.464352247428753344e+02
2.046621360689287883e+02 2.458864583199558069e+02
2.056481952362508707e+02 2.453580258841582520e+02
2.066379207294205287e+02 2.448461627687781856e+02
2.076259578923607876e+02 2.443468460681137060e+02
2.086071362201625732e+02 2.438558078812025656e+02
2.095770212171106550e+02 2.433689828939204176e+02
2.105329659584697879e+02 2.428834081637185420e+02
2.114727356383232859e+02 2.423962342347223284e+02
2.123941820075355906e+02 2.419045379223364023e+02
2.132952550855537197e+02 2.414053078424897194e+02
2.141741003524826397e+02 2.408955486049279955e+02
2.150302933188879138e+02 2.403733965738220490e+02
2.158643655826611791e+02 2.398378467116936577e+02
2.166768995742450272e+02 2.392878960754673585e+02
2.174684332303252461e+02 2.387226288928565054e+02
2.182395085912193906e+02 2.381411509834968570e+02
2.189903477943882990e+02 2.375423054298322540e+02
2.197204303886315131e+02 2.369242288960552685e+02
2.204291476620439596e+02 2.362849513457262844e+02
2.211159111889573410e+02 2.356225052209335900e+02
2.217801478975488578e+02 2.349349303107042033e+02
2.224213774938512813e+02 2.342203301823288655e+02
2.230397850749870088e+02 2.334775604921446188e+02
2.236359314299590437e+02 2.327059257111076818e+02
2.242103508033339665e+02 2.319047798269544387e+02
2.247635431812082061e+02 2.310735223466329273e+02
2.252959818456627943e+02 2.302115978767544391e+02
2.258086998767662976e+02 2.293191680689367047e+02
2.263038308362455666e+02 2.283978171717097325e+02
2.267835604270485703e+02 2.274493687243040085e+02
2.272499871351489560e+02 2.264757245480303993e+02
2.277051243845193937e+02 2.254788617680284233e+02
2.281511800138023034e+02 2.244611559925608617e+02
2.285924209214834093e+02 2.234276980306781866e+02
2.290339795840339718e+02 2.223849728868774207e+02
2.294808521319666852e+02 2.213395885272643682e+02
2.299378956275374435e+02 2.202982456253613464e+02
2.304098296827165484e+02 2.192677363060961113e+02
2.309005563345702114e+02 2.182540112124865743e+02
2.314127563172882844e+02 2.172615742987028682e+02
2.319489470547181611e+02 2.162948229439844567e+02
2.325116181429502262e+02 2.153581738428437404e+02
2.331032048504499414e+02 2.144560707257252545e+02
2.337259246340528875e+02 2.135926597584115427e+02
2.343805762002025972e+02 2.127702095619326883e+02
2.350674460819482476e+02 2.119902240311713228e+02
2.357868521247270337e+02 2.112541798118365932e+02
2.365391444426539636e+02 2.105635294872654413e+02
2.373246665517391705e+02 2.099196781567228527e+02
2.381428757788877988e+02 2.093226705986404284e+02
2.389920073190304777e+02 2.087707213187764808e+02
2.398702690404674911e+02 2.082618729670551545e+02
2.407759290895213269e+02 2.077941270689614157e+02
2.417073120311828234e+02 2.073654474417643030e+02
2.426627976140659371e+02 2.069737672211795712e+02
2.436408275979811435e+02 2.066170074689921421e+02
2.446398928054626651e+02 2.062930670767904928e+02
2.456585251648413646e+02 2.059998194602749493e+02
2.466952943979787278e+02 2.057351151679475265e+02
2.477489020164911722e+02 2.054967252405004672e+02
2.488173358465663227e+02 2.052811533233845296e+02
2.498971458978948021e+02 2.050836738418852576e+02
2.509847547174847762e+02 2.048995260140071935e+02
2.520765994263699383e+02 2.047239375020677983e+02
2.531691391762921057e+02 2.045521168508331300e+02
2.542589403615492074e+02 2.043793643204617752e+02
2.553429167711929040e+02 2.042014205336077737e+02
2.564181055414423440e+02 2.040141127079639602e+02
2.574815848525120714e+02 2.038132439145706201e+02
2.585304943697407225e+02 2.035945722614147257e+02
2.595620788784584647e+02 2.033538921743420644e+02
2.605746256146292694e+02 2.030884753027275167e+02
2.615674138077126258e+02 2.027969564157231162e+02
2.625397724777444637e+02 2.024780241371211105e+02
2.634911041577678930e+02 2.021303169828713067e+02
2.644208468207698957e+02 2.017524548423717761e+02
2.653288920033123190e+02 2.013437007205511122e+02
2.662165835751670215e+02 2.009054705661202718e+02
2.670855154687550908e+02 2.004396750040378379e+02
2.679373097570139635e+02 1.999482116194222101e+02
2.687735955528464160e+02 1.994329765174564955e+02
2.695959388569934845e+02 1.988958407890253852e+02
2.704054197155283532e+02 1.983378307266637535e+02
2.712027585010639541e+02 1.977593022174621922e+02
2.719886615491776638e+02 1.971606091401247056e+02
2.727638688105403730e+02 1.965420967572586051e+02
2.735291431065698475e+02 1.959041103015517251e+02
2.742853340249676535e+02 1.952470561835747276e+02
2.750334070404218210e+02 1.945715717871497077e+02
2.757743758767466602e+02 1.938783291552019818e+02
2.765092725240966729e+02 1.931680063140870800e+02
2.772391471765798769e+02 1.924412886563372069e+02
2.779651075690148900e+02 1.916989474889125233e+02
2.786887290793372358e+02 1.909426650955466584e+02
2.794118625981061541e+02 1.901747328517707842e+02
2.801363296234403037e+02 1.893974925527261632e+02
2.808639174349299310e+02 1.886133251888326470e+02
2.815963701818978961e+02 1.878246508654004003e+02
2.823354830489632832e+02 1.870341775476001089e+02
2.830832306232711062e+02 1.862451963035217375e+02
2.838415095781894024e+02 1.854611190218712693e+02
2.846121395567288914e+02 1.846854366815398407e+02
2.853967869397097843e+02 1.839217073367674686e+02
2.861970066514108453e+02 1.831734478163591859e+02
2.870137422069070681e+02 1.824432226459020683e+02
2.878476896096228757e+02 1.817330882009413244e+02
2.886994419267557532e+02 1.810451529915234801e+02
2.895694877761667954e+02 1.803815778135421226e+02
2.904581917747489115e+02 1.797445694563237168e+02
2.913656751700131053e+02 1.791358877363708757e+02
2.922916703853874196e+02 1.785564388779207832e+02
2.932358252974979109e+02 1.780070580220509271e+02
2.941977386314640626e+02 1.774886029857286758e+02
2.951768813915824126e+02 1.770019599937144221e+02
2.961727020589553376e+02 1.765479834843750382e+02
2.971845457173042746e+02 1.761272810604318124e+02
2.982115805546026763e+02 1.757403656794613767e+02
2.992529528685174114e+02 1.753877408767117743e+02
3.003078125903278419e+02 1.750699056452866671e+02
3.013751265138139388e+02 1.747873692494301849e+02
3.024539030648778635e+02 1.745408272005724371e+02
3.035431947105337258e+02 1.743312839969078993e+02
3.046417127878647761e+02 1.741597620008056992e+02
3.057482891958612186e+02 1.740272366488509590e+02
3.068615817886910691e+02 1.739346611005938428e+02
3.079801364861747857e+02 1.738831527219756481e+02
3.091023622307938012e+02 1.738749632962316412e+02
3.102265686122304942e+02 1.739127106811914985e+02
3.113507738842241679e+02 1.739989402816684958e+02
3.124727478451721936e+02 1.741361037039978896e+02
3.135900156049923453e+02 1.743265226031490158e+02
3.146999411002524880e+02 1.745717373986373673e+02
3.157996739148598522e+02 1.748723032902488512e+02
3.168863614468381229e+02 1.752285796088654592e+02
3.179570721907101643e+02 1.756407704857132046e+02
3.190083934115738202e+02 1.761087593388447772e+02
3.200362685228220130e+02 1.766313600701671191e+02
3.210385601048620856e+02 1.772053069327474191e+02
3.220140422344969124e+02 1.778268286960821740e+02
3.229616075973506781e+02 1.784921076212523303e+02
3.238805938092970678e+02 1.791974041027488624e+02
3.247705203562375118e+02 1.799389029172283472e+02
3.256317664805609979e+02 1.807112362683404569e+02
3.264655140746058350e+02 1.815073601249267767e+02
3.272735210524974718e+02 1.823203331446864297e+02
3.280579828144512362e+02 1.831433802862674156e+02
3.288215233669781696e+02 1.839699076097095940e+02
3.295670311629315279e+02 1.847938798782826382e+02
3.302971934967465018e+02 1.856108211052230388e+02
3.310148030801917116e+02 1.864167357978190296e+02
3.317228578209830516e+02 1.872077840584689454e+02
3.324245474984447242e+02 1.879802841192344260e+02
3.331231964877970313e+02 1.887308045466829469e+02
3.338214226460906389e+02 1.894576704494278090e+02
3.345213122837689639e+02 1.901607346512526533e+02
3.352247221455348836e+02 1.908398976892407575e+02
3.359335610387136057e+02 1.914951566000270020e+02
3.366496903465533137e+02 1.921265571754641144e+02
3.373745581113431626e+02 1.927347983541492340e+02
3.381083480998657933e+02 1.933224206675657229e+02
3.388509668641958115e+02 1.938923210056385074e+02
3.396020086275482868e+02 1.944472734977121888e+02
3.403609021636200396e+02 1.949900035552054760e+02
3.411270611458355120e+02 1.955231792661733152e+02
3.419001122053715562e+02 1.960486697589904281e+02
3.426799631202601404e+02 1.965678550763608143e+02
3.434664497138769548e+02 1.970820817180433835e+02
3.442593305699769530e+02 1.975926708789119459e+02
3.450582903028787882e+02 1.981009173680939739e+02
3.458628932855884273e+02 1.986081467924357753e+02
3.466725077802109354e+02 1.991157970532220531e+02
3.474864069314420476e+02 1.996252883057758254e+02
3.483037900688314608e+02 2.001379989204575054e+02
3.491237786171371908e+02 2.006552605035275860e+02
3.499453914982929064e+02 2.011783955856141120e+02
3.507672719625808213e+02 2.017090499277915683e+02
3.515877263541312914e+02 2.022489710641876570e+02
3.524049787606128348e+02 2.027998412627786138e+02
3.532171446678177631e+02 2.033632512689238183e+02
3.540223234904186711e+02 2.039407510476876553e+02
3.548183765670522121e+02 2.045338252134615686e+02
3.556028901882332889e+02 2.051440294540410321e+02
3.563734127681812538e+02 2.057728753720772659e+02
3.571273385582692299e+02 2.064217069861997231e+02
3.578619847188816721e+02 2.070917713579682413e+02
3.585748447806475951e+02 2.077840540563882712e+02
3.592650310370490843e+02 2.084980786084618956e+02
3.599325759496883848e+02 2.092327497447147380e+02
3.605775276796723574e+02 2.099869678872805139e+02
3.611999644557475904e+02 2.107596613823088205e+02
3.618000264310980469e+02 2.115497891386672791e+02
3.623778776831312598e+02 2.123562867635803855e+02
3.629338466419389420e+02 2.131780971436454877e+02
3.634682407927264194e+02 2.140141592169725584e+02
3.639814509562071407e+02 2.148634691761367037e+02
3.644738608476657760e+02 2.157250334443355939e+02
3.649459108217465086e+02 2.165979055059809752e+02
3.653980638835151353e+02 2.174811589752297891e+02
3.658308157624388741e+02 2.183739041236929097e+02
3.662447741644892858e+02 2.192753062241384328e+02
3.666406551973611840e+02 2.201845562245830763e+02
3.670192177481878844e+02 2.211008512280525906e+02
3.673811915630305975e+02 2.220233997032629532e+02
3.677273905136297572e+02 2.229515025672998547e+02
3.680585901162396567e+02 2.238844608191281225e+02
3.683756362651109839e+02 2.248216706846191641e+02
3.686793592803672936e+02 2.257625414056143995e+02
3.689706148771633707e+02 2.267065514025975403e+02
3.692502665233035373e+02 2.276532388319601239e+02
3.695191446573188614e+02 2.286021580022569140e+02
3.697781465158995502e+02 2.295529718563740005e+02
3.700281319095381036e+02 2.305053290272956872e+02
3.702699656176004055e+02 2.314589620238535304e+02
3.705040572563823389e+02 2.324137964820804143e+02
3.707302335879052748e+02 2.333698921255584651e+02
3.709482882309763454e+02 2.343273323720839869e+02
3.711580156361255831e+02 2.352862009870613349e+02
3.713591828287954968e+02 2.362465456015786174e+02
3.715515426918310595e+02 2.372084074272967484e+02
3.717348606108432136e+02 2.381718372917811735e+02
3.719088900909084145e+02 2.391368613652636839e+02
3.720733691561986234e+02 2.401034904623387547e+02
3.722280262002865356e+02 2.410717303321601435e+02
3.723725791175000381e+02 2.420415757453117180e+02
3.725067370904819199e+02 2.430130099099480674e+02
3.726302007433329777e+02 2.439860041711365000e+02
3.727426608214263410e+02 2.449605178128354339e+02
3.728437983396551090e+02 2.459364975822206247e+02
3.729332848077233962e+02 2.469138771706519151e+02
3.730107820831404410e+02 2.478925766783297320e+02
3.730759416835554134e+02 2.488725020266017225e+02
3.731284061252897004e+02 2.498535442098444435e+02
3.731678013372460327e+02 2.508355679721837816e+02
3.731937551082333471e+02 2.518184449497285584e+02
3.732058899522750153e+02 2.528020205598122345e+02
3.732038012003602603e+02 2.537860961214656470e+02
3.731870925494489484e+02 2.547704989708855692e+02
3.731553506856565718e+02 2.557549990617593778e+02
3.731081619540194083e+02 2.567393670529401106e+02
3.730450992382827735e+02 2.577233329544335447e+02
3.729657901346640188e+02 2.587066387712861797e+02
3.728699684517549713e+02 2.596889851806776619e+02
3.727573898108288404e+02 2.606700898573343466e+02
3.726278119592004145e+02 2.616496565753212167e+02
3.724809842924858003e+02 2.626273633504825966e+02
3.723166528709185172e+02 2.636028806131631086e+02
3.721345621015339589e+02 2.645758639804686254e+02
3.719344556714991654e+02 2.655459536181700173e+02
3.717160776128625344e+02 2.665127736413988941e+02
3.714791734426785297e+02 2.674759315495118699e+02
3.712234914251009172e+02 2.684350177143385849e+02
3.709487758200907592e+02 2.693895970710998995e+02
3.706547850113873324e+02 2.703392311675048632e+02
3.703412882147774212e+02 2.712834580678905354e+02
3.700080473968398564e+02 2.722217825053638762e+02
3.696548511154641119e+02 2.731537138957808679e+02
3.692814931845443311e+02 2.740787261883820634e+02
3.688877844065950740e+02 2.749962821332444491e+02
3.684735893657387464e+02 2.759058508968883530e+02
3.680391543617102457e+02 2.768071157675242944e+02
3.675849637724155059e+02 2.776997977167904423e+02
3.671115811131257374e+02 2.785836406639281790e+02
3.666195715759174050e+02 2.794584075177241971e+02
3.661095354260917816e+02 2.803239081982970333e+02
3.655820930890178602e+02 2.811799915167766244e+02
3.650378539006618439e+02 2.820265331396329316e+02
3.644774714700332083e+02 2.828634578893255593e+02
3.639015477434787726e+02 2.836907030719413569e+02
3.633106126693721194e+02 2.845081568022291094e+02
3.627051110455286675e+02 2.853156839163030440e+02
3.620855297117234954e+02 2.861131705726228347e+02
3.614523194566605753e+02 2.869005204049389590e+02
3.608059485815252287e+02 2.876776496174890667e+02
3.601468781990559478e+02 2.884444950493480064e+02
3.594755563689286646e+02 2.892010082488343414e+02
3.587924234774455954e+02 2.899471519876162233e+02
3.580979072135278898e+02 2.906829006727310230e+02
3.573924308869362108e+02 2.914082403026543489e+02
3.566763967812233886e+02 2.921231688093823777e+02
3.559501933560403586e+02 2.928276918731481828e+02
3.552141988335354199e+02 2.935218227963778190e+02
3.544687764978153268e+02 2.942055832037178789e+02
3.537142718440173894e+02 2.948790012646679770e+02
3.529510134734745179e+02 2.955421096235924665e+02
3.521793060151332497e+02 2.961949429941188328e+02
3.513994622308907765e+02 2.968375389407986518e+02
3.506117481772244560e+02 2.974699438353213168e+02
3.498164385775050391e+02 2.980922005295980171e+02
3.490137752316289834e+02 2.987043586349237216e+02
3.482040007532488630e+02 2.993064669881723034e+02
3.473873158438299811e+02 2.998985734563453889e+02
3.465639342458089800e+02 3.004807233110768152e+02
3.457340340519328379e+02 3.010529695550857809e+02
3.448977803831485289e+02 3.016153615157736567e+02
3.440553420590537144e+02 3.021679588411578834e+02
3.432069961587699254e+02 3.027110156791051736e+02
3.423531456725981457e+02 3.032449920759758015e+02
3.414941803804008487e+02 3.037703650098594608e+02
3.406304697810404036e+02 3.042876174452138116e+02
3.397623687472145093e+02 3.047972391071781431e+02
3.388902148926890732e+02 3.052997276361904255e+02
3.380143364037313631e+02 3.057955933103389157e+02
3.371350490262184394e+02 3.062853530324985627e+02
3.362526558287762555e+02 3.067695281801239275e+02
3.353674484325719618e+02 3.072486443832623877e+02
3.344797084725852869e+02 3.077232317639141570e+02
3.335897133937714329e+02 3.081938319176421146e+02
3.326977370169880714e+02 3.086609970488096337e+02
3.318040464962955411e+02 3.091252835400073877e+02
3.309089033243487847e+02 3.095872516670698928e+02
3.300125645520118383e+02 3.100474660131453106e+02
3.291152846386897863e+02 3.105064960670724759e+02
3.282173180721030690e+02 3.109649188662221491e+02
3.273189213118961334e+02 3.114232863948301997e+02
3.264203952774623758e+02 3.118817970771829664e+02
3.255219624359053796e+02 3.123404881939740108e+02
3.246237478073443867e+02 3.127994536361377413e+02
3.237258708034545975e+02 3.132587826513255322e+02
3.228284485479357500e+02 3.137185592817774591e+02
3.219315979018126654e+02 3.141788657766189203e+02
3.210354347367165815e+02 3.146397836094948843e+02
3.201400742817341438e+02 3.151013930650902921e+02
3.192456664059617424e+02 3.155638303954418120e+02
3.183524529726722108e+02 3.160273742442055322e+02
3.174606879132564359e+02 3.164923259567871128e+02
3.165706208519553684e+02 3.169589889870006800e+02
3.156824987658890223e+02 3.174276664949990163e+02
3.147965604526034440e+02 3.178986626677825598e+02
3.139130216447795760e+02 3.183722561548913177e+02
3.130320832168543461e+02 3.188487082874665930e+02
3.121539329089663966e+02 3.193282903125874554e+02
3.112787590739843040e+02 3.198112692371819321e+02
3.104067361920205599e+02 3.202979207231761620e+02
3.095380291683394489e+02 3.207885269230126255e+02
3.086727974026054540e+02 3.212833713144984245e+02
3.078111906768265271e+02 3.217827402432632766e+02
3.069533374992297468e+02 3.222869362158054400e+02
3.060993644063619854e+02 3.227962598795862164e+02
3.052493849034432287e+02 3.233110258603878151e+02
3.044035256873723938e+02 3.238316013310279118e+02
3.035619119166481141e+02 3.243583839374546756e+02
3.027246527623562997e+02 3.248917788445612587e+02
3.018918349076578806e+02 3.254322049424105217e+02
3.010635324616638968e+02 3.259800862702983864e+02
3.002398307014951229e+02 3.265359157310463161e+02
2.994208502450198353e+02 3.271002969704021552e+02
2.986066921263858944e+02 3.276738553361477102e+02
2.977974305405127211e+02 3.282572282842255049e+02
2.969931114235396308e+02 3.288510656113383561e+02
2.961936512891222719e+02 3.294558470382569908e+02
2.953982726244612422e+02 3.300708257524896112e+02
2.946059249638033180e+02 3.306947366279036942e+02
2.938155717987833100e+02 3.313262984964796374e+02
2.930261890019452267e+02 3.319642219686007252e+02
2.922367750243012097e+02 3.326071958650173315e+02
2.914462747713260455e+02 3.332537460449711375e+02
2.906535577460036848e+02 3.339021671661676010e+02
2.898575236538267745e+02 3.345507145811799319e+02
2.890571145397755686e+02 3.351976194644175848e+02
2.882513186127023914e+02 3.358410879392171182e+02
2.874391742302008197e+02 3.364793037448937412e+02
2.866197915125293321e+02 3.371104571741553855e+02
2.857923386707342388e+02 3.377327210802985178e+02
2.849560442171586487e+02 3.383442419499120319e+02
2.841102004591257355e+02 3.389431402496123837e+02
2.832541694500309859e+02 3.395275166659673118e+02
2.823874597569762273e+02 3.400956359796332436e+02
2.815097356513940099e+02 3.406459665461866848e+02
2.806207255942101710e+02 3.411769719494238302e+02
2.797202320017822217e+02 3.416870988127142823e+02
2.788081163188272740e+02 3.421747806722465839e+02
2.778843191120186020e+02 3.426384653022935254e+02
2.769488934164257330e+02 3.430767136906500809e+02
2.760019694798150454e+02 3.434881131313575224e+02
2.750437431277669020e+02 3.438712452753111961e+02
2.740744700514451893e+02 3.442246879995821018e+02
2.730945006952006224e+02 3.445470684149688623e+02
2.721045863438234846e+02 3.448381974626450983e+02
2.711058151523371293e+02 3.450990717024604351e+02
2.700992600244592836e+02 3.453307677103215383e+02
2.690859387151086821e+02 3.455343924565573843e+02
2.680668712382894228e+02 3.457110820499220267e+02
2.670430142717661965e+02 3.458620018240011404e+02
2.660152189758968575e+02 3.459883089252583659e+02
2.649844089519011163e+02 3.460911833236970665e+02
2.639513088858672063e+02 3.461718378807330510e+02
2.629167347613803258e+02 3.462315104341780625e+02
2.618813518552305482e+02 3.462714826640703905e+02
2.608458187011710834e+02 3.462932083982082077e+02
2.598107908348418960e+02 3.462983037421659560e+02
2.587768071491051387e+02 3.462884141040696591e+02
2.577443539129357077e+02 3.462652071491093579e+02
2.567138946700081306e+02 3.462304044799276426e+02
2.556857851803418100e+02 3.461858101100137901e+02
2.546602490130233036e+02 3.461333205452264679e+02
2.536374407078848492e+02 3.460748377267713067e+02
2.526174585451908285e+02 3.460122640997112740e+02
2.516003169577651875e+02 3.459474869848324374e+02
2.505859647110707158e+02 3.458823693303067444e+02
2.495742947451848295e+02 3.458187326704859288e+02
2.485651111074522248e+02 3.457583273344121153e+02
2.475581681886972660e+02 3.457029120314461466e+02
2.465531409891416956e+02 3.456542045225144761e+02
2.455496418198295032e+02 3.456139277332246138e+02
2.445472064190195738e+02 3.455829611328721285e+02
2.435453453580812777e+02 3.455603121187477882e+02
2.425436108369376882e+02 3.455446842951526492e+02
2.415416011768187161e+02 3.455347617772219451e+02
2.405389604184204302e+02 3.455292203470946788e+02
2.395353802255281153e+02 3.455266961439754709e+02
2.385305987135258761e+02 3.455258217988352385e+02
2.375244015885770636e+02 3.455251950331438593e+02
2.365166228758117200e+02 3.455233971664762294e+02
2.355071490429642154e+02 3.455190065578689200e+02
2.344959085384911646e+02 3.455105636791666370e+02
2.334828998149253039e+02 3.454966179615786359e+02
2.324681522274506449e+02 3.454756516378546394e+02
2.314517864763094792e+02 3.454461722566798585e+02
2.304339452694096622e+02 3.454066415652323485e+02
2.294148680591375751e+02 3.453555380222243798e+02
2.283948396848414575e+02 3.452913296527640910e+02
2.273741945843977703e+02 3.452125021564133931e+02
2.263533719063422325e+02 3.451175854555287401e+02
2.253328477872642566e+02 3.450050894816142204e+02
2.243131866538892041e+02 3.448735253857079215e+02
2.232950355649657581e+02 3.447214080050654843e+02
2.222791185754941807e+02 3.445472955069517411e+02
2.212662331664668898e+02 3.443498144058967796e+02
2.202572672033435595e+02 3.441276095030327156e+02
2.192532057932690179e+02 3.438793434593723077e+02
2.182551371465265504e+02 3.436037023820709351e+02
2.172641694026405048e+02 3.432995518481686190e+02
2.162811921848010570e+02 3.429669254062080768e+02
2.153068776993585232e+02 3.426062159041231325e+02
2.143419841511134507e+02 3.422178663553116849e+02
2.133872063951795610e+02 3.418022687899918992e+02
2.124433420469054852e+02 3.413598888267421216e+02
2.115111294428866984e+02 3.408911244348772129e+02
2.105913677745448638e+02 3.403963678848814425e+02
2.096848708277942706e+02 3.398760247429250398e+02
2.087924645958387657e+02 3.393305188880435139e+02
2.079149852218914702e+02 3.387602954592546780e+02
2.070532705772747875e+02 3.381658225305072847e+02
2.062081391786219342e+02 3.375475889877557734e+02
2.053804633414040381e+02 3.369061985968493786e+02
2.045710099304021981e+02 3.362421651160763645e+02
2.037806411560808328e+02 3.355561638063179544e+02
2.030101056825804449e+02 3.348487905909775577e+02
2.022601916015762242e+02 3.341207508570978462e+02
2.015316241221442795e+02 3.333727704465348438e+02
2.008250779937227151e+02 3.326055977771655989e+02
2.001411810236323845e+02 3.318200249529047596e+02
1.994804936420637489e+02 3.310168772071476724e+02
