2.006443718074820879e+02 3.285705831121046572e+02
2.000116713182836747e+02 3.278457722482523877e+02
1.994024224010761657e+02 3.271001640345729129e+02
1.988170144843702190e+02 3.263345375210288353e+02
1.982559060769908115e+02 3.255498553235352688e+02
1.977194912368334485e+02 3.247471050343705770e+02
1.972081015357209992e+02 3.239272900990436028e+02
1.967220129943298161e+02 3.230914231690460952e+02
1.962614661963859817e+02 3.222405246478259642e+02
1.958265883988108556e+02 3.213755681111873628e+02
1.954175349720324846e+02 3.204975794546330690e+02
1.950343649915363926e+02 3.196075114853454693e+02
1.946771367405672208e+02 3.187063407525952243e+02
1.943458112210273043e+02 3.177949814734810161e+02
1.940403561619525590e+02 3.168743680449715043e+02
1.937607028566393979e+02 3.159453826501847971e+02
1.935067582015317385e+02 3.150088751940156158e+02
1.932784131857293346e+02 3.140656711456379639e+02
1.930755133879553966e+02 3.131165701217971105e+02
1.928978711730033524e+02 3.121623471610004685e+02
1.927452894074242238e+02 3.112037453920106600e+02
1.926175921968008709e+02 3.102415111558873946e+02
1.925145465161787399e+02 3.092762712511308791e+02
1.924359420073469664e+02 3.083087535475481786e+02
1.923814121385370015e+02 3.073395499343293977e+02
1.923506134745854297e+02 3.063693220339363279e+02
1.923432033081447230e+02 3.053986752612340183e+02
1.923588158895981053e+02 3.044281276387790172e+02
1.923970449111384653e+02 3.034582440843686300e+02
1.924567589779374543e+02 3.024896107858721166e+02
1.925363732147835094e+02 3.015227882570047200e+02
1.926343033884135423e+02 3.005582608585544904e+02
1.927489532830528844e+02 2.995963677951082218e+02
1.928787447998641653e+02 2.986374246880402552e+02
1.930221974711708981e+02 2.976816881616554156e+02
1.931779990759237648e+02 2.967292693493306501e+02
1.933448745419658508e+02 2.957802566920451000e+02
1.935215744838127705e+02 2.948347402581223378e+02
1.937068503971079849e+02 2.938926488543721121e+02
1.938995063488769404e+02 2.929539680056150814e+02
1.940986077700152919e+02 2.920186276147144895e+02
1.943033529640110544e+02 2.910864511558505683e+02
1.945129650998732416e+02 2.901573722310462244e+02
1.947266859972949078e+02 2.892312410422765652e+02
1.949437693695821849e+02 2.883078187872020521e+02
1.951635848960743260e+02 2.873869631596027716e+02
1.953856975723707592e+02 2.864684941848976791e+02
1.956097069968325002e+02 2.855522613241204226e+02
1.958352285295990214e+02 2.846380108550353043e+02
1.960618863275954595e+02 2.837255696303224113e+02
1.962893236754857469e+02 2.828147416707736284e+02
1.965172117444763842e+02 2.819053206358628358e+02
1.967452414840659571e+02 2.809970954768532465e+02
1.969731174758955490e+02 2.800898733822489817e+02
1.972005639790010605e+02 2.791834012031558814e+02
1.974273217557310716e+02 2.782774458028388835e+02
1.976534877620929933e+02 2.773718658308553131e+02
1.978796763444118199e+02 2.764666344371402147e+02
1.981065460358578036e+02 2.755617902163656936e+02
1.983347677669937639e+02 2.746573629036175817e+02
1.985650188162010465e+02 2.737533857098878798e+02
1.987979501299686831e+02 2.728499896899425607e+02
1.990341182159070001e+02 2.719473556030217196e+02
1.992740940180550524e+02 2.710454455981018782e+02
1.995183915708209099e+02 2.701445291063028549e+02
1.997675751330302774e+02 2.692447154287110038e+02
2.000221936976439565e+02 2.683462195653345361e+02
2.002828590637861339e+02 2.674492385415200033e+02
2.005502110477916915e+02 2.665541461325492492e+02
2.008249489342228742e+02 2.656611385103528846e+02
2.011077173745903224e+02 2.647706314836969455e+02
2.013991859211206759e+02 2.638830051023982151e+02
2.017000501732233602e+02 2.629986834420435571e+02
2.020111891972510136e+02 2.621179047424987516e+02
2.023335680764123197e+02 2.612405932004335796e+02
2.026679465861282665e+02 2.603671245799125700e+02
2.030150309385898879e+02 2.594979735872115043e+02
2.033754852580817385e+02 2.586337087488738575e+02
2.037500532919954424e+02 2.577748174494801674e+02
2.041394449309696029e+02 2.569220006756004864e+02
2.045443822578317281e+02 2.560758950953596695e+02
2.049655159943605156e+02 2.552372642730881296e+02
2.054035157404371432e+02 2.544067750849046661e+02
2.058586762674271426e+02 2.535850794258992380e+02
2.063302553930907663e+02 2.527721942777698416e+02
2.068173147178099214e+02 2.519678787706350818e+02
2.073188885532015604e+02 2.511719192741890367e+02
2.078340346847616900e+02 2.503840393613767787e+02
2.083618261670286245e+02 2.496039124452594535e+02
2.089013300839694978e+02 2.488311534622424688e+02
2.094516128231823870e+02 2.480653211401766782e+02
2.100117586731736310e+02 2.473059306409771807e+02
2.105808712500701745e+02 2.465524554543261786e+02
2.111580742017633554e+02 2.458043290492815061e+02
2.117425095257951000e+02 2.450609526581718853e+02
2.123333438943178635e+02 2.443216907766562542e+02
2.129297792258312541e+02 2.435858491553058514e+02
2.135310167096864404e+02 2.428527332763338507e+02
2.141362873807295273e+02 2.421216069402317430e+02
2.147448387769289866e+02 2.413917018470110634e+02
2.153558835943244958e+02 2.406621745406359310e+02
2.159686077046982291e+02 2.399321379275744448e+02
2.165822554354890599e+02 2.392006246666355480e+02
2.171960518675699063e+02 2.384666962873163811e+02
2.178092576553412414e+02 2.377293754197612543e+02
2.184210446738420615e+02 2.369875594198036310e+02
2.190303470583272656e+02 2.362398664622980391e+02
2.196360906795852372e+02 2.354848483833215482e+02
2.202372304649204864e+02 2.347210313897892320e+02
2.208327474439067828e+02 2.339469207306542273e+02
2.214217517271662246e+02 2.331610908841246896e+02
2.220043144401329016e+02 2.323631401621162240e+02
2.225810455352159920e+02 2.315532756755663399e+02
2.231525304800398715e+02 2.307317436720410342e+02
2.237193229474199541e+02 2.298988222885672883e+02
2.242819500440959359e+02 2.290548187815829237e+02
2.248411529988349855e+02 2.282003416105975191e+02
2.253981066176675654e+02 2.273365915147627163e+02
2.259539948723110570e+02 2.264648741330022972e+02
2.265099543730730716e+02 2.255865339097917399e+02
2.270670764268830624e+02 2.247029528517062715e+02
2.276264492098378014e+02 2.238155894529077727e+02
2.281894111463341233e+02 2.229262835945141035e+02
2.287573863384858441e+02 2.220370899187531961e+02
2.293317612930359530e+02 2.211500965905382259e+02
2.299138785954906155e+02 2.202674110840522985e+02
2.305050451904468503e+02 2.193911726568699692e+02
2.311064020777141081e+02 2.185233686449327877e+02
2.317188587205662031e+02 2.176657256024020057e+02
2.323432815954499233e+02 2.168199552124615366e+02
2.329805328333870023e+02 2.159877749319586258e+02
2.336314479075086297e+02 2.151709125527720232e+02
2.342968135083127379e+02 2.143710103598670287e+02
2.349770148295106367e+02 2.135891973933467511e+02
2.356723002063039303e+02 2.128263888837293223e+02
2.363829301963390037e+02 2.120834910822727295e+02
2.371091779498047174e+02 2.113614024081298908e+02
2.378513000397265387e+02 2.106609961518909984e+02
2.386089151146086067e+02 2.099821901170779199e+02
2.393807649580864449e+02 2.093236134461484141e+02
2.401655613885952505e+02 2.086837816478503385e+02
2.409620484394819755e+02 2.080611890427612138e+02
2.417689997070393702e+02 2.074543110096550436e+02
2.425852490736920686e+02 2.068616543562853849e+02
2.434098242581754334e+02 2.062819576443957885e+02
2.442418270749923295e+02 2.057140261556675682e+02
2.450803770828681820e+02 2.051566553337130472e+02
2.459246101405862248e+02 2.046086319953739405e+02
2.467738973771682538e+02 2.040686616926943771e+02
2.476281377173118017e+02 2.035353308475595782e+02
2.484867492264170039e+02 2.030075917735451867e+02
2.493490237097158797e+02 2.024844820667494787e+02
2.502142552349401683e+02 2.019650377267133479e+02
2.510817350094566791e+02 2.014482942271955892e+02
2.519507593682047002e+02 2.009332609163643326e+02
2.528205822447808089e+02 2.004188747568266251e+02
2.536904466883444229e+02 1.999040512149737765e+02
2.545596266426894090e+02 1.993876903840132400e+02
2.554273921901891526e+02 1.988686926776448161e+02
2.562930388571652429e+02 1.983459439412687573e+02
2.571558928138754254e+02 1.978183223598391010e+02
2.580152787947633897e+02 1.972847087317424268e+02
2.588705771609887165e+02 1.967439578880250792e+02
2.597211665766338342e+02 1.961949240958639393e+02
2.605664661352577127e+02 1.956364403615569074e+02
2.614062266752640085e+02 1.950677860552229106e+02
2.622411535433559493e+02 1.944897917576685700e+02
2.630721905038220143e+02 1.939035997062913168e+02
2.639002592514193566e+02 1.933103704459585401e+02
2.647262683092446309e+02 1.927112748248174512e+02
2.655511424543169028e+02 1.921074851012535589e+02
2.663757844940383848e+02 1.915001880920252404e+02
2.672010694173485490e+02 1.908905848005663586e+02
2.680278837936438094e+02 1.902798805765352768e+02
2.688570940411635206e+02 1.896693015454774240e+02
2.696895543776492445e+02 1.890600909519893094e+02
2.705260512321183342e+02 1.884534709615469978e+02
2.713673076587604669e+02 1.878505415516352457e+02
2.722140073941944252e+02 1.872524054083600049e+02
2.730668141658845798e+02 1.866601855474839908e+02
2.739263693388360252e+02 1.860750265366376937e+02
2.747932825141966759e+02 1.854980822622280812e+02
2.756680572872287485e+02 1.849303735262073758e+02
2.765511218012217682e+02 1.843728421211887962e+02
2.774428885310969690e+02 1.838264475517261758e+02
2.783437358899850551e+02 1.832921761306516260e+02
2.792539841797379836e+02 1.827710451102027207e+02
2.801739415658858547e+02 1.822640412890001187e+02
2.811038849662068060e+02 1.817720808425006851e+02
2.820438956728650624e+02 1.812961397514747830e+02
2.829942254913090096e+02 1.808371490388734060e+02
2.839548835050361504e+02 1.803961315094785220e+02
2.849260295725659944e+02 1.799740195934416249e+02
2.859073716956634712e+02 1.795713905819011700e+02
2.868986734244558647e+02 1.791885383737665336e+02
2.878996276569849897e+02 1.788257888936490758e+02
2.889098896614879664e+02 1.784834841356016852e+02
2.899290701407986148e+02 1.781619794173607829e+02
2.909568265850419948e+02 1.778617110125966292e+02
2.919928113388582460e+02 1.775832848582331565e+02
2.930366475757218154e+02 1.773273331133199520e+02
2.940879266245321446e+02 1.770944976845492533e+02
2.951461266022866425e+02 1.768854371376355346e+02
2.962107450395397450e+02 1.767008124731201804e+02
2.972812749158471775e+02 1.765413851150681808e+02
2.983570710221342210e+02 1.764079714687793228e+02
2.994374608900497492e+02 1.763013739279360834e+02
3.005217569064153622e+02 1.762223875297638074e+02
3.016090996022886657e+02 1.761718048381410711e+02
3.026986221400906629e+02 1.761503959115372595e+02
3.037894418238215053e+02 1.761589246305365748e+02
3.048804273379775509e+02 1.761981277984189376e+02
3.059705393091473979e+02 1.762686960597769144e+02
3.070586158917639636e+02 1.763712885564818578e+02
3.081434122308322117e+02 1.765064956001843655e+02
3.092235760422049680e+02 1.766747203888306785e+02
3.102977644069513872e+02 1.768762609011899940e+02
3.113645655750092374e+02 1.771113468675696083e+02
3.124225323453596275e+02 1.773801320235573939e+02
3.134701910450727951e+02 1.776826688411587156e+02
3.145061073165111338e+02 1.780182099691103019e+02
3.155289276568069567e+02 1.783850072778075742e+02
3.165374814182231376e+02 1.787811831021899422e+02
3.175307522206684325e+02 1.792047915230737374e+02
3.185078111757391639e+02 1.796537157650100198e+02
3.194679530945535362e+02 1.801254184837171977e+02
3.204112271763784179e+02 1.806171091399366162e+02
3.213379999771265148e+02 1.811260172961157764e+02
3.222488080572590547e+02 1.816494032369613763e+02
3.231443637844267869e+02 1.821846130841781246e+02
3.240255564875934624e+02 1.827290548877674610e+02
3.248933189305799374e+02 1.832804732920100719e+02
3.257486812176276203e+02 1.838369224694741035e+02
3.265927306011000155e+02 1.843965406202488850e+02
3.274266455490561043e+02 1.849575408581238491e+02
3.282516883513353605e+02 1.855182096989836396e+02
3.290691516896469579e+02 1.860770209723727078e+02
3.298802152602347633e+02 1.866329455137884850e+02
3.306860433977846014e+02 1.871851122873129611e+02
3.314878181989343489e+02 1.877327049558417684e+02
3.322867373546454246e+02 1.882749608263286518e+02
3.330840112938291213e+02 1.888111696981304704e+02
3.338808113679419876e+02 1.893406640380196961e+02
3.346784622002762148e+02 1.898628666258945543e+02
3.354781346869290815e+02 1.903771936160992766e+02
3.362810974246021374e+02 1.908831487432551341e+02
3.370886166341165335e+02 1.913802778915093086e+02
3.379017080996561617e+02 1.918685823103577093e+02
3.387205550124658657e+02 1.923493283850393425e+02
3.395451938982769207e+02 1.928240397501371888e+02
3.403754642866067570e+02 1.932941685280440254e+02
3.412111223158848929e+02 1.937611541403824162e+02
3.420519186939702081e+02 1.942264446712450479e+02
3.428974203984049041e+02 1.946914314573258764e+02
3.437471280031023753e+02 1.951575048481031729e+02
3.446004634111430391e+02 1.956260214564563853e+02
3.454567724699479641e+02 1.960983017382786215e+02
3.463153279789434009e+02 1.965756289614034245e+02
3.471752469229122084e+02 1.970593491388053735e+02
3.480353565230682875e+02 1.975510130483827425e+02
3.488943672378491669e+02 1.980521512358443772e+02
3.497509076762131599e+02 1.985642328315938414e+02
3.506035239893536755e+02 1.990886631825467532e+02
3.514506779081448826e+02 1.996267928843059849e+02
3.522906954764991951e+02 2.001799895756602155e+02
3.531217591268365936e+02 2.007495835313810915e+02
3.539419800626291135e+02 2.013368332195745154e+02
3.547493876601092779e+02 2.019429201408084680e+02
3.555419676884283149e+02 2.025689398834024644e+02
3.563176609857359267e+02 2.032158564445527702e+02
3.570744296830635562e+02 2.038844834099191701e+02
3.578102116867426616e+02 2.045755261531814995e+02
3.585228754416470451e+02 2.052896093871906089e+02
3.592102324100969781e+02 2.060272765971718343e+02
3.598702567596857307e+02 2.067888024898678339e+02
3.605025387558141006e+02 2.075731540522864691e+02
3.611075278687231389e+02 2.083786759566728222e+02
3.616857357601278409e+02 2.092037638020948691e+02
3.622377234596497146e+02 2.100468625863112493e+02
3.627641155321945803e+02 2.109064454962075956e+02
3.632655685301517678e+02 2.117810655287378552e+02
3.637428023733924078e+02 2.126692910167699893e+02
3.641965646728039587e+02 2.135697741839049968e+02
3.646276669603739151e+02 2.144811918137620808e+02
3.650369505217679489e+02 2.154022893144193347e+02
3.654253162097872405e+02 2.163318539490802834e+02
3.657937364066384589e+02 2.172687125886656361e+02
3.661432387202775089e+02 2.182117436643407018e+02
3.664749679154600699e+02 2.191598914592724157e+02
3.667901998901119782e+02 2.201121725558772653e+02
3.670902773954520057e+02 2.210676663635177022e+02
3.673765058769965890e+02 2.220255093846927537e+02
3.676502501018524072e+02 2.229849638197317176e+02
3.679128386829948454e+02 2.239453168033056727e+02
3.681656756030365614e+02 2.249059782354176491e+02
3.684101499869088912e+02 2.258663901324973153e+02
3.686476669217825020e+02 2.268260956179037464e+02
3.688795738787390519e+02 2.277847485501729352e+02
3.691071578170197540e+02 2.287420342323354134e+02
3.693317787771202347e+02 2.296977886184236866e+02
3.695547497220712785e+02 2.306518311264404417e+02
3.697773749310360927e+02 2.316041001577571592e+02
3.700000515954345701e+02 2.325548791060642486e+02
3.702220571490192924e+02 2.335047064276848801e+02
3.704425918602506158e+02 2.344541281767366740e+02
3.706608410883892475e+02 2.354036609760297551e+02
3.708759448707003799e+02 2.363537414896702273e+02
3.710870235072828791e+02 2.373047654081620124e+02
3.712932328941765832e+02 2.382571045680383577e+02
3.714937136109055018e+02 2.392110670736343536e+02
3.716875801579076892e+02 2.401669115952709603e+02
3.718739284393029152e+02 2.411248604049826554e+02
3.720518347844306959e+02 2.420850913927026511e+02
3.722203421099434308e+02 2.430477388676186195e+02
3.723784617002772279e+02 2.440128912858167780e+02
3.725251891139858458e+02 2.449805876041628210e+02
3.726595062438525474e+02 2.459508158641162083e+02
3.727803828299598763e+02 2.469235117572728768e+02
3.728867710002016906e+02 2.478985574189928514e+02
3.729775897220064280e+02 2.488757798178788221e+02
3.730517456517779351e+02 2.498549467999999933e+02
3.731081321624729412e+02 2.508357536258308755e+02
3.731456496263172085e+02 2.518178564791592180e+02
3.731632002183057466e+02 2.528008359376400165e+02
3.731596685215349680e+02 2.537841775379719707e+02
3.731339591980180330e+02 2.547673427442392153e+02
3.730849738826794351e+02 2.557496809466073557e+02
3.730116304047812150e+02 2.567304882287383521e+02
3.729128531591956062e+02 2.577089619961693074e+02
3.727879792048070726e+02 2.586842986988071971e+02
3.726374108227308284e+02 2.596557450032236716e+02
3.724617490666273625e+02 2.606226203834478383e+02
3.722616101340497039e+02 2.615842703884712819e+02
3.720376146822216015e+02 2.625400511680086311e+02
3.717903910951246189e+02 2.634893550911259581e+02
3.715205798826083878e+02 2.644316047295826593e+02
3.712288314661952882e+02 2.653662543174056054e+02
3.709158025684160407e+02 2.662927908633000129e+02
3.705821551869755126e+02 2.672107358953364269e+02
3.702285554422081191e+02 2.681196473522972497e+02
3.698556619608067422e+02 2.690191006790738015e+02
3.694641224760295017e+02 2.699087443366785806e+02
3.690545889745765749e+02 2.707882531471213383e+02
3.686277077660948862e+02 2.716572997519228352e+02
3.681841153783803975e+02 2.725156819527334164e+02
3.677244515569165060e+02 2.733631788859445351e+02
3.672493170570318171e+02 2.741996401573414346e+02
3.667592909181099685e+02 2.750250515867468266e+02
3.662549146938288231e+02 2.758403788028456347e+02
3.657370028185588353e+02 2.766464094150292112e+02
3.652065045527351685e+02 2.774437560395477931e+02
3.646643878850543956e+02 2.782329543752528593e+02
3.641115514725764228e+02 2.790146936234584700e+02
3.635488823287346349e+02 2.797896942551520283e+02
3.629772570662024123e+02 2.805586556479100864e+02
3.623974721418711624e+02 2.813224585326972829e+02
3.618102838147569287e+02 2.820817870485173557e+02
3.612157378289398366e+02 2.828370178841129814e+02
3.606136893119444835e+02 2.835881314198501855e+02
3.600039458069426814e+02 2.843352110475919403e+02
3.593864079333328618e+02 2.850781773130347005e+02
3.587609500094859527e+02 2.858169981306056684e+02
3.581274885642224604e+02 2.865515889072891582e+02
3.574859672645047795e+02 2.872818239565289105e+02
3.568363404726219414e+02 2.880075621327561635e+02
3.561785808661236956e+02 2.887286368589088283e+02
3.555126699307206763e+02 2.894448764598913044e+02
3.548386122046211426e+02 2.901560707658886713e+02
3.541564040897725931e+02 2.908619785196963221e+02
3.534660422614707613e+02 2.915623452704935517e+02
3.527675351076051697e+02 2.922569027351138402e+02
3.520609008648007716e+02 2.929453677262899305e+02
3.513461625696577926e+02 2.936274461527988251e+02
3.506233422657090273e+02 2.943028172203361805e+02
3.498924395040592117e+02 2.949711749903047462e+02
3.491534819697408238e+02 2.956321641624726340e+02
3.484064738302309934e+02 2.962854567924070466e+02
3.476514337691315291e+02 2.969306984479468952e+02
3.468883654311841838e+02 2.975675517471111675e+02
3.461172823249000317e+02 2.981956478490598670e+02
3.453381732915778457e+02 2.988146493783765436e+02
3.445510393853318192e+02 2.994241946945236919e+02
3.437558676682008922e+02 3.000239233345665184e+02
3.429526437185973577e+02 3.006135087031573789e+02
3.421416842926768709e+02 3.011930873616212807e+02
3.413236348374736622e+02 3.017633136809961343e+02
3.404991298642592596e+02 3.023248819512883756e+02
3.396687784827517476e+02 3.028784982737210498e+02
3.388331642465425375e+02 3.034248849970252309e+02
3.379928524028661627e+02 3.039647728491794396e+02
3.371483901212382079e+02 3.044989049409347786e+02
3.363003076296142808e+02 3.050280335805804839e+02
3.354491201848163655e+02 3.055529183493842993e+02
3.345953301696285394e+02 3.060743251735098056e+02
3.337394290163326787e+02 3.065930252433890928e+02
3.328818965828400565e+02 3.071097901179512064e+02
3.320232035425612480e+02 3.076253914657588666e+02
3.311638158564971945e+02 3.081406041036768784e+02
3.303041969217205178e+02 3.086562054045578520e+02
3.294448093001300890e+02 3.091729752903846133e+02
3.285861159583748758e+02 3.096916921435040422e+02
3.277285783046024790e+02 3.102131276206511075e+02
3.268726811620020953e+02 3.107380115487582657e+02
3.260191092205124619e+02 3.112666188186306044e+02
3.251683445449600072e+02 3.117991433602081202e+02
3.243206387757990115e+02 3.123359232467545894e+02
3.234762376447501424e+02 3.128773053665167936e+02
3.226353851793758167e+02 3.134236408240757328e+02
3.217983208694703876e+02 3.139752820469097969e+02
3.209652781626452906e+02 3.145325840470236471e+02
3.201364840325366004e+02 3.150959034875864404e+02
3.193119987882064947e+02 3.156653578689870869e+02
3.184914695858903997e+02 3.162404450464197225e+02
3.176744736287382693e+02 3.168205667361775681e+02
3.168605825087632866e+02 3.174051273439712304e+02
3.160493647259344243e+02 3.179935309222881301e+02
3.152403836320983714e+02 3.185851825438504079e+02
3.144331942588411835e+02 3.191794775164786984e+02
3.136273470444903069e+02 3.197758023946968251e+02
3.128223887205776919e+02 3.203735471771486232e+02
3.120178698282455230e+02 3.209720948961866043e+02
3.112133390102039243e+02 3.215708288111617890e+02
3.104083429478911285e+02 3.221691236096158946e+02
3.096024237534142003e+02 3.227663340897636886e+02
3.087951257584702489e+02 3.233618072602539542e+02
3.079859965197125575e+02 3.239548903572833751e+02
3.071745925238115547e+02 3.245449214982397166e+02
3.063604761084050665e+02 3.251312328448383369e+02
3.055432158656035426e+02 3.257131464829627703e+02
3.047223889149060483e+02 3.262899753132003298e+02
3.038975829614722102e+02 3.268610237415597339e+02
3.030683979226355405e+02 3.274255897715503920e+02
3.022344474273741071e+02 3.279829611077385607e+02
3.013953608532247586e+02 3.285324190486566636e+02
3.005507860736323664e+02 3.290732398609979441e+02
2.997003882735291995e+02 3.296046902409424888e+02
2.988438510132646115e+02 3.301260265364579709e+02
2.979808775839572945e+02 3.306364944836182076e+02
2.971112470124353422e+02 3.311354290028707510e+02
2.962351239187418628e+02 3.316228327457534419e+02
2.953528285162228713e+02 3.320989880521225928e+02
2.944646799694875199e+02 3.325641793694412627e+02
2.935709971869662240e+02 3.330186967569787271e+02
2.926720958890134057e+02 3.334628331314906404e+02
2.917682884560791194e+02 3.338968860166611989e+02
2.908598830083029725e+02 3.343211582403555440e+02
2.899471824802301967e+02 3.347359585807122357e+02
2.890304836819409502e+02 3.351416024048951385e+02
2.881100763420433282e+02 3.355384122842418719e+02
2.871862413724551288e+02 3.359267159329559149e+02
2.862592520295652321e+02 3.363068549364766113e+02
2.853293713845257571e+02 3.366791773567561563e+02
2.843968511850152368e+02 3.370440405581907157e+02
2.834619310968587911e+02 3.374018116897675554e+02
2.825248377030600864e+02 3.377528680128252176e+02
2.815857829658523315e+02 3.380975958696308226e+02
2.806449632031163333e+02 3.384363906685364327e+02
2.797025588198345645e+02 3.387696571186158963e+02
2.787587329154490590e+02 3.390978142561120876e+02
2.778136318119216526e+02 3.394212908915030766e+02
2.768673830750366847e+02 3.397405270349970579e+02
2.759200951900206746e+02 3.400559751905172448e+02
2.749718565843423335e+02 3.403680992891199253e+02
2.740227348094982176e+02 3.406773741737127352e+02
2.730727761618077807e+02 3.409842831405155721e+02
2.721219959299479569e+02 3.412892961403690038e+02
2.711702179717495937e+02 3.415922998582292394e+02
2.702171054662533152e+02 3.418925953976768142e+02
2.692623402946488227e+02 3.421894552686824795e+02
2.683056321901249817e+02 3.424821420650470714e+02
2.673467177712730063e+02 3.427699239787827992e+02
2.663853656833160812e+02 3.430520658710777298e+02
2.654213720463020536e+02 3.433278073846360030e+02
2.644545648689106088e+02 3.435964128642559103e+02
2.634848026065577642e+02 3.438571161759303436e+02
2.625119796939793559e+02 3.441091773310685085e+02
2.615360208091776713e+02 3.443518439213294755e+02
2.605568813683509575e+02 3.445843608888682752e+02
2.595745567819378152e+02 3.448059896159566051e+02
2.585890698223639106e+02 3.450159880159458794e+02
2.576004785601464278e+02 3.452136201601250036e+02
2.566088960739080562e+02 3.453981912711283826e+02
2.556144714180436210e+02 3.455690423282789538e+02
2.546173591072407874e+02 3.457255138825240124e+02
2.536177333328136001e+02 3.458669340719944785e+02
2.526157999188965277e+02 3.459926299459039569e+02
2.516117765924886669e+02 3.461019130908699708e+02
2.506059021003606802e+02 3.461940769935890785e+02
2.495984639995192538e+02 3.462684244098004456e+02
2.485897406392043365e+02 3.463242261273792337e+02
2.475800770404061666e+02 3.463607691300392730e+02
2.465698083899156359e+02 3.463773111163292242e+02
2.455593408443256749e+02 3.463731311149327325e+02
2.445490736750277847e+02 3.463478511900455601e+02
2.435394547563666663e+02 3.463019868249332944e+02
2.425308864070119341e+02 3.462361623076150181e+02
2.415237615436365672e+02 3.461509993464802051e+02
2.405184581661245318e+02 3.460471272316446516e+02
2.395153188622487903e+02 3.459251516674477784e+02
2.385146872477152726e+02 3.457857110854803295e+02
2.375168711590067687e+02 3.456294326515787816e+02
2.365221668339193002e+02 3.454569381353197173e+02
2.355308522878110864e+02 3.452688553687559079e+02
2.345431845162521256e+02 3.450657828830983931e+02
2.335594020331975003e+02 3.448483487136605845e+02
2.325797275564135020e+02 3.446171523138044677e+02
2.316043530857111534e+02 3.443728193710178402e+02
2.306334668278693414e+02 3.441159377837804527e+02
2.296672204098490511e+02 3.438471039025281470e+02
2.287057532210215811e+02 3.435668967171943677e+02
2.277491976826905500e+02 3.432758568916437980e+02
2.267976382876696846e+02 3.429745231054692454e+02
2.258511609948020293e+02 3.426634130100568996e+02
2.249098235053898236e+02 3.423430270272424423e+02
2.239736594689956917e+02 3.420138483116103885e+02
2.230426823281813427e+02 3.416763242012893897e+02
2.221168881235124957e+02 3.413308545806186203e+02
2.211962486861476407e+02 3.409778155576889844e+02
2.202807095884568298e+02 3.406175599356606654e+02
2.193701885717769073e+02 3.402504149645587859e+02
2.184646419117236462e+02 3.398765638315692286e+02
2.175641762019029954e+02 3.394955016133984600e+02
2.166691004895444053e+02 3.391064618574507676e+02
2.157796955662963114e+02 3.387086644441390035e+02
2.148963562399055149e+02 3.383013264310160366e+02
2.140194303715546482e+02 3.378836545838871643e+02
2.131493806540300682e+02 3.374548784181317274e+02
2.122866836861509228e+02 3.370142322908913570e+02
2.114318629018856086e+02 3.365609557739661568e+02
2.105854907646205447e+02 3.360942962243774446e+02
2.097481904010637663e+02 3.356135128004434591e+02
2.089206427506347268e+02 3.351178813550700397e+02
2.081036084531422716e+02 3.346066993122177564e+02
2.072978103321564731e+02 3.340792748755146704e+02
2.065041685678583292e+02 3.335349858494413979e+02
2.057235036938542976e+02 3.329732005479028203e+02
2.049568266826820491e+02 3.323933833314414983e+02
2.042051103228677675e+02 3.317950126130082822e+02
2.034693986450247394e+02 3.311776478802370889e+02
2.027507953247554440e+02 3.305409237564695104e+02
2.020504324986622180e+02 3.298845471755515177e+02
2.013694745070963847e+02 3.292083138281181505e+02
