1.985872118576622825e+02 3.304284690943500777e+02
1.978363259623793908e+02 3.296970048350972888e+02
1.971263310812359464e+02 3.289254432953819105e+02
1.964581662469757077e+02 3.281175630364975291e+02
1.958323054156844591e+02 3.272769080764823570e+02
1.952489109920938404e+02 3.264069097649297078e+02
1.947078537783311845e+02 3.255108612189896462e+02
1.942087358834464794e+02 3.245918917739244876e+02
1.937509198980163774e+02 3.236529339547611244e+02
1.933335566910345449e+02 3.226968144162092926e+02
1.929555842159530528e+02 3.217260621864335235e+02
1.926157926833491842e+02 3.207430893650438293e+02
1.923128075343940395e+02 3.197500638705295160e+02
1.920450849242308777e+02 3.187490331462001336e+02
1.918109653000683181e+02 3.177418065761902994e+02
1.916087130785111867e+02 3.167300257929356917e+02
1.914365228935366190e+02 3.157151541599974394e+02
1.912925310017146785e+02 3.146984824792086215e+02
1.911747439633873853e+02 3.136811668012609857e+02
1.910810696560534439e+02 3.126642204178600082e+02
1.910093933747625101e+02 3.116485004665069027e+02
1.909576091622067509e+02 3.106347204946667944e+02
1.909235749736813545e+02 3.096234497312793792e+02
1.909052190277153045e+02 3.086151415793962656e+02
1.909005217632207234e+02 3.076100899007812473e+02
1.909075151914626360e+02 3.066085093530871859e+02
1.909242538794702568e+02 3.056105138712043754e+02
1.909487923039563384e+02 3.046161008779930626e+02
1.909793079817938803e+02 3.036252021100536354e+02
1.910149633377441205e+02 3.026375658730134433e+02
1.910555586546055338e+02 3.016528757342411495e+02
1.911009429674491287e+02 3.006708449834023895e+02
1.911509817473266253e+02 2.996911764756492857e+02
1.912055772368792645e+02 2.987136263475317719e+02
1.912646605053656685e+02 2.977379830128184608e+02
1.913281600165873613e+02 2.967640130653114170e+02
1.913960256168532794e+02 2.957915198048237357e+02
1.914682395126734207e+02 2.948203529096368243e+02
1.915447891857955085e+02 2.938503165734847471e+02
1.916256862731815716e+02 2.928812868946512253e+02
1.917109356581597694e+02 2.919131404946787143e+02
1.918005332760927217e+02 2.909457222311665419e+02
1.918945001945841113e+02 2.899789584506564211e+02
1.919928731559525374e+02 2.890127539541052215e+02
1.920956935515317525e+02 2.880469905307850240e+02
1.922030047419082734e+02 2.870816124484055649e+02
1.923148374464968811e+02 2.861165487861885595e+02
1.924312353097692210e+02 2.851517522822189790e+02
1.925522482403073070e+02 2.841871375468896304e+02
1.926779367799478848e+02 2.832226672808951662e+02
1.928083716006510429e+02 2.822583027124830437e+02
1.929436159030826730e+02 2.812940057618747005e+02
1.930837356087458545e+02 2.803297427477191377e+02
1.932288089373986395e+02 2.793654953692138747e+02
1.933789237493699034e+02 2.784012277555107744e+02
1.935341778208731682e+02 2.774369201387631279e+02
1.936947919346742140e+02 2.764725912969026922e+02
1.938611614547949387e+02 2.755083035821606927e+02
1.940337039095678620e+02 2.745441493181602937e+02
1.942128450374760007e+02 2.735802234260288515e+02
1.943990136612376602e+02 2.726166288845303143e+02
1.945926481122333200e+02 2.716535132649882485e+02
1.947942250620644415e+02 2.706910654908799643e+02
1.950042327847784520e+02 2.697294185283967067e+02
1.952231597307423101e+02 2.687688176453628444e+02
1.954515078435620978e+02 2.678094702935283635e+02
1.956897813388560508e+02 2.668516299204258075e+02
1.959385026189681298e+02 2.658955591135081704e+02
1.961982183599463099e+02 2.649415861379322337e+02
1.964694801279990486e+02 2.639900072697129190e+02
1.967528384193641955e+02 2.630411939804403119e+02
1.970488536599713143e+02 2.620955277555318617e+02
1.973580908359147656e+02 2.611534190569815905e+02
1.976810996906159801e+02 2.602152460325698371e+02
1.980183518294560372e+02 2.592813283290492450e+02
1.983702485881519237e+02 2.583520906869763394e+02
1.987371619407733476e+02 2.574279901145946496e+02
1.991194451592106702e+02 2.565095146306350671e+02
1.995174177116319356e+02 2.555971419932637048e+02
1.999313717757139557e+02 2.546913900805840285e+02
2.003615733280023221e+02 2.537927753309132299e+02
2.008082666782728438e+02 2.529018427618529188e+02
2.012716636742421201e+02 2.520191292953642233e+02
2.017518056248260052e+02 2.511451118994798435e+02
2.022481856593134069e+02 2.502799436862937910e+02
2.027601648824523295e+02 2.494236657540612612e+02
2.032871044448500299e+02 2.485762964960227634e+02
2.038283679410562286e+02 2.477378220259236912e+02
2.043833210409590606e+02 2.469081968634216082e+02
2.049513311160324065e+02 2.460873434993927447e+02
2.055317687360854961e+02 2.452751528089914643e+02
2.061240100596629077e+02 2.444714853314725076e+02
2.067274379317330499e+02 2.436761718997191224e+02
2.073414428563176273e+02 2.428890143607260939e+02
2.079654245874345406e+02 2.421097875620194770e+02
2.085987929837667991e+02 2.413382396163052590e+02
2.092409656749304929e+02 2.405740877522666494e+02
2.098913711959756370e+02 2.398170281208095957e+02
2.105494498423477694e+02 2.390667319880719504e+02
2.112146534200008148e+02 2.383228478239214780e+02
2.118864461126179606e+02 2.375850030845425067e+02
2.125643060944607896e+02 2.368528094202357295e+02
2.132477212863815055e+02 2.361258490195054094e+02
2.139361907120333512e+02 2.354036939188875408e+02
2.146292267410516104e+02 2.346858979668755012e+02
2.153263531406595916e+02 2.339719993107088953e+02
2.160271043429456199e+02 2.332615210892020343e+02
2.167310259294854120e+02 2.325539733466675330e+02
2.174376744519996691e+02 2.318488544824862174e+02
2.181466172752235764e+02 2.311456529777015589e+02
2.188574616918467655e+02 2.304438772348495661e+02
2.195701276737568435e+02 2.297433582694913810e+02
2.202847086238365648e+02 2.290441201017674473e+02
2.210012925160349369e+02 2.283461968508740938e+02
2.217199602714558182e+02 2.276496306185027834e+02
2.224407860772488164e+02 2.269544704647541664e+02
2.231638381540322769e+02 2.262607723037927769e+02
2.238891811184976177e+02 2.255686025162408441e+02
2.246168740977701361e+02 2.248780336923221910e+02
2.253469706232347107e+02 2.241891440700781857e+02
2.260795198387958749e+02 2.235020181055029127e+02
2.268145671864855615e+02 2.228167461136905558e+02
2.275521528925968653e+02 2.221334232032984630e+02
2.282923172064191135e+02 2.214521528942582052e+02
2.290351001252092260e+02 2.207730452596443342e+02
2.297805294575492212e+02 2.200962092680093463e+02
2.305286401178042581e+02 2.194217608646020778e+02
2.312794569592651897e+02 2.187498179163869736e+02
2.320330082847566189e+02 2.180805016857142107e+02
2.327893160324243809e+02 2.174139358342773960e+02
2.335484072514139484e+02 2.167502469964128409e+02
2.343102989585076159e+02 2.160895637666484390e+02
2.350750177854401386e+02 2.154320150395301710e+02
2.358425769287637763e+02 2.147777267604736835e+02
2.366129907985119587e+02 2.141268221264953979e+02
2.373862761685312535e+02 2.134794258809402550e+02
2.381624520513992422e+02 2.128356646635377558e+02
2.389415300754754696e+02 2.121956633593680692e+02
2.397234286265964158e+02 2.115594033657866646e+02
2.405079322607109589e+02 2.109266737213509373e+02
2.412948207743673947e+02 2.102972482369696365e+02
2.420838788178471646e+02 2.096708993451996434e+02
2.428748956107516506e+02 2.090473983541706104e+02
2.436676650054004085e+02 2.084265161902524994e+02
2.444619866209669681e+02 2.078080256891120143e+02
2.452576643455431054e+02 2.071917000768959554e+02
2.460545054999406034e+02 2.065773123618169507e+02
2.468523208879330468e+02 2.059646354895125455e+02
2.476510641109186963e+02 2.053534246438604214e+02
2.484510615793651880e+02 2.047434381754495973e+02
2.492524169515739061e+02 2.041346428129094477e+02
2.500551657349113839e+02 2.035270520343988778e+02
2.508593434869322891e+02 2.029206794613050988e+02
2.516649809720626649e+02 2.023155397959472168e+02
2.524721172129896161e+02 2.017116457349061704e+02
2.532807922813400978e+02 2.011090153832945191e+02
2.540910405375829271e+02 2.005076697181505665e+02
2.549029118584997491e+02 1.999076249586113363e+02
2.557164432599746249e+02 1.993089039469893180e+02
2.565316803079408601e+02 1.987115265049465620e+02
2.573486827266842170e+02 1.981155179541027280e+02
2.581674939063454985e+02 1.975209180518349115e+02
2.589881886773919746e+02 1.969277562875361127e+02
2.598108199106019356e+02 1.963360743799943577e+02
2.606354545447802593e+02 1.957459090793809082e+02
2.614622469940591714e+02 1.951574135688854312e+02
2.622915642084608976e+02 1.945711461352442484e+02
2.631238540772038164e+02 1.939877386705477704e+02
2.639595399023490927e+02 1.934078414944346207e+02
2.647990295948678749e+02 1.928321149811219186e+02
2.656427439268846342e+02 1.922612192612479021e+02
2.664910682530284021e+02 1.916958060827922452e+02
2.673443514265552494e+02 1.911365218565386783e+02
2.682029535260949160e+02 1.905840146085479034e+02
2.690672167588467119e+02 1.900389492710897059e+02
2.699374735792005140e+02 1.895020038578598474e+02
2.708140201000792331e+02 1.889738736962134453e+02
2.716971565788546741e+02 1.884552508991762920e+02
2.725871576454642309e+02 1.879468462009759548e+02
2.734842796508386868e+02 1.874493862493147844e+02
2.743887589929500450e+02 1.869636142668466334e+02
2.753008117401820414e+02 1.864902934575327720e+02
2.762206464598213529e+02 1.860302372162535391e+02
2.771484552613252390e+02 1.855842987722126907e+02
2.780844080220780370e+02 1.851533501386933835e+02
2.790286370547358956e+02 1.847382867075151580e+02
2.799812202022118868e+02 1.843400282518252027e+02
2.809422488155848896e+02 1.839595582606739015e+02
2.819118506024494764e+02 1.835979992042340427e+02
2.828900074433256577e+02 1.832565373507417803e+02
2.838767795777454808e+02 1.829363470478460556e+02
2.848720418649292014e+02 1.826386612557002138e+02
2.858756983377520555e+02 1.823646189994679503e+02
2.868871440013291476e+02 1.821146086939493784e+02
2.879056775959172683e+02 1.818885685002341290e+02
2.889305508720285616e+02 1.816864454955733095e+02
2.899609905056462935e+02 1.815081863334638115e+02
2.909961970855929962e+02 1.813537303585047482e+02
2.920353400630118017e+02 1.812228985534631533e+02
2.930775073214130657e+02 1.811153052799710963e+02
2.941217837725737922e+02 1.810305289114680818e+02
2.951672616905281075e+02 1.809681330286464913e+02
2.962130214474746595e+02 1.809276574663645363e+02
2.972581674569846655e+02 1.809085928937886649e+02
2.983017798506145937e+02 1.809102337939496579e+02
2.993429348174772144e+02 1.809317618477412566e+02
3.003807581317227005e+02 1.809723228111531341e+02
3.014144246979423656e+02 1.810310381048530530e+02
3.024431573418164589e+02 1.811069844571724445e+02
3.034662465296798928e+02 1.811992226046837402e+02
3.044830435862045874e+02 1.813068215847896738e+02
3.054929940819811804e+02 1.814287896878694255e+02
3.064956024502241121e+02 1.815641161677590389e+02
3.074904646573476157e+02 1.817117577575068879e+02
3.084772767884281848e+02 1.818706800434592594e+02
3.094558646645854196e+02 1.820400472477799951e+02
3.104261196214329743e+02 1.822190922524821701e+02
3.113880317746943547e+02 1.824070249381096573e+02
3.123416850987670728e+02 1.826030364750395449e+02
3.132872612105825851e+02 1.828063202549925848e+02
3.142249881727871639e+02 1.830166648265591789e+02
3.151551396847622186e+02 1.832345904607690272e+02
3.160779382884147708e+02 1.834606556841297902e+02
3.169935949957369417e+02 1.836954083943368516e+02
3.179026404368764815e+02 1.839393330843731746e+02
3.188063966039837283e+02 1.841927319982499114e+02
3.197054155286277251e+02 1.844557243764687939e+02
3.205998292936042731e+02 1.847284020248876004e+02
3.214899117501745422e+02 1.850108812519833066e+02
3.223757344655898578e+02 1.853032802494082603e+02
3.232574883499584644e+02 1.856057404800918960e+02
3.241351409293234838e+02 1.859183573115450656e+02
3.250088497316065741e+02 1.862412257242252451e+02
3.258786019278175559e+02 1.865744197120296803e+02
3.267443854553060305e+02 1.869180292209608751e+02
3.276061698637628865e+02 1.872721517971995411e+02
3.284639014120754723e+02 1.876368794221253324e+02
3.293175153852541257e+02 1.880122723624171783e+02
3.301669288566669707e+02 1.883983857818873560e+02
3.310120386991858368e+02 1.887952772991031622e+02
3.318527224615404521e+02 1.892030062952912601e+02
3.326888382663703965e+02 1.896216324516308589e+02
3.335201702363894469e+02 1.900511916145302678e+02
3.343466655091162920e+02 1.904917668977671781e+02
3.351680551326434738e+02 1.909433655662975013e+02
3.359841652780763184e+02 1.914060430759948304e+02
3.367947946070893863e+02 1.918798453545503548e+02
3.375997806981315534e+02 1.923647112396172076e+02
3.383991081134247452e+02 1.928602626627503014e+02
3.391929186962454423e+02 1.933661232136633430e+02
3.399812542955578465e+02 1.938818757798400441e+02
3.407641805798577366e+02 1.944071328193327588e+02
3.415418774561023270e+02 1.949415689834347916e+02
3.423144423818616247e+02 1.954848071646630672e+02
3.430820212092741031e+02 1.960365007123533871e+02
3.438447720377960195e+02 1.965963202997661199e+02
3.446028630938296260e+02 1.971639532914768154e+02
3.453564721039869028e+02 1.977391038338010105e+02
3.461057938586702676e+02 1.983214833299701070e+02
3.468510526664794611e+02 1.989107969138866281e+02
3.475924855571861372e+02 1.995067649228892606e+02
3.483303386565042388e+02 2.001091268600434319e+02
3.490648595141460646e+02 2.007176377953465192e+02
3.497963038905950270e+02 2.013320704831762384e+02
3.505250027442947953e+02 2.019522155694129140e+02
3.512512656047047130e+02 2.025778330428527738e+02
3.519754226554758247e+02 2.032087179735520124e+02
3.526977876131947482e+02 2.038446755567152593e+02
3.534187657861805860e+02 2.044855938457904472e+02
3.541387065868705690e+02 2.051312994457561274e+02
3.548579906501756227e+02 2.057816170075691105e+02
3.555771104740071564e+02 2.064364699207764602e+02
3.562964741864633993e+02 2.070957268359273087e+02
3.570165076539956317e+02 2.077593088674398700e+02
3.577376353959580229e+02 2.084272733295623823e+02
3.584595648066687090e+02 2.091000914156161912e+02
3.591817506308234442e+02 2.097785254601734550e+02
3.599035700731462839e+02 2.104632740611681356e+02
3.606243648443324332e+02 2.111550197540026375e+02
3.613434817768161338e+02 2.118544446943593016e+02
3.620600807394835101e+02 2.125622183116726092e+02
3.627732178260530418e+02 2.132791273020308722e+02
3.634818198204831106e+02 2.140058740064175140e+02
3.641848336183252286e+02 2.147431555547996993e+02
3.648811290352246601e+02 2.154916009683345806e+02
3.655695582445417244e+02 2.162518051659955063e+02
3.662489019371796530e+02 2.170243229315605333e+02
3.669178960637150908e+02 2.178096644076772179e+02
3.675752818231215997e+02 2.186082150110804037e+02
3.682198116441122124e+02 2.194202018702179942e+02
3.688502390913496924e+02 2.202457640221243764e+02
3.694653759666534256e+02 2.210850173403275676e+02
3.700641343340196840e+02 2.219378915035124464e+02
3.706454289653066212e+02 2.228043711036172851e+02
3.712081515443641138e+02 2.236843032204775739e+02
3.717511961064508341e+02 2.245775661787834849e+02
3.722734720133597079e+02 2.254839473946251758e+02
3.727740690802000927e+02 2.264031080616573490e+02
3.732521391887450477e+02 2.273347456703959324e+02
3.737068156841832547e+02 2.282783789620239077e+02
3.741372556206008539e+02 2.292336393328913289e+02
3.745426150177062823e+02 2.302000580744486342e+02
3.749226242117592278e+02 2.311769393024595729e+02
3.752776937929632481e+02 2.321634948448493958e+02
3.756082768765317041e+02 2.331589098873871251e+02
3.759148480214756773e+02 2.341623753969303721e+02
3.761979044361387992e+02 2.351731798792915527e+02
3.764579238301404871e+02 2.361906475681367112e+02
3.766952883246529495e+02 2.372141026563292883e+02
3.769103689709093601e+02 2.382429323951332378e+02
3.771035437787924138e+02 2.392765633731137029e+02
3.772751954546210413e+02 2.403144353148589403e+02
3.774257115996844050e+02 2.413560131066510053e+02
3.775554575661490730e+02 2.424007896840199692e+02
3.776647763151428876e+02 2.434482838035578425e+02
3.777540126689927433e+02 2.444980356489138842e+02
3.778235135265095437e+02 2.455496065140250437e+02
3.778736270279522955e+02 2.466025786789375900e+02
3.779047015593080800e+02 2.476565553283056431e+02
3.779170845171569226e+02 2.487111604986722568e+02
3.779111219338901151e+02 2.497660390092815135e+02
3.778871496925200972e+02 2.508208842726456282e+02
3.778455093230976445e+02 2.518753494924585823e+02
3.777865439584321052e+02 2.529291317829204502e+02
3.777105863135009827e+02 2.539820199529164597e+02
3.776179972434338197e+02 2.550337035135321742e+02
3.775091153011433107e+02 2.560839969785509993e+02
3.773842804326706641e+02 2.571326778879720223e+02
3.772438088813592003e+02 2.581795996465023109e+02
3.770879048455428801e+02 2.592245391134172792e+02
3.769163759043428854e+02 2.602673506479367234e+02
3.767289773047680228e+02 2.613077866989547147e+02
3.765254645923666885e+02 2.623455915102261429e+02
3.763055736960636750e+02 2.633805346102225826e+02
3.760690383343807071e+02 2.644123475708983051e+02
3.758155836601825399e+02 2.654407447476592097e+02
3.755449287817900768e+02 2.664654224919293029e+02
3.752567907451458495e+02 2.674860589096278431e+02
3.749508858358284442e+02 2.685023131569728321e+02
3.746269309670042276e+02 2.695138247722510982e+02
3.742846246626382936e+02 2.705202386323711039e+02
3.739237004871451404e+02 2.715211152208020735e+02
3.735438903738891554e+02 2.725160260984822003e+02
3.731448890736610338e+02 2.735045776866375604e+02
3.727264708110139964e+02 2.744862384501516317e+02
3.722883685015210062e+02 2.754605527777627572e+02
3.718303523367861203e+02 2.764269930538868607e+02
3.713523037548984576e+02 2.773849222053723338e+02
3.708550814414178376e+02 2.783328417374133892e+02
3.703395290460462093e+02 2.792699752844629302e+02
3.698063549531241279e+02 2.801960332208798263e+02
3.692561554644004218e+02 2.811109427892846497e+02
3.686896268755029951e+02 2.820145590786718230e+02
3.681074570568808326e+02 2.829068201750295657e+02
3.675102642454010606e+02 2.837877682510600152e+02
3.668988101213446953e+02 2.846573437109845486e+02
3.662736911822453862e+02 2.855157140311388275e+02
3.656357701916743395e+02 2.863629985098452835e+02
3.649857745498360373e+02 2.871995535668698381e+02
3.643245723384234225e+02 2.880256215461091642e+02
3.636528572569296784e+02 2.888416175010697202e+02
3.629713941046138075e+02 2.896478903244456546e+02
3.622808875562975004e+02 2.904448417629562869e+02
3.615819853266139035e+02 2.912328978281742025e+02
3.608753207986846974e+02 2.920124868957097988e+02
3.601614972631116984e+02 2.927840542185672348e+02
3.594411167414404531e+02 2.935480420251094529e+02
3.587147242135073384e+02 2.943049206616361175e+02
3.579828225321305126e+02 2.950551365285450061e+02
3.572459001209243183e+02 2.957991205370754528e+02
3.565044246839851212e+02 2.965373086626478312e+02
3.557588386286981859e+02 2.972701421253752301e+02
3.550095654315860543e+02 2.979980600346574988e+02
3.542569744149910207e+02 2.987214863857623754e+02
3.535014776241855543e+02 2.994407682641392512e+02
3.527433660229081056e+02 3.001563147646996867e+02
3.519830107652218771e+02 3.008684690419117942e+02
3.512207086840304555e+02 3.015776103912461963e+02
3.504567968410786420e+02 3.022840561319347898e+02
3.496914535682196856e+02 3.029880786348243191e+02
3.489249465256557983e+02 3.036898490387808351e+02
3.481574511869475828e+02 3.043895872234548392e+02
3.473891541720070677e+02 3.050874897435690514e+02
3.466202806929619555e+02 3.057836976766689645e+02
3.458506550817540983e+02 3.064778795137150951e+02
3.450797555278803088e+02 3.071691459326193012e+02
3.443070613313382751e+02 3.078565613329602684e+02
3.435320605934491027e+02 3.085391763902392199e+02
3.427542713419965708e+02 3.092160186332749277e+02
3.419732626008749321e+02 3.098862011553125058e+02
3.411888361871181132e+02 3.105491640929769233e+02
3.404008484971071766e+02 3.112044252355983076e+02
3.396091521432279023e+02 3.118515011376386497e+02
3.388135946043198032e+02 3.124899083752212050e+02
3.380140204989961603e+02 3.131191703707211218e+02
3.372103346380371818e+02 3.137389174666398617e+02
3.364024924181164806e+02 3.143488769283163720e+02
3.355904400967097558e+02 3.149487847666213725e+02
3.347741114897132775e+02 3.155383836553416472e+02
3.339534294959887006e+02 3.161174227801474785e+02
3.331282659817853755e+02 3.166856088248709966e+02
3.322983707055990976e+02 3.172424920178137313e+02
3.314633072740204511e+02 3.177876699065606658e+02
3.306210403767595380e+02 3.183214564977562304e+02
3.297699784952950495e+02 3.188436703190557751e+02
3.289094838693641236e+02 3.193534282752083300e+02
3.280384671595780901e+02 3.198490832225639338e+02
3.271554906507608393e+02 3.203284335054283929e+02
3.262591196931236368e+02 3.207892547625464772e+02
3.253479381806048991e+02 3.212293083754942131e+02
3.244205489338580151e+02 3.216463419149089873e+02
3.234757986440077957e+02 3.220384152717472261e+02
3.225131133646518720e+02 3.224044195982642123e+02
3.215320339521217079e+02 3.227433600539602594e+02
3.205321341922052625e+02 3.230542192053418944e+02
3.195130134977886769e+02 3.233359606979306591e+02
3.184744052273300099e+02 3.235876704880033117e+02
3.174171063788283504e+02 3.238100127258308589e+02
3.163425618675053101e+02 3.240046158139138583e+02
3.152522569695125867e+02 3.241731049385754204e+02
3.141476749395335446e+02 3.243171042978340211e+02
3.130303246008440397e+02 3.244382321997193799e+02
3.119023583966474007e+02 3.245391111092388314e+02
3.107672447790097294e+02 3.246244851838045520e+02
3.096285863935041220e+02 3.246993855449346142e+02
3.084899476056221488e+02 3.247688737575853679e+02
3.073548328831974459e+02 3.248380494340474343e+02
3.062266045094808646e+02 3.249119222983294435e+02
3.051078783234777347e+02 3.249944360320985766e+02
3.040008659697641633e+02 3.250890144149396974e+02
3.029077112779166328e+02 3.251991177193647786e+02
3.018304809026686826e+02 3.253282562875612030e+02
3.007711568368249573e+02 3.254799715743387196e+02
2.997309549511286377e+02 3.256566897564255214e+02
2.987098571458583933e+02 3.258588558684098757e+02
2.977076895492245967e+02 3.260867366834786480e+02
2.967242391822768468e+02 3.263406200117325966e+02
2.957592529017869651e+02 3.266208144473238235e+02
2.948123129783716081e+02 3.269274231857677364e+02
2.938821394502662088e+02 3.272590367224055399e+02
2.929671117914909360e+02 3.276136082495562505e+02
2.920656289971514070e+02 3.279890724058467413e+02
2.911760910739474753e+02 3.283833623656399823e+02
2.902969450230997381e+02 3.287943971360882642e+02
2.894269692142194117e+02 3.292206996860030586e+02
2.885653943047303756e+02 3.296616692572400211e+02
2.877114780505676208e+02 3.301167721945422500e+02
2.868644716215781614e+02 3.305854732983844428e+02
2.860236209301279473e+02 3.310672348142724104e+02
2.851882016856924338e+02 3.315615559908522982e+02
2.843575706293074745e+02 3.320682195003915922e+02
2.835311471425616787e+02 3.325870785841663064e+02
2.827083281716541023e+02 3.331179902576163272e+02
2.818884984437218577e+02 3.336608101456074564e+02
2.810710294532215130e+02 3.342153847437661511e+02
2.802551990264035453e+02 3.347813465903961401e+02
2.794401860247777449e+02 3.353580703583755849e+02
2.786251772542403842e+02 3.359449016453439185e+02
2.778093587816671857e+02 3.365411817871062681e+02
2.769919437895115948e+02 3.371462332541495925e+02
2.761721002113082477e+02 3.377591961113984098e+02
2.753487661946592766e+02 3.383784494636688578e+02
2.745208681897591987e+02 3.390021421790090130e+02
2.736874000336525228e+02 3.396283954036371142e+02
2.728474285742003076e+02 3.402553005387283633e+02
2.720000863492678036e+02 3.408809139235017369e+02
2.711445050382755539e+02 3.415029758275144900e+02
2.702798313010868583e+02 3.421189110396023807e+02
2.694053162326302981e+02 3.427261042170087535e+02
2.685203182414022649e+02 3.433219089554707466e+02
2.676243176708252349e+02 3.439036617478976154e+02
2.667169491077584098e+02 3.444688227866970465e+02
2.657980427801833230e+02 3.450153349575785455e+02
2.648676146667415878e+02 3.455412575213686068e+02
2.639256727758177590e+02 3.460446360337482474e+02
2.629724240470949326e+02 3.465235171910533722e+02
2.620080873864362161e+02 3.469759847311886460e+02
2.610330714648366666e+02 3.474006679835924274e+02
2.600479817322263330e+02 3.477966623506037536e+02
2.590534028236012887e+02 3.481630948519012350e+02
2.580499900287841797e+02 3.484991058437713605e+02
2.570385839091188700e+02 3.488038738745606793e+02
2.560200421941764262e+02 3.490766820863085513e+02
2.549950817208588205e+02 3.493169836159368060e+02
2.539644142669622795e+02 3.495242569265313932e+02
2.529288157975132947e+02 3.496979865569911112e+02
2.518889983702441953e+02 3.498376586604805993e+02
2.508456709484506462e+02 3.499427015641903154e+02
2.497996636657518366e+02 3.500119336883930714e+02
2.487516243839499452e+02 3.500437371872964718e+02
2.477024912337648175e+02 3.500365001605631505e+02
2.466530475300804994e+02 3.499885983189988110e+02
2.456043775203462189e+02 3.498984337625488479e+02
2.445574159561667500e+02 3.497651265230933291e+02
2.435133439973437817e+02 3.495895439311241262e+02
2.424731667245802669e+02 3.493727972311998542e+02
2.414379266825397110e+02 3.491160079663255829e+02
2.404086764574925041e+02 3.488203202388150999e+02
2.393863368156885088e+02 3.484869720265693331e+02
2.383718775317155121e+02 3.481182878360411337e+02
2.373660468594322310e+02 3.477171708931985563e+02
2.363695432460523591e+02 3.472865363365428379e+02
2.353829898809030112e+02 3.468293150084424497e+02
2.344068530793866216e+02 3.463484132567053848e+02
2.334415245861715675e+02 3.458472259443591383e+02
2.324870855353326817e+02 3.453299721926775305e+02
2.315434921475817589e+02 3.448009947353487519e+02
2.306104893824757482e+02 3.442645787421139403e+02
2.296876472825956910e+02 3.437250024371648465e+02
2.287743575625399899e+02 3.431863935474356140e+02
2.278699990113728973e+02 3.426519971895890535e+02
2.269738214417468498e+02 3.421246467698137508e+02
2.260849628997443119e+02 3.416071242413228788e+02
2.252023939664663033e+02 3.411021565217961324e+02
2.243249186391888088e+02 3.406124016995419197e+02
2.234512919061908747e+02 3.401399673881801391e+02
2.225803246045190633e+02 3.396861264730127914e+02
2.217107256324206332e+02 3.392520132920785159e+02
2.208410786492528644e+02 3.388386832266281203e+02
2.199698347876279740e+02 3.384471025208114270e+02
2.190954977563929447e+02 3.380777621262691923e+02
2.182171520325590848e+02 3.377287174567341594e+02
2.173344295425175403e+02 3.373971320310178612e+02
2.164469148704826580e+02 3.370800989109619650e+02
2.155544353269208671e+02 3.367747073485307965e+02
2.146567498717738545e+02 3.364779771001747690e+02
2.137538063878121193e+02 3.361870902388832860e+02
2.128455146550798815e+02 3.358993709850430491e+02
2.119318831846382807e+02 3.356121239230457718e+02
2.110130344986077660e+02 3.353226249873770826e+02
2.100892153716159214e+02 3.350281274460120926e+02
2.091608869361756149e+02 3.347257526965648822e+02
2.082290651587817365e+02 3.344120486601065636e+02
2.072950035783949829e+02 3.340834131346960021e+02
2.063603640801021584e+02 3.337363684572416673e+02
2.054269221294778447e+02 3.333674946726871440e+02
2.044968562425442258e+02 3.329735459524989096e+02
2.035725616762855736e+02 3.325514157276980427e+02
2.026567519859495121e+02 3.320982188747978512e+02
2.017524484929956827e+02 3.316113097025071852e+02
2.008629675715266103e+02 3.310883236334544790e+02
1.999919192527443101e+02 3.305272239514177954e+02
