2.000108993184795452e+02 3.291426920808598879e+02
1.993212612885607484e+02 3.284333155281452150e+02
1.986433337455917467e+02 3.277089044519250933e+02
1.979775245141227629e+02 3.269690980718952460e+02
1.973243377239102472e+02 3.262136889799755863e+02
1.966843159814988269e+02 3.254425646493417617e+02
1.960580333777723467e+02 3.246557037994516008e+02
1.954460909344668380e+02 3.238531700471781960e+02
1.948491192532680429e+02 3.230350975136506690e+02
1.942677385309450528e+02 3.222017207114840858e+02
1.937025994661339894e+02 3.213533108903433231e+02
1.931543477591983446e+02 3.204902248014898305e+02
1.926236408300318317e+02 3.196128478281806906e+02
1.921111296207679118e+02 3.187216461192020915e+02
1.916174673427190100e+02 3.178170951165654401e+02
1.911433078739350151e+02 3.168997185145660751e+02
1.906892988821173844e+02 3.159700761971706129e+02
1.902560792037095041e+02 3.150287530510264560e+02
1.898442353836607595e+02 3.140763755606204199e+02
1.894543108774402924e+02 3.131135962680729108e+02
1.890868404547701402e+02 3.121410790259745340e+02
1.887423621858970932e+02 3.111594582664602058e+02
1.884214001414506185e+02 3.101694690861926347e+02
1.881244578349461563e+02 3.091717360515699511e+02
1.878519781645609044e+02 3.081670203101184029e+02
1.876043889911881877e+02 3.071559882808223847e+02
1.873821255491527609e+02 3.061393273205548553e+02
1.871856107751326874e+02 3.051177786009237707e+02
1.870152115580473549e+02 3.040920289936840391e+02
1.868706971570811106e+02 3.030628447730207995e+02
1.867514560061349300e+02 3.020309851007771726e+02
1.866568701185689463e+02 3.009971427315449546e+02
1.865863099108120480e+02 2.999620013960233109e+02
1.865391469192909994e+02 2.989261512266701857e+02
1.865147857650551373e+02 2.978901240469767231e+02
1.865126735299006384e+02 2.968544576334257385e+02
1.865322655226640620e+02 2.958196292584416938e+02
1.865730336377875460e+02 2.947860530833443136e+02
1.866344416631872889e+02 2.937541739622145087e+02
1.867159699669098529e+02 2.927243511548925881e+02
1.868171184022115767e+02 2.916969321276469600e+02
1.869373838406136201e+02 2.906722763277575723e+02
1.870762868352215378e+02 2.896506608827065179e+02
1.872333554491023335e+02 2.886323719655711670e+02
1.874081120421254525e+02 2.876176993917773643e+02
1.876000892104876527e+02 2.866068732223379811e+02
1.878088103654406211e+02 2.856001216509131382e+02
1.880338128340310391e+02 2.845976471537189241e+02
1.882746286841345977e+02 2.835996638765263356e+02
1.885308061708774972e+02 2.826063455251133405e+02
1.888018986889406960e+02 2.816178579245387823e+02
1.890874380074276644e+02 2.806343511705376841e+02
1.893869522918068640e+02 2.796559602878286341e+02
1.896999835209182663e+02 2.786828049559489955e+02
1.900260766397190650e+02 2.777150019923295758e+02
1.903647843759574982e+02 2.767526514411296148e+02
1.907155712119902375e+02 2.757958185809043243e+02
1.910777645010849142e+02 2.748445222461032813e+02
1.914506965694647533e+02 2.738987587461353428e+02
1.918337096913769528e+02 2.729585085681887904e+02
1.922261535535690768e+02 2.720237315005708183e+02
1.926273982738362918e+02 2.710943679073253065e+02
1.930368439684926898e+02 2.701703494230427509e+02
1.934538848126105677e+02 2.692515810092439210e+02
1.938779487669581840e+02 2.683379626393555100e+02
1.943084728577026112e+02 2.674293707045341080e+02
1.947449143784382102e+02 2.665256710185699944e+02
1.951867659099337402e+02 2.656267142627360158e+02
1.956335733744064385e+02 2.647323661368541821e+02
1.960848941058123103e+02 2.638424470999623850e+02
1.965403082276430382e+02 2.629567926255655266e+02
1.969994204301372918e+02 2.620752164842986645e+02
1.974618637820294680e+02 2.611975209259127837e+02
1.979273016387807047e+02 2.603234281568329038e+02
1.983953716300838437e+02 2.594525090089763353e+02
1.988656773350791696e+02 2.585843791625889594e+02
1.993378254429304377e+02 2.577186403244781445e+02
1.998114339020783916e+02 2.568548869446499339e+02
2.002861191810372929e+02 2.559926360752129426e+02
2.007614857532458075e+02 2.551314159463513818e+02
2.012371562807319378e+02 2.542706983674003141e+02
2.017127614596315084e+02 2.534099615703666473e+02
2.021879504613191898e+02 2.525486178283819925e+02
2.026626482148667492e+02 2.516862602663958910e+02
2.031377852691123280e+02 2.508230762877171856e+02
2.036144942273358538e+02 2.499594102860356486e+02
2.040938656486582943e+02 2.490956813888814452e+02
2.045769584464158299e+02 2.482323547215232509e+02
2.050647970591581100e+02 2.473699445457031914e+02
2.055583945894428552e+02 2.465090314086672265e+02
2.060587467856045976e+02 2.456502589183997429e+02
2.065668092432038350e+02 2.447943174365315713e+02
2.070834963552404417e+02 2.439419413845938607e+02
2.076096812269362317e+02 2.430939068932028704e+02
2.081462029240243226e+02 2.422510358330514180e+02
2.086938799266986564e+02 2.414142024983275121e+02
2.092534912365249227e+02 2.405843143474688759e+02
2.098257750885524899e+02 2.397623166274136963e+02
2.104114316205788953e+02 2.389491831991703918e+02
2.110111223656417394e+02 2.381459145946881506e+02
2.116254632129375750e+02 2.373535277708469664e+02
2.122550319589624053e+02 2.365730584548222453e+02
2.129003682056493290e+02 2.358055545658178573e+02
2.135619834367298040e+02 2.350520845355887047e+02
2.142403610633270148e+02 2.343137305401257038e+02
2.149359586479981772e+02 2.335915872256086629e+02
2.156492107869984807e+02 2.328867603287368695e+02
2.163805302847316625e+02 2.322003636945489689e+02
2.171303103598888526e+02 2.315335173206575234e+02
2.178989273120647852e+02 2.308873460964431388e+02
2.186866197689329283e+02 2.302628470087768449e+02
2.194924073968155369e+02 2.296597121922744691e+02
2.203146476220958618e+02 2.290768337702121755e+02
2.211517448606190044e+02 2.285130361863474491e+02
2.220021578940420284e+02 2.279670900517828613e+02
2.228643980144967998e+02 2.274377151053230364e+02
2.237369926059473926e+02 2.269235416022567051e+02
2.246184492460439799e+02 2.264230767942511875e+02
2.255073177785007204e+02 2.259347759624559160e+02
2.264021957375491922e+02 2.254570558990771190e+02
2.273017247663964042e+02 2.249883008990584869e+02
2.282045999433549071e+02 2.245268775374163113e+02
2.291096464698604791e+02 2.240712168054103586e+02
2.300157526065539741e+02 2.236197901450563563e+02
2.309218366204722486e+02 2.231710554602936725e+02
2.318268675541290236e+02 2.227234238400774871e+02
2.327298083650825333e+02 2.222753314893882646e+02
2.336297924883957364e+02 2.218253264687845387e+02
2.345261430455362870e+02 2.213722225382026352e+02
2.354182279918195491e+02 2.209148376277191232e+02
2.363054062931771853e+02 2.204520069002579703e+02
2.371870705690175214e+02 2.199825381211126398e+02
2.380626049888786042e+02 2.195052951497999913e+02
2.389315385143806338e+02 2.190192728743810733e+02
2.397934319703841481e+02 2.185235403044208056e+02
2.406478416034945838e+02 2.180171753860770139e+02
2.414943205493110554e+02 2.174992635871394384e+02
2.423324439663149406e+02 2.169688985308565350e+02
2.431622555288083163e+02 2.164258884212358112e+02
2.439844538530716704e+02 2.158709917898583797e+02
2.447997640061518894e+02 2.153050514684452992e+02
2.456088911532955308e+02 2.147289266388291367e+02
2.464125223248025520e+02 2.141434913307849968e+02
2.472113140891795240e+02 2.135496126282608316e+02
2.480058368159811550e+02 2.129480656003705974e+02
2.487966258447966084e+02 2.123396024696116342e+02
2.495842058891549300e+02 2.117249844522264084e+02
2.503690920311087780e+02 2.111049811973426529e+02
2.511516066728450483e+02 2.104805768938253152e+02
2.519317577645169024e+02 2.098533332232709654e+02
2.527102457973207663e+02 2.092245133487794817e+02
2.534879237204714855e+02 2.085952822972311651e+02
2.542656393146685048e+02 2.079668083332820174e+02
2.550442390802917032e+02 2.073402580244888895e+02
2.558245690418892480e+02 2.067168406017540292e+02
2.566075458698858824e+02 2.060978848631271774e+02
2.573941001691861743e+02 2.054847504060395238e+02
2.581851303395302466e+02 2.048788232248818701e+02
2.589815351892085005e+02 2.042814863482971077e+02
2.597841841785100314e+02 2.036941424734220334e+02
2.605939091562931367e+02 2.031182018768039370e+02
2.614115311506328680e+02 2.025550557525083661e+02
2.622378157107816605e+02 2.020061386263605527e+02
2.630735264352795753e+02 2.014728822666486963e+02
2.639193834046616303e+02 2.009567478884517868e+02
2.647757411950774440e+02 2.004587087624769026e+02
2.656418781677909351e+02 1.999779922119041942e+02
2.665168144960577479e+02 1.995134922473635015e+02
2.673995958876295163e+02 1.990640861281021898e+02
2.682892815425299773e+02 1.986286397028193846e+02
2.691849213878655291e+02 1.982060328242828291e+02
2.700856077844906054e+02 1.977951613348865578e+02
2.709904735336658064e+02 1.973949247202581319e+02
2.718986453868313902e+02 1.970042315754973288e+02
2.728092761009359037e+02 1.966219772280900600e+02
2.737215367829002162e+02 1.962470496464926271e+02
2.746346825394851976e+02 1.958783811028060597e+02
2.755480746973283885e+02 1.955151078245560825e+02
2.764611247162542327e+02 1.951563837908692847e+02
2.773732678978751665e+02 1.948013527341857696e+02
2.782839658921565160e+02 1.944491473588268775e+02
2.791927168852348586e+02 1.940989032838699870e+02
2.800991366807263603e+02 1.937499153745466742e+02
2.810029251191713797e+02 1.934015791647253195e+02
2.819038028500701785e+02 1.930532891883418074e+02
2.828015288314639974e+02 1.927044269106387731e+02
2.836959198355767171e+02 1.923543467410463848e+02
2.845867790875045102e+02 1.920023860906065920e+02
2.854738887085418355e+02 1.916478351023962148e+02
2.863572146735235719e+02 1.912898787691467817e+02
2.872365805889990611e+02 1.909277978855454592e+02
2.881120520075282343e+02 1.905607600344603441e+02
2.889835970028489669e+02 1.901881264950683885e+02
2.898518036954561694e+02 1.898100458751835049e+02
2.907173019341567510e+02 1.894272367924810396e+02
2.915807753592631570e+02 1.890404191624373311e+02
2.924429228509177960e+02 1.886503233238483688e+02
2.933044595504922540e+02 1.882576876905628183e+02
2.941660638344785639e+02 1.878632997537926883e+02
2.950284370251027894e+02 1.874679825882960813e+02
2.958922694936353537e+02 1.870725863987559308e+02
2.967582346098277526e+02 1.866779900747658587e+02
2.976270460687937316e+02 1.862850730499143594e+02
2.984993602400397776e+02 1.858948015177688546e+02
2.993758702916860557e+02 1.855084855461996654e+02
3.002573232127295455e+02 1.851275761626772294e+02
3.011443793840252852e+02 1.847535655393923264e+02
3.020376030651651718e+02 1.843879946819498912e+02
3.029375622223093956e+02 1.840324136860164970e+02
3.038447307912991846e+02 1.836885930167177321e+02
3.047594928175439577e+02 1.833586216712365626e+02
3.056822227445250633e+02 1.830445991702632114e+02
3.066130565821031837e+02 1.827486765054790112e+02
3.075520228216511214e+02 1.824730184272928000e+02
3.084990064642702237e+02 1.822198096124936910e+02
3.094537536814086138e+02 1.819912884466756680e+02
3.104158043930378881e+02 1.817897172100469732e+02
3.113845325187557478e+02 1.816173387858536046e+02
3.123591252371359133e+02 1.814763663636852868e+02
3.133385798742339716e+02 1.813689443107877253e+02
3.143217487285360789e+02 1.812962082845895964e+02
3.153074864036332201e+02 1.812580204770574710e+02
3.162946302866649830e+02 1.812541070518817889e+02
3.172820264978431055e+02 1.812841304491750805e+02
3.182686183055228639e+02 1.813475998896682029e+02
3.192535381590677730e+02 1.814436623181441632e+02
3.202357856097801232e+02 1.815712626634883975e+02
3.212143764432066746e+02 1.817293188639652044e+02
3.221884594614132880e+02 1.819167131135271234e+02
3.231572491906494520e+02 1.821323313245413260e+02
3.241200785007909531e+02 1.823750366695922196e+02
3.250763370279614151e+02 1.826437092160696238e+02
3.260255331518973776e+02 1.829372094683030809e+02
3.269672359840971581e+02 1.832544110938711412e+02
3.279010944827551839e+02 1.835942021229433010e+02
3.288268314604343914e+02 1.839554849576036872e+02
3.297442387717049428e+02 1.843371782522795854e+02
3.306531741878877142e+02 1.847382178815215639e+02
3.315535572689493051e+02 1.851575605570268124e+02
3.324453656555182306e+02 1.855941860720642467e+02
3.333286316633494266e+02 1.860470988158495800e+02
3.342034386269772313e+02 1.865153294060912117e+02
3.350698998599932565e+02 1.869979468862723024e+02
3.359282136471175590e+02 1.874940394325189459e+02
3.367785762900695659e+02 1.880027269723205450e+02
3.376212453452591831e+02 1.885231625950948171e+02
3.384565142175019332e+02 1.890545260329919302e+02
3.392846484876393447e+02 1.895961263144618556e+02
3.401057374688238610e+02 1.901476048657013393e+02
3.409198731035368723e+02 1.907086740913358938e+02
3.417271201136949799e+02 1.912790548841751104e+02
3.425275442923255014e+02 1.918584888470464023e+02
3.433212472338097427e+02 1.924467303430662071e+02
3.441083046355896045e+02 1.930435371784366794e+02
3.448888022155839508e+02 1.936486841287773473e+02
3.456628277009747876e+02 1.942619581920687324e+02
3.464304701574833416e+02 1.948831582088981236e+02
3.471918196815763054e+02 1.955120947030096090e+02
3.479469679162090756e+02 1.961485887845209106e+02
3.486960090627046043e+02 1.967924706700025581e+02
3.494390380191888994e+02 1.974435816667060237e+02
3.501761498284224672e+02 1.981017744416960795e+02
3.509074364184212982e+02 1.987669129638067886e+02
3.516329876627867748e+02 1.994388736246051224e+02
3.523529117844552161e+02 2.001175430603724976e+02
3.530673022536229837e+02 2.008028105277170994e+02
3.537762544656720252e+02 2.014945805689065708e+02
3.544798513022591351e+02 2.021927701196560463e+02
3.551782079828464589e+02 2.028973125550369332e+02
3.558714115741398700e+02 2.036081387762426402e+02
3.565595379607427731e+02 2.043251986161903062e+02
3.572427007248838322e+02 2.050484585852136377e+02
3.579209802669951159e+02 2.057778831764360348e+02
3.585944531396511366e+02 2.065134586329116928e+02
3.592631823613669440e+02 2.072552114436972204e+02
3.599268647915955626e+02 2.080034180238016575e+02
3.605850451266264827e+02 2.087584692124646324e+02
3.612372316370676231e+02 2.095207351972673280e+02
3.618829056085620550e+02 2.102905740223023940e+02
3.625215426700091257e+02 2.110683161247032160e+02
3.631525648481166968e+02 2.118542916048432403e+02
3.637753919174888324e+02 2.126487932823901872e+02
3.643893962879431569e+02 2.134521184458273524e+02
3.649939467531660284e+02 2.142645143062771638e+02
3.655883810887851837e+02 2.150862277939430953e+02
3.661720231923341089e+02 2.159174602851560962e+02
3.667441858134959034e+02 2.167583927400569905e+02
3.673041650561730194e+02 2.176091747967862204e+02
3.678512696941987770e+02 2.184698399461104827e+02
3.683848502616939982e+02 2.193403187235883252e+02
3.689042898894539348e+02 2.202205222923642225e+02
3.694089778958346528e+02 2.211104099854639173e+02
3.698983147403760086e+02 2.220098191890564863e+02
3.703716997701500304e+02 2.229186619836349053e+02
3.708285169670615460e+02 2.238367415920019141e+02
3.712681519922039115e+02 2.247639026742603221e+02
3.716899796890660923e+02 2.256999361658270971e+02
3.720933932162754445e+02 2.266445897645493801e+02
3.724777830074769440e+02 2.275976521828833654e+02
3.728425324563525578e+02 2.285587816158773649e+02
3.731870313642316432e+02 2.295277142936778603e+02
3.735106635039161347e+02 2.305041148117677778e+02
3.738131263846269121e+02 2.314875129266959277e+02
3.740944794991028175e+02 2.324773901715246325e+02
3.743548023246800653e+02 2.334731998914573410e+02
3.745941880564527651e+02 2.344743879599807599e+02
3.748127371589318955e+02 2.354804492772108802e+02
3.750105426386439262e+02 2.364908864684753951e+02
3.751876830477055478e+02 2.375051835617727534e+02
3.753442396531060012e+02 2.385228512754774499e+02
3.754802950707548348e+02 2.395434146118752210e+02
3.755959338289579819e+02 2.405663976323040458e+02
3.756912433937654328e+02 2.415913298342680378e+02
3.757663121002299249e+02 2.426177458507640665e+02
3.758212289751949697e+02 2.436451848012975745e+02
3.758560852730251440e+02 2.446731894987636622e+02
3.758709744007369977e+02 2.457013059425501922e+02
3.758659918111958405e+02 2.467290828333117361e+02
3.758412382079446274e+02 2.477560709431999442e+02
3.757968275142087009e+02 2.487818226369765569e+02
3.757328780620668454e+02 2.498058924470576301e+02
3.756495020674922216e+02 2.508278464510916024e+02
3.755468230342584093e+02 2.518472298442346471e+02
3.754249710764595989e+02 2.528635991281765598e+02
3.752840736112054287e+02 2.538765319711816346e+02
3.751242910818108953e+02 2.548855724127535893e+02
3.749457736530227407e+02 2.558902947147085456e+02
3.747486812119224737e+02 2.568902595042211487e+02
3.745331656323091352e+02 2.578850386185297907e+02
3.742994126950085843e+02 2.588741944141345925e+02
3.740476257479655260e+02 2.598573113614626209e+02
3.737780259909727079e+02 2.608339680217999330e+02
3.734908435665121260e+02 2.618037528742947302e+02
3.731863046985633900e+02 2.627662611517129108e+02
3.728646396355165962e+02 2.637210926634808743e+02
3.725260825042651049e+02 2.646678543317582921e+02
3.721708714943592327e+02 2.656061609604611249e+02
3.717992490301337511e+02 2.665356361304353072e+02
3.714114618595440334e+02 2.674559132082234214e+02
3.710077610626374849e+02 2.683666364680240690e+02
3.705883895441117488e+02 2.692674489400045559e+02
3.701535886184572064e+02 2.701580224367294250e+02
3.697036056272821156e+02 2.710380366474448124e+02
3.692386824697836119e+02 2.719071546972850228e+02
3.687590697735668641e+02 2.727651076385822648e+02
3.682650224827406760e+02 2.736116013178732942e+02
3.677567787050319907e+02 2.744463739418538921e+02
3.672345809809724528e+02 2.752692536159007659e+02
3.666987415006367428e+02 2.760808530999819936e+02
3.661498041708923665e+02 2.768817174796243421e+02
3.655884219677297438e+02 2.776722727292109880e+02
3.650152605464576254e+02 2.784528713106964233e+02
3.644309353620073466e+02 2.792239756060669720e+02
3.638360594612759087e+02 2.799860642472711447e+02
3.632312428747109720e+02 2.807395838359437903e+02
3.626170397214149830e+02 2.814851285365921285e+02
3.619940135649601416e+02 2.822231397180784711e+02
3.613624147631047663e+02 2.829540260835252070e+02
3.607224480909499107e+02 2.836779681549117527e+02
3.600742571333329352e+02 2.843952666101786235e+02
3.594180510234211283e+02 2.851060897216628973e+02
3.587539948025246872e+02 2.858106699031188214e+02
3.580822796581900320e+02 2.865092116392135040e+02
3.574031131441195157e+02 2.872019017625228230e+02
3.567166956494844499e+02 2.878889261216197042e+02
3.560232286325626205e+02 2.885704567511561436e+02
3.553229050036028411e+02 2.892466716853449498e+02
3.546159306855669229e+02 2.899177205337501846e+02
3.539025089515662899e+02 2.905837490348097845e+02
3.531828361153198443e+02 2.912449045518286539e+02
3.524571083756346184e+02 2.919013256177190101e+02
3.517255221172489428e+02 2.925531389993573725e+02
3.509882699853466761e+02 2.932004632748138988e+02
3.502455452707182531e+02 2.938433981421320027e+02
3.494975109391674550e+02 2.944820778961395149e+02
3.487443670878143394e+02 2.951165772209348006e+02
3.479862737463392932e+02 2.957470079613945586e+02
3.472234114522078130e+02 2.963734474476922287e+02
3.464559348310729661e+02 2.969959950637177144e+02
3.456840184831548868e+02 2.976147056299597011e+02
3.449077965292978547e+02 2.982296743859853905e+02
3.441274300724813315e+02 2.988409594366224269e+02
3.433430663744840672e+02 2.994486186449232150e+02
3.425548346355713534e+02 3.000527257933438250e+02
3.417628596631188316e+02 3.006533124366733318e+02
3.409672392163017207e+02 3.012503868870863926e+02
3.401680661150384140e+02 3.018439545681628715e+02
3.393654304551432119e+02 3.024340172618846623e+02
3.385594148962059649e+02 3.030205810512152880e+02
3.377501018184123041e+02 3.036036467062420456e+02
3.369375665121870611e+02 3.041832127006893529e+02
3.361218790872331397e+02 3.047592776784222224e+02
3.353031052066682491e+02 3.053318413390667274e+02
3.344813059142788916e+02 3.059009050125562226e+02
3.336565374843703466e+02 3.064664722921639282e+02
3.328288517086869547e+02 3.070285503678446162e+02
3.319982956465767074e+02 3.075871505820643392e+02
3.311649110009047945e+02 3.081422884438363781e+02
3.303287339299748169e+02 3.086939842171007058e+02
3.294897945401968968e+02 3.092422642577155898e+02
3.286481182351321308e+02 3.097871620763464193e+02
3.278037266480885137e+02 3.103287226069991789e+02
3.269566510739350065e+02 3.108669611031364752e+02
3.261070736544885449e+02 3.114014697718863545e+02
3.252549729440119677e+02 3.119317606216221748e+02
3.244001226654297625e+02 3.124574742217367316e+02
3.235423044690692223e+02 3.129782654829051012e+02
3.226813110344801316e+02 3.134937959366536120e+02
3.218169396595789635e+02 3.140037226766743856e+02
3.209489919281637071e+02 3.145076986070797034e+02
3.200772753067701615e+02 3.150053719196884572e+02
3.192017851699763469e+02 3.154966663516539711e+02
3.183229904875026364e+02 3.159822170848921701e+02
3.174414370803893917e+02 3.164627687510123906e+02
3.165576714250545365e+02 3.169390648490823992e+02
3.156722417264002729e+02 3.174118457473470016e+02
3.147856909485240067e+02 3.178818493715459113e+02
3.138985342023090652e+02 3.183497740542946417e+02
3.130112694482845086e+02 3.188162918675624837e+02
3.121243831653592338e+02 3.192820837095256934e+02
3.112383637658707016e+02 3.197478255517919479e+02
3.103536860913665123e+02 3.202142018212969674e+02
3.094708001949765048e+02 3.206818802169057108e+02
3.085901189904906801e+02 3.211514806819043315e+02
3.077120412726046652e+02 3.216236204426973018e+02
3.068369424403714447e+02 3.220989345457290938e+02
3.059651946422196716e+02 3.225780573296976286e+02
3.050971512847110034e+02 3.230616343659298195e+02
3.042331508956021366e+02 3.235503250073478512e+02
3.033735148205110477e+02 3.240448006379492654e+02
3.025185450333498807e+02 3.245457424019121504e+02
3.016685161562947428e+02 3.250538484877516225e+02
3.008236867911393801e+02 3.255698251732671906e+02
2.999843389794248196e+02 3.260944819268553942e+02
2.991508142352932964e+02 3.266287961894692558e+02
2.983234294693389757e+02 3.271737772963011821e+02
2.975024658369046051e+02 3.277304519673177197e+02
2.966881665025744041e+02 3.282998648432171649e+02
2.958806149054517505e+02 3.288828602087384070e+02
2.950790578452007935e+02 3.294788166665848053e+02
2.942824093394525562e+02 3.300864957448874861e+02
2.934895944071604958e+02 3.307046437456696140e+02
2.926995441063604630e+02 3.313320016447939338e+02
2.919112101884011281e+02 3.319672876298962478e+02
2.911234590382198348e+02 3.326090041868409344e+02
2.903350407872712253e+02 3.332553449535158165e+02
2.895447326812127358e+02 3.339044575074604495e+02
2.887513545587780186e+02 3.345544642509623259e+02
2.879537729542241209e+02 3.352034613516190689e+02
2.871508960723421637e+02 3.358494963015256189e+02
2.863416416873783987e+02 3.364904922813685744e+02
2.855249772053006154e+02 3.371243044551596313e+02
2.846999372043875951e+02 3.377487576085601404e+02
2.838656289468568730e+02 3.383616457679570999e+02
2.830212391255624880e+02 3.389607382577727321e+02
2.821661110976090185e+02 3.395439629056368744e+02
2.812997547458374470e+02 3.401094453554284200e+02
2.804217566715068415e+02 3.406553011028400988e+02
2.795317876474437071e+02 3.411796245328077930e+02
2.786295926091628417e+02 3.416804912119603159e+02
2.777150136624587162e+02 3.421559996178268079e+02
2.767880389295940518e+02 3.426044156939968275e+02
2.758487511454870287e+02 3.430240442646449424e+02
2.748973104697008694e+02 3.434131813922271022e+02
2.739339500183992300e+02 3.437701161961709317e+02
2.729590103219317712e+02 3.440931922003924228e+02
2.719732923556117612e+02 3.443820959350808266e+02
2.709779851110577624e+02 3.446378592223669557e+02
2.699742633918145884e+02 3.448616026717834870e+02
2.689632489208461266e+02 3.450544785245547814e+02
2.679460579458993266e+02 3.452176719557012916e+02
2.669237451310881966e+02 3.453524004162718484e+02
2.658972689276963592e+02 3.454598793429618695e+02
2.648676355405951881e+02 3.455413558058924650e+02
2.638356795154086285e+02 3.455981053815493169e+02
2.628022934273893156e+02 3.456314373256368526e+02
2.617682384761579897e+02 3.456427039102576941e+02
2.607342662438553020e+02 3.456334593204956036e+02
2.597011111712158140e+02 3.456054463434337549e+02
2.586693994321122432e+02 3.455604375021874830e+02
2.576396918727739944e+02 3.455002308168821514e+02
2.566124909208467102e+02 3.454266838340488448e+02
2.555881880808801156e+02 3.453417269401056728e+02
2.545670698136395060e+02 3.452473522121022143e+02
2.535493530127017721e+02 3.451455534510506027e+02
2.525351837035307199e+02 3.450383274744556843e+02
2.515246374385556578e+02 3.449276557475959635e+02
2.505177251188002288e+02 3.448154892317838858e+02
2.495143630817024984e+02 3.447036476282062836e+02
2.485144281571493252e+02 3.445938139084527734e+02
2.475176969534234104e+02 3.444876822344907055e+02
2.465239300864631673e+02 3.443869045622748786e+02
2.455327684281486142e+02 3.442931417067470647e+02
2.445438480832344226e+02 3.442072752925759573e+02
2.435567174895954849e+02 3.441284681903770206e+02
2.425710125980791076e+02 3.440556026276348689e+02
2.415863920306484260e+02 3.439875434792222109e+02
2.406025395885411058e+02 3.439231485143878331e+02
2.396192319157446775e+02 3.438612475573523852e+02
2.386362148981829989e+02 3.438007440960371355e+02
2.376533291933841952e+02 3.437405549471923791e+02
2.366704324598709377e+02 3.436795816576249649e+02
2.356874013067957208e+02 3.436167219369641543e+02
2.347042082921391284e+02 3.435508425980540892e+02
2.337207844979363927e+02 3.434808159622409676e+02
2.327372042556047802e+02 3.434054719085925740e+02
2.317534821336531365e+02 3.433236507844424068e+02
2.307697744934761772e+02 3.432341643012663894e+02
2.297862131515217357e+02 3.431358257589752725e+02
2.288030173530656270e+02 3.430274365354119368e+02
2.278204753591081726e+02 3.429077544009006715e+02
2.268388894723304645e+02 3.427755346956828930e+02
2.258586617962423588e+02 3.426295252950706640e+02
2.248802468387089846e+02 3.424684696751387492e+02
2.239041660224217196e+02 3.422911118353169968e+02
2.229310135339937062e+02 3.420961947133748140e+02
2.219614615695279269e+02 3.418824607499290664e+02
2.209962633562582539e+02 3.416486622067219514e+02
2.200362576829902252e+02 3.413935660208208560e+02
2.190823737904649136e+02 3.411159586183242141e+02
2.181355903645828107e+02 3.408148106420412660e+02
2.171965557250123879e+02 3.404901877927981673e+02
2.162658225000205334e+02 3.401425433163269076e+02
2.153439119092832641e+02 3.397723360724633608e+02
2.144313700151088256e+02 3.393800065742900642e+02
2.135287028136541778e+02 3.389660075929204481e+02
2.126364362725022090e+02 3.385307836735942715e+02
2.117550798964179251e+02 3.380747756898220473e+02
2.108851335783999730e+02 3.375984220805319183e+02
2.100270854749126102e+02 3.371021587338753420e+02
2.091814094513643454e+02 3.365864188799822614e+02
2.083485655576210149e+02 3.360516307473926645e+02
2.075290109740499815e+02 3.354982082470066302e+02
2.067231342960572249e+02 3.349265734220829245e+02
2.059313670631801472e+02 3.343371323092904390e+02
2.051540344689012159e+02 3.337302886363568746e+02
2.043914948464394286e+02 3.331064387177472668e+02
2.036440232082443345e+02 3.324659618647482375e+02
2.029118581226084075e+02 3.318092331178024210e+02
2.021951985482764940e+02 3.311366115097512193e+02
2.014941848974721097e+02 3.304484356338766133e+02
2.008088994953093618e+02 3.297450241020465000e+02
