2.019788402415994142e+02 3.273653826133720486e+02
2.011611342091858887e+02 3.268675720947771879e+02
2.003487172869007509e+02 3.263412962270077742e+02
1.995432282243850182e+02 3.257856011343621958e+02
1.987466984143743787e+02 3.252001177322991339e+02
1.979612159496898300e+02 3.245847076288434891e+02
1.971889025892446057e+02 3.239394500528256344e+02
1.964318968558671088e+02 3.232646273714983067e+02
1.956923479197583902e+02 3.225607051404851404e+02
1.949723382122859618e+02 3.218282999793740942e+02
1.942739727905074290e+02 3.210682027253359934e+02
1.935992830935152256e+02 3.202813169586951290e+02
1.929501766177863544e+02 3.194686999871683497e+02
1.923281690698735815e+02 3.186316454747301350e+02
1.917346526232046529e+02 3.177714992413320374e+02
1.911709511547670388e+02 3.168896394189455918e+02
1.906383209925439530e+02 3.159874677521290778e+02
1.901379413550201605e+02 3.150663982699503549e+02
1.896707234815391132e+02 3.141279148175755722e+02
1.892373591870695861e+02 3.131735270037155487e+02
1.888384783273733660e+02 3.122047120514519065e+02
1.884746679105349756e+02 3.112228684862134287e+02
1.881464641683090804e+02 3.102294650388189439e+02
1.878543841419955243e+02 3.092257937408698467e+02
1.875989645635614522e+02 3.082132426992075693e+02
1.873807159871046792e+02 3.071930611169824488e+02
1.872001342720204775e+02 3.061664972664284505e+02
1.870576830617328312e+02 3.051348329161266406e+02
1.869537046028866314e+02 3.040992722837380597e+02
1.868874090178354948e+02 3.030611298248372236e+02
1.868572820548105256e+02 3.020216884311817012e+02
1.868617817185544538e+02 3.009820974800567228e+02
1.868993410062376483e+02 2.999434290594941217e+02
1.869683835944398425e+02 2.989066023496272919e+02
1.870672974531448176e+02 2.978724268014268546e+02
1.871943750390138916e+02 2.968416539013946931e+02
1.873478963025426935e+02 2.958149154289903322e+02
1.875261559760585328e+02 2.947927314399801162e+02
1.877274406219383138e+02 2.937755744381535692e+02
1.879500314947628965e+02 2.927637970916229619e+02
1.881920265738619662e+02 2.917576754360019891e+02
1.884514202651992036e+02 2.907574077972728901e+02
1.887262347805649654e+02 2.897630830311877048e+02
1.890145083448656749e+02 2.887747222039994313e+02
1.893142851138186415e+02 2.877922677075391107e+02
1.896236397541948691e+02 2.868155798154680269e+02
1.899406719804743204e+02 2.858444502283608699e+02
1.902635091089584876e+02 2.848786040432948425e+02
1.905902918114376519e+02 2.839176891470903570e+02
1.909191886687653437e+02 2.829612926520153451e+02
1.912484218089003889e+02 2.820089408084847946e+02
1.915764270193260472e+02 2.810601284748825037e+02
1.919017460665099577e+02 2.801143111811235826e+02
1.922229506020819940e+02 2.791709009187725883e+02
1.925386378872608191e+02 2.782292468127005804e+02
1.928474490768724650e+02 2.772886561281719082e+02
1.931488898206614522e+02 2.763485818022194849e+02
1.934437104099908709e+02 2.754087503323486885e+02
1.937327719922728022e+02 2.744689584275932361e+02
1.940169461819029380e+02 2.735290312022054877e+02
1.942971102923593776e+02 2.725888230259702709e+02
1.945741316849889699e+02 2.716482450420214150e+02
1.948487936497825501e+02 2.707072342891719359e+02
1.951218518457006610e+02 2.697656702610948400e+02
1.953940653583661344e+02 2.688235566767854152e+02
1.956662112359059620e+02 2.678808667706223900e+02
1.959390716650595721e+02 2.669376297536051084e+02
1.962134333234299390e+02 2.659938830390600515e+02
1.964900872104351492e+02 2.650497333858096454e+02
1.967698365588790352e+02 2.641052497469988225e+02
1.970534857860591273e+02 2.631605889938410314e+02
1.973418564208993473e+02 2.622159175938909925e+02
1.976357881360897863e+02 2.612714360391854029e+02
1.979361493066619175e+02 2.603273158576138826e+02
1.982437508181232602e+02 2.593836676546514468e+02
1.985593265777954173e+02 2.584407424623498741e+02
1.988835816098495286e+02 2.574988399454820751e+02
1.992172040559520099e+02 2.565583061994735772e+02
1.995608783004386453e+02 2.556195023065390046e+02
1.999152869165405946e+02 2.546828638368692168e+02
2.002810855525331988e+02 2.537488423581064865e+02
2.006589050751741183e+02 2.528179357660710025e+02
2.010493379080196519e+02 2.518906553879921546e+02
2.014528875769308627e+02 2.509675191790373674e+02
2.018698107626431408e+02 2.500489321844021902e+02
2.023002799971423542e+02 2.491352748494083471e+02
2.027444488155167903e+02 2.482269401628599894e+02
2.032024496175057493e+02 2.473243288363168233e+02
2.036743918513539029e+02 2.464278477367318487e+02
2.041603488978896337e+02 2.455378990797374854e+02
2.046603615317227707e+02 2.446548799789615600e+02
2.051744507828000792e+02 2.437791890680137499e+02
2.057026191449570547e+02 2.429112256350908581e+02
2.062448514763185585e+02 2.420513885414891320e+02
2.068011124088791064e+02 2.412000708046649606e+02
2.073713360315684895e+02 2.403576510646883548e+02
2.079554320686116000e+02 2.395245035311081949e+02
2.085533050557574484e+02 2.387009924340947578e+02
2.091648463247542793e+02 2.378874785205516389e+02
2.097899368605111476e+02 2.370843159330190701e+02
2.104284466855446851e+02 2.362918498734969717e+02
2.110802436505689741e+02 2.355104149107704075e+02
2.117451700944649247e+02 2.347403457957018986e+02
2.124230793339307581e+02 2.339819573743867522e+02
2.131138163293888965e+02 2.332355606764299694e+02
2.138172303036412814e+02 2.325014648234295294e+02
2.145331856381744160e+02 2.317799871994006935e+02
2.152615476770172904e+02 2.310714393938815192e+02
2.160021814388693429e+02 2.303761245696433093e+02
2.167549535694572853e+02 2.296943373611435106e+02
2.175196820271335980e+02 2.290263179437343410e+02
2.182957455587715856e+02 2.283718105989345304e+02
2.190822829705069523e+02 2.277302566981964276e+02
2.198784575961400094e+02 2.271010648298381795e+02
2.206834608952719066e+02 2.264836161725165482e+02
2.214965102730710385e+02 2.258772670588439269e+02
2.223168369652149465e+02 2.252813393048256216e+02
2.231436810721953634e+02 2.246951095035076094e+02
2.239763045596873496e+02 2.241178318710271355e+02
2.248139932170635404e+02 2.235487419902692636e+02
2.256560569594977039e+02 2.229870589714025755e+02
2.265018254128116837e+02 2.224319857315855984e+02
2.273506293385641186e+02 2.218826927608875508e+02
2.282018188996627259e+02 2.213383293643226466e+02
2.290547640167062013e+02 2.207980377334278046e+02
2.299088425774276061e+02 2.202609455346582763e+02
2.307634577460766252e+02 2.197261758892366004e+02
2.316180243433620660e+02 2.191928469530700738e+02
2.324719789208743919e+02 2.186600807839925267e+02
2.333247679926795399e+02 2.181269930826420307e+02
2.341758498873141434e+02 2.175926999520920617e+02
2.350246898926388610e+02 2.170563091194857179e+02
2.358707631730248977e+02 2.165169352910152156e+02
2.367135602772939649e+02 2.159737002081326409e+02
2.375525791839102965e+02 2.154257316521247105e+02
2.383873214743553604e+02 2.148721598093870568e+02
2.392172914912846124e+02 2.143121179147705107e+02
2.400420031594601937e+02 2.137447492397093072e+02
2.408613222071531936e+02 2.131697031168178569e+02
2.416755863789218495e+02 2.125873144511894566e+02
2.424851551989693519e+02 2.119979778020026799e+02
2.432903765186553073e+02 2.114020984786099291e+02
2.440915874638744754e+02 2.108000917015993423e+02
2.448891155757069100e+02 2.101923820866767301e+02
2.456832805569904963e+02 2.095794040570156085e+02
2.464743944982257915e+02 2.089616001070617983e+02
2.472627624711812757e+02 2.083394196239244707e+02
2.480486834944985048e+02 2.077133183407127888e+02
2.488324812048837771e+02 2.070838150631492454e+02
2.496146097340109691e+02 2.064516047711695705e+02
2.503956019502138588e+02 2.058173934351049468e+02
2.511759975825034701e+02 2.051818829060793234e+02
2.519563349079313639e+02 2.045457761533599808e+02
2.527371481609067985e+02 2.039097767098752740e+02
2.535189693167358200e+02 2.032745910189669019e+02
2.543023245236004470e+02 2.026409265665046462e+02
2.550877316796067475e+02 2.020094931146446413e+02
2.558757076394889225e+02 2.013810066752270984e+02
2.566667579429906141e+02 2.007561887925276096e+02
2.574613817797865636e+02 2.001357662857044772e+02
2.582600643989300124e+02 1.995204598088804460e+02
2.590632630684584683e+02 1.989109838773844103e+02
2.598714371359528741e+02 1.983080603429436053e+02
2.606850243302331478e+02 1.977124225508594009e+02
2.615044546618175332e+02 1.971248121336658699e+02
2.623300391558641991e+02 1.965458036300479421e+02
2.631616898654697820e+02 1.959753833356708412e+02
2.639992564041789365e+02 1.954134132857174677e+02
2.648425799139456558e+02 1.948597627271931856e+02
2.656914971074244818e+02 1.943143031089192334e+02
2.665458568712379588e+02 1.937769078848939159e+02
2.674055092176775474e+02 1.932474652735297695e+02
2.682703014304784688e+02 1.927258729495569582e+02
2.691400932759128182e+02 1.922120292669411583e+02
2.700147438789322223e+02 1.917058382622344084e+02
2.708941164927070986e+02 1.912072080015602751e+02
2.717780674577319360e+02 1.907160511920756392e+02
2.726664688880074436e+02 1.902322832868034652e+02
2.735591931852663379e+02 1.897558256359731672e+02
2.744561168484382847e+02 1.892866030398123200e+02
2.753571209389519936e+02 1.888245437577264738e+02
2.762620915357135800e+02 1.883695794692789320e+02
2.771709199534505501e+02 1.879216447267415617e+02
2.780835033956731763e+02 1.874806771890303025e+02
2.789997492239088501e+02 1.870466185829764640e+02
2.799195699184858768e+02 1.866194156993352919e+02
2.808428764127883142e+02 1.861990176672142354e+02
2.817696000606698590e+02 1.857853747919202760e+02
2.826996953102358248e+02 1.853784463589313702e+02
2.836330786292884341e+02 1.849781951977339247e+02
2.845697385323999242e+02 1.845845837738057469e+02
2.855096160739898892e+02 1.841975841110827048e+02
2.864527486522634376e+02 1.838172266766805194e+02
2.873993141257139428e+02 1.834440607811876305e+02
2.883496298075971822e+02 1.830789154523309037e+02
2.893039775797661832e+02 1.827226483487405346e+02
2.902626082062644741e+02 1.823761370415658973e+02
2.912257360590511439e+02 1.820402758891355859e+02
2.921935554003060247e+02 1.817159766942096724e+02
2.931662185661101034e+02 1.814041695635556266e+02
2.941438412545646202e+02 1.811058034943851851e+02
2.951265013378859976e+02 1.808218478317631366e+02
2.961142104933280166e+02 1.805532853814733585e+02
2.971069503581853155e+02 1.803011127243739793e+02
2.981046594612849390e+02 1.800663484552669047e+02
2.991071926236708123e+02 1.798500218819422969e+02
3.001143550207168005e+02 1.796531677676890695e+02
3.011259054696669182e+02 1.794768337679879266e+02
3.021415016934768687e+02 1.793220662949189261e+02
3.031607513068959179e+02 1.791899164175184467e+02
3.041832087162729295e+02 1.790814538054504226e+02
3.052082900977770237e+02 1.789977235313582185e+02
3.062353865381579681e+02 1.789397602277358033e+02
3.072637902088377473e+02 1.789085821844789450e+02
3.082927056357501101e+02 1.789051849546657991e+02
3.093212406631341764e+02 1.789305459582055278e+02
3.103484391606736494e+02 1.789856155074665480e+02
3.113732504974187236e+02 1.790712958054222099e+02
3.123945409947212397e+02 1.791884329368713225e+02
3.134110982803748016e+02 1.793377882930292060e+02
3.144216845078620963e+02 1.795192944999655822e+02
3.154251185569117979e+02 1.797318426570632255e+02
3.164203223919117818e+02 1.799741994172838417e+02
3.174063166379979748e+02 1.802450689334661433e+02
3.183822358058720852e+02 1.805429986490422607e+02
3.193474675866132202e+02 1.808661750808279010e+02
3.203017229253385949e+02 1.812126570992911638e+02
3.212448644297010105e+02 1.815805328725816423e+02
3.221769042113210162e+02 1.819678962841141470e+02
3.230979606349646929e+02 1.823728910681739137e+02
3.240083003383201685e+02 1.827936852422388370e+02
3.249082412221721370e+02 1.832285550426533405e+02
3.257982425558375326e+02 1.836758581068193905e+02
3.266788171970770804e+02 1.841340022227927307e+02
3.275505678655344468e+02 1.846014475418400593e+02
3.284141789913924754e+02 1.850767054204090130e+02
3.292703954477518096e+02 1.855583730870724253e+02
3.301199765795965959e+02 1.860452268385892296e+02
3.309637220999638885e+02 1.865361221653321309e+02
3.318024790029500082e+02 1.870299637321610646e+02
3.326371381787728296e+02 1.875257056686869248e+02
3.334686306759112995e+02 1.880223514798007045e+02
3.342978886637018263e+02 1.885189471171071318e+02
3.351259892411808323e+02 1.890146065763101433e+02
3.359539213949723830e+02 1.895084582072398689e+02
3.367827709921468227e+02 1.899997069589160219e+02
3.376136460219895525e+02 1.904876028188624844e+02
3.384474086010814062e+02 1.909718839514098931e+02
3.392840581090584351e+02 1.914536499743773845e+02
3.401234226094830433e+02 1.919342574984393934e+02
3.409651701713941065e+02 1.924150065768358218e+02
3.418088907664896396e+02 1.928971809579443288e+02
3.426541530363119819e+02 1.933820572220173517e+02
3.435003563512037204e+02 1.938708949628845630e+02
3.443468184662698377e+02 1.943649622942668600e+02
3.451927827821756409e+02 1.948654903443472506e+02
3.460374212754269934e+02 1.953736706255085949e+02
3.468798373708865483e+02 1.958906537634487677e+02
3.477190356268882283e+02 1.964175871587751487e+02
3.485538715785552881e+02 1.969556688699867379e+02
3.493831198325995615e+02 1.975060599708221218e+02
3.502054888284647518e+02 1.980698677582916503e+02
3.510196204744107149e+02 1.986481443939774465e+02
3.518240936862935655e+02 1.992418874428600759e+02
3.526174387570620752e+02 1.998520373082378399e+02
3.533981135737869863e+02 2.004794703892333416e+02
3.541645226794391874e+02 2.011250040962538321e+02
3.549150085740545251e+02 2.017893958364215337e+02
3.556478830441619152e+02 2.024733281160854972e+02
3.563614053918439026e+02 2.031774022591118012e+02
3.570538050340804261e+02 2.039021368233201770e+02
3.577232912023865197e+02 2.046479609056756033e+02
3.583680156319310299e+02 2.054152358904028688e+02
3.589860821499513577e+02 2.062042520736446249e+02
3.595757583350537629e+02 2.070150625702095226e+02
3.601368028426482510e+02 2.078465084096232829e+02
3.606697848556041208e+02 2.086968718141770296e+02
3.611753316541952472e+02 2.095644817826907342e+02
3.616541208336932414e+02 2.104477179366947155e+02
3.621069064908265887e+02 2.113450058513139993e+02
3.625345019848584229e+02 2.122547946455212013e+02
3.629378946723250010e+02 2.131755510677823509e+02
3.633180796683381004e+02 2.141057796595422076e+02
3.636761542572062922e+02 2.150440713526275545e+02
3.640132251842343862e+02 2.159890543689593585e+02
3.643304790503261188e+02 2.169394464753507918e+02
3.646291340243017203e+02 2.178940164787574076e+02
3.649104572422202182e+02 2.188516083277623636e+02
3.651758802706715983e+02 2.198112292754872499e+02
3.654269813360134549e+02 2.207720071402975179e+02
3.656653753024669982e+02 2.217330958266761627e+02
3.658924965325949188e+02 2.226936691659468295e+02
3.661097434920495743e+02 2.236531904904983890e+02
3.663184140367760619e+02 2.246110411730935823e+02
3.665199172056117050e+02 2.255668156433494573e+02
3.667156121213136544e+02 2.265200659314874088e+02
3.669068535587254587e+02 2.274704847958312257e+02
3.670947816179457277e+02 2.284179349128563672e+02
3.672803944851980305e+02 2.293622500817429852e+02
3.674647919657845705e+02 2.303035021620289058e+02
3.676489840254026831e+02 2.312416266076224929e+02
3.678339829307825539e+02 2.321767059662984423e+02
3.680199429080120126e+02 2.331091564704680934e+02
3.682059353962553132e+02 2.340395640603932463e+02
3.683909647438769639e+02 2.349685430037494314e+02
3.685740212264787488e+02 2.358966826704731830e+02
3.687540374213499490e+02 2.368244407583658813e+02
3.689299492601093107e+02 2.377522201655715719e+02
3.691008334252738905e+02 2.386804021196323049e+02
3.692657732633329033e+02 2.396092733778499735e+02
3.694238253370892835e+02 2.405390577582074059e+02
3.695740301547082822e+02 2.414699452284661163e+02
3.697154101908644748e+02 2.424020760383742754e+02
3.698469639379288765e+02 2.433355405250260333e+02
3.699676676943172424e+02 2.442703773480580196e+02
3.700764843602837573e+02 2.452065709930256787e+02
3.701723654364818685e+02 2.461440503218331060e+02
3.702542527997686648e+02 2.470826870599579479e+02
3.703210713761031911e+02 2.480222946181815757e+02
3.703717086427843128e+02 2.489626264260817550e+02
3.704050415793350908e+02 2.499033712475227560e+02
3.704199375627543986e+02 2.508441176284072753e+02
3.704152758633396161e+02 2.517844560320831988e+02
3.703899440505524012e+02 2.527238792447743663e+02
3.703428673102624202e+02 2.536617225125174286e+02
3.702730318074387696e+02 2.545973979728238419e+02
3.701794303562788286e+02 2.555301197503192157e+02
3.700610750499735104e+02 2.564591006616722666e+02
3.699169946665872430e+02 2.573834071089476083e+02
3.697467658031488327e+02 2.583022022333556720e+02
3.695514293015175440e+02 2.592146561693921285e+02
3.693322830535549883e+02 2.601201385432416373e+02
3.690906376587994941e+02 2.610180858844006480e+02
3.688278115698469151e+02 2.619079489477277320e+02
3.685451131870602808e+02 2.627892816949290022e+02
3.682437461429248060e+02 2.636616906083042977e+02
3.679248435638774026e+02 2.645248371560924738e+02
3.675895341755285699e+02 2.653784530155215293e+02
3.672389402579978537e+02 2.662223434467966285e+02
3.668741736531335960e+02 2.670563904016646006e+02
3.664962632314916391e+02 2.678804771971582568e+02
3.661060256787137632e+02 2.686946165675119573e+02
3.657042540690748638e+02 2.694988280199484052e+02
3.652917486247169450e+02 2.702930765132726947e+02
3.648692236665362429e+02 2.710776215680081691e+02
3.644374164236742217e+02 2.718526032655660742e+02
3.639969163833267203e+02 2.726182849354511291e+02
3.635481692221189860e+02 2.733751908063666178e+02
3.630908879941025589e+02 2.741260454523896897e+02
3.626253047043327911e+02 2.748726563574781494e+02
3.621520074939872984e+02 2.756161264813068215e+02
3.616718093965753837e+02 2.763572918838272585e+02
3.611855332536001697e+02 2.770973680654695386e+02
3.606940217353879916e+02 2.778375577906091962e+02
3.601981562345226280e+02 2.785789478808052309e+02
3.596986121137499026e+02 2.793229667488996597e+02
3.591961628157675364e+02 2.800706104080758791e+02
3.586906444532966134e+02 2.808226818815651313e+02
3.581818120757545216e+02 2.815793564688282800e+02
3.576692506465055885e+02 2.823410596280842810e+02
3.571527734109576500e+02 2.831078855576875526e+02
3.566320996790592517e+02 2.838800537303409328e+02
3.561069660558133592e+02 2.846576208486429209e+02
3.555770668493124163e+02 2.854404730543417941e+02
3.550421125547761676e+02 2.862284626476225071e+02
3.545018594167183892e+02 2.870213940761148024e+02
3.539560843616263810e+02 2.878190613186516202e+02
3.534045782394392177e+02 2.886211327524093235e+02
3.528468474842334217e+02 2.894269086622623490e+02
3.522823222631511726e+02 2.902355346342429243e+02
3.517104881499010958e+02 2.910461123248118156e+02
3.511308824059198628e+02 2.918577020384266802e+02
3.505430787818707472e+02 2.926693289913818035e+02
3.499465455697526295e+02 2.934798003136094735e+02
3.493405672310622094e+02 2.942877118299552990e+02
3.487245102137687809e+02 2.950915525997099849e+02
3.480977352385041286e+02 2.958898358961327517e+02
3.474596605782478491e+02 2.966810250122017578e+02
3.468097168069745635e+02 2.974635994671496064e+02
3.461473960601124986e+02 2.982360258785054725e+02
3.454721902890995580e+02 2.989968074291276707e+02
3.447836210164907129e+02 2.997444185506029157e+02
3.440812063141594308e+02 3.004773348223477001e+02
3.433644869464418434e+02 3.011940752451297953e+02
3.426335789729990893e+02 3.018939721337201263e+02
3.418891819212204837e+02 3.025772525602601490e+02
3.411319854916359304e+02 3.032442142596032681e+02
3.403626403707560257e+02 3.038951801242221791e+02
3.395817622388602217e+02 3.045304990258708813e+02
3.387899367942283675e+02 3.051505496517185634e+02
3.379877373584293423e+02 3.057557632730978980e+02
3.371757103848711381e+02 3.063465987277323279e+02
3.363543719074195337e+02 3.069235335215819873e+02
3.355242091921164729e+02 3.074870627449351446e+02
3.346856819577849933e+02 3.080376975701198035e+02
3.338392172498183186e+02 3.085759542478295430e+02
3.329852117759306225e+02 3.091023546339170025e+02
3.321240393724296496e+02 3.096174349387607663e+02
3.312560525048387490e+02 3.101217456721350345e+02
3.303815838209200706e+02 3.106158516442965265e+02
3.295009496816256842e+02 3.111003358044891911e+02
3.286144575259889962e+02 3.115758083099626106e+02
3.277223879386673957e+02 3.120428754896742021e+02
3.268248947672103668e+02 3.125019015821334847e+02
3.259221050813622469e+02 3.129530566172185786e+02
3.250141635732345549e+02 3.133964981090844617e+02
3.241012562088000095e+02 3.138324284199051704e+02
3.231836012928870900e+02 3.142610811520360699e+02
3.222614249328554479e+02 3.146826841462095672e+02
3.213349598908343410e+02 3.150974593996199928e+02
3.204044457508265964e+02 3.155056234094290630e+02
3.194702877825882297e+02 3.159076329259916633e+02
3.185333057409011417e+02 3.163045673329820602e+02
3.175943858912183373e+02 3.166976021998243596e+02
3.166544134324242350e+02 3.170879132199086712e+02
3.157142723860583260e+02 3.174766750249203255e+02
3.147748324511656506e+02 3.178650531008572102e+02
3.138368682010123507e+02 3.182540786789812728e+02
3.129010945539503723e+02 3.186446998934498538e+02
3.119682093193291053e+02 3.190378764159509615e+02
3.110389079300218782e+02 3.194345660696957907e+02
3.101138658128342058e+02 3.198357390074746149e+02
3.091936863176878774e+02 3.202422887617485117e+02
3.082788454332887795e+02 3.206549294623167725e+02
3.073697898186752013e+02 3.210743586138432875e+02
3.064669346782498565e+02 3.215012968289529454e+02
3.055706889573997955e+02 3.219364660820454560e+02
3.046814354674405081e+02 3.223806022141468475e+02
3.037995282261991292e+02 3.228344456859601337e+02
3.029252941717718954e+02 3.232987460924172183e+02
3.020590350318275341e+02 3.237742662081030289e+02
3.012010168979451237e+02 3.242617906741326692e+02
3.003514863674288904e+02 3.247621163518971912e+02
2.995107875863865274e+02 3.252762887141168449e+02
2.986794546312523266e+02 3.258057710617072189e+02
2.978579959258864847e+02 3.263520908215817826e+02
2.970468677980328494e+02 3.269168012017464662e+02
2.962464711727615736e+02 3.275014819605057710e+02
2.954570214655900600e+02 3.281075079660845404e+02
2.946778294028918594e+02 3.287347067481134104e+02
2.939078347149820161e+02 3.293822589686864148e+02
2.931459707547759308e+02 3.300493367167617293e+02
2.923911550295462689e+02 3.307351154095051697e+02
2.916423052552289050e+02 3.314387462696910802e+02
2.908980636975252310e+02 3.321588346446844753e+02
2.901567060247964491e+02 3.328931950506795374e+02
2.894165181423482522e+02 3.336395535941460935e+02
2.886758318733819237e+02 3.343956049761541180e+02
2.879330302627291758e+02 3.351590107228881266e+02
2.871865008517467004e+02 3.359272828229014749e+02
2.864344228591345995e+02 3.366972911501770227e+02
2.856749766917808415e+02 3.374656482654535239e+02
2.849064446962440798e+02 3.382289161815014040e+02
2.841272197898423997e+02 3.389836054975939987e+02
2.833358193032927375e+02 3.397261914154514102e+02
2.825310936781490341e+02 3.404536185716674481e+02
2.817122493164108619e+02 3.411634082269513328e+02
2.808785994289085579e+02 3.418530838760059396e+02
2.800295698150029011e+02 3.425201350931749857e+02
2.791646811733014601e+02 3.431620234861359222e+02
2.782836524924101695e+02 3.437764360717039835e+02
2.773866874230949975e+02 3.443621564306656637e+02
2.764741539348750052e+02 3.449182690320857319e+02
2.755464716738061384e+02 3.454438575120714745e+02
2.746041019605140718e+02 3.459380076368663026e+02
2.736475875737171464e+02 3.463998419567086557e+02
2.726777568670146366e+02 3.468293316702580000e+02
2.716956762108922021e+02 3.472272982054324189e+02
2.707024050704032447e+02 3.475946252458175536e+02
2.696989443394280670e+02 3.479322279185456637e+02
2.686863407443329947e+02 3.482410396505888457e+02
2.676655366342438356e+02 3.485218539069307440e+02
2.666372006196062330e+02 3.487748571734019833e+02
2.656022078040682572e+02 3.490000887465228629e+02
2.645611270287641332e+02 3.491976477228547537e+02
2.635148289931732393e+02 3.493676174014453863e+02
2.624639616893024936e+02 3.495101153389191495e+02
2.614091592346450739e+02 3.496249449313222044e+02
2.603511272848186877e+02 3.497116631088337613e+02
2.592904681619194776e+02 3.497698510910678351e+02
2.582278522033265631e+02 3.497991029937709868e+02
2.571641431340377721e+02 3.497990495182856989e+02
2.561001283324184215e+02 3.497693190786563378e+02
2.550363508136278767e+02 3.497093792318247552e+02
2.539733624162033720e+02 3.496186557454499848e+02
2.529118011629117859e+02 3.494965741267832300e+02
2.518522578931856515e+02 3.493425565963207760e+02
2.507953541751799094e+02 3.491560326783086339e+02
2.497418737747300952e+02 3.489366983398483057e+02
2.486924625151981445e+02 3.486844084573274927e+02
2.476479582509919908e+02 3.483990382661093577e+02
2.466090651917761534e+02 3.480804472358982480e+02
2.455766563344540430e+02 3.477285229552722399e+02
2.445515055163220097e+02 3.473440141256051561e+02
2.435344687822142475e+02 3.469297615572477866e+02
2.425262356881544292e+02 3.464888942453820277e+02
2.415274222998150435e+02 3.460245452055219175e+02
2.405385392310388113e+02 3.455398599510498343e+02
2.395599845639344494e+02 3.450380087899365549e+02
2.385920181834646883e+02 3.445226293577040906e+02
2.376347601157777660e+02 3.439975916020277396e+02
2.366881861139447381e+02 3.434667570607684297e+02
2.357520948144216959e+02 3.429339817482233457e+02
2.348262044828166211e+02 3.424030807668509624e+02
2.339100274181806469e+02 3.418771975528490543e+02
2.330032849767455900e+02 3.413581544472367000e+02
2.321054263264105657e+02 3.408476154555477819e+02
2.312160486699557111e+02 3.403472192934520990e+02
2.303344787949726253e+02 3.398585723436341937e+02
2.294600878151785821e+02 3.393830987565603436e+02
2.285924600655693837e+02 3.389209592702764553e+02
2.277310913012565265e+02 3.384717110696130362e+02
2.268756473125085904e+02 3.380349075606159204e+02
2.260257519040087857e+02 3.376100726786000337e+02
2.251810297782708687e+02 3.371967070864704965e+02
2.243411302604048956e+02 3.367942082781704016e+02
2.235057455851400903e+02 3.364018233148114518e+02
2.226745850766130843e+02 3.360187667402790908e+02
2.218473721013778572e+02 3.356442313739610768e+02
2.210238438426318055e+02 3.352773874547150967e+02
2.202038817710275964e+02 3.349173522283512625e+02
2.193872119828977816e+02 3.345628370587895120e+02
2.185739910711442064e+02 3.342125131073257194e+02
2.177641504060418072e+02 3.338649575341643185e+02
2.169579495195672507e+02 3.335188197336386793e+02
2.161553562679174831e+02 3.331726376789239339e+02
2.153565119056804917e+02 3.328254016197444116e+02
2.145612466070563187e+02 3.324765056271473895e+02
2.137693679576712782e+02 3.321253372098407795e+02
2.129806752478007468e+02 3.317712414675160062e+02
2.121949600358932742e+02 3.314135179801888853e+02
2.114120189463411634e+02 3.310514353628204276e+02
2.106316877505758214e+02 3.306842921254037719e+02
2.098534897265485313e+02 3.303111980803499250e+02
2.090774051657855068e+02 3.299314467341924342e+02
2.083029072349821718e+02 3.295439797740057202e+02
2.075299145038219990e+02 3.291479370065079593e+02
2.067580543555481256e+02 3.287421963144011556e+02
2.059870563618474364e+02 3.283256301644731820e+02
2.052167125838874995e+02 3.278970698428810806e+02
2.044468085951968988e+02 3.274552534226419880e+02
2.036771701008955802e+02 3.269988611977863115e+02
