2.023100332816255502e+02 3.270662717413488849e+02
2.018176649877305806e+02 3.263088602708317012e+02
2.013485123918790123e+02 3.255395246749317266e+02
2.009016894431465232e+02 3.247587563478142556e+02
2.004766029371649267e+02 3.239673913941198293e+02
2.000726073262193836e+02 3.231662160002929340e+02
1.996890137039059994e+02 3.223559654776941557e+02
1.993251063596866288e+02 3.215373327532414010e+02
1.989801808809513091e+02 3.207110018001991421e+02
1.986533776556726139e+02 3.198774384046720343e+02
1.983440015815364461e+02 3.190373091035349944e+02
1.980512132422739739e+02 3.181910286585359700e+02
1.977742896439001186e+02 3.173391157161892124e+02
1.975124713547095894e+02 3.164818494413573831e+02
1.972651134288353205e+02 3.156196402379518418e+02
1.970315430584251430e+02 3.147527922571219960e+02
1.968110920871543783e+02 3.138815726545490179e+02
1.966031125014922338e+02 3.130062390077877126e+02
1.964069746192035950e+02 3.121270066720625778e+02
1.962220725970684043e+02 3.112440697489728336e+02
1.960478154806352791e+02 3.103576029951848909e+02
1.958836690217444243e+02 3.094678575208953930e+02
1.957290209400654817e+02 3.085748153701479737e+02
1.955833701245879865e+02 3.076787673782303045e+02
1.954460945601701383e+02 3.067796711658843947e+02
1.953166510396647766e+02 3.058777140942768824e+02
1.951944998905752016e+02 3.049729978604547114e+02
1.950790804717773881e+02 3.040654833892513125e+02
1.949699149270948624e+02 3.031552532478339117e+02
1.948669365006200849e+02 3.022422816807940080e+02
1.947703516013486649e+02 3.013265363964921448e+02
1.946803938419562314e+02 3.004080304887586408e+02
1.945972926575368263e+02 2.994867046294202737e+02
1.945213047982429089e+02 2.985626169996414205e+02
1.944527079928212174e+02 2.976358681428050090e+02
1.943917763293900975e+02 2.967064721595180572e+02
1.943387969059973557e+02 2.957745124501313398e+02
1.942940774343945520e+02 2.948401530472251011e+02
1.942579197943178997e+02 2.939034385694778280e+02
1.942306489581683309e+02 2.929645527537172143e+02
1.942126543998741113e+02 2.920236661836510734e+02
1.942043513120386820e+02 2.910808844759609428e+02
1.942061681524889423e+02 2.901364680733909722e+02
1.942185410232382594e+02 2.891906299535905873e+02
1.942419046459502283e+02 2.882435416528135192e+02
1.942767316685457786e+02 2.872954941739134824e+02
1.943235597878565954e+02 2.863467646072770094e+02
1.943829374875321321e+02 2.853976800255662738e+02
1.944554137028516436e+02 2.844485117960268781e+02
1.945415345700189675e+02 2.834996240421641573e+02
1.946418530945597070e+02 2.825513893481455057e+02
1.947569487538457906e+02 2.816042023796126728e+02
1.948874112110905514e+02 2.806584839478386471e+02
1.950338291831274660e+02 2.797146965543315105e+02
1.951967912686897648e+02 2.787732899119439480e+02
1.953768700751229801e+02 2.778347554504306345e+02
1.955741503484555608e+02 2.768995145148921324e+02
1.957880105251897760e+02 2.759678163543589449e+02
1.960177797950861986e+02 2.750398907939257356e+02
1.962627998058015635e+02 2.741159169247017644e+02
1.965224202765207622e+02 2.731960321433228955e+02
1.967959905490137658e+02 2.722803998169151214e+02
1.970828572458426322e+02 2.713691924809915577e+02
1.973823944724097146e+02 2.704623990600981642e+02
1.976939522995263303e+02 2.695601829967659455e+02
1.980169216734480528e+02 2.686625611913599982e+02
1.983506938241472710e+02 2.677695878425191722e+02
1.986946966847148417e+02 2.668812613858589771e+02
1.990483729050170325e+02 2.659976644743442193e+02
1.994112161009715294e+02 2.651187093922316080e+02
1.997826982608621904e+02 2.642444313822995809e+02
2.001623262705704178e+02 2.633748005621713446e+02
2.005496279953416376e+02 2.625097721216657192e+02
2.009442075453613086e+02 2.616490687218595781e+02
2.013457256307048908e+02 2.607920768592879881e+02
2.017537084608433133e+02 2.599384716569917373e+02
2.021676677608506907e+02 2.590879498641569967e+02
2.025871087585210830e+02 2.582402292034699940e+02
2.030115516528503008e+02 2.573948610692514762e+02
2.034404439973899059e+02 2.565514750618948483e+02
2.038732785412219073e+02 2.557095837995081240e+02
2.043095298870136105e+02 2.548687503953563009e+02
2.047487293466617473e+02 2.540283980396717993e+02
2.051904995451791365e+02 2.531881033226631530e+02
2.056349432046007735e+02 2.523476811444723467e+02
2.060822889386586496e+02 2.515069487506154360e+02
2.065327254114679931e+02 2.506657952102017077e+02
2.069864422334303811e+02 2.498241041541764673e+02
2.074436222744708402e+02 2.489817650652666146e+02
2.079044429689471087e+02 2.481386801678852692e+02
2.083690749331350389e+02 2.472947642325535753e+02
2.088376777700100888e+02 2.464499421397181607e+02
2.093103995421713250e+02 2.456041486904245517e+02
2.097873764374030827e+02 2.447573284447358617e+02
2.102687507657208528e+02 2.439094547480486881e+02
2.107547116832261622e+02 2.430605559803296956e+02
2.112454505324120078e+02 2.422106654874750689e+02
2.117411301046220728e+02 2.413598494297259549e+02
2.122419031736766897e+02 2.405081781740925919e+02
2.127479125478377284e+02 2.396557377339842958e+02
2.132593576387153576e+02 2.388026887128681892e+02
2.137764674361774553e+02 2.379492583846333673e+02
2.142994647166200650e+02 2.370956621753227296e+02
2.148285372257880397e+02 2.362421527840596411e+02
2.153638613906985029e+02 2.353889867268815976e+02
2.159056235034943256e+02 2.345364577001202804e+02
2.164540578032061262e+02 2.336849350398565548e+02
2.170093889012186992e+02 2.328348094571032334e+02
2.175718227654872692e+02 2.319864826229393486e+02
2.181415480898969861e+02 2.311403665081348038e+02
2.187187260556967772e+02 2.302968679812178436e+02
2.193033996059746471e+02 2.294562934592299541e+02
2.198955428687950757e+02 2.286188874546958800e+02
2.204951213670581467e+02 2.277848944772584332e+02
2.211020942492737618e+02 2.269545595706061931e+02
2.217164145327865583e+02 2.261281276829239744e+02
2.223380204090275640e+02 2.253058348594668416e+02
2.229668331135903543e+02 2.244878989782718293e+02
2.236027686810104740e+02 2.236745347137206181e+02
2.242457407539692156e+02 2.228659549621353335e+02
2.248956638294170887e+02 2.220623701569044783e+02
2.255524482115650358e+02 2.212639846346349941e+02
2.262159611890479880e+02 2.204709677221779032e+02
2.268860726399375665e+02 2.196834599071004845e+02
2.275626601682412797e+02 2.189015989577797825e+02
2.282455700218519610e+02 2.181255340390540596e+02
2.289346948143271163e+02 2.173553874734983253e+02
2.296298735639602171e+02 2.165912717099947713e+02
2.303309395844740095e+02 2.158332364671521759e+02
2.310377089006395295e+02 2.150813341177552331e+02
2.317500258331351972e+02 2.143356011713106284e+02
2.324677075860237494e+02 2.135960877699338027e+02
2.331906110108121197e+02 2.128628124984575720e+02
2.339185360207578981e+02 2.121357682866776031e+02
2.346512895422372651e+02 2.114149192466679210e+02
2.353886894912729417e+02 2.107002242561540015e+02
2.361305623212290357e+02 2.099916392272283474e+02
2.368767227053017450e+02 2.092891279889810505e+02
2.376270473628291882e+02 2.085926916409003127e+02
2.383814628258646167e+02 2.079024033495106210e+02
2.391399039798475314e+02 2.072183398000807415e+02
2.399023111445771690e+02 2.065405758784320653e+02
2.406686302117296918e+02 2.058691846777964543e+02
2.414388044100273589e+02 2.052042254083460193e+02
2.422127402847175119e+02 2.045456936766472609e+02
2.429903371902563833e+02 2.038935633522574165e+02
2.437715008895688413e+02 2.032478062227129953e+02
2.445561443322486355e+02 2.026083917017026863e+02
2.453445417252317498e+02 2.019751222149760110e+02
2.461378311421945853e+02 2.013474610126646951e+02
2.469363678778346980e+02 2.007254544273842214e+02
2.477402897979008003e+02 2.001092974685333559e+02
2.485497297651206168e+02 1.994991890581966061e+02
2.493648032868864561e+02 1.988953379725219293e+02
2.501856473912277181e+02 1.982979570082163718e+02
2.510124178066292586e+02 1.977073134283675984e+02
2.518452550415014173e+02 1.971236994395810314e+02
2.526843291159271132e+02 1.965473932290062749e+02
2.535297676471080024e+02 1.959786991914800467e+02
2.543817123622931717e+02 1.954179210108446512e+02
2.552403770317764611e+02 1.948654559837503086e+02
2.561059731329163469e+02 1.943218242484217626e+02
2.569787710924613862e+02 1.937875218330022449e+02
2.578589735587904102e+02 1.932630858480228255e+02
2.587467983424064073e+02 1.927490466453152749e+02
2.596424046981958327e+02 1.922458282058598513e+02
2.605456509762954056e+02 1.917535343459866510e+02
2.614564165517180641e+02 1.912721606109364529e+02
2.623745368975849033e+02 1.908017313676211302e+02
2.632998296495293289e+02 1.903422805289864357e+02
2.642321473705862900e+02 1.898938241681937598e+02
2.651712858172710412e+02 1.894563476317999857e+02
2.661169897817600827e+02 1.890298113825188011e+02
2.670690393737562545e+02 1.886141602066556686e+02
2.680271995772880018e+02 1.882093518339364380e+02
2.689912365843911175e+02 1.878153481353424183e+02
2.699608471885179029e+02 1.874320628766489847e+02
2.709356678036975836e+02 1.870592197093408799e+02
2.719153092055313437e+02 1.866965215353562542e+02
2.728993872055788188e+02 1.863436720168067211e+02
2.738875234564570178e+02 1.860003752676398108e+02
2.748793387779820137e+02 1.856663208265947276e+02
2.758743757669754473e+02 1.853410261696427881e+02
2.768721363878677835e+02 1.850238943090248256e+02
2.778721491183292756e+02 1.847143192246671504e+02
2.788739569356897050e+02 1.844116927875520844e+02
2.798771052013133271e+02 1.841154042286034667e+02
2.808811742708448946e+02 1.838247776410916856e+02
2.818857545252235468e+02 1.835390247820078002e+02
2.828903617750938224e+02 1.832573583192851174e+02
2.838946879057074852e+02 1.829789428807582681e+02
2.848983418406425585e+02 1.827029669202847515e+02
2.859011444337296552e+02 1.824286744092694335e+02
2.869031674034680464e+02 1.821562010172887938e+02
2.879047668513404687e+02 1.818861265661642790e+02
2.889062670445106278e+02 1.816190615328344791e+02
2.899079769546353305e+02 1.813556317949049799e+02
2.909101868874240608e+02 1.810964759312851129e+02
2.919132126476497433e+02 1.808422884310139693e+02
2.929173711982391524e+02 1.805938651101864423e+02
2.939229645776170514e+02 1.803520275311889520e+02
2.949302768795666907e+02 1.801176161051486702e+02
2.959395367890319903e+02 1.798914867032021334e+02
2.969509731153508483e+02 1.796745097631065562e+02
2.979647998868560421e+02 1.794676004275448236e+02
2.989811595691840580e+02 1.792716994787749627e+02
3.000001702334795368e+02 1.790877560598372611e+02
3.010219302002089421e+02 1.789167365582311504e+02
3.020464460563644593e+02 1.787596152549984083e+02
3.030737020465326168e+02 1.786173751651800785e+02
3.041036569952167383e+02 1.784910226895840992e+02
3.051361300236720240e+02 1.783815540228830514e+02
3.061709566203988402e+02 1.782899650786086738e+02
3.072078868163939092e+02 1.782172514007135362e+02
3.082465994356113015e+02 1.781643990404492968e+02
3.092866842648335819e+02 1.781323735378316258e+02
3.103276948152126238e+02 1.781221247662547569e+02
3.113690997069708146e+02 1.781345761726962849e+02
3.124102961283372224e+02 1.781706177240486682e+02
3.134506107074213332e+02 1.782310912730198709e+02
3.144893313993492825e+02 1.783164951143870951e+02
3.155257000535270322e+02 1.784268827038730763e+02
3.165589829335997365e+02 1.785622357495943220e+02
3.175884447448564174e+02 1.787224839035544051e+02
3.186132007413731344e+02 1.789073820136293591e+02
3.196320956032112122e+02 1.791162544088582536e+02
3.206445129003526517e+02 1.793483653647855363e+02
3.216500773090001530e+02 1.796030326536301800e+02
3.226483777112296139e+02 1.798795374532524534e+02
3.236391123782025829e+02 1.801772004645461038e+02
3.246219600822801112e+02 1.804953134474204433e+02
3.255967057988054876e+02 1.808332208312841090e+02
3.265630993487845899e+02 1.811902276471166431e+02
3.275209738796376087e+02 1.815656759539124891e+02
3.284701808213739014e+02 1.819589208650595253e+02
3.294105973816076585e+02 1.823693311225678144e+02
3.303421284345409958e+02 1.827962896692348238e+02
3.312647060438567337e+02 1.832391908775457239e+02
3.321782864134141846e+02 1.836974448171834808e+02
3.330828476589241518e+02 1.841704787738219125e+02
3.339783880784987673e+02 1.846577375137642605e+02
3.348649246490302289e+02 1.851586837203198854e+02
3.357424948404817542e+02 1.856728143940291318e+02
3.366111357096627330e+02 1.861996025612499182e+02
3.374709228676658768e+02 1.867385765095341696e+02
3.383219285315605021e+02 1.872892670016074135e+02
3.391642410138558148e+02 1.878512218295668390e+02
3.399979501517513540e+02 1.884240247129909847e+02
3.408231190682878946e+02 1.890073392403098751e+02
3.416398091472016745e+02 1.896008316380022904e+02
3.424480897483795161e+02 1.902041986089665784e+02
3.432480256520009902e+02 1.908171549115125742e+02
3.440396893350977052e+02 1.914394090219913949e+02
3.448231555984797296e+02 1.920706953692609886e+02
3.455984979594480819e+02 1.927107601299231021e+02
3.463657913162545583e+02 1.933593611705177580e+02
3.471251116840890063e+02 1.940162678310125273e+02
3.478765358664612677e+02 1.946812606885923742e+02
3.486201408109250792e+02 1.953541317340951196e+02
3.493560027839728832e+02 1.960346847280574138e+02
3.500841977850841999e+02 1.967227341121694337e+02
3.508048014301032822e+02 1.974181046643480215e+02
3.515178870572009373e+02 1.981206326285145565e+02
3.522235251609397437e+02 1.988301658256368114e+02
3.529217937598999697e+02 1.995465561576842219e+02
3.536127639540762289e+02 2.002696677632109754e+02
3.542965050362283250e+02 2.009993755432459182e+02
3.549730767197804084e+02 2.017355688681525692e+02
3.556425564332723184e+02 2.024781365470957155e+02
3.563050079302215636e+02 2.032269793054265108e+02
3.569604823460933289e+02 2.039820152247453109e+02
3.576090536272906206e+02 2.047431602196106439e+02
3.582507770799078344e+02 2.055103430028250955e+02
3.588857001694580049e+02 2.062835076088180131e+02
3.595138528241677705e+02 2.070626239311375798e+02
3.601349385038004698e+02 2.078479018334825241e+02
3.607485150028662702e+02 2.086396427871709420e+02
3.613541103675868840e+02 2.094381334721685732e+02
3.619512265145838228e+02 2.102436468847197375e+02
3.625393603974729899e+02 2.110564262260683961e+02
3.631179641360614596e+02 2.118767127713807099e+02
3.636864984199170863e+02 2.127047043223214189e+02
3.642443784731265737e+02 2.135406007106485902e+02
3.647910216024253032e+02 2.143845572808931763e+02
3.653258127421393056e+02 2.152367231705754023e+02
3.658481282775804857e+02 2.160972095088654328e+02
3.663573264732060011e+02 2.169661071102751180e+02
3.668527492329504298e+02 2.178434783119921008e+02
3.673337709260949282e+02 2.187293039775504155e+02
3.677998207096068199e+02 2.196234888214529519e+02
3.682503545726900143e+02 2.205259101705327396e+02
3.686848028754235429e+02 2.214364622607093338e+02
3.691026095864341983e+02 2.223549727914798382e+02
3.695031927900319033e+02 2.232812920165854962e+02
3.698859765458518609e+02 2.242152090327865039e+02
3.702503710750786468e+02 2.251565163583251490e+02
3.705957791908494983e+02 2.261049715214239484e+02
3.709216010161957797e+02 2.270603036026738550e+02
3.712272114091703088e+02 2.280222415714360977e+02
3.715120025549716161e+02 2.289904504292535137e+02
3.717753493957027899e+02 2.299646009725387046e+02
3.720166390115486479e+02 2.309443178702968567e+02
3.722357919839514580e+02 2.319290446264168679e+02
3.724333315092790144e+02 2.329180766926622539e+02
3.726098296771054379e+02 2.339107256949916405e+02
3.727658824930860533e+02 2.349063343504019201e+02
3.729020908962301064e+02 2.359042848214355388e+02
3.730190642457373542e+02 2.369039906916387963e+02
3.731174483351443314e+02 2.379048941516911952e+02
3.731979026359533691e+02 2.389064723774215508e+02
3.732610904058573738e+02 2.399082370269252920e+02
3.733076813291926896e+02 2.409097350812931211e+02
3.733383501092171173e+02 2.419105488007861311e+02
3.733537716558770398e+02 2.429102964213533937e+02
3.733546200195723941e+02 2.439086322072153337e+02
3.733415707000647217e+02 2.449052462723226142e+02
3.733152995831569569e+02 2.458998650414208100e+02
3.732764816937653904e+02 2.468922518118764913e+02
3.732257803613750298e+02 2.478822078555223811e+02
3.731638225506803224e+02 2.488695732071338682e+02
3.730912232071119661e+02 2.498542245134298696e+02
3.730085827160131657e+02 2.508360633622713749e+02
3.729165035998322537e+02 2.518150533538750437e+02
3.728155802259348661e+02 2.527911896289801916e+02
3.727063589004279720e+02 2.537644707723793829e+02
3.725893740062117558e+02 2.547349933018022909e+02
3.724651346645677563e+02 2.557028419854978836e+02
3.723341381259705258e+02 2.566681735255239687e+02
3.721968550166424734e+02 2.576311556861834333e+02
3.720535280336331425e+02 2.585920226367593386e+02
3.719037572858727003e+02 2.595508816458818728e+02
3.717470222610523933e+02 2.605078604726484173e+02
3.715827919722842125e+02 2.614630658282699187e+02
3.714105169580527672e+02 2.624165576545741487e+02
3.712296328829988852e+02 2.633683879760962441e+02
3.710395845796789445e+02 2.643185916488428120e+02
3.708398183142774087e+02 2.652671854492143666e+02
3.706297669548375779e+02 2.662141642594256723e+02
3.704088504624021425e+02 2.671594998591546641e+02
3.701764767991030567e+02 2.681031396967163118e+02
3.699320365140274589e+02 2.690449868172565289e+02
3.696749071451190503e+02 2.699849540279122380e+02
3.694044645460488709e+02 2.709229078505957204e+02
3.691200702421738242e+02 2.718586488402179384e+02
3.688210813246196835e+02 2.727920093785835434e+02
3.685068557097792450e+02 2.737227371476268445e+02
3.681767247753735433e+02 2.746505566296192455e+02
3.678300356932265345e+02 2.755751957349636996e+02
3.674663898056189737e+02 2.764967804026074418e+02
3.670857215001690292e+02 2.774152159629219341e+02
3.666881167946086180e+02 2.783302647756896135e+02
3.662736891337820566e+02 2.792416183088016624e+02
3.658425712771569351e+02 2.801489751843807312e+02
3.653949445366836244e+02 2.810520204648277058e+02
3.649310104698012651e+02 2.819504226338435728e+02
3.644510372531295275e+02 2.828438736949029817e+02
3.639552687089480401e+02 2.837320333511807462e+02
3.634438505399334076e+02 2.846144442932831566e+02
3.629168478273826963e+02 2.854905823598875827e+02
3.623744060461197023e+02 2.863599107732537732e+02
3.618166546222155375e+02 2.872219009019204350e+02
3.612437768617330107e+02 2.880760097198904646e+02
3.606559879280061978e+02 2.889217169367384486e+02
3.600535326324052221e+02 2.897585318921450721e+02
3.594366718185694367e+02 2.905859682052168296e+02
3.588056705440468477e+02 2.914035474076931109e+02
3.581608109574941068e+02 2.922107942885986063e+02
3.575023688573013487e+02 2.930072594016743892e+02
3.568306637962791683e+02 2.937925501952732930e+02
3.561460334926463247e+02 2.945662996479056801e+02
3.554488058986412966e+02 2.953281541469344802e+02
3.547392930856033786e+02 2.960777736365041051e+02
3.540177932697962433e+02 2.968148286671748224e+02
3.532845944819928263e+02 2.975390262328084532e+02
3.525400459913362852e+02 2.982500885826277681e+02
3.517844090509275361e+02 2.989477894479926476e+02
3.510179866143035952e+02 2.996318768900296163e+02
3.502410195258152612e+02 3.003021330580130552e+02
3.494537673934586905e+02 3.009583215879866316e+02
3.486563924292308911e+02 3.016002159584319884e+02
3.478491072196190430e+02 3.022275510129096006e+02
3.470320462350942989e+02 3.028401032356720748e+02
3.462053328722982428e+02 3.034376452402006521e+02
3.453691141285718800e+02 3.040199550760652869e+02
3.445237162057890714e+02 3.045871673574856686e+02
3.436696935387449798e+02 3.051397759506791658e+02
3.428075812863716010e+02 3.056783070971157485e+02
3.419378805914231521e+02 3.062033024900983378e+02
3.410610737317936696e+02 3.067153132471273693e+02
3.401776043409931845e+02 3.072149031937293557e+02
3.392878811214790176e+02 3.077026291817383594e+02
3.383922875169884037e+02 3.081790537841037008e+02
3.374911851924484836e+02 3.086447492867791880e+02
3.365849154988666214e+02 3.091002972087516696e+02
3.356738023548697925e+02 3.095462901785143117e+02
3.347581796564012393e+02 3.099833715988947915e+02
3.338383892797015733e+02 3.104122308961577801e+02
3.329147587968818698e+02 3.108335672335388722e+02
3.319876020122563318e+02 3.112480880289604102e+02
3.310572211422819464e+02 3.116565088069094145e+02
3.301239236675413622e+02 3.120595793630895969e+02
3.291880608701403048e+02 3.124581387468094817e+02
3.282499555298755922e+02 3.128530419436421539e+02
3.273096328924726777e+02 3.132450132616654628e+02
3.263672327683805179e+02 3.136344915216836284e+02
3.254230608612394917e+02 3.140218055047774897e+02
3.244774568084749831e+02 3.144073199289187528e+02
3.235307831009743609e+02 3.147914268315242339e+02
3.225834047039941197e+02 3.151745156459608097e+02
3.216356880051608869e+02 3.155569733183846211e+02
3.206879999689500096e+02 3.159391846391042122e+02
3.197407290957734745e+02 3.163215668499784670e+02
3.187943186689478807e+02 3.167046219212772939e+02
3.178492184939625531e+02 3.170888652547499760e+02
3.169058745164251150e+02 3.174748141505117474e+02
3.159647290139415077e+02 3.178629864076399372e+02
3.150262120393578016e+02 3.182538950805122795e+02
3.140906871318926505e+02 3.186479634346243301e+02
3.131584758726882001e+02 3.190455586267289050e+02
3.122298861689786804e+02 3.194470575744387588e+02
3.113052242991316803e+02 3.198528347430892040e+02
3.103847815988494290e+02 3.202632739570281046e+02
3.094688110966599766e+02 3.206787248692488106e+02
3.085575030149627196e+02 3.210994508770856442e+02
3.076510306933722063e+02 3.215257076889487280e+02
3.067495443451840629e+02 3.219577688638015047e+02
3.058531925559655633e+02 3.223959064481654195e+02
3.049621064644959461e+02 3.228404018299583527e+02
3.040764000046971773e+02 3.232915407478383827e+02
3.031961708656721157e+02 3.237496150769930523e+02
3.023215016188965478e+02 3.242149241326818583e+02
3.014524514815540215e+02 3.246877822088883363e+02
3.005890699917339361e+02 3.251685081709817950e+02
2.997314314432233573e+02 3.256575130305274683e+02
2.988796688038089542e+02 3.261553582845737651e+02
2.980338978263275749e+02 3.266626318526336945e+02
2.971942075154691452e+02 3.271799346300377351e+02
2.963606587153529972e+02 3.277078807455291667e+02
2.955332048153290998e+02 3.282469551942861017e+02
2.947112506061656063e+02 3.287966890161204674e+02
2.938939807966954163e+02 3.293562122529867224e+02
2.930805859062755871e+02 3.299246446284580543e+02
2.922702517454368376e+02 3.305011074257216706e+02
2.914621803311052872e+02 3.310847048942501374e+02
2.906555222770592195e+02 3.316744201937526100e+02
2.898493617570978245e+02 3.322690615663282188e+02
2.890427977198486360e+02 3.328674102531301173e+02
2.882349530198262642e+02 3.334682320340139086e+02
2.874249771533984017e+02 3.340702764019843585e+02
2.866120338409240844e+02 3.346722324851547796e+02
2.857952152515371154e+02 3.352725687880555370e+02
2.849736353971454719e+02 3.358696527361032054e+02
2.841464531245154035e+02 3.364618303230267884e+02
2.833128789531797906e+02 3.370474245486644804e+02
2.824721788255310457e+02 3.376247356416908474e+02
2.816236815986432021e+02 3.381920516269494783e+02
2.807667826347068853e+02 3.387476509058480474e+02
2.799009410607580435e+02 3.392897897612600104e+02
2.790256846187787687e+02 3.398167061745914452e+02
2.781406107708821764e+02 3.403266174358224134e+02
2.772454026651057006e+02 3.408177604066257231e+02
2.763398746355703111e+02 3.412885239062816254e+02
2.754239258575316853e+02 3.417373301726473187e+02
2.744975249744074404e+02 3.421625908559803975e+02
2.735607084590421891e+02 3.425627076504486581e+02
2.726136045945052047e+02 3.429361251684320564e+02
2.716567297155713163e+02 3.432823905665502480e+02
2.706909285723479002e+02 3.436021554330200729e+02
2.697170417742860309e+02 3.438961415425735595e+02
2.687358775991602329e+02 3.441650918753165911e+02
2.677482418543477252e+02 3.444097769431582492e+02
2.667549002367060780e+02 3.446309766231939875e+02
2.657565436152472103e+02 3.448294139958882170e+02
2.647539000626150596e+02 3.450058323948281327e+02
2.637475833236871949e+02 3.451609876488793134e+02
2.627382580961545386e+02 3.452956680809899694e+02
2.617264994910629525e+02 3.454106837261851979e+02
2.607128630114508496e+02 3.455068752614915866e+02
2.596978948988655702e+02 3.455851288294977621e+02
2.586820749815472595e+02 3.456463484931572339e+02
2.576658550800156604e+02 3.456914580687501370e+02
2.566496789988956948e+02 3.457214345346462778e+02
2.556339278328772764e+02 3.457373140535498806e+02
2.546189002871032017e+02 3.457401677598139145e+02
2.536048540357218997e+02 3.457310634689007429e+02
2.525920148123122146e+02 3.457110713798750226e+02
2.515805599260016834e+02 3.456812480028997925e+02
2.505706306770953802e+02 3.456426320292175660e+02
2.495623383057035483e+02 3.455962718534519240e+02
2.485557472925228808e+02 3.455431802654616149e+02
2.475508904856442882e+02 3.454843844391071457e+02
2.465477628240313379e+02 3.454208756005866690e+02
2.455463168083285836e+02 3.453536582621335356e+02
2.445464748893424201e+02 3.452833022890299617e+02
2.435481319496352057e+02 3.452094575588654948e+02
2.425512120760576806e+02 3.451316135525248114e+02
2.415556564506098596e+02 3.450492479963122605e+02
2.405614212714068003e+02 3.449618372992896411e+02
2.395685025108290063e+02 3.448688267188315990e+02
2.385768931354949984e+02 3.447696737201850397e+02
2.375866302884861625e+02 3.446638136980872673e+02
2.365977668862977623e+02 3.445506711435845091e+02
2.356103697035356390e+02 3.444296716946564061e+02
2.346245575033941009e+02 3.443002113663660566e+02
2.336404329226165828e+02 3.441617041309510796e+02
2.326581777686364205e+02 3.440135291401959421e+02
2.316779438756076104e+02 3.438550855955652423e+02
2.306999680442067131e+02 3.436857418086665916e+02
2.297244734887721620e+02 3.435048740898800474e+02
2.287517378229021006e+02 3.433118503689842100e+02
2.277820836577630814e+02 3.431060223804317388e+02
2.268158331769660379e+02 3.428867541815682216e+02
2.258533770168092190e+02 3.426534012902719724e+02
2.248951373085486978e+02 3.424053151626553131e+02
2.239415778421091261e+02 3.421418469266645843e+02
2.229932062879965429e+02 3.418623522718839354e+02
2.220505759787218096e+02 3.415661952430023121e+02
2.211142894261605818e+02 3.412527461986013009e+02
2.201850010749390663e+02 3.409213840713313175e+02
2.192634200073898398e+02 3.405714994234792812e+02
2.183503164028182937e+02 3.402025478453752498e+02
2.174463264780023621e+02 3.398143725658587755e+02
2.165521356939528062e+02 3.394069619075446553e+02
2.156684014669149292e+02 3.389803138600976240e+02
2.147958691539460574e+02 3.385344374749557232e+02
2.139352351230649845e+02 3.380693563629740197e+02
2.130872839707015487e+02 3.375851267459152609e+02
2.122528023279613194e+02 3.370818252077756370e+02
2.114326014761130068e+02 3.365595542653166490e+02
2.106275158511213874e+02 3.360184453864228544e+02
2.098384007189193028e+02 3.354586625594017164e+02
2.090661346865067856e+02 3.348804081462663476e+02
2.083116373633786225e+02 3.342839348746447286e+02
2.075757284208906981e+02 3.336695142837073149e+02
2.068594026102203713e+02 3.330375190530532450e+02
2.061634600928875045e+02 3.323882949295620506e+02
2.054888689744202281e+02 3.317223161854838054e+02
2.048364583071750360e+02 3.310400452530060988e+02
2.042070606095138317e+02 3.303420199960689843e+02
2.036014940756880378e+02 3.296288399411635623e+02
2.030205127117034465e+02 3.289011415220023764e+02
2.024648117041435853e+02 3.281596072059713265e+02
