1.983488056581720684e+02 3.306437812465004527e+02
1.976094421146781315e+02 3.298900844172213169e+02
1.968935681885976976e+02 3.291121042069697182e+02
1.962019914884137108e+02 3.283112025100736560e+02
1.955352539721802145e+02 3.274885863126957020e+02
1.948938029152485285e+02 3.266454812774570087e+02
1.942779944819266404e+02 3.257831193443752795e+02
1.936880979306877748e+02 3.249027213673822985e+02
1.931243022996737011e+02 3.240054630152143318e+02
1.925867463811650850e+02 3.230926057570853231e+02
1.920754587927265504e+02 3.221652337992622961e+02
1.915904496381721742e+02 3.212245125903342569e+02
1.911316545267363267e+02 3.202714788649775528e+02
1.906989868769607881e+02 3.193072251812241120e+02
1.902922997833042871e+02 3.183327074396490275e+02
1.899114322704454594e+02 3.173488761986889131e+02
1.895561968688572279e+02 3.163566439052889905e+02
1.892263842255435407e+02 3.153568705282611404e+02
1.889217802838938098e+02 3.143503778038968903e+02
1.886421658871203704e+02 3.133379432027992948e+02
1.883873136905500871e+02 3.123203052424523207e+02
1.881569991081574642e+02 3.112981164478675851e+02
1.879509954326961179e+02 3.102721198171942660e+02
1.877690819771356416e+02 3.092428677397263073e+02
1.876110694435261053e+02 3.082110312905346632e+02
1.874767712547414931e+02 3.071771403704712498e+02
1.873660194562548043e+02 3.061417318405910351e+02
1.872786434830074995e+02 3.051053762130274549e+02
1.872144361843551792e+02 3.040685675534212464e+02
1.871727148816829640e+02 3.030318521291841876e+02
1.871524969944965449e+02 3.019957542137726136e+02
1.871528051564058330e+02 3.009607296277156934e+02
1.871726596227464654e+02 2.999272128899196446e+02
1.872110915733953789e+02 2.988955486146772387e+02
1.872671342966591226e+02 2.978660259202042084e+02
1.873397851744951197e+02 2.968389228051826194e+02
1.874280470445245328e+02 2.958144522084530195e+02
1.875309472503483335e+02 2.947927650115765346e+02
1.876475128203052805e+02 2.937740094842421286e+02
1.877767913954105552e+02 2.927582595897691249e+02
1.879178249941105889e+02 2.917455612370658855e+02
1.880696444104970624e+02 2.907359412466612412e+02
1.882313106373740368e+02 2.897293604912313185e+02
1.884019006446928017e+02 2.887257624249764945e+02
1.885804953094559266e+02 2.877250668577459010e+02
1.887662023933522448e+02 2.867271447472359114e+02
1.889581473911044043e+02 2.857318449665862090e+02
1.891554794551805401e+02 2.847389847738078288e+02
1.893573537383712733e+02 2.837483616401432300e+02
1.895629489037198709e+02 2.827597364069754917e+02
1.897714646725289640e+02 2.817728454895219556e+02
1.899821302437651980e+02 2.807874011224599258e+02
1.901941988417792402e+02 2.798030905141760059e+02
1.904069476952715263e+02 2.788195750160654711e+02
1.906196694681094641e+02 2.778364923789650334e+02
1.908316898477726511e+02 2.768534558394063652e+02
1.910429907933025788e+02 2.758701966347452412e+02
1.912544964841034130e+02 2.748866690881682757e+02
1.914672163116882473e+02 2.739028863712171074e+02
1.916821627604259390e+02 2.729189063745654380e+02
1.919003465232587189e+02 2.719348301786380944e+02
1.921227893240047706e+02 2.709507985014305405e+02
1.923505348104284565e+02 2.699669944379372737e+02
1.925846018303716960e+02 2.689836566263753070e+02
1.928260381003751149e+02 2.680010482156915259e+02
1.930758787926118600e+02 2.670194895518715725e+02
1.933351655250432373e+02 2.660393378019425086e+02
1.936049235231286332e+02 2.650609973364308871e+02
1.938861882287289973e+02 2.640849010367915639e+02
1.941799626080204746e+02 2.631115520622823851e+02
1.944872684297018850e+02 2.621414762737811088e+02
1.948091195872961237e+02 2.611752592156632318e+02
1.951465182288925462e+02 2.602135355044915741e+02
1.955003627915552045e+02 2.592570214857784663e+02
1.958713866373339272e+02 2.583065281706616361e+02
1.962603098794783136e+02 2.573628173569290425e+02
1.966678218817681625e+02 2.564266738696252332e+02
1.970945918904718610e+02 2.554989082209604021e+02
1.975412272376694034e+02 2.545803992545497181e+02
1.980083360445262031e+02 2.536720295043009799e+02
1.984964659259279074e+02 2.527747361032248534e+02
1.990061468983642499e+02 2.518894643886015956e+02
1.995378352552668559e+02 2.510172134334141560e+02
2.000916550557314508e+02 2.501587858546468510e+02
2.006665403029777224e+02 2.493142922320288619e+02
2.012611450122940937e+02 2.484836398687655219e+02
2.018741538494848555e+02 2.476666528615442644e+02
2.025042661540071265e+02 2.468630959623289698e+02
2.031501978898143648e+02 2.460726696521874430e+02
2.038106560207174027e+02 2.452949899528969127e+02
2.044843465023731710e+02 2.445295914343685695e+02
2.051700015702963924e+02 2.437759452755863947e+02
2.058663821600419794e+02 2.430334617887308184e+02
2.065722792683087903e+02 2.423014926162694849e+02
2.072865075076434493e+02 2.415793265261258114e+02
2.080078879514688026e+02 2.408661784912886219e+02
2.087352661605800108e+02 2.401612053287338711e+02
2.094675261845775935e+02 2.394635133399340248e+02
2.102035858341369590e+02 2.387721629466167030e+02
2.109423987091939807e+02 2.380861718763186445e+02
2.116829700550180462e+02 2.374045327000071666e+02
2.124243523018554924e+02 2.367262155538216462e+02
2.131656257842706452e+02 2.360501487149525417e+02
2.139059027790423499e+02 2.353752350348860602e+02
2.146443258609815814e+02 2.347003487166649904e+02
2.153800692856143542e+02 2.340243419310324668e+02
2.161123420483394284e+02 2.333460521609574982e+02
2.168403794793706538e+02 2.326642984571550414e+02
2.175634405155122693e+02 2.319778829361682142e+02
2.182808062308048420e+02 2.312855937737414251e+02
2.189918807008606336e+02 2.305863124356200728e+02
2.196971104709473650e+02 2.298800228990710650e+02
2.203975129819495180e+02 2.291673788807842982e+02
2.210940737097521094e+02 2.284490836004756886e+02
2.217877402286781887e+02 2.277258799738671939e+02
2.224794238048934290e+02 2.269985473029313994e+02
2.231700123484690721e+02 2.262679118566685759e+02
2.238603843107478042e+02 2.255348616593713587e+02
2.245513882836400228e+02 2.248003177969961826e+02
2.252438416490023201e+02 2.240652288556201768e+02
2.259385335226296831e+02 2.233305693319686895e+02
2.266362268908426074e+02 2.225973373679697431e+02
2.273376567839128199e+02 2.218665526407783375e+02
2.280435405114760101e+02 2.211392559727682112e+02
2.287545783659201106e+02 2.204165068442543998e+02
2.294714378538086237e+02 2.196993784770425862e+02
2.301947853828563098e+02 2.189889552097997694e+02
2.309252337926455141e+02 2.182863026587168349e+02
2.316633515965615686e+02 2.175924387667194537e+02
2.324096862021599748e+02 2.169083857153900396e+02
2.331647874034033521e+02 2.162351693521433162e+02
2.339291850722675861e+02 2.155738236293910575e+02
2.347034214282577409e+02 2.149253801038142342e+02
2.354880197133957438e+02 2.142908735778363507e+02
2.362835063712048225e+02 2.136713349495287275e+02
2.370904113028669258e+02 2.130677951243214636e+02
2.379092684952367165e+02 2.124812849631584299e+02
2.387405959101581061e+02 2.119128174788998535e+02
2.395843866407044800e+02 2.113626369202328874e+02
2.404399189513142403e+02 2.108299450154835029e+02
2.413064435342600689e+02 2.103138546384717529e+02
2.421832344644572004e+02 2.098134643987389154e+02
2.430695876114176031e+02 2.093278599792640762e+02
2.439648115432293025e+02 2.088561045421257347e+02
2.448681952738574523e+02 2.083971952570281019e+02
2.457790331183146293e+02 2.079501020977723726e+02
2.466966352863719294e+02 2.075137866274893952e+02
2.476203263976898086e+02 2.070872032270603427e+02
2.485494977796512615e+02 2.066693367130887964e+02
2.494835988189169029e+02 2.062592719760507407e+02
2.504219162201699760e+02 2.058561276331516012e+02
2.513637124935219163e+02 2.054590310175426282e+02
2.523082505431588061e+02 2.050671083385922486e+02
2.532547951456191129e+02 2.046794812298406612e+02
2.542026151744868230e+02 2.042952710801865521e+02
2.551509875762142201e+02 2.039135994859610150e+02
2.560991980686366105e+02 2.035335799894691888e+02
2.570465369854620690e+02 2.031543270219497117e+02
2.579923093619518681e+02 2.027749416487456529e+02
2.589358328416154791e+02 2.023945255978398166e+02
2.598765138849868208e+02 2.020123000644553599e+02
2.608138573822277522e+02 2.016275780993062767e+02
2.617473678871894549e+02 2.012396871105853791e+02
2.626765808086857987e+02 2.008479307394924831e+02
2.636010396830503737e+02 2.004516097170798901e+02
2.645204314051202346e+02 2.000502358694321572e+02
2.654349207613419708e+02 1.996439975908992324e+02
2.663447410015933770e+02 1.992332544579015234e+02
2.672501452621561384e+02 1.988183548661840518e+02
2.681513950491931269e+02 1.983996412008771983e+02
2.690487346757849991e+02 1.979774715446745574e+02
2.699424033073088367e+02 1.975521663775695913e+02
2.708326401227040492e+02 1.971240108446017985e+02
2.717196668764941023e+02 1.966933071499534265e+02
2.726037160960023584e+02 1.962603562232870331e+02
2.734850216906550031e+02 1.958254644242011864e+02
2.743638284822269497e+02 1.953889073861131465e+02
2.752403343379403964e+02 1.949509299218835281e+02
2.761147464692640483e+02 1.945117662847406166e+02
2.769872773154265246e+02 1.940716539936969980e+02
2.778581446317082850e+02 1.936308341809046851e+02
2.787275694421035155e+02 1.931895477691284952e+02
2.795957538895938228e+02 1.927479911935801624e+02
2.804628917304394804e+02 1.923063332355237947e+02
2.813291786812000055e+02 1.918647511829857422e+02
2.821948251908775660e+02 1.914234237574424355e+02
2.830600676243303724e+02 1.909825205812047955e+02
2.839251145749419152e+02 1.905422106060676697e+02
2.847901422994712561e+02 1.901026392833055354e+02
2.856554326476560277e+02 1.896638857895544277e+02
2.865211513711508928e+02 1.892261145408661207e+02
2.873876032402666851e+02 1.887894215380341905e+02
2.882549940328856337e+02 1.883540156018011658e+02
2.891237834127362589e+02 1.879203064344532379e+02
2.899943851989639825e+02 1.874889161585997783e+02
2.908672423210775264e+02 1.870604724830034229e+02
2.917428007096450528e+02 1.866356156093138452e+02
2.926215080090541392e+02 1.862149961103581575e+02
2.935037929839333515e+02 1.857993324719726900e+02
2.943901053971372335e+02 1.853894275073550943e+02
2.952808769760179075e+02 1.849861144804581272e+02
2.961765153649457147e+02 1.845902526350140533e+02
2.970774308063674312e+02 1.842027066416600007e+02
2.979839814929285353e+02 1.838243850695384936e+02
2.988965072847993838e+02 1.834563010167649395e+02
2.998153485110505585e+02 1.830995060452381153e+02
3.007407851099804361e+02 1.827550775333429840e+02
3.016730346887268297e+02 1.824241264325750365e+02
3.026122920017378988e+02 1.821077664018236533e+02
3.035586763129521728e+02 1.818071526852747866e+02
3.045122375280447500e+02 1.815234983760440741e+02
3.054729929430254174e+02 1.812580014491910276e+02
3.064408465959203909e+02 1.810118868657462485e+02
3.074156357311493935e+02 1.807863838591532897e+02
3.083971144574126129e+02 1.805827160497167085e+02
3.093849491822149389e+02 1.804020645589218930e+02
3.103787086871866450e+02 1.802455952901015905e+02
3.113778729379531001e+02 1.801144539349272691e+02
3.123818273852485277e+02 1.800097592071921895e+02
3.133898621834384812e+02 1.799325866122606215e+02
3.144011920144583314e+02 1.798836624396167281e+02
3.154149893467518382e+02 1.798632606023209348e+02
3.164303998601159833e+02 1.798715817670610306e+02
3.174465436422845528e+02 1.799087724903665730e+02
3.184624688342901777e+02 1.799748151033212764e+02
3.194770826789849707e+02 1.800692889125174929e+02
3.204894552859939267e+02 1.801916590719869475e+02
3.214987761587297541e+02 1.803414051809416208e+02
3.225042461582192459e+02 1.805179580677585705e+02
3.235051456777414955e+02 1.807207622826074385e+02
3.245007676504806682e+02 1.809492217732229165e+02
3.254904881476497849e+02 1.812027776426291155e+02
3.264736774820627261e+02 1.814808306956048227e+02
3.274497788627691648e+02 1.817827994842756993e+02
3.284182648358107599e+02 1.821081025136332698e+02
3.293786414298387513e+02 1.824561588280095066e+02
3.303304480516105173e+02 1.828263924955954280e+02
3.312732531443243147e+02 1.832182396641600803e+02
3.322066541962206543e+02 1.836311436904516654e+02
3.331302765974054978e+02 1.840645543312447501e+02
3.340437718874335360e+02 1.845179286072280718e+02
3.349468160974956277e+02 1.849907320530761581e+02
3.358391120541975852e+02 1.854824611905129927e+02
3.367203574473998628e+02 1.859925794582854053e+02
3.375903027192495074e+02 1.865206017270909911e+02
3.384486941040496504e+02 1.870660341848961536e+02
3.392952989638749841e+02 1.876283920837344397e+02
3.401299470046891997e+02 1.882071266872304705e+02
3.409526279808065965e+02 1.888014870673001155e+02
3.417633832799178322e+02 1.894106749267756697e+02
3.425622955675501657e+02 1.900339350701219701e+02
3.433494669582755137e+02 1.906705386621538025e+02
3.441250278309247506e+02 1.913197566711604907e+02
3.448891446611714287e+02 1.919808907491829473e+02
3.456420079348159220e+02 1.926532579531946965e+02
3.463838312478529247e+02 1.933361981103312246e+02
3.471148499920417976e+02 1.940290740940357068e+02
3.478353200777667666e+02 1.947312718902177551e+02
3.485455162820787223e+02 1.954422012085823894e+02
3.492457304026107749e+02 1.961612963270593184e+02
3.499362711458117587e+02 1.968880149647694111e+02
3.506174633394946909e+02 1.976218381637183654e+02
3.512896448667347045e+02 1.983622712312314604e+02
3.519531648794573471e+02 1.991088448466715874e+02
3.526083912402629608e+02 1.998611183018659290e+02
3.532556902100031380e+02 2.006186772040012443e+02
3.538954400741700397e+02 2.013811327119412056e+02
3.545280185592770863e+02 2.021481208996285091e+02
3.551538454475538060e+02 2.029193050700931167e+02
3.557733237646471594e+02 2.036943643568669700e+02
3.563868474688067636e+02 2.044730109085138565e+02
3.569948627326695600e+02 2.052549931409937756e+02
3.575977877648118124e+02 2.060400657529752095e+02
3.581960452306223033e+02 2.068280174002541969e+02
3.587900430310713205e+02 2.076187194761061789e+02
3.593796468367484636e+02 2.084124137143685971e+02
3.599645030113583744e+02 2.092095419299439527e+02
3.605442098225200311e+02 2.100105146221325185e+02
3.611183357197633086e+02 2.108157291827418476e+02
3.616864553847778438e+02 2.116255759207546134e+02
3.622480686152696876e+02 2.124404026836213575e+02
3.628027204519785869e+02 2.132605711360428131e+02
3.633498671837851361e+02 2.140863845847829339e+02
3.638889995410962115e+02 2.149181599960615188e+02
3.644195451370947012e+02 2.157561653893086202e+02
3.649409377362545683e+02 2.166006653772104755e+02
3.654525713578851764e+02 2.174518925609757787e+02
3.659538201199765695e+02 2.183100597658434481e+02
3.664441168289363304e+02 2.191753596067871968e+02
3.669229458846683656e+02 2.200479199106295880e+02
3.673897876644816165e+02 2.209277950288400234e+02
3.678440612462532044e+02 2.218149974398554889e+02
3.682852188758081979e+02 2.227095329535729604e+02
3.687126547792557290e+02 2.236113674580718111e+02
3.691257873901874973e+02 2.245204551928262617e+02
3.695240020686277944e+02 2.254367165534896174e+02
3.699066812240233162e+02 2.263600518659215481e+02
3.702732083905544869e+02 2.272903322604842060e+02
3.706229323107889400e+02 2.282274041492879917e+02
3.709552287263956032e+02 2.291710866537012521e+02
3.712694407274624382e+02 2.301211693518208961e+02
3.715649261177389349e+02 2.310774116705979111e+02
3.718415806988454619e+02 2.320393933125847923e+02
3.720999041255371935e+02 2.330065317578902295e+02
3.723404448222658516e+02 2.339782699199612637e+02
3.725637721481023164e+02 2.349540839365387797e+02
3.727704558430183965e+02 2.359334852105950233e+02
3.729610674088877431e+02 2.369160213209029564e+02
3.731361943732130726e+02 2.379012747601846911e+02
3.732964292050396580e+02 2.388888624351330918e+02
3.734423644576988295e+02 2.398784367843317398e+02
3.735745952045800777e+02 2.408696863851441208e+02
3.736937176094123743e+02 2.418623357998432368e+02
3.738003270448509738e+02 2.428561460197923054e+02
3.738950167587026385e+02 2.438509148626132230e+02
3.739783770233168525e+02 2.448464773861348363e+02
3.740509937254705619e+02 2.458427064526452170e+02
3.741134468777327129e+02 2.468395133602122087e+02
3.741663096360653640e+02 2.478368485090454669e+02
3.742101480672492357e+02 2.488347021522285729e+02
3.742455178857811688e+02 2.498331053854264781e+02
3.742729540391359251e+02 2.508321294190199353e+02
3.742929865193987098e+02 2.518318917609566654e+02
3.743061315081610587e+02 2.528325518004811840e+02
3.743128653373309476e+02 2.538343105558318200e+02
3.743136591628060046e+02 2.548374192661092650e+02
3.743089482998952349e+02 2.558421721740930650e+02
3.742991478401924041e+02 2.568489121124936787e+02
3.742846325379065320e+02 2.578580309465323808e+02
3.742652264184278010e+02 2.588698992681769369e+02
3.742392100495042087e+02 2.598846950951516419e+02
3.742045968559155540e+02 2.609024602541167042e+02
3.741593960094128875e+02 2.619231244665376153e+02
3.741016021581531845e+02 2.629465094523621929e+02
3.740292106011252713e+02 2.639723146463440457e+02
3.739402364942365580e+02 2.650001193207797883e+02
3.738327155714615060e+02 2.660293780445550169e+02
3.737047007932773113e+02 2.670594142680876075e+02
3.735542695822975929e+02 2.680894156951515583e+02
3.733795321860100103e+02 2.691184298805835056e+02
3.731786791480117245e+02 2.701453931215705211e+02
3.729500987788085808e+02 2.711691072408223704e+02
3.726922498866107389e+02 2.721882598677656233e+02
3.724036188807713756e+02 2.732014390748016126e+02
3.720828237868182100e+02 2.742070126510296859e+02
3.717285358372137694e+02 2.752032785047738344e+02
3.713396137755970585e+02 2.761883902296427777e+02
3.709151489995571751e+02 2.771603139363382979e+02
3.704552277466527812e+02 2.781161929574590204e+02
3.699600738709261805e+02 2.790536754531921133e+02
3.694298930064661590e+02 2.799707807593347866e+02
3.688647593792166504e+02 2.808656269323752213e+02
3.682647085213108085e+02 2.817361237581848741e+02
3.676298258480768482e+02 2.825802188336249969e+02
3.669602087640539594e+02 2.833959332027062032e+02
3.662561395987967785e+02 2.841812114121124182e+02
3.655180356993815849e+02 2.849343497194085444e+02
3.647481544655033758e+02 2.856549231844334713e+02
3.639492982490144186e+02 2.863434052385601376e+02
3.631242618768185366e+02 2.870003909929216093e+02
3.622756100059128812e+02 2.876267460095298247e+02
3.614058387215214907e+02 2.882234624587360372e+02
3.605175375786397467e+02 2.887919383580207295e+02
3.596135147490035706e+02 2.893340847496269248e+02
3.586964554359734052e+02 2.898519931220818080e+02
3.577688880139430694e+02 2.903478923419846751e+02
3.568331976933376950e+02 2.908241350586584986e+02
3.558916389235419615e+02 2.912831924236214718e+02
3.549464208511720926e+02 2.917277137130866436e+02
3.539996574823083506e+02 2.921604650553056217e+02
3.530533445960633117e+02 2.925842821247201755e+02
3.521093710789089073e+02 2.930020541159689742e+02
3.511695216277920508e+02 2.934167051063673171e+02
3.502352362537030785e+02 2.938308618881196708e+02
3.493075289402762564e+02 2.942467957416899935e+02
3.483873900273140407e+02 2.946666969575823032e+02
3.474757343807974621e+02 2.950927974195597585e+02
3.465734789757102590e+02 2.955272870763608921e+02
3.456814334409840512e+02 2.959723130077090900e+02
3.448001907736597786e+02 2.964296244360429569e+02
3.439302046302166218e+02 2.969009158101341086e+02
3.430719900828361801e+02 2.973878048531743730e+02
3.422260588482812977e+02 2.978918898313936552e+02
3.413928748963169824e+02 2.984147361358209878e+02
3.405722095589522382e+02 2.989567937299420919e+02
3.397630738882054970e+02 2.995173446598930695e+02
3.389644990178429680e+02 3.000955650938318513e+02
3.381755755334036166e+02 3.006905811046667054e+02
3.373954366317677795e+02 3.013014865416910766e+02
3.366233047091777166e+02 3.019273751749238386e+02
3.358585620513511003e+02 3.025674859943250112e+02
3.351006569330096454e+02 3.032210737694530280e+02
3.343490727448882467e+02 3.038873686755687231e+02
3.336033252434672818e+02 3.045655790437140809e+02
3.328629519745823586e+02 3.052548818445553138e+02
3.321273697358082586e+02 3.059542105547938036e+02
3.313958898110584528e+02 3.066622819577826817e+02
3.306678420074990186e+02 3.073777926733772006e+02
3.299425754895505065e+02 3.080994289566769453e+02
3.292194544663008173e+02 3.088258702466887939e+02
3.284978054698431720e+02 3.095557133238485221e+02
3.277768045888903430e+02 3.102873104491110894e+02
3.270556119600975649e+02 3.110189317540254592e+02
3.263334376403794863e+02 3.117484895604576991e+02
3.256091245456930778e+02 3.124739224998784266e+02
3.248812968547293281e+02 3.131933112840308127e+02
3.241486108911203132e+02 3.139047935485133962e+02
3.234097528694358630e+02 3.146065442746370877e+02
3.226634154256158240e+02 3.152967338619444035e+02
3.219082999142026438e+02 3.159735255483157061e+02
3.211431203413058597e+02 3.166350746512320029e+02
3.203670660960037821e+02 3.172802300408565657e+02
3.195805199369291358e+02 3.179096328260363862e+02
3.187840622454108939e+02 3.185241989527575015e+02
3.179782842298151877e+02 3.191248361320318736e+02
3.171637850716031721e+02 3.197124443657246502e+02
3.163411708684538439e+02 3.202879154158462711e+02
3.155110407374065744e+02 3.208521159416662272e+02
3.146739887799645885e+02 3.214058953724493222e+02
3.138306155236149380e+02 3.219501001348812110e+02
3.129815190176387887e+02 3.224855740315902040e+02
3.121272994067082891e+02 3.230131589823222384e+02
3.112685557742008200e+02 3.235336969458999761e+02
3.104058814259855126e+02 3.240480294923175961e+02
3.095398634409586975e+02 3.245569986226383321e+02
3.086710869040941816e+02 3.250614505298576660e+02
3.078001252049959930e+02 3.255622358458175540e+02
3.069275427748747802e+02 3.260602103242277963e+02
3.060538949703358753e+02 3.265562403448357145e+02
3.051797246756833033e+02 3.270512017853006341e+02
3.043055587127191188e+02 3.275459785383990265e+02
3.034319082483371517e+02 3.280414649599294421e+02
3.025592633442467445e+02 3.285385656099918492e+02
3.016880920144291736e+02 3.290381944571458348e+02
3.008188371042182894e+02 3.295412747367137740e+02
2.999519158550440352e+02 3.300487424899843631e+02
2.990877180079037316e+02 3.305615476536626716e+02
2.982266037080392493e+02 3.310806547861171794e+02
2.973687851575360810e+02 3.316068309642372469e+02
2.965136682097144103e+02 3.321394151905410013e+02
2.956603424406934550e+02 3.326771441808572263e+02
2.948079121510199343e+02 3.332187398443817870e+02
2.939555056752686255e+02 3.337629119100910202e+02
2.931022709402961937e+02 3.343083561349148454e+02
2.922473822419624412e+02 3.348537533129259600e+02
2.913900423159526554e+02 3.353977690989942175e+02
2.905294847295440377e+02 3.359390525975150581e+02
2.896649766373001853e+02 3.364762357038915184e+02
2.887958215829752930e+02 3.370079326266771318e+02
2.879213623353996923e+02 3.375327503882801352e+02
2.870410252120401537e+02 3.380493400413790255e+02
2.861542767539032184e+02 3.385563593959914215e+02
2.852606307491384996e+02 3.390524479003006491e+02
2.843596481191978000e+02 3.395362282852879616e+02
2.834509397150899304e+02 3.400063085015286788e+02
2.825341862733858420e+02 3.404613263279547937e+02
2.816091420720513270e+02 3.408999594082458771e+02
2.806756115253119788e+02 3.413208757800040303e+02
2.797334635970065051e+02 3.417227310516424268e+02
2.787826147009130295e+02 3.421041727906438723e+02
2.778230318469296662e+02 3.424638164509004241e+02
2.768547090902850414e+02 3.428001713981187208e+02
2.758776960052790628e+02 3.431117126780874855e+02
2.748921086739483144e+02 3.433969093748171417e+02
2.738981253278275858e+02 3.436542259999704925e+02
2.728960178265679133e+02 3.438821750288201429e+02
2.718864518373825945e+02 3.440804210940750067e+02
2.708704254274672394e+02 3.442497824609864097e+02
2.698489249671052903e+02 3.443911547435885723e+02
2.688228927588832562e+02 3.445054607519415981e+02
2.677932649327931927e+02 3.445936544034805706e+02
2.667609406727253258e+02 3.446567856017883287e+02
2.657267951968066768e+02 3.446961377101187054e+02
2.646917259595921905e+02 3.447130856783069248e+02
2.636564948281774718e+02 3.447090226336897558e+02
2.626218694010573813e+02 3.446853839849351857e+02
2.615885126286297009e+02 3.446436373509931173e+02
2.605570591429037108e+02 3.445854122919485008e+02
2.595280965312740591e+02 3.445124955683357371e+02
2.585021240381722691e+02 3.444266961261647566e+02
2.574795631057275500e+02 3.443298473931500894e+02
2.564607312375334800e+02 3.442238447704091868e+02
2.554458369704371989e+02 3.441105819859492954e+02
2.544350214298435162e+02 3.439918071198802068e+02
2.534283692524860783e+02 3.438692309663682636e+02
2.524258911251519919e+02 3.437445657022798287e+02
2.514275622068202836e+02 3.436195032286619266e+02
2.504333086647638709e+02 3.434956947869065971e+02
2.494429296712345376e+02 3.433745617509999875e+02
2.484562599288924787e+02 3.432573154930183250e+02
2.474729870947074630e+02 3.431451792898270696e+02
2.464928688834531272e+02 3.430393302756165212e+02
2.455154939076498692e+02 3.429409568158667412e+02
2.445405362683266617e+02 3.428506459482266564e+02
2.435675252045554657e+02 3.427676889006120291e+02
2.425961208361005959e+02 3.426911568626896951e+02
2.416259784105368169e+02 3.426201042348685633e+02
2.406567564442424043e+02 3.425535778730204584e+02
2.396882407013879686e+02 3.424906063190264263e+02
2.387201147951217308e+02 3.424303685049670776e+02
2.377521901679482710e+02 3.423721027960239667e+02
2.367842621773146448e+02 3.423150308094143952e+02
2.358161131430794342e+02 3.422583670320861984e+02
2.348476521645785056e+02 3.422012971672372146e+02
2.338786579914233243e+02 3.421430177493203360e+02
2.329091167371379925e+02 3.420827175814133625e+02
2.319388424631649741e+02 3.420195840207576339e+02
2.309678551796362740e+02 3.419527815141972269e+02
2.299960612060326355e+02 3.418814607234062919e+02
2.290234656297379559e+02 3.418047549064489772e+02
2.280501327817140407e+02 3.417217243066597234e+02
2.270760740722598143e+02 3.416313981877533479e+02
2.261014151697160059e+02 3.415327948726397267e+02
2.251262947918331179e+02 3.414249137165712682e+02
2.241508894467241646e+02 3.413067397919723476e+02
2.231754270245118335e+02 3.411772090811667795e+02
2.222001981721732022e+02 3.410351886494846099e+02
2.212255480002131094e+02 3.408795316152085775e+02
2.202518782819871603e+02 3.407090841527490284e+02
2.192796511398246935e+02 3.405226876369255251e+02
2.183093916684452438e+02 3.403192392933522115e+02
2.173414800873079571e+02 3.400980598529918666e+02
2.163763379878577098e+02 3.398586125022451938e+02
2.154143738251899265e+02 3.396003508692067498e+02
2.144560701614061600e+02 3.393227069040502784e+02
2.135019037719935966e+02 3.390251157944337592e+02
2.125524203880503649e+02 3.387070077144052220e+02
2.116081933004975326e+02 3.383678127461851091e+02
2.106698402985483938e+02 3.380069597504194689e+02
2.097380266510366198e+02 3.376238793496964377e+02
2.088134677005625974e+02 3.372180081499832909e+02
2.078969308628265082e+02 3.367887928418900856e+02
2.069892351106034027e+02 3.363356901757582023e+02
2.060912487629467762e+02 3.358582212726460625e+02
2.052038952271941525e+02 3.353558778138154821e+02
2.043281657778035765e+02 3.348282502491353512e+02
2.034650923812252188e+02 3.342749139837048915e+02
2.026157809269741676e+02 3.336955363305397668e+02
2.017813807909238051e+02 3.330898445987399441e+02
2.009630880821905521e+02 3.324576291009420856e+02
2.001621472516986273e+02 3.317987707236804340e+02
1.993798383862933292e+02 3.311132473784199419e+02
