1.980617307065941191e+02 3.309030476824609082e+02
1.972984392815374406e+02 3.301547497852965307e+02
1.965643639970789707e+02 3.293761048549721409e+02
1.958604166449719628e+02 3.285693948989029991e+02
1.951871210767636740e+02 3.277366650845081040e+02
1.945448270912102373e+02 3.268799329714761939e+02
1.939337198597677627e+02 3.260011710743967228e+02
1.933538300506060637e+02 3.251022849003925899e+02
1.928050458750378482e+02 3.241850736225738956e+02
1.922871606503316002e+02 3.232513789241759810e+02
1.917997987176701713e+02 3.223027847397989376e+02
1.913425348449128762e+02 3.213409145495902521e+02
1.909148419067780367e+02 3.203671898781137202e+02
1.905161871671650999e+02 3.193830274916275584e+02
1.901459600717419676e+02 3.183896470757742350e+02
1.898035208589784304e+02 3.173882220868026707e+02
1.894881897855594275e+02 3.163798451193178494e+02
1.891992541662395695e+02 3.153655156579401364e+02
1.889359803607111132e+02 3.143461598718765231e+02
1.886976175692090010e+02 3.133226252299616021e+02
1.884834033202409671e+02 3.122956860546626672e+02
1.882925770109553980e+02 3.112660013621098756e+02
1.881243745097944782e+02 3.102342853978669837e+02
1.879780275579884403e+02 3.092010453942511958e+02
1.878527638191372375e+02 3.081668767809509291e+02
1.877478124050872736e+02 3.071322164682748621e+02
1.876624240319818568e+02 3.060974808390810153e+02
1.875958499722763975e+02 3.050630887421689863e+02
1.875473531937446978e+02 3.040293619959908256e+02
1.875162010910311494e+02 3.029966040464329353e+02
1.875016683353673557e+02 3.019650800023766237e+02
1.875030486396827598e+02 3.009350136541524421e+02
1.875196405897153227e+02 2.999066262856430853e+02
1.875507607330183930e+02 2.988800789425332596e+02
1.875957458242296525e+02 2.978555003168200415e+02
1.876539284629549798e+02 2.968330225593550722e+02
1.877246539887692904e+02 2.958127380081264164e+02
1.878072948718041744e+02 2.947947013296098362e+02
1.879012251441417334e+02 2.937789770685552071e+02
1.880058431278152966e+02 2.927655810724833145e+02
1.881205635720741327e+02 2.917545182075825778e+02
1.882448013336762074e+02 2.907457899966806281e+02
1.883780008535155162e+02 2.897393554909562567e+02
1.885196217152434031e+02 2.887351707259150544e+02
1.886691261629347593e+02 2.877331837171465736e+02
1.888260026152107116e+02 2.867333124708993068e+02
1.889897573890920910e+02 2.857354677279263342e+02
1.891599181611712197e+02 2.847395440809398792e+02
1.893360157686446428e+02 2.837454311562073030e+02
1.895176013004287938e+02 2.827529971173037779e+02
1.897042425290739232e+02 2.817620998605463001e+02
1.898955268413287740e+02 2.807725863671274737e+02
1.900910589440494789e+02 2.797842920485784362e+02
1.902904631465960961e+02 2.787970397882520501e+02
1.904933741905869056e+02 2.778106435793121705e+02
1.906994488460404398e+02 2.768249051467890922e+02
1.909086910544388616e+02 2.758396885228968358e+02
1.911215991130188740e+02 2.748549758744426867e+02
1.913387228319799931e+02 2.738707809725668767e+02
1.915606173087836055e+02 2.728871441575428776e+02
1.917878385500274874e+02 2.719041306951472166e+02
1.920209569064184905e+02 2.709218255319685795e+02
1.922605667181558715e+02 2.699403366848691803e+02
1.925072401006448786e+02 2.689598127296026746e+02
1.927615839934398707e+02 2.679804043350077905e+02
1.930241972947783609e+02 2.670023036246443553e+02
1.932956916670038368e+02 2.660257201647961551e+02
1.935766743845469762e+02 2.650508945499697120e+02
1.938677771244139194e+02 2.640780791020125662e+02
1.941696068655526233e+02 2.631075787116448055e+02
1.944827981506496712e+02 2.621397010078500784e+02
1.948079869335930709e+02 2.611747938275699426e+02
1.951458109101104412e+02 2.602132349051408937e+02
1.954968292461356896e+02 2.592554688317376872e+02
1.958614514970529115e+02 2.583020172562066250e+02
1.962400856097269184e+02 2.573533349342394558e+02
1.966331208240511046e+02 2.564098826551226011e+02
1.970409382068104094e+02 2.554721296106541502e+02
1.974638512236647330e+02 2.545405895796087634e+02
1.979021703024122019e+02 2.536157532894040116e+02
1.983561580159258710e+02 2.526981512608837761e+02
1.988260748580373729e+02 2.517883051641778991e+02
1.993121196932777934e+02 2.508867806873761026e+02
1.998143643167937853e+02 2.499940423169842916e+02
2.003323833380610210e+02 2.491102773700169735e+02
2.008656112756706875e+02 2.482356031626913762e+02
2.014134981915223364e+02 2.473700872998560953e+02
2.019754893195281511e+02 2.465137762321784294e+02
2.025510283358458139e+02 2.456666903580520227e+02
2.031395649118089750e+02 2.448288261676530624e+02
2.037405548252437768e+02 2.440001560955098228e+02
2.043534563955338683e+02 2.431806257550389034e+02
2.049777314404192623e+02 2.423701542290859265e+02
2.056128463168865608e+02 2.415686345739796650e+02
2.062582745462603668e+02 2.407759330955125279e+02
2.069134943868255050e+02 2.399918913739029733e+02
2.075779815436382307e+02 2.392163310233396487e+02
2.082512300505147778e+02 2.384490418945942167e+02
2.089327395822236042e+02 2.376897954455874356e+02
2.096220187635345837e+02 2.369383416921921253e+02
2.103185830756414134e+02 2.361944078050809139e+02
2.110219632540106431e+02 2.354576979346948065e+02
2.117316805707843912e+02 2.347279070990055629e+02
2.124472841714584206e+02 2.340047005131700644e+02
2.131683291725577192e+02 2.332877326878187318e+02
2.138943806002338874e+02 2.325766423829099665e+02
2.146250122094566279e+02 2.318710525143367818e+02
2.153598081319006781e+02 2.311705728518528247e+02
2.160983632360536717e+02 2.304748013367808994e+02
2.168402837690344427e+02 2.297833251321812895e+02
2.175852023188946589e+02 2.290957455937370639e+02
2.183329784596928960e+02 2.284118823308948265e+02
2.190835940318278006e+02 2.277316892653447837e+02
2.198370300182099015e+02 2.270551250368011154e+02
2.205932661937540047e+02 2.263821512538318075e+02
2.213522798877656896e+02 2.257127330724818250e+02
2.221140445463697972e+02 2.250468395312956318e+02
2.228785359687844334e+02 2.243844423260357246e+02
2.236457278101022155e+02 2.237255168573213666e+02
2.244155924725398847e+02 2.230700412753117234e+02
2.251881034293547543e+02 2.224179962354172915e+02
2.259632333592301450e+02 2.217693659545717537e+02
2.267409443212972917e+02 2.211241382839959613e+02
2.275212095230223213e+02 2.204822983010563178e+02
2.283040052469255556e+02 2.198438360244552143e+02
2.290892861944341803e+02 2.192087486979622781e+02
2.298770340427049916e+02 2.185770258212292276e+02
2.306672094241904460e+02 2.179486673968254991e+02
2.314597862436940545e+02 2.173236685712934388e+02
2.322547287873423443e+02 2.167020301204438510e+02
2.330520139331337646e+02 2.160837509787098156e+02
2.338516034027872195e+02 2.154688366889748750e+02
2.346534784230753132e+02 2.148572877484103287e+02
2.354576056878143788e+02 2.142491111640162558e+02
2.362639582531990357e+02 2.136443111622188269e+02
2.370725127800817802e+02 2.130428932744182475e+02
2.378832486826925106e+02 2.124448651675243696e+02
2.386961382906537779e+02 2.118502365110870187e+02
2.395111317711843810e+02 2.112589696703549862e+02
2.403281369124469222e+02 2.106709683085012443e+02
2.411470613551573194e+02 2.100861320938347205e+02
2.419678157960828742e+02 2.095043609402240463e+02
2.427903139290934575e+02 2.089255550539330670e+02
2.436144724954112348e+02 2.083496151337394053e+02
2.444402116719618903e+02 2.077764430598267609e+02
2.452674546257283055e+02 2.072059413753111130e+02
2.460961272768270476e+02 2.066380130546820908e+02
2.469261585427279044e+02 2.060725614979016882e+02
2.477576098775508910e+02 2.055094794146419872e+02
2.485908726126240254e+02 2.049486901332412003e+02
2.494261148350759356e+02 2.043903234086877490e+02
2.502634392626229669e+02 2.038345535246102145e+02
2.511029465705094026e+02 2.032815560896154352e+02
2.519447311337011399e+02 2.027315085357127202e+02
2.527888913650709526e+02 2.021845880591716025e+02
2.536355226673270806e+02 2.016409765127009450e+02
2.544847127907491711e+02 2.011008586965888298e+02
2.553365580016926515e+02 2.005644188215654822e+02
2.561911415511665950e+02 2.000318472575826831e+02
2.570485490526633612e+02 1.995033344669182611e+02
2.579088699428797327e+02 1.989790754410610987e+02
2.587721768190269245e+02 1.984592725830731013e+02
2.596385582511496750e+02 1.979441268811899022e+02
2.605080844175323591e+02 1.974338482040246845e+02
2.613808291600689699e+02 1.969286469334472542e+02
2.622568387812702326e+02 1.964286895593835425e+02
2.631360374376946538e+02 1.959339846100121179e+02
2.640183470154384509e+02 1.954445041327739148e+02
2.649036809801532968e+02 1.949602269578123810e+02
2.657919499614276333e+02 1.944811327419445206e+02
2.666830761114507027e+02 1.940072020498000143e+02
2.675769761688821404e+02 1.935384171020564565e+02
2.684735607393172927e+02 1.930747583141018708e+02
2.693727514644091343e+02 1.926162069163694355e+02
2.702744703367677630e+02 1.921627488499082119e+02
2.711786434187205259e+02 1.917143737228365978e+02
2.720851922663222240e+02 1.912710715712091201e+02
2.729940480614680496e+02 1.908328315262665456e+02
2.739051433647166505e+02 1.903996464990319453e+02
2.748184150611284622e+02 1.899715123653307955e+02
2.757338047338135993e+02 1.895484280300160265e+02
2.766512590430993441e+02 1.891303954733767227e+02
2.775707300223119205e+02 1.887174195979580134e+02
2.784921755563216266e+02 1.883095083866332118e+02
2.794155616956765584e+02 1.879066745161766221e+02
2.803408604826577175e+02 1.875089349061003645e+02
2.812680469350184467e+02 1.871163063617766227e+02
2.821971090652577914e+02 1.867288108627190582e+02
2.831280502797286545e+02 1.863464840687699677e+02
2.840608642092871037e+02 1.859693524576948391e+02
2.849955762394271801e+02 1.855974595629219266e+02
2.859322017719437099e+02 1.852308418770587082e+02
2.868708015535367508e+02 1.848695904629905442e+02
2.878115467653885275e+02 1.845141027792470823e+02
2.887546824632761968e+02 1.841649629624935756e+02
2.897004406721979421e+02 1.838227736987515186e+02
2.906490394062886367e+02 1.834881514658065385e+02
2.916006797223849958e+02 1.831617233384382928e+02
2.925555503579470837e+02 1.828441340759514162e+02
2.935138211699592716e+02 1.825360438538546646e+02
2.944756429941324996e+02 1.822381284609197394e+02
2.954411466089074452e+02 1.819510810801585876e+02
2.964104321541947797e+02 1.816756014417355232e+02
2.973835788456040632e+02 1.814124045143654769e+02
2.983606416308102212e+02 1.811622249425301447e+02
2.993416360191394574e+02 1.809258021082190737e+02
3.003265468902723683e+02 1.807038836315144295e+02
3.013153304121715337e+02 1.804972339295675567e+02
3.023078928924803108e+02 1.803066149840453249e+02
3.033041063926338552e+02 1.801327928988916369e+02
3.043038091852370712e+02 1.799765478212573271e+02
3.053067701742792224e+02 1.798386375837008018e+02
3.063127332374812113e+02 1.797198250139297500e+02
3.073213880672175833e+02 1.796208676261353787e+02
3.083323725038336534e+02 1.795425104564182845e+02
3.093452658235118520e+02 1.794854712788861093e+02
3.103596063047245934e+02 1.794504518413921801e+02
3.113748760017628570e+02 1.794381275815229344e+02
3.123905053779749323e+02 1.794491423803849841e+02
3.134058745352789970e+02 1.794840993035874419e+02
3.144203279985138693e+02 1.795434139912636624e+02
3.154331799163609276e+02 1.796272533279775416e+02
3.164437412946772952e+02 1.797357275388420135e+02
3.174513133526970137e+02 1.798688978669693483e+02
3.184551466030832216e+02 1.800266687024163730e+02
3.194544296163488752e+02 1.802085621403048776e+02
3.204485698708315908e+02 1.804140177962928249e+02
3.214370769813312450e+02 1.806425065107557657e+02
3.224194703618741187e+02 1.808934665172791654e+02
3.233953232981182850e+02 1.811663599731257364e+02
3.243642245931616230e+02 1.814606235961538232e+02
3.253258105321656899e+02 1.817757307612116904e+02
3.262797283183488730e+02 1.821111263972401275e+02
3.272256661816458063e+02 1.824662762030832255e+02
3.281633330503249795e+02 1.828406542242499881e+02
3.290924607218964297e+02 1.832337421211618107e+02
3.300128035740270889e+02 1.836450297449063100e+02
3.309241377503743706e+02 1.840740142209986345e+02
3.318262591260121326e+02 1.845202023077601723e+02
3.327189816704029113e+02 1.849831113825420630e+02
3.336021360590319205e+02 1.854622697715313109e+02
3.344755682730660737e+02 1.859572170680691841e+02
3.353391308625166971e+02 1.864675136244838995e+02
3.361927084671200419e+02 1.869927057283552188e+02
3.370361811722214611e+02 1.875323681353939094e+02
3.378694463016770442e+02 1.880860833666920371e+02
3.386924121812502335e+02 1.886534432806923860e+02
3.395050508215466607e+02 1.892339598685693147e+02
3.403075108032729190e+02 1.898268896458452275e+02
3.411000255426482113e+02 1.904314542995566342e+02
3.418828376933398658e+02 1.910469036123468527e+02
3.426562129518484312e+02 1.916725200640910316e+02
3.434204706930670454e+02 1.923076100077163062e+02
3.441759258679288109e+02 1.929515113360966154e+02
3.449229169490644153e+02 1.936035985727169191e+02
3.456618037717920515e+02 1.942632729051072147e+02
3.463929661537786160e+02 1.949299620043790924e+02
3.471168027505917166e+02 1.956031201808572462e+02
3.478337269649630343e+02 1.962822321216494572e+02
3.485441611251917493e+02 1.969668181352171246e+02
3.492485415815725105e+02 1.976564264509947293e+02
3.499473189871939098e+02 1.983506320439909132e+02
3.506409539066509069e+02 1.990490363594031749e+02
3.513299177588561975e+02 1.997512687133710472e+02
3.520147190943236524e+02 2.004569871014656428e+02
3.526958605267620328e+02 2.011658634587423364e+02
3.533738596878685598e+02 2.018776035342726516e+02
3.540492298965467057e+02 2.025919398271001057e+02
3.547225400193872815e+02 2.033086525254715866e+02
3.553943436081551681e+02 2.040275126268470842e+02
3.560652219533159837e+02 2.047483022935892620e+02
3.567358266700532567e+02 2.054708595529409934e+02
3.574067706145657439e+02 2.061950240774300198e+02
3.580786768502394466e+02 2.069206843685084323e+02
3.587520987259479170e+02 2.076478716915601694e+02
3.594265498011858995e+02 2.083773580109513262e+02
3.601010620052022659e+02 2.091102770534209867e+02
3.607745873459207928e+02 2.098476998758366108e+02
3.614460210579892987e+02 2.105906540798757192e+02
3.621142306638640207e+02 2.113401183775789036e+02
3.627779582142041477e+02 2.120970356764562723e+02
3.634358829070949355e+02 2.128623331065131765e+02
3.640865851308588503e+02 2.136368779322797309e+02
3.647286274102838206e+02 2.144214673652079455e+02
3.653605043580761844e+02 2.152168390989685065e+02
3.659806804170533496e+02 2.160236481681775444e+02
3.665876058742160239e+02 2.168424643911432383e+02
3.671797024651108359e+02 2.176737760382520435e+02
3.677553864407865376e+02 2.185179139841783922e+02
3.683130925735223400e+02 2.193750513819807111e+02
3.688512670328206013e+02 2.202452839733234669e+02
3.693683821945950285e+02 2.211286877779606357e+02
3.698629629279763549e+02 2.220251537703916540e+02
3.703335264816892050e+02 2.229346005784525460e+02
3.707785683430536210e+02 2.238567979497703391e+02
3.711965787497430256e+02 2.247915123827252728e+02
3.715860149184106263e+02 2.257384203448423534e+02
3.719452558561399655e+02 2.266971440916283029e+02
3.722726409484224632e+02 2.276673012469899788e+02
3.725665023186341500e+02 2.286483351102266965e+02
3.728251728907634401e+02 2.296397020856987012e+02
3.730470157723169677e+02 2.306407251220891226e+02
3.732317819854255276e+02 2.316502444188847107e+02
3.733808421804258728e+02 2.326667112610653021e+02
3.734956952298886108e+02 2.336886081515771139e+02
3.735778910270356050e+02 2.347144932477665122e+02
3.736290153604871307e+02 2.357430323531304452e+02
3.736507396219979000e+02 2.367729585064385844e+02
3.736450218041919129e+02 2.378030328983469133e+02
3.736139206606768539e+02 2.388321162572979972e+02
3.735595217321618406e+02 2.398591769114203487e+02
3.734839371166932551e+02 2.408832890433422165e+02
3.733893032827113529e+02 2.419036359418433051e+02
3.732777944550409188e+02 2.429195096030467482e+02
3.731516185541889854e+02 2.439303138804821174e+02
3.730129973383210427e+02 2.449355692917330600e+02
3.728641619233591769e+02 2.459349154659035435e+02
3.727073488230345220e+02 2.469281137413432532e+02
3.725446939563198612e+02 2.479150549290361596e+02
3.723779793695810554e+02 2.488957631263139945e+02
3.722089035143226852e+02 2.498703675511448239e+02
3.720391444092588245e+02 2.508390796559936291e+02
3.718703741215780951e+02 2.518022561344075427e+02
3.717042383824307876e+02 2.527603503599960675e+02
3.715422157032861605e+02 2.537138618816034636e+02
3.713856700819072216e+02 2.546634908970431468e+02
3.712359194820680273e+02 2.556099547327299035e+02
3.710942459771134168e+02 2.565541301427572876e+02
3.709618795432414231e+02 2.574969529853693757e+02
3.708392466489958110e+02 2.584394609569769727e+02
3.707245961765054290e+02 2.593823405204555002e+02
3.706157753227820990e+02 2.603262221225608073e+02
3.705106094271321808e+02 2.612716251433260481e+02
3.704068999587581175e+02 2.622189167054704058e+02
3.703024234236601728e+02 2.631683697670017068e+02
3.701949092643149015e+02 2.641201295037182604e+02
3.700820566788424344e+02 2.650742084580479059e+02
3.699615620144285799e+02 2.660304854353130395e+02
3.698311257122805955e+02 2.669887005559434670e+02
3.696884590956871648e+02 2.679484500257674995e+02
3.695311832604995175e+02 2.689091229427821190e+02
3.693567068299100811e+02 2.698699079580188709e+02
3.691624627057145744e+02 2.708297699218362595e+02
3.689459394774415841e+02 2.717874389645137398e+02
3.687046970723668551e+02 2.727415197707412631e+02
3.684363900832451009e+02 2.736903542696829277e+02
3.681387397220853472e+02 2.746320878527379818e+02
3.678095959353886997e+02 2.755646938736175002e+02
3.674471917153601908e+02 2.764863784908919797e+02
3.670502250837224096e+02 2.773949820344066097e+02
3.666176603296157168e+02 2.782881078131804315e+02
3.661486394910486979e+02 2.791632407740622739e+02
3.656424990225131637e+02 2.800178742757174746e+02
3.650987180606067000e+02 2.808494625861486043e+02
3.645168799577941172e+02 2.816554144852115087e+02
3.638966878154620304e+02 2.824331754243666524e+02
3.632382686970668715e+02 2.831804086652350065e+02
3.625443367115373121e+02 2.838968775265229851e+02
3.618186308738297043e+02 2.845834351263614508e+02
3.610647311767303904e+02 2.852412679439273688e+02
3.602860585442388128e+02 2.858717602217892022e+02
3.594858561985898291e+02 2.864765574071004153e+02
3.586672602997076638e+02 2.870575523012698227e+02
3.578333252534437747e+02 2.876168901240587843e+02
3.569869434880160952e+02 2.881568953052490656e+02
3.561308500451328314e+02 2.886800371945564621e+02
3.552676219958462980e+02 2.891889299505837130e+02
3.543996606301056431e+02 2.896862329000087470e+02
3.535289658118061311e+02 2.901744039953867969e+02
3.526573252585935165e+02 2.906558688042198355e+02
3.517864345333352958e+02 2.911331048203571186e+02
3.509179084105878701e+02 2.916086268669419610e+02
3.500532788679674923e+02 2.920849743943796284e+02
3.491937779807065567e+02 2.925643991948949179e+02
3.483402255494034989e+02 2.930488442139708241e+02
3.474934720102199890e+02 2.935401369697160021e+02
3.466542734122523939e+02 2.940401686477163707e+02
3.458234196320005935e+02 2.945507694906970642e+02
3.450016751138544464e+02 2.950738557411248166e+02
3.441900362990778603e+02 2.956114982498609720e+02
3.433894510844556294e+02 2.961659149247674918e+02
3.426009356432525692e+02 2.967392460296976537e+02
3.418254865682203558e+02 2.973336282300667790e+02
3.410640354829487819e+02 2.979511782861931124e+02
3.403167881772569103e+02 2.985928520894644294e+02
3.395831476470984853e+02 2.992583936949856138e+02
3.388625334488567660e+02 2.999474424607230389e+02
3.381544247012739106e+02 3.006595898259684532e+02
3.374583445788128415e+02 3.013943960999488354e+02
3.367737804621414170e+02 3.021512293353397354e+02
3.360998892436099936e+02 3.029288550188816771e+02
3.354357900829363075e+02 3.037258641513599287e+02
3.347806541759862284e+02 3.045408135050363398e+02
3.341337002280079105e+02 3.053722294787705209e+02
3.334941614578310123e+02 3.062185680143649620e+02
3.328607753185698357e+02 3.070774422943651416e+02
3.322318435066645748e+02 3.079457146518787454e+02
3.316056852174718301e+02 3.088202024331683333e+02
3.309806445758362656e+02 3.096977092772010565e+02
3.303550816731872715e+02 3.105750314453661645e+02
3.297274088025112633e+02 3.114490332748602555e+02
3.290961787694587883e+02 3.123168034933466970e+02
3.284599225238792997e+02 3.131754806563627085e+02
3.278166216203317163e+02 3.140222354883250091e+02
3.271639784356857490e+02 3.148542096464310589e+02
3.264998687341644086e+02 3.156685171520121571e+02
3.258227660476559890e+02 3.164631562547270391e+02
3.251315884587979781e+02 3.172367744431993515e+02
3.244252798921570502e+02 3.179880223235544463e+02
3.237028039847932064e+02 3.187155358840062718e+02
3.229631458089582452e+02 3.194179374314711595e+02
3.222058342915037770e+02 3.200946245041168936e+02
3.214317472133988645e+02 3.207470093938222817e+02
3.206419898573732326e+02 3.213768105317263348e+02
3.198376858074013853e+02 3.219857328930207245e+02
3.190199676012099985e+02 3.225754727696959208e+02
3.181899571403672553e+02 3.231476770977715773e+02
3.173485140667911537e+02 3.237035688685029413e+02
3.164963356208931486e+02 3.242441108646692669e+02
3.156341387350146306e+02 3.247702491774438158e+02
3.147626288631090574e+02 3.252829328823546575e+02
3.138825265496317911e+02 3.257831007381806785e+02
3.129945579391284696e+02 3.262716897548806401e+02
3.120994436822352327e+02 3.267496415770306157e+02
3.111979005680552746e+02 3.272178974859765503e+02
3.102906611604947784e+02 3.276773920311784991e+02
3.093784367303724139e+02 3.281290704941253011e+02
3.084619464979323311e+02 3.285738944945315438e+02
3.075419839047019082e+02 3.290129663687887955e+02
3.066193707258186123e+02 3.294474646140703271e+02
3.056949115772259802e+02 3.298785777336645992e+02
3.047694001599146532e+02 3.303075026066137525e+02
3.038436012075699750e+02 3.307354527149930732e+02
3.029182890014179179e+02 3.311637057319151154e+02
3.019942625217029217e+02 3.315936454662086703e+02
3.010722940743451659e+02 3.320266825038070806e+02
3.001531209418902222e+02 3.324642466095816644e+02
2.992374422617776872e+02 3.329077879795595436e+02
2.983257956780434483e+02 3.333585584073275072e+02
2.974178755527708518e+02 3.338163393100052758e+02
2.965130386226110772e+02 3.342802960523470688e+02
2.956106431528643270e+02 3.347495869329933385e+02
2.947100660923904911e+02 3.352233615840112293e+02
2.938106843948802975e+02 3.357007657365404611e+02
2.929118752064349565e+02 3.361809080476286908e+02
2.920130098132370335e+02 3.366628484109627948e+02
2.911134748685427098e+02 3.371456339612812485e+02
2.902126759243136576e+02 3.376283016174854765e+02
2.893100394039227012e+02 3.381098776395189702e+02
2.884050083370541415e+02 3.385893821291646759e+02
2.874970831279956656e+02 3.390658421974258658e+02
2.865857737299016890e+02 3.395382882370412290e+02
2.856706230781463773e+02 3.400057369545791630e+02
2.847512041264615732e+02 3.404671938559329192e+02
2.838271217885367719e+02 3.409216546560754750e+02
2.828980283698267613e+02 3.413681395355283712e+02
2.819636264363667806e+02 3.418057006838330381e+02
2.810236486931622721e+02 3.422333843342460113e+02
2.800778775528935967e+02 3.426502261993057346e+02
2.791261204929252244e+02 3.430552581834920716e+02
2.781682277361184674e+02 3.434475129083123761e+02
2.772041024740927924e+02 3.438260538491875877e+02
2.762336901411727581e+02 3.441899504485544981e+02
2.752569755709064907e+02 3.445382691632474348e+02
2.742739760047430764e+02 3.448700748459701231e+02
2.732847704724837854e+02 3.451844489474603961e+02
2.722896019784588475e+02 3.454809223484516565e+02
2.712888532146864122e+02 3.457594754529617376e+02
2.702829196245952517e+02 3.460201195876685460e+02
2.692721761379492591e+02 3.462628795684533429e+02
2.682570508563866269e+02 3.464877891607689548e+02
2.672379471980809740e+02 3.466948919840047552e+02
2.662151892976146428e+02 3.468841986276299849e+02
2.651892581319773967e+02 3.470557155313809403e+02
2.641604337698838094e+02 3.472094785932313243e+02
2.631291908268440807e+02 3.473455237647226568e+02
2.620958633376284865e+02 3.474639168720012208e+02
2.610608102326114022e+02 3.475647219802198720e+02
2.600244512421316472e+02 3.476480178925620521e+02
2.589871278409520414e+02 3.477139033225624871e+02
2.579492080095141660e+02 3.477624886391337213e+02
2.569111607021541204e+02 3.477939244096881453e+02
2.558733995057839934e+02 3.478084207758310527e+02
2.548361918795902454e+02 3.478062240392280273e+02
2.537997924460540560e+02 3.477875731673232167e+02
2.527644850510360754e+02 3.477527049931451870e+02
2.517305041586459993e+02 3.477018450401340601e+02
2.506980791896043002e+02 3.476352037468673188e+02
2.496675072570519092e+02 3.475530392406174656e+02
2.486389816784071343e+02 3.474556095791548955e+02
2.476127947914201002e+02 3.473431850521742490e+02
2.465891401049552769e+02 3.472160076116326763e+02
2.455682989196127153e+02 3.470743357622851022e+02
2.445504668651777536e+02 3.469185481318506277e+02
2.435359013195766522e+02 3.467493934422653297e+02
2.425247864230266828e+02 3.465676510129476355e+02
2.415173031282220393e+02 3.463740935197562294e+02
2.405136139343855746e+02 3.461694972489364659e+02
2.395138356795439165e+02 3.459546104002786819e+02
2.385180853587474132e+02 3.457302081756544681e+02
2.375264349419844621e+02 3.454970489739257573e+02
2.365389388509825324e+02 3.452558810596825651e+02
2.355556216152105549e+02 3.450074533226423341e+02
2.345764856126419318e+02 3.447524802532281001e+02
2.336014942457404686e+02 3.444916651091229483e+02
2.326306140081503031e+02 3.442256142845156432e+02
2.316637500275249124e+02 3.439549436697399187e+02
2.307008204637835149e+02 3.436802275114665122e+02
2.297416773820928029e+02 3.434020379577683570e+02
2.287861627156334805e+02 3.431209181260244350e+02
2.278341124381886686e+02 3.428373278237689874e+02
2.268852924124036008e+02 3.425516951300924120e+02
2.259394753911180089e+02 3.422644192338123048e+02
2.249963912528155845e+02 3.419758697820840894e+02
2.240557345274718273e+02 3.416863869315317856e+02
2.231171593134168063e+02 3.413962935073352014e+02
2.221802736489745485e+02 3.411059004399425021e+02
2.212446420540340171e+02 3.408154810069498808e+02
2.203097837922486519e+02 3.405252646474707490e+02
2.193751706119201970e+02 3.402354325053217394e+02
2.184403106219768063e+02 3.399459412747023634e+02
2.175049699322839274e+02 3.396556985061885712e+02
2.165691684608637217e+02 3.393632021823719924e+02
2.156329190777370286e+02 3.390669201613351902e+02
2.146963540849090464e+02 3.387652936233797618e+02
2.137595989182093206e+02 3.384567411180386216e+02
2.128229202439189010e+02 3.381396319383728155e+02
2.118866642833943104e+02 3.378122663629411591e+02
2.109512651893778639e+02 3.374729316134191208e+02
2.100172501987131284e+02 3.371199103675627953e+02
2.090852464164169362e+02 3.367514872390667051e+02
2.081559969283046314e+02 3.363659429465162134e+02
2.072304037775273002e+02 3.359615081976307920e+02
2.063094838306116685e+02 3.355364569323442652e+02
2.053944176453915134e+02 3.350890718050484907e+02
2.044865080592135769e+02 3.346177400935355877e+02
2.035872114724225526e+02 3.341208846682363287e+02
2.026981381062671232e+02 3.335970534276502235e+02
2.018210454722838847e+02 3.330449122105232505e+02
2.009578399681987548e+02 3.324632559104649090e+02
2.001105791388651767e+02 3.318510471983693719e+02
1.992814606463044811e+02 3.312074369920624690e+02
