2.007830955999778837e+02 3.284452972832100954e+02
2.000307963542305174e+02 3.278294967223120011e+02
1.992973576675801155e+02 3.271844192124830215e+02
1.985838674564298003e+02 3.265107706050752654e+02
1.978915045942515292e+02 3.258095270565854094e+02
1.972213786265550368e+02 3.250817509818768940e+02
1.965745244999667705e+02 3.243285760488523692e+02
1.959519022885775144e+02 3.235511921818852556e+02
1.953544071408039429e+02 3.227508273866664581e+02
1.947828184520481898e+02 3.219287408530948937e+02
1.942378804241728574e+02 3.210862123661390797e+02
1.937202392037588652e+02 3.202245251552240575e+02
1.932304755788858017e+02 3.193449631975247485e+02
1.927690326185795016e+02 3.184488307667531899e+02
1.923362959133755510e+02 3.175374045471865543e+02
1.919325949004959000e+02 3.166119343162638415e+02
1.915582068426450917e+02 3.156736406115514910e+02
1.912133654682106680e+02 3.147237089741299769e+02
1.908982680293377427e+02 3.137632900679226395e+02
1.906130798527406114e+02 3.127934979226255905e+02
1.903579364722940568e+02 3.118154106718054095e+02
1.901329644436760304e+02 3.108300586383368227e+02
1.899382450756896787e+02 3.098384663593535038e+02
1.897738719200196726e+02 3.088415909227956604e+02
1.896399137872970755e+02 3.078403870552498347e+02
1.895364435579043629e+02 3.068357585655835464e+02
1.894635317775785950e+02 3.058285888310053338e+02
1.894212254470650123e+02 3.048197440603694304e+02
1.894094738721597366e+02 3.038100716709520839e+02
1.894270969222322947e+02 3.028005105423733312e+02
1.894721984246594388e+02 3.017919717043978949e+02
1.895428673236681902e+02 3.007852437773217389e+02
1.896371755494508591e+02 2.997809915724809571e+02
1.897532005873761136e+02 2.987797724487037385e+02
1.898890175253323491e+02 2.977820455948985341e+02
1.900426637624772468e+02 2.967881572828970889e+02
1.902121816599543820e+02 2.957983616732861947e+02
1.903956370024476143e+02 2.948128373769458790e+02
1.905910955606590562e+02 2.938316436394306379e+02
1.907966635734457270e+02 2.928547877483576940e+02
1.910106030792975673e+02 2.918821998699402229e+02
1.912312533384822473e+02 2.909137126725671578e+02
1.914569850781642231e+02 2.899491475772165927e+02
1.916861909240408863e+02 2.889882438242122475e+02
1.919172774585531442e+02 2.880306510927147770e+02
1.921487753702219266e+02 2.870760192955943353e+02
1.923794113695355463e+02 2.861239494798569467e+02
1.926079563787445750e+02 2.851740203383753851e+02
1.928331998497833979e+02 2.842257224820494343e+02
1.930539547620562928e+02 2.832785488252168307e+02
1.932690472004341302e+02 2.823319428676309144e+02
1.934772342599526951e+02 2.813852888428569372e+02
1.936772600066046550e+02 2.804379195853936153e+02
1.938678985854269854e+02 2.794891343494502394e+02
1.940479544683945790e+02 2.785381579824909863e+02
1.942162803435078331e+02 2.775841853530471326e+02
1.943727829695529294e+02 2.766266066844178226e+02
1.945188908756957460e+02 2.756651581454984239e+02
1.946561621383413865e+02 2.746996768174796557e+02
1.947861640999771566e+02 2.737300429728757081e+02
1.949104670330218596e+02 2.727561865877979130e+02
1.950306804701628494e+02 2.717781405539247999e+02
1.951486330879077400e+02 2.707960774056559785e+02
1.952662273427843331e+02 2.698101686773158576e+02
1.953853535251384983e+02 2.688207663806469441e+02
1.955079097174440506e+02 2.678282259128631040e+02
1.956357902900932118e+02 2.668330041628302638e+02
1.957710560153776953e+02 2.658356749058945638e+02
1.959159714841096331e+02 2.648370041560160075e+02
1.960727953279972269e+02 2.638378049715303177e+02
1.962437652915585033e+02 2.628390275900126767e+02
1.964311034523838373e+02 2.618417047287378523e+02
1.966369951762387700e+02 2.608469647501460713e+02
1.968635019812737994e+02 2.598559903172978238e+02
1.971125202136713597e+02 2.588700478826873450e+02
1.973858519152123847e+02 2.578905429791101938e+02
1.976852302172598854e+02 2.569189793704354656e+02
1.980123266531734032e+02 2.559569506124197744e+02
1.983686335386780399e+02 2.550060967566887200e+02
1.987555004075180705e+02 2.540680855334664443e+02
1.991741894912918269e+02 2.531446607382897867e+02
1.996259061748143324e+02 2.522376270884925873e+02
2.001117589631469116e+02 2.513488628977908661e+02
2.006322316257428042e+02 2.504799523561404442e+02
2.011856859111688323e+02 2.496312493232736358e+02
2.017700039854949807e+02 2.488027421143704032e+02
2.023831023367477826e+02 2.479943088696416567e+02
2.030229236163227142e+02 2.472057306485764911e+02
2.036874374840407711e+02 2.464366870656241133e+02
2.043745899633576357e+02 2.456867185540346270e+02
2.050823181903028853e+02 2.449552312377726935e+02
2.058086021472056757e+02 2.442415305255115356e+02
2.065514689176342245e+02 2.435448249320774892e+02
2.073089949887754244e+02 2.428642292200362931e+02
2.080792791821676531e+02 2.421987460343589191e+02
2.088603875027298216e+02 2.415472217643158217e+02
2.096504272723954614e+02 2.409083959568574471e+02
2.104475643676922232e+02 2.402809300234775662e+02
2.112500252125332452e+02 2.396634052768892786e+02
2.120561052534273472e+02 2.390543371320336519e+02
2.128642810041357620e+02 2.384522807434760523e+02
2.136731650910445524e+02 2.378558172349755182e+02
2.144814313756194508e+02 2.372634537248051743e+02
2.152877890813339263e+02 2.366736710157037464e+02
2.160909996171227192e+02 2.360849009669944962e+02
2.168899538670004574e+02 2.354956186848363586e+02
2.176837853955049695e+02 2.349044680019889029e+02
2.184716884456906598e+02 2.343101009220718538e+02
2.192528850014898580e+02 2.337111518603833247e+02
2.200266220636413550e+02 2.331062418019479310e+02
2.207922633636831620e+02 2.324940624474982087e+02
2.215500542934639725e+02 2.318742448467596091e+02
2.223007320007995418e+02 2.312469833959766845e+02
2.230450114425686650e+02 2.306125138600230287e+02
2.237835784503854484e+02 2.299711067939065288e+02
2.245170921897167773e+02 2.293230623593757116e+02
2.252461273393670922e+02 2.286686352069807242e+02
2.259711094318993787e+02 2.280079716937319461e+02
2.266924320775453054e+02 2.273412213130622206e+02
2.274104698928069297e+02 2.266685535321255145e+02
2.281255768584653936e+02 2.259901600482281481e+02
2.288380907998430303e+02 2.253062495449963478e+02
2.295483420819771823e+02 2.246170306455726120e+02
2.302566256970825975e+02 2.239227463705719003e+02
2.309632233198822746e+02 2.232236572558309149e+02
2.316684257559870161e+02 2.225200065252168145e+02
2.323724756068093313e+02 2.218120891799723324e+02
2.330756630959802180e+02 2.211002258759601773e+02
2.337783018350465056e+02 2.203848372810376759e+02
2.344807080599160543e+02 2.196663495605327796e+02
2.351831750768344307e+02 2.189452125718696038e+02
2.358859977070172249e+02 2.182218688811381924e+02
2.365894558950296584e+02 2.174968018423809610e+02
2.372938962445905418e+02 2.167705769897375490e+02
2.379996745663115121e+02 2.160438070350165560e+02
2.387071377390109035e+02 2.153171136591913069e+02
2.394166262401246286e+02 2.145911257209637597e+02
2.401284752677604502e+02 2.138664720914179611e+02
2.408429950646373356e+02 2.131437673056535402e+02
2.415604710510971529e+02 2.124235971319654084e+02
2.422811845239122590e+02 2.117065479732926860e+02
2.430054152022142375e+02 2.109932085290080863e+02
2.437334422432962810e+02 2.102841691663167580e+02
2.444655386248908542e+02 2.095800117541058967e+02
2.452019451266336887e+02 2.088812697718199161e+02
2.459428945067353425e+02 2.081884608461516848e+02
2.466886230970293070e+02 2.075021017480621879e+02
2.474393717919741960e+02 2.068227079861324853e+02
2.481954748106782631e+02 2.061508086192865790e+02
2.489575217651980097e+02 2.054869556380037068e+02
2.497260044483869876e+02 2.048317562773743816e+02
2.505013713804763995e+02 2.041858438763557047e+02
2.512840598449196818e+02 2.035498595398496775e+02
2.520744913409891410e+02 2.029244528027728620e+02
2.528730790487605589e+02 2.023102798763134729e+02
2.536802193037521818e+02 2.017080045264619343e+02
2.544962880305637043e+02 2.011183003745977658e+02
2.553216564771741730e+02 2.005418491988303913e+02
2.561566693716441137e+02 1.999793477393628507e+02
2.570016611057677096e+02 1.994315053032251797e+02
2.578569953778662693e+02 1.988991081235198521e+02
2.587230390004577885e+02 1.983830198996542720e+02
2.596001578138082095e+02 1.978841162704970031e+02
2.604886778303987285e+02 1.974032944569785002e+02
2.613889070006459292e+02 1.969414646061094629e+02
2.623009153777868505e+02 1.964992081826518131e+02
2.632240124457682100e+02 1.960759615509856530e+02
2.641573710675329494e+02 1.956709178123605284e+02
2.651001546260241071e+02 1.952832748994357530e+02
2.660515247034780373e+02 1.949122280989519709e+02
2.670106470598863666e+02 1.945569622576291806e+02
2.679766011508590964e+02 1.942165163999929405e+02
2.689484052873531823e+02 1.938898073969216114e+02
2.699250925978658415e+02 1.935757430601258591e+02
2.709057095612228068e+02 1.932732244149009091e+02
2.718893193635178136e+02 1.929811447915255940e+02
2.728749989415524624e+02 1.926983701419123065e+02
2.738618295268175302e+02 1.924237282421624116e+02
2.748489159850365127e+02 1.921560280216866090e+02
2.758353919631500730e+02 1.918940638426329315e+02
2.768204230922855800e+02 1.916366143295299480e+02
2.778032190227268643e+02 1.913824580735360144e+02
2.787831267606302958e+02 1.911305525664351421e+02
2.797595925880475534e+02 1.908799667574723742e+02
2.807320961684157510e+02 1.906297609106952962e+02
2.817001592428091499e+02 1.903789786661916708e+02
2.826633587061642743e+02 1.901266366790068503e+02
2.836213483787676637e+02 1.898718528276711197e+02
2.845739139457009514e+02 1.896139856775499482e+02
2.855209760305340865e+02 1.893523567001199126e+02
2.864623897210454402e+02 1.890863470854760635e+02
2.873981699589840559e+02 1.888152580588356955e+02
2.883283025756198867e+02 1.885385550592853292e+02
2.892533153062087194e+02 1.882565354293554662e+02
2.901738292835013908e+02 1.879700506444324333e+02
2.910904934258915659e+02 1.876799606636494957e+02
2.920039585921523440e+02 1.873871370504762126e+02
2.929148780475306353e+02 1.870924588161577162e+02
2.938238339463159718e+02 1.867967402163361612e+02
2.947313596326429774e+02 1.865006300453896131e+02
2.956379775903941436e+02 1.862047757863021218e+02
2.965442018248942873e+02 1.859098458842971695e+02
2.974505854767706410e+02 1.856165042631100164e+02
2.983576324630765839e+02 1.853254425322839438e+02
2.992658169563493402e+02 1.850373399864754731e+02
3.001756602622055539e+02 1.847528529284502383e+02
3.010876509183166263e+02 1.844726617565311244e+02
3.020022365578811332e+02 1.841974812824472849e+02
3.029199196466566377e+02 1.839280212972614947e+02
3.038411520672831898e+02 1.836650549978842264e+02
3.047663404340137845e+02 1.834094445293674198e+02
3.056959757571609657e+02 1.831620351227758761e+02
3.066304127140538185e+02 1.829237183298577634e+02
3.075700052851007058e+02 1.826953990379709296e+02
3.085150771005226602e+02 1.824780156874352599e+02
3.094659338595125746e+02 1.822726222290116880e+02
3.104227860827258496e+02 1.820803325208485433e+02
3.113857950835059683e+02 1.819022650436233732e+02
3.123550514812033612e+02 1.817395396799237801e+02
3.133305706399414703e+02 1.815932736265653773e+02
3.143122771856803297e+02 1.814646175888007349e+02
3.153000314728188869e+02 1.813547419068815429e+02
3.162935802681062682e+02 1.812647992649455944e+02
3.172925787929660260e+02 1.811959136063027813e+02
3.182966509063005560e+02 1.811490823611679559e+02
3.193053762307445709e+02 1.811249568220849255e+02
3.203180164243477748e+02 1.811240435523876044e+02
3.213337340160475151e+02 1.811468358322451024e+02
3.223516724840810070e+02 1.811937724662463154e+02
3.233709431268203502e+02 1.812652810497046971e+02
3.243906283282639720e+02 1.813617323121248432e+02
3.254098171961762773e+02 1.814834513279377575e+02
3.264275763409324895e+02 1.816306501149747987e+02
3.274429818426381189e+02 1.818035283649154223e+02
3.284550977267679741e+02 1.820022624465493379e+02
3.294629792243832185e+02 1.822270041079354712e+02
3.304656829781112606e+02 1.824778633819032621e+02
3.314622904562509120e+02 1.827548590036580265e+02
3.324518918759349617e+02 1.830579746630002376e+02
3.334335805610557486e+02 1.833871766730087245e+02
3.344064529793647580e+02 1.837424147956230343e+02
3.353696090862959522e+02 1.841236233537113947e+02
3.363221721181117800e+02 1.845307464067766716e+02
3.372632038766795404e+02 1.849636473560225056e+02
3.381918497514722617e+02 1.854222414783665158e+02
3.391072079750704233e+02 1.859063983043893984e+02
3.400083859923700516e+02 1.864159742083387812e+02
3.408946493256114536e+02 1.869505632161256869e+02
3.417657681704780543e+02 1.875090148215674049e+02
3.426216219694794631e+02 1.880900114265155594e+02
3.434622028131821025e+02 1.886923099814365230e+02
3.442875487658127440e+02 1.893147000864890686e+02
3.450977186339624154e+02 1.899559554922530253e+02
3.458928660046212826e+02 1.906149247809450458e+02
3.466731768543315297e+02 1.912904794881297050e+02
3.474388838501418491e+02 1.919815229668294876e+02
3.481902644884172560e+02 1.926869912449120363e+02
3.489276387442806708e+02 1.934058533843370355e+02
3.496513789860338193e+02 1.941370975288944862e+02
3.503619272510462679e+02 1.948797109832434273e+02
3.510597691861209455e+02 1.956327122355924075e+02
3.517454276348630060e+02 1.963951569676326017e+02
3.524194611515234783e+02 1.971661416820649038e+02
3.530824613623946107e+02 1.979448009397877684e+02
3.537350662962277852e+02 1.987302744215715791e+02
3.543779647203388095e+02 1.995217486121717343e+02
3.550118712069497633e+02 2.003184480383513915e+02
3.556375263157269160e+02 2.011196492986493922e+02
3.562556990229178382e+02 2.019246412941436404e+02
3.568671913138207969e+02 2.027327834525584080e+02
3.574728132828045091e+02 2.035434918912684736e+02
3.580734049411911997e+02 2.043561953661370865e+02
3.586698321435354728e+02 2.051703941006956029e+02
3.592629725312206688e+02 2.059856361901563275e+02
3.598536372214080075e+02 2.068015711084798340e+02
3.604418216788445193e+02 2.076185345494072294e+02
3.610271030749388501e+02 2.084371368240215645e+02
3.616090221924106345e+02 2.092579795948552146e+02
3.621870819593638657e+02 2.100816463851465699e+02
3.627607654126260854e+02 2.109086810552689144e+02
3.633295066310064385e+02 2.117396338147007100e+02
3.638927259793973690e+02 2.125749940777254494e+02
3.644497980078990622e+02 2.134152644842119457e+02
3.650000810470354509e+02 2.142608854860911833e+02
3.655428978197392098e+02 2.151122972794427142e+02
3.660775482848016509e+02 2.159698902262123852e+02
3.666033053860136874e+02 2.168340349340611226e+02
3.671194149486515244e+02 2.177050677571125163e+02
3.676251364021081258e+02 2.185832188741871676e+02
3.681197703836905930e+02 2.194686245411805601e+02
3.686026400578584798e+02 2.203613928030390525e+02
3.690730487255330559e+02 2.212616586024570324e+02
3.695302995747705950e+02 2.221694533946738375e+02
3.699736750089015800e+02 2.230848503224632964e+02
3.704024444510471881e+02 2.240078266416145993e+02
3.708158648446147367e+02 2.249383745279591835e+02
3.712131778245932878e+02 2.258764318017190078e+02
3.715936302562672608e+02 2.268218894412696329e+02
3.719564515871423396e+02 2.277746526755324226e+02
3.723008691727145560e+02 2.287345154694756673e+02
3.726261018095861459e+02 2.297013105112872324e+02
3.729313666578217408e+02 2.306748002622070146e+02
3.732163256834142544e+02 2.316545709886314341e+02
3.734811512301884591e+02 2.326401002387787287e+02
3.737260479059227123e+02 2.336308506619005811e+02
3.739512357535276124e+02 2.346262886772493061e+02
3.741569394232057562e+02 2.356259238193324279e+02
3.743433805189288250e+02 2.366292798802094239e+02
3.745107841196787035e+02 2.376358758297533313e+02
3.746593807948333392e+02 2.386452581052470237e+02
3.747894018877206008e+02 2.396569928336422493e+02
3.749010807674837906e+02 2.406706558282737660e+02
3.749946533686680255e+02 2.416858367757254769e+02
3.750703614483327897e+02 2.427021385335027617e+02
3.751284519287377748e+02 2.437191772010058912e+02
3.751691727027474599e+02 2.447365825355310278e+02
3.751927719610898180e+02 2.457539978047315117e+02
3.751994976864240243e+02 2.467710796437610838e+02
3.751895992164216409e+02 2.477874978424892731e+02
3.751633317875682678e+02 2.488029352486027790e+02
3.751209504871392255e+02 2.498170883548466179e+02
3.750627000731311682e+02 2.508296722167535222e+02
3.749888319762658284e+02 2.518404039835945696e+02
3.748995978528136561e+02 2.528490202420707362e+02
3.747952292877649825e+02 2.538552804026184333e+02
3.746759742497593493e+02 2.548589415021630202e+02
3.745420631964217932e+02 2.558597878061043787e+02
3.743937275584802364e+02 2.568576114102709766e+02
3.742311819602794003e+02 2.578522225624533917e+02
3.740545994980668070e+02 2.588434362117682781e+02
3.738639818856020156e+02 2.598310625791762050e+02
3.736593072151692354e+02 2.608149059745741170e+02
3.734405531768423998e+02 2.617947734083558657e+02
3.732076840815933565e+02 2.627704713649279711e+02
3.729606580238702804e+02 2.637418058107479055e+02
3.726994252750283181e+02 2.647085823813434331e+02
3.724239289421028047e+02 2.656706063778248676e+02
3.721341061680676034e+02 2.666276829885500206e+02
3.718298882566438124e+02 2.675796173373174156e+02
3.715112008020947769e+02 2.685262145470447877e+02
3.711779550570680613e+02 2.694672743228392164e+02
3.708300677107571914e+02 2.704026050383621396e+02
3.704674526158537446e+02 2.713320142730136126e+02
3.700900014906717956e+02 2.722552972082033875e+02
3.696976190805784199e+02 2.731722674177998442e+02
3.692901967091268034e+02 2.740827259424195859e+02
3.688676254127539096e+02 2.749864805948188291e+02
3.684298286189072655e+02 2.758833668097833538e+02
3.679770738412718174e+02 2.767734792920134055e+02
3.675098358652995216e+02 2.776569727543221688e+02
3.670286507499989739e+02 2.785340200619073130e+02
3.665340421385909053e+02 2.794048001159054593e+02
3.660265510116111045e+02 2.802695311825399926e+02
3.655067280934973155e+02 2.811284573871421912e+02
3.649751060814987227e+02 2.819818343854351497e+02
3.644322528537948642e+02 2.828299569849802992e+02
3.638786449815294191e+02 2.836730828088196859e+02
3.633143988068966905e+02 2.845111771076165610e+02
3.627394372190963736e+02 2.853440379617297822e+02
3.621537508470173066e+02 2.861714408239566865e+02
3.615573193079807766e+02 2.869931409027403788e+02
3.609501678740969055e+02 2.878088682133500811e+02
3.603323385144220197e+02 2.886183391475889266e+02
3.597038813376110511e+02 2.894212535710780685e+02
3.590648642217521456e+02 2.902172955870465785e+02
3.584153661070499197e+02 2.910061382653505007e+02
3.577554870735680197e+02 2.917874435132367807e+02
3.570853275339279662e+02 2.925608734749949349e+02
3.564050104202130456e+02 2.933261004617347112e+02
3.557146742383725950e+02 2.940827967524337510e+02
3.550144586990479070e+02 2.948306328020440787e+02
3.543044992973325407e+02 2.955692780466774821e+02
3.535849281439489573e+02 2.962983999807035502e+02
3.528558779564335168e+02 2.970176865885156872e+02
3.521175387648810897e+02 2.977268368477737113e+02
3.513700380282976994e+02 2.984255784562693066e+02
3.506135408257690074e+02 2.991136157796856878e+02
3.498481683591720639e+02 2.997906720969666026e+02
3.490740669203320863e+02 3.004564599180508253e+02
3.482913337164081327e+02 3.011107266489274821e+02
3.475001175947957677e+02 3.017531987220376664e+02
3.467005065074058052e+02 3.023836315465070470e+02
3.458925805326623504e+02 3.030017747852672869e+02
3.450764493200317133e+02 3.036073917889609675e+02
3.442525591948466968e+02 3.042008045293842997e+02
3.434217398395367695e+02 3.047829194451061880e+02
3.425848067737849192e+02 3.053546885686071164e+02
3.417425406742319183e+02 3.059170804739879941e+02
3.408957024586360944e+02 3.064710742811570299e+02
3.400450192403708343e+02 3.070176639322609162e+02
3.391911944541267303e+02 3.075578482876264843e+02
3.383349122933543640e+02 3.080926330254990262e+02
3.374768405614009339e+02 3.086230305002114278e+02
3.366176335791113274e+02 3.091500583295301681e+02
3.357579355378301216e+02 3.096747387950078974e+02
3.348983917693322496e+02 3.101981104817425035e+02
3.340396505233947551e+02 3.107212255947492281e+02
3.331823582069027907e+02 3.112451370957760446e+02
3.323271619221477522e+02 3.117708970874211900e+02
3.314747133704018438e+02 3.122995553997951674e+02
3.306256703953688429e+02 3.128321594829639594e+02
3.297807020362437243e+02 3.133697536185028980e+02
3.289404340763480263e+02 3.139133848548800643e+02
3.281048954532618041e+02 3.144641641112033312e+02
3.272741962723824827e+02 3.150229393911992020e+02
3.264487527549095489e+02 3.155903478884739002e+02
3.256289459967914581e+02 3.161669698541342086e+02
3.248151220737935887e+02 3.167533488256102032e+02
3.240076164712159539e+02 3.173500318498478805e+02
3.232067549079204696e+02 3.179575706511120643e+02
3.224128499563514083e+02 3.185765218174825577e+02
3.216258895458552161e+02 3.192069686891290416e+02
3.208450473077423339e+02 3.198477742832600370e+02
3.200693611199682209e+02 3.204976119255725848e+02
3.192978638784302916e+02 3.211551566330451237e+02
3.185295803884380348e+02 3.218190856705199394e+02
3.177635387778406084e+02 3.224880795487477485e+02
3.169988009225680798e+02 3.231608722466248196e+02
3.162344455677053361e+02 3.238362299994453792e+02
3.154695669179956781e+02 3.245129100707080738e+02
3.147032481868636751e+02 3.251896713349651122e+02
3.139345890048310252e+02 3.258652610267508862e+02
3.131627575760718969e+02 3.265385083057389579e+02
3.123870431792872751e+02 3.272084273547166617e+02
3.116067555412142838e+02 3.278740478915189556e+02
3.108212373049294115e+02 3.285343803108773386e+02
3.100298250610558171e+02 3.291884343204792458e+02
3.092318901849420172e+02 3.298352282810560041e+02
3.084269442148518579e+02 3.304739711339624932e+02
3.076145752323034230e+02 3.311039631441703932e+02
3.067943846501883058e+02 3.317244946858841672e+02
3.059660026145851930e+02 3.323348391362231951e+02
3.051290643345985245e+02 3.329342646073844207e+02
3.042832482812986541e+02 3.335220567681089960e+02
3.034282861555923319e+02 3.340975458309778219e+02
3.025639335493282260e+02 3.346600551925467926e+02
3.016899678936896976e+02 3.352088956032302463e+02
3.008061897618780449e+02 3.357433650546150830e+02
2.999124626100463615e+02 3.362628190693314991e+02
2.990089310632607749e+02 3.367670777456480664e+02
2.980958592939779805e+02 3.372561530754526302e+02
2.971735137830985423e+02 3.377300572881601397e+02
2.962421940851056661e+02 3.381887912256825643e+02
2.953021867435645049e+02 3.386323619360712769e+02
2.943537399346311645e+02 3.390606640467694888e+02
2.933970372267223183e+02 3.394734355694106398e+02
2.924322722949763715e+02 3.398703998281259828e+02
2.914596551818855801e+02 3.402512780055701569e+02
2.904794124067313987e+02 3.406157899126928328e+02
2.894917679929181418e+02 3.409636491409266341e+02
2.884969819477610713e+02 3.412945049846744041e+02
2.874952863247372647e+02 3.416080052868551320e+02
2.864869428538842158e+02 3.419037937033117487e+02
2.854722328938918849e+02 3.421815155505811958e+02
2.844514572223853861e+02 3.424408207165001272e+02
2.834249554604143668e+02 3.426814137548866483e+02
2.823931073559409697e+02 3.429030652930921406e+02
2.813563018279716061e+02 3.431055579385302963e+02
2.803149592120744273e+02 3.432886790980095384e+02
2.792694962020732987e+02 3.434522312355654776e+02
2.782203607033451362e+02 3.435960749763478361e+02
2.771680840361999003e+02 3.437202971718672302e+02
2.761132167321756015e+02 3.438250596629476945e+02
2.750563053867405756e+02 3.439105419540834419e+02
2.739978851542573466e+02 3.439769415816933815e+02
2.729384990239826152e+02 3.440244818555566439e+02
2.718787310276748599e+02 3.440535998119301553e+02
2.708191956057261223e+02 3.440649445863873552e+02
2.697604836052123005e+02 3.440591970413452714e+02
2.687031458846530541e+02 3.440370583587169904e+02
2.676477241883386000e+02 3.439992556331662286e+02
2.665947227092996741e+02 3.439465858999199668e+02
2.655446266183316197e+02 3.438800018348069898e+02
2.644979160919299375e+02 3.438005320646797145e+02
2.634549926788362768e+02 3.437092045833626344e+02
2.624162257616683291e+02 3.436070916089511798e+02
2.613819281684165503e+02 3.434952681614682888e+02
2.603523564783948814e+02 3.433747496372233741e+02
2.593276930023183695e+02 3.432465264435365384e+02
2.583080896948212057e+02 3.431115907885235288e+02
2.572936425584592826e+02 3.429709514828929855e+02
2.562843272712251519e+02 3.428256764491254671e+02
2.552800535198641683e+02 3.426767789195693013e+02
2.542807533519901426e+02 3.425249922868069348e+02
2.532863491498408450e+02 3.423709848384594920e+02
2.522967143680317861e+02 3.422154229855926815e+02
2.513117565902215631e+02 3.420589464692063189e+02
2.503313828930506588e+02 3.419021539442768471e+02
2.493553705908334450e+02 3.417454425976533798e+02
2.483836506341087329e+02 3.415890128760672155e+02
2.474159685230089849e+02 3.414330826157574847e+02
2.464522666157322703e+02 3.412778218130200685e+02
2.454922743826106739e+02 3.411234191925368577e+02
2.445359449519516488e+02 3.409698903211714764e+02
2.435830184592935836e+02 3.408169620118342777e+02
2.426334188089707027e+02 3.406642897810512522e+02
2.416870204556010719e+02 3.405115181956329593e+02
2.407436608197964460e+02 3.403582886068752487e+02
2.398033551563324579e+02 3.402042218014090054e+02
2.388659119779458706e+02 3.400489960852258378e+02
2.379313380047365172e+02 3.398923048402480731e+02
2.369995840098249005e+02 3.397338279760209616e+02
2.360705441503706652e+02 3.395732401883875582e+02
2.351443192204951345e+02 3.394102008103299681e+02
2.342207237252358993e+02 3.392443998921453954e+02
2.332999384650361208e+02 3.390755994994548814e+02
2.323817565756768602e+02 3.389035474080970403e+02
2.314663536836842752e+02 3.387279976402634247e+02
2.305536174416698429e+02 3.385486728689903089e+02
2.296435937969353631e+02 3.383653117450866716e+02
2.287363755024662169e+02 3.381777303458692927e+02
2.278318319454924392e+02 3.379857560416012348e+02
2.269300269873740774e+02 3.377892267573649292e+02
2.260309669214356916e+02 3.375879543783223653e+02
2.251346542360756473e+02 3.373817352708068711e+02
2.242410745284112181e+02 3.371704141084105117e+02
2.233501808239118418e+02 3.369539199792548629e+02
2.224619133027791804e+02 3.367321698028902688e+02
2.215762008077483074e+02 3.365050574476036900e+02
2.206929601578807763e+02 3.362724519617054852e+02
2.198122028526738916e+02 3.360341726750796170e+02
2.189337738316625064e+02 3.357897237275115003e+02
2.180578445969850350e+02 3.355385705809110846e+02
2.171843733344724683e+02 3.352800918831856052e+02
2.163135508800359332e+02 3.350137027640320184e+02
2.154453144819917725e+02 3.347387120743055107e+02
2.145798549614553394e+02 3.344544462453904998e+02
2.137173196280680827e+02 3.341601301686410466e+02
2.128578812130679410e+02 3.338549623566654532e+02
2.120017387745046733e+02 3.335381183019587183e+02
2.111491201386598675e+02 3.332087512087972527e+02
2.103003170875648777e+02 3.328659648489687584e+02
2.094558139618675057e+02 3.325087031730706144e+02
2.086159825372754426e+02 3.321357704950203811e+02
2.077815715901092801e+02 3.317461212886285580e+02
2.069530629706133027e+02 3.313385473626333919e+02
2.061313008187966886e+02 3.309120142396185997e+02
2.053170125540863751e+02 3.304653973882053037e+02
2.045110591497995642e+02 3.299976486318965954e+02
2.037144070874344379e+02 3.295077793066693630e+02
2.029280813599187923e+02 3.289948425507299703e+02
2.021531876055696557e+02 3.284579648776326621e+02
