1.990219259310527775e+02 3.300358651146217426e+02
1.982687347475358308e+02 3.293290222378757335e+02
1.975316801813343943e+02 3.286003793142718905e+02
1.968119046037244004e+02 3.278501763916578398e+02
1.961104745322288920e+02 3.270786853468953836e+02
1.954284518658059540e+02 3.262862891972915236e+02
1.947668863737531524e+02 3.254734719990735812e+02
1.941268095465718488e+02 3.246408031716612754e+02
1.935092319961459282e+02 3.237889052539946988e+02
1.929151504750583968e+02 3.229185595569278462e+02
1.923455039961644957e+02 3.220304846096573215e+02
1.918012317364314185e+02 3.211255453246423031e+02
1.912832001119966776e+02 3.202045797079802014e+02
1.907921800194926050e+02 3.192685803960350768e+02
1.903288737145106211e+02 3.183184768093414618e+02
1.898939688943530371e+02 3.173552435701511172e+02
1.894881248004664656e+02 3.163798672895533741e+02
1.891119735258845083e+02 3.153933280724240262e+02
1.887661274905054256e+02 3.143966122651421529e+02
1.884511790841357310e+02 3.133907013978673035e+02
1.881677022459508350e+02 3.123765720364107210e+02
1.879162616017053722e+02 3.113551412690607663e+02
1.876974109635634704e+02 3.103274564893037564e+02
1.875117525926928010e+02 3.092943745405552249e+02
1.873600650175820022e+02 3.082568866287190872e+02
1.872431418916685004e+02 3.072158634302114706e+02
1.871617857666124962e+02 3.061722224134392718e+02
1.871167860318971634e+02 3.051269537736342272e+02
1.871087869826961878e+02 3.040810092002170109e+02
1.871368696405731100e+02 3.030355305185648831e+02
1.871991199526350727e+02 3.019916584524472682e+02
1.872935989375360748e+02 3.009503921073155084e+02
1.874183489263934348e+02 2.999126359852745622e+02
1.875714096320133137e+02 2.988791385224552641e+02
1.877506780323303417e+02 2.978505377551413744e+02
1.879537160187210532e+02 2.968273919431998138e+02
1.881780476614715667e+02 2.958101176797864582e+02
1.884212185651792026e+02 2.947990029824060230e+02
1.886807733703167571e+02 2.937942403063872234e+02
1.889542752393950025e+02 2.927958970593462595e+02
1.892392536043493010e+02 2.918039418236358529e+02
1.895332166899654567e+02 2.908182352105776545e+02
1.898337080864501161e+02 2.898385427017697111e+02
1.901382960621053826e+02 2.888645356331959420e+02
1.904445662238348689e+02 2.878957794361659239e+02
1.907502957410700333e+02 2.869317817721631627e+02
1.910535688159381777e+02 2.859719972036136255e+02
1.913525312432956014e+02 2.850158282361068132e+02
1.916453507560262324e+02 2.840625873416323657e+02
1.919302273194709869e+02 2.831115471713698071e+02
1.922054051686986327e+02 2.821619170093572961e+02
1.924692386209005690e+02 2.812128567172287035e+02
1.927201484111963339e+02 2.802634746829323262e+02
1.929565922879338302e+02 2.793128320393554986e+02
1.931770630826061677e+02 2.783599130204286212e+02
1.933801150424334594e+02 2.774036581476001970e+02
1.935656741207559719e+02 2.764432603336263128e+02
1.937356463147702357e+02 2.754783708744921000e+02
1.938921034901586609e+02 2.745087690177397235e+02
1.940371241387788928e+02 2.735343040991893417e+02
1.941727868364951064e+02 2.725548995112964121e+02
1.943011998536195506e+02 2.715705915226128582e+02
1.944246376184802614e+02 2.705815558796470555e+02
1.945454199212539663e+02 2.695880064038944965e+02
1.946658611856794039e+02 2.685903215771286909e+02
1.947882739754132615e+02 2.675889215580923519e+02
1.949149657121265875e+02 2.665843350933130296e+02
1.950483803188982677e+02 2.655772231934243450e+02
1.951911383414357601e+02 2.645684290428470717e+02
1.953458392361244762e+02 2.635588822907005806e+02
1.955150652444778245e+02 2.625496415466798794e+02
1.957013746094706050e+02 2.615418715900806319e+02
1.959072603145122855e+02 2.605368389184019406e+02
1.961349684634408561e+02 2.595358697652732189e+02
1.963865233187873116e+02 2.585404189298199640e+02
1.966638719086774074e+02 2.575520328781502144e+02
1.969688905460989758e+02 2.565723555535678315e+02
1.973033921608256662e+02 2.556031206569028882e+02
1.976689963387647424e+02 2.546461359876644224e+02
1.980671853426813129e+02 2.537032242728163851e+02
1.984993408042599299e+02 2.527763053098633463e+02
1.989667879420084660e+02 2.518673536739573251e+02
1.994707391175318492e+02 2.509784410359055471e+02
2.000117519956468755e+02 2.501113139742702174e+02
2.005881351831145309e+02 2.492664230825293146e+02
2.011976830986551761e+02 2.484438433038642984e+02
2.018382298268240902e+02 2.476435253306557627e+02
2.025076339758390986e+02 2.468653208075506882e+02
2.032037777128209939e+02 2.461089737310246619e+02
2.039244652315826443e+02 2.453740458840935617e+02
2.046674486073098080e+02 2.446599246015088625e+02
2.054305258095251361e+02 2.439658859793983368e+02
2.062115467454101463e+02 2.432910998840373793e+02
2.070084158142674937e+02 2.426346333269033266e+02
2.078190244095657135e+02 2.419954001171915650e+02
2.086411175726975102e+02 2.413720518060387121e+02
2.094724700540026561e+02 2.407631013589191014e+02
2.103109286663960233e+02 2.401669668088482865e+02
2.111544122944491164e+02 2.395819726763233177e+02
2.120009235934265632e+02 2.390063667162701222e+02
2.128486933417873388e+02 2.384384554735587471e+02
2.136961231255404812e+02 2.378765837058085140e+02
2.145416856258301550e+02 2.373190141997919511e+02
2.153838978263073614e+02 2.367639758782223112e+02
2.162213376333671135e+02 2.362096421485695430e+02
2.170527837983256347e+02 2.356542850463156356e+02
2.178774146790949828e+02 2.350964920691488942e+02
2.186944916461810635e+02 2.345348836359103188e+02
2.195033029863365641e+02 2.339680657245569932e+02
2.203031608980112708e+02 2.333946341249228738e+02
2.210935138096332366e+02 2.328132782196266248e+02
2.218748847109251017e+02 2.322238420336284435e+02
2.226483929166278983e+02 2.316268646409368159e+02
2.234151253680859099e+02 2.310229399092377491e+02
2.241761285638513357e+02 2.304127077379996535e+02
2.249324118388273348e+02 2.297968473897492458e+02
2.256848698318330833e+02 2.291759767324044219e+02
2.264341968474388125e+02 2.285505653847246492e+02
2.271810439809260629e+02 2.279210860065477107e+02
2.279260372407824491e+02 2.272880364559833595e+02
2.286697756476586960e+02 2.266519421098008422e+02
2.294128363242336377e+02 2.260133482641084015e+02
2.301557821834076094e+02 2.253727920557006428e+02
2.308991281248185317e+02 2.247308487200882325e+02
2.316433715039721335e+02 2.240881141036713586e+02
2.323890277082340674e+02 2.234451595841215976e+02
2.331365460876455700e+02 2.228026218582791671e+02
2.338864235924079651e+02 2.221611385881260219e+02
2.346391517842712346e+02 2.215214295636948805e+02
2.353952304839776843e+02 2.208842120237841584e+02
2.361551288172740897e+02 2.202502327515105662e+02
2.369193309933526166e+02 2.196202211064665164e+02
2.376882869863399321e+02 2.189949495194190945e+02
2.384624921882076762e+02 2.183752112482070515e+02
2.392424349477502119e+02 2.177618288013681251e+02
2.400285965648057243e+02 2.171556323865877403e+02
2.408214550763653108e+02 2.165574573011695065e+02
2.416214865785578638e+02 2.159681161701367955e+02
2.424287247401196623e+02 2.153878261045286422e+02
2.432426333299164298e+02 2.148159727086348596e+02
2.440626490782692031e+02 2.142518742060163106e+02
2.448882219910003641e+02 2.136948410965150345e+02
2.457188142500687604e+02 2.131441770635588000e+02
2.465538977093288224e+02 2.125991777984357043e+02
2.473929470454696684e+02 2.120591234306188255e+02
2.482354436519269427e+02 2.115232863966527930e+02
2.490808768622216007e+02 2.109909355249704959e+02
2.499287425380759942e+02 2.104613372028084655e+02
2.507783908726226230e+02 2.099339375669262324e+02
2.516288675687609100e+02 2.094086701360616587e+02
2.524797307631074545e+02 2.088851987866488287e+02
2.533306654995425333e+02 2.083631013867959041e+02
2.541813586477872207e+02 2.078419539084149505e+02
2.550315052896549162e+02 2.073213237768280521e+02
2.558807986484662820e+02 2.068007911408126915e+02
2.567289593288879246e+02 2.062799590336162510e+02
2.575757259978178695e+02 2.057584258781549806e+02
2.584208250670156986e+02 2.052358028797758038e+02
2.592640091405402814e+02 2.047116809736441496e+02
2.601050279616820262e+02 2.041856534511288999e+02
2.609436240949910939e+02 2.036573054923145207e+02
2.617795690351298958e+02 2.031261815596751319e+02
2.626126093371162256e+02 2.025918505597992976e+02
2.634425354053776687e+02 2.020538502984067577e+02
2.642691352684418007e+02 2.015117235481243938e+02
2.650922911336714378e+02 2.009651604313780808e+02
2.659122290728352596e+02 2.004142933311439663e+02
2.667292026566684626e+02 1.998593862435464530e+02
2.675434941054630258e+02 1.993006879525776753e+02
2.683553962732106015e+02 1.987384414239000989e+02
2.691651846405721926e+02 1.981729087687288597e+02
2.699731460126059801e+02 1.976043318022022390e+02
2.707795780567236079e+02 1.970329322202629783e+02
2.715847631198057570e+02 1.964589501147261785e+02
2.723889980236478436e+02 1.958826243532216438e+02
2.731925848824682248e+02 1.953041994359279840e+02
2.739958539530512098e+02 1.947239224777561333e+02
2.747991406247933810e+02 1.941420930691203068e+02
2.756027971399841476e+02 1.935590173671274954e+02
2.764071814871115862e+02 1.929750075610329532e+02
2.772126573862602186e+02 1.923903824510525453e+02
2.780195969387972923e+02 1.918054733005408536e+02
2.788284084964892031e+02 1.912206805305061721e+02
2.796395235063473592e+02 1.906364537160585826e+02
2.804533731925723714e+02 1.900532574016153546e+02
2.812703941401512111e+02 1.894715661919458114e+02
2.820910295687680218e+02 1.888918590548467762e+02
2.829157259494272125e+02 1.883146700664657942e+02
2.837449587364795320e+02 1.877406330624428392e+02
2.845792282503433057e+02 1.871703753687455674e+02
2.854189942617293809e+02 1.866045800137135871e+02
2.862647362253164829e+02 1.860439167351661354e+02
2.871169204790332969e+02 1.854891451737202033e+02
2.879761487425462292e+02 1.849413640185836982e+02
2.888430515256935678e+02 1.844019025279258699e+02
2.897182251635754255e+02 1.838721229828965136e+02
2.906022193597198680e+02 1.833534196762284125e+02
2.914955278619108867e+02 1.828472166611694263e+02
2.923985793042102728e+02 1.823549337452424766e+02
2.933117182208270606e+02 1.818779500145588770e+02
2.942352262701285781e+02 1.814176690524891171e+02
2.951693221182990214e+02 1.809755277164398990e+02
2.961141322065904546e+02 1.805529887709465413e+02
2.970697141302549085e+02 1.801515246802233321e+02
2.980360231884371274e+02 1.797725120614008176e+02
2.990128883494581373e+02 1.794172919547520735e+02
3.000000617877694822e+02 1.790872190664636321e+02
3.009972274930933622e+02 1.787836672485674683e+02
3.020039254209063415e+02 1.785080175974788688e+02
3.030196144816997048e+02 1.782616299012214256e+02
3.040436751886561524e+02 1.780458390466781111e+02
3.050752798139783977e+02 1.778619586058531183e+02
3.061135781918702037e+02 1.777112863247127166e+02
3.071575777537125873e+02 1.775951030441724754e+02
3.082061617551588029e+02 1.775146889365462926e+02
3.092580699976304572e+02 1.774714505240364986e+02
3.103119516638825530e+02 1.774668105054818454e+02
3.113662972209222630e+02 1.775021318864762350e+02
3.124194585552766057e+02 1.775787054145408490e+02
3.134696540048794304e+02 1.776977107109203473e+02
3.145150476414315790e+02 1.778592460154862920e+02
3.155538197390166033e+02 1.780620535385193648e+02
3.165842733260366231e+02 1.783047067162598864e+02
3.176048078651598416e+02 1.785856887517988696e+02
3.186137806474772560e+02 1.789032753120264658e+02
3.196094896405039094e+02 1.792552380617117649e+02
3.205910705049587364e+02 1.796390162684500922e+02
3.215580719937159415e+02 1.800520325260772552e+02
3.225101750594722034e+02 1.804916964151072705e+02
3.234472968527602461e+02 1.809554804056281512e+02
3.243695005823104225e+02 1.814408631592526149e+02
3.252770725166300849e+02 1.819453020651959605e+02
3.261704777363317476e+02 1.824661687749847943e+02
3.270503598970518624e+02 1.830009079944662460e+02
3.279175095447978947e+02 1.835470331057240969e+02
3.287728607368107419e+02 1.841021291297803089e+02
3.296174612064575626e+02 1.846639109506663203e+02
3.304523976814709840e+02 1.852303744256900586e+02
3.312788370780759806e+02 1.857996360521447343e+02
3.320980370660944914e+02 1.863698852212305042e+02
3.329113400216442642e+02 1.869393852868274735e+02
3.337201629818777633e+02 1.875064823512853991e+02
3.345258924902951776e+02 1.880697387707183736e+02
3.353299981048433551e+02 1.886279202914854238e+02
3.361338979685807544e+02 1.891798403210828212e+02
3.369391078642739217e+02 1.897243993999670408e+02
3.377471810462408257e+02 1.902605614565545977e+02
3.385594146329572709e+02 1.907878349635254267e+02
3.393761802919785282e+02 1.913072233604269741e+02
3.401976616933102946e+02 1.918200178941243621e+02
3.410238881279280463e+02 1.923274670175927383e+02
3.418548099030874141e+02 1.928308126132432108e+02
3.426903602179186805e+02 1.933312914526629527e+02
3.435303789648381212e+02 1.938300371403725535e+02
3.443746834537612926e+02 1.943281363153569998e+02
3.452230282299051964e+02 1.948266555448742565e+02
3.460751065352677074e+02 1.953266406281750562e+02
3.469305527773036602e+02 1.958291157340630377e+02
3.477888986431960348e+02 1.963351370686045243e+02
3.486495015328376326e+02 1.968458692875834402e+02
3.495116386198958480e+02 1.973624638285456285e+02
3.503745263265809626e+02 1.978860364781492081e+02
3.512373202793463633e+02 1.984176669499565264e+02
3.520991107718018611e+02 1.989584083321820742e+02
3.529588556725313993e+02 1.995093571118108287e+02
3.538153932836366380e+02 2.000716146994631686e+02
3.546675043381304704e+02 2.006462366343888277e+02
3.555139096171613460e+02 2.012342372888120394e+02
3.563532804661886075e+02 2.018365527050638946e+02
3.571842758421034318e+02 2.024540454758457315e+02
3.580055851197342349e+02 2.030874724218747929e+02
3.588158539055514211e+02 2.037374792214751835e+02
3.596137023226502265e+02 2.044047008565544843e+02
3.603977016790115044e+02 2.050897227459007581e+02
3.611664531608055881e+02 2.057929482600107463e+02
3.619192758931494041e+02 2.065142717939400256e+02
3.626558028884772398e+02 2.072532332133319244e+02
3.633757016743594477e+02 2.080094139040986363e+02
3.640786427397387683e+02 2.087824023007901815e+02
3.647642810966822822e+02 2.095717205228453679e+02
3.654323306971666625e+02 2.103770095857214812e+02
3.660824503185989442e+02 2.111977306297585812e+02
3.667143861051964677e+02 2.120335315985694535e+02
3.673278143649822027e+02 2.128838849980830901e+02
3.679224780235664980e+02 2.137484016554025175e+02
3.684980765725931633e+02 2.146265900974404133e+02
3.690543150553238547e+02 2.155180270809799765e+02
3.695908822411620918e+02 2.164222738350526072e+02
3.701074254176020872e+02 2.173386464136207223e+02
3.706036541312109875e+02 2.182663577473742862e+02
3.710793982276963447e+02 2.192047464148819813e+02
3.715345396109102012e+02 2.201533979181581628e+02
3.719688539013742457e+02 2.211116799136768236e+02
3.723821953617045892e+02 2.220792144037049809e+02
3.727743599748893075e+02 2.230554082860031997e+02
3.731451969175498107e+02 2.240398239350196548e+02
3.734945228625731488e+02 2.250319564060274615e+02
3.738220982123163481e+02 2.260313013428989279e+02
3.741276836213185106e+02 2.270374841015417360e+02
3.744110049281292163e+02 2.280499162006753124e+02
3.746718337820253737e+02 2.290681983321964594e+02
3.749099238310649298e+02 2.300918333004297267e+02
3.751252532632208272e+02 2.311202188318565334e+02
3.753180710093832317e+02 2.321527831592281643e+02
3.754886344937943363e+02 2.331889084261703431e+02
3.756372152156699258e+02 2.342279675445085161e+02
3.757640992686715435e+02 2.352694101720622086e+02
3.758695837025073843e+02 2.363126904646338460e+02
3.759540283081896064e+02 2.373572214421682816e+02
3.760178212101359350e+02 2.384024600707915056e+02
3.760613545888903104e+02 2.394478923105538968e+02
3.760850239893920843e+02 2.404930128253273836e+02
3.760892323863523075e+02 2.415373343404079947e+02
3.760744433244397555e+02 2.425803811028818302e+02
3.760411786140346067e+02 2.436216929698693434e+02
3.759899659306191211e+02 2.446608340669131962e+02
3.759213358686783977e+02 2.456973931882265845e+02
3.758358211812819718e+02 2.467309839306785761e+02
3.757339694674215593e+02 2.477612442430625492e+02
3.756163752728513714e+02 2.487878365971796768e+02
3.754836429875746830e+02 2.498104524849217967e+02
3.753363678064177407e+02 2.508288207316614091e+02
3.751751521596895600e+02 2.518426832237154827e+02
3.750005982517134839e+02 2.528518229606828243e+02
3.748132772105349773e+02 2.538560650014156010e+02
3.746137672118214823e+02 2.548552462805095047e+02
3.744026269092948382e+02 2.558492511207202540e+02
3.741804134190192599e+02 2.568379911021026487e+02
3.739476639422945823e+02 2.578214131378433649e+02
3.737047932850454686e+02 2.587994867416273337e+02
3.734518297679065313e+02 2.597721524088767637e+02
3.731887375844907524e+02 2.607393490926713184e+02
3.729154773472931197e+02 2.617010198988336924e+02
3.726319943636579524e+02 2.626571015611861526e+02
3.723382231341648776e+02 2.636075337639488225e+02
3.720340740062256941e+02 2.645522536267722558e+02
3.717194383344211701e+02 2.654911957671287723e+02
3.713941981763853164e+02 2.664242941453299522e+02
3.710582264225432141e+02 2.673514822201161110e+02
3.707113867580699775e+02 2.682726930652943338e+02
3.703535285966974584e+02 2.691878459481425807e+02
3.699844990664041120e+02 2.700968877128025269e+02
3.696041407829461036e+02 2.709997561551434160e+02
3.692122776811093559e+02 2.718963565955114063e+02
3.688087274278785230e+02 2.727866500332278861e+02
3.683933029749177877e+02 2.736705533449122640e+02
3.679658159741989607e+02 2.745480103053682228e+02
3.675260916782166873e+02 2.754190305823249787e+02
3.670741004138973835e+02 2.762842301142939050e+02
3.666100804578473458e+02 2.771440875558126891e+02
3.661343908214463454e+02 2.779989480527552814e+02
3.656474187411652110e+02 2.788490899626132205e+02
3.651495580924857336e+02 2.796948659507552861e+02
3.646412211868388908e+02 2.805366289816714698e+02
3.641228214174487903e+02 2.813747047160218244e+02
3.635947733785067726e+02 2.822094974900492730e+02
3.630574743742718624e+02 2.830413143697259670e+02
3.625110931339793865e+02 2.838703582160791257e+02
3.619557200510762982e+02 2.846966732870757824e+02
3.613914622112553729e+02 2.855203412753567136e+02
3.608184471243654912e+02 2.863413808421533417e+02
3.602368147308544621e+02 2.871598205295057369e+02
3.596467071426010875e+02 2.879756519650258610e+02
3.590482487897673991e+02 2.887888216359875742e+02
3.584415745371886146e+02 2.895992613084208074e+02
3.578268305474443878e+02 2.904068896024849096e+02
3.572041798316120662e+02 2.912116167297669449e+02
3.565737847787896158e+02 2.920133366387372007e+02
3.559357837107551745e+02 2.928119011486254522e+02
3.552903155903529751e+02 2.936071407116667729e+02
3.546375272273729138e+02 2.943988780839411561e+02
3.539775684610748954e+02 2.951869292346660245e+02
3.533105914001995984e+02 2.959711031952488156e+02
3.526367362793159828e+02 2.967511999074876030e+02
3.519561766484042096e+02 2.975269988282097415e+02
3.512690386037273242e+02 2.982982939532805631e+02
3.505754888127047479e+02 2.990648555277543323e+02
3.498756613425538831e+02 2.998264657738001233e+02
3.491697256414134927e+02 3.005828949606793685e+02
3.484578195444962034e+02 3.013339593240305589e+02
3.477401477422898211e+02 3.020794515451689790e+02
3.470168584298268115e+02 3.028191923084251584e+02
3.462880992220984240e+02 3.035529933990108020e+02
3.455540442857233074e+02 3.042806471418442129e+02
3.448147534378624641e+02 3.050018568677288044e+02
3.440702106138409135e+02 3.057162026154051091e+02
3.433203939527133457e+02 3.064232562322530953e+02
3.425652732341711726e+02 3.071225902101004976e+02
3.418048262591136108e+02 3.078137709462301359e+02
3.410390387654261986e+02 3.084964098553460872e+02
3.402679885221457994e+02 3.091702650996990656e+02
3.394917680290317890e+02 3.098351334279560092e+02
3.387104589674514159e+02 3.104908160694814683e+02
3.379241318219607706e+02 3.111371191953584798e+02
3.371328466835818176e+02 3.117738562687486592e+02
3.363366741566032943e+02 3.124008813166278173e+02
3.355356921844203271e+02 3.130180858031342268e+02
3.347299662550766470e+02 3.136253696648022355e+02
3.339195481156476148e+02 3.142226409543458203e+02
3.331044773167027984e+02 3.148098156688218978e+02
3.322847577122830671e+02 3.153867907482911619e+02
3.314603183367445354e+02 3.159533797414443370e+02
3.306309427486189065e+02 3.165094378331898497e+02
3.297951345096343516e+02 3.170553289454359174e+02
3.289517110122367853e+02 3.175910049818808147e+02
3.281002425616046025e+02 3.181158935947724444e+02
3.272401429472420773e+02 3.186291228835627862e+02
3.263706990016384566e+02 3.191296066927463926e+02
3.254912037752330889e+02 3.196162455506842548e+02
3.246009642723055890e+02 3.200879288653469530e+02
3.236993007804496187e+02 3.205435361151498910e+02
3.227857818901788391e+02 3.209822846859095762e+02
3.218605792790415876e+02 3.214042804215537785e+02
3.209239725694885692e+02 3.218097591269623194e+02
3.199762593386762433e+02 3.221989437300780992e+02
3.190177473289256227e+02 3.225720481589621613e+02
3.180487890424009265e+02 3.229293137729203522e+02
3.170700313464101896e+02 3.232714100146001215e+02
3.160822980960729183e+02 3.235992678024636007e+02
3.150864352634844181e+02 3.239138113943972712e+02
3.140832799793757886e+02 3.242159674632923725e+02
3.130736830772535768e+02 3.245066566510853363e+02
3.120586552889430436e+02 3.247870480909340358e+02
3.110395276443730950e+02 3.250588374946283352e+02
3.100176612307017194e+02 3.253237918233787127e+02
3.089944118944570732e+02 3.255836860848881997e+02
3.079711095348071126e+02 3.258403105446462860e+02
3.069490632851741907e+02 3.260954655606846018e+02
3.059295437057772915e+02 3.263509454994152748e+02
3.049137858894569604e+02 3.266085518519350899e+02
3.039029925749831591e+02 3.268701059988067641e+02
3.028983305223537741e+02 3.271374540989706929e+02
3.019009244848119806e+02 3.274124630537133385e+02
3.009117148238178174e+02 3.276967845125827239e+02
2.999313577443204508e+02 3.279916769194543917e+02
2.989604459921079638e+02 3.282983800850245757e+02
2.979995303482139661e+02 3.286181575447314458e+02
2.970491166991976115e+02 3.289522975022117635e+02
2.961095326733743605e+02 3.293018749715735112e+02
2.951801883800795281e+02 3.296663712517745353e+02
2.942601257117357818e+02 3.300446003544361702e+02
2.933483931823540161e+02 3.304353661378449374e+02
2.924440395098707199e+02 3.308374731800596464e+02
2.915461323809666396e+02 3.312497153687783680e+02
2.906538078368239439e+02 3.316709960378966002e+02
2.897662962210353044e+02 3.321003778201161936e+02
2.888828436207469963e+02 3.325369292704118607e+02
2.880027072159613226e+02 3.329797112698789761e+02
2.871251572660165721e+02 3.334277762470062498e+02
2.862494862234346442e+02 3.338801669684111175e+02
2.853749998328330548e+02 3.343359555550149480e+02
2.845010418265140970e+02 3.347942031202074986e+02
2.836269711262883675e+02 3.352539625953477866e+02
2.827521684421861892e+02 3.357142763625811313e+02
2.818760381644967197e+02 3.361741745964850452e+02
2.809979953670682562e+02 3.366326374081463655e+02
2.801174666550788857e+02 3.370885868035904309e+02
2.792339127062087982e+02 3.375409274681675811e+02
2.783468238669767629e+02 3.379885571043435561e+02
2.774557341989528254e+02 3.384303579880549364e+02
2.765602117386628152e+02 3.388651882349912512e+02
2.756598470490262116e+02 3.392918393678525035e+02
2.747542716539815615e+02 3.397090763824351143e+02
2.738431654715823811e+02 3.401156536579827616e+02
2.729262597208506804e+02 3.405103134057271745e+02
2.720033411562727110e+02 3.408918171297364665e+02
2.710744094565680484e+02 3.412594711375607517e+02
2.701396478237132328e+02 3.416131271986482147e+02
2.691992545809793569e+02 3.419526679996280905e+02
2.682534376722678076e+02 3.422779777623487689e+02
2.673024077991083232e+02 3.425889588953209000e+02
2.663463885775394147e+02 3.428855283420899696e+02
2.653856151640108578e+02 3.431676124999230524e+02
2.644203221098839549e+02 3.434351808595737339e+02
2.634507557117969441e+02 3.436881815017804911e+02
2.624771601771888072e+02 3.439266012027611055e+02
2.614997864682554223e+02 3.441504231529187905e+02
2.605188848506430759e+02 3.443596399986496408e+02
2.595347098057077915e+02 3.445542722839981025e+02
2.585475153117388913e+02 3.447343442729766707e+02
2.575575553609772328e+02 3.448998938901499969e+02
2.565650926967986720e+02 3.450510080670242132e+02
2.555703915888360314e+02 3.451878113063352771e+02
2.545737029093740489e+02 3.453104211460515671e+02
2.535752679808432788e+02 3.454189443298751030e+02
2.525753237775980722e+02 3.455134895955346792e+02
2.515740966611949148e+02 3.455941512637382402e+02
2.505718059588042195e+02 3.456610067677469829e+02
2.495686736099768552e+02 3.457141461559987192e+02
2.485649065321596254e+02 3.457536269238513000e+02
2.475607195966797747e+02 3.457795231599070576e+02
2.465563142908710859e+02 3.457918765828327992e+02
2.455519007371019597e+02 3.457907473332709856e+02
2.445476781688884103e+02 3.457762055420795946e+02
2.435438512013385264e+02 3.457484386153035416e+02
2.425406123945368222e+02 3.457076273113765978e+02
2.415381508914955759e+02 3.456539455866131902e+02
2.405366505162617443e+02 3.455875707279872699e+02
2.395362887219863524e+02 3.455086517355872502e+02
2.385372396630847049e+02 3.454173521164043450e+02
2.375396723927392202e+02 3.453138136979110300e+02
2.365437530993835935e+02 3.451981695333194580e+02
2.355496423067399405e+02 3.450705557009732729e+02
2.345575024657552490e+02 3.449310770709781764e+02
2.335674846141487251e+02 3.447798580372744937e+02
2.325797499352980537e+02 3.446169801228958818e+02
2.315944419059601103e+02 3.444425475600876325e+02
2.306117187971403268e+02 3.442566256659210921e+02
2.296317232614196655e+02 3.440592878179615468e+02
2.286546033891079048e+02 3.438505911998614124e+02
2.276805133553168616e+02 3.436305664339853934e+02
2.267095903491292290e+02 3.433992507689098943e+02
2.257419843446996310e+02 3.431566599292368096e+02
2.247778423227516669e+02 3.429027949416349088e+02
2.238173113495718383e+02 3.426376428225105428e+02
2.228605391703360681e+02 3.423611756990931667e+02
2.219076745333387635e+02 3.420733500171118067e+02
2.209588672952843353e+02 3.417741065190886047e+02
2.200142686311894522e+02 3.414633696820839077e+02
2.190740312547704320e+02 3.411410470755387792e+02
2.181383307817295929e+02 3.408069967062926366e+02
2.172073583257307803e+02 3.404609587418839283e+02
2.162813701999062914e+02 3.401025989504099130e+02
2.153606110884879286e+02 3.397315762990058943e+02
2.144453736907678945e+02 3.393475206939333475e+02
2.135359322381650315e+02 3.389500623107634283e+02
2.126326085083670421e+02 3.385388124418155940e+02
2.117357355551463627e+02 3.381133674264470415e+02
2.108456678916570297e+02 3.376733116437992521e+02
2.099627825789607130e+02 3.372182186625267377e+02
2.090874802330829425e+02 3.367476527880039612e+02
2.082201887251792982e+02 3.362611685348532546e+02
2.073613747836958794e+02 3.357583019072342267e+02
2.065114992670391132e+02 3.352386067090582173e+02
2.056710977152522730e+02 3.347016113379635271e+02
2.048406872126500105e+02 3.341468721229836092e+02
2.040208513829280150e+02 3.335739328532489480e+02
2.032121808744664406e+02 3.329823599126920044e+02
2.024152954398955728e+02 3.323717422939391781e+02
2.016308448493818730e+02 3.317416880709963607e+02
2.008595015426188013e+02 3.310918372732313060e+02
2.001019583357553415e+02 3.304218694401679954e+02
