1.998664359310403142e+02 3.292731615188316709e+02
1.992319425191916196e+02 3.285093263629417493e+02
1.986285131422639267e+02 3.277207896252707542e+02
1.980560460194171810e+02 3.269097445936877762e+02
1.975142752254844538e+02 3.260783399143399492e+02
1.970027535125876170e+02 3.252286294324573532e+02
1.965208682490147112e+02 3.243625600766996513e+02
1.960678612916329087e+02 3.234819627114125637e+02
1.956428599983743766e+02 3.225885465711685924e+02
1.952448328921432790e+02 3.216838844118638008e+02
1.948727024929779361e+02 3.207694440687362203e+02
1.945252731237689545e+02 3.198465423639402729e+02
1.942013160909773148e+02 3.189163897638204048e+02
1.938995225347395035e+02 3.179800458456583101e+02
1.936185746827305820e+02 3.170384799165535128e+02
1.933571158854642249e+02 3.160925356490766944e+02
1.931137637740282855e+02 3.151429486961058615e+02
1.928871258054089992e+02 3.141903568349215448e+02
1.926758238058161510e+02 3.132352922603034244e+02
1.924784969607592018e+02 3.122781950947336327e+02
1.922937889416087103e+02 3.113194246259800479e+02
1.921203768034005179e+02 3.103592893090344091e+02
1.919569015213222372e+02 3.093979593747743593e+02
1.918020713296412225e+02 3.084356284896328475e+02
1.916545577883164810e+02 3.074723370432212732e+02
1.915130835665614484e+02 3.065081390055534030e+02
1.913763916946783183e+02 3.055430130538016442e+02
1.912432234228617460e+02 3.045768496401345828e+02
1.911124499140042303e+02 3.036095228160480701e+02
1.909839937098746532e+02 3.026407439336639413e+02
1.908584560423684593e+02 3.016701909216198487e+02
1.907364834711434867e+02 3.006976047411691297e+02
1.906187346469917543e+02 2.997227550389568478e+02
1.905058991779810640e+02 2.987454920317449591e+02
1.903987075013107244e+02 2.977657199517426534e+02
1.902979210665037613e+02 2.967833630348632710e+02
1.902043204879306586e+02 2.957984071058828022e+02
1.901187113149213417e+02 2.948108970085076521e+02
1.900418966226756652e+02 2.938208905471573189e+02
1.899747025187169527e+02 2.928285143227400340e+02
1.899180016271214697e+02 2.918339288448004254e+02
1.898726791043738729e+02 2.908373225546563958e+02
1.898396381528616246e+02 2.898389467574301079e+02
1.898197872273295843e+02 2.888390803178888291e+02
1.898140268879313055e+02 2.878380343176744418e+02
1.898232663029912430e+02 2.868361690599656413e+02
1.898484148188913423e+02 2.858338768117329209e+02
1.898903872615054809e+02 2.848315881537891983e+02
1.899500872977255028e+02 2.838297656441899903e+02
1.900284204914233328e+02 2.828289120113252579e+02
1.901262889178618138e+02 2.818295650390028868e+02
1.902445774952975057e+02 2.808322964927311318e+02
1.903841608320100818e+02 2.798377133324723900e+02
1.905459117229353296e+02 2.788464591483979689e+02
1.907306913015231373e+02 2.778592151694390964e+02
1.909393405153264780e+02 2.768766975048438326e+02
1.911720850742557900e+02 2.758995222521710957e+02
1.914282547333805553e+02 2.749281067575967654e+02
1.917071169112201119e+02 2.739628279682684138e+02
1.920079423922600483e+02 2.730040389996702288e+02
1.923300020854059653e+02 2.720520681259416165e+02
1.926725752330146975e+02 2.711072214827356106e+02
1.930349405388451487e+02 2.701697854324517607e+02
1.934163553252001861e+02 2.692400139304454001e+02
1.938161029023425499e+02 2.683181541475368590e+02
1.942334674782511570e+02 2.674044287611513369e+02
1.946677438079448166e+02 2.664990488215122468e+02
1.951182088621392268e+02 2.656021960915968521e+02
1.955841312953431839e+02 2.647140461798903743e+02
1.960647782916778681e+02 2.638347289490751564e+02
1.965594309555139034e+02 2.629643867660880119e+02
1.970673842097742750e+02 2.621031416424741565e+02
1.975879439925066947e+02 2.612511030311286504e+02
1.981204115036558449e+02 2.604082814065902198e+02
1.986640569776865561e+02 2.595745019133609048e+02
1.992181116646940495e+02 2.587496227696415190e+02
1.997818061324549603e+02 2.579334745538446327e+02
2.003543792833327473e+02 2.571258715591255850e+02
2.009351264418842220e+02 2.563265479265921272e+02
2.015233749234063225e+02 2.555352772844238416e+02
2.021184765858202468e+02 2.547517530464714639e+02
2.027197819968231443e+02 2.539756763606035292e+02
2.033266732562943844e+02 2.532066439733935397e+02
2.039385425733601096e+02 2.524442926157892657e+02
2.045548802974643081e+02 2.516882638403364467e+02
2.051752217535111242e+02 2.509381326523665336e+02
2.057990935349109236e+02 2.501934902557682676e+02
2.064260407456172004e+02 2.494538925947163079e+02
2.070556252993697512e+02 2.487188699681528021e+02
2.076874676250312177e+02 2.479879613663965472e+02
2.083212378113476575e+02 2.472607134847941097e+02
2.089566172431642883e+02 2.465366574768737848e+02
2.095932972858466314e+02 2.458153095074281111e+02
2.102309791037988020e+02 2.450961721139754843e+02
2.108693674953864843e+02 2.443787370537634729e+02
2.115081667120780935e+02 2.436624747475232766e+02
2.121470986112757089e+02 2.429468232914885277e+02
2.127858770976866367e+02 2.422312375418696320e+02
2.134242313713880606e+02 2.415151557017255470e+02
2.140618925657714158e+02 2.407980043451075289e+02
2.146985238122184967e+02 2.400791380200050753e+02
2.153337371419249564e+02 2.393578718236138059e+02
2.159671831857436075e+02 2.386334662300518232e+02
2.165984885625970549e+02 2.379052190552847890e+02
2.172273007080030709e+02 2.371724082406640264e+02
2.178531936389584303e+02 2.364342283655313963e+02
2.184755566175055890e+02 2.356896753192391145e+02
2.190937654713540326e+02 2.349377048422013843e+02
2.197072104429394699e+02 2.341772625705492885e+02
2.203152940112788372e+02 2.334072873087989137e+02
2.209175234440938880e+02 2.326267925191801851e+02
2.215142669006767164e+02 2.318357288360313362e+02
2.221063700141432378e+02 2.310346084349086482e+02
2.226946464789641595e+02 2.302239877930978196e+02
2.232798721710711902e+02 2.294044602413762277e+02
2.238627897934826763e+02 2.285766525005185201e+02
2.244442806217454347e+02 2.277414167500046176e+02
2.250255211136836806e+02 2.269000377734318192e+02
2.256076823365936548e+02 2.260538845296289594e+02
2.261918904304440616e+02 2.252043623430172374e+02
2.267792291735661365e+02 2.243529113732963367e+02
2.273707614867540769e+02 2.235010216071174511e+02
2.279676441648309719e+02 2.226503667983295998e+02
2.285710550780137851e+02 2.218027332488392744e+02
2.291821425160137551e+02 2.209599336534197107e+02
2.298020165953168430e+02 2.201237957756101480e+02
2.304317633957024327e+02 2.192961709335474154e+02
2.310723232901736708e+02 2.184787751810477801e+02
2.317244375067482736e+02 2.176730913521785453e+02
2.323888116270487956e+02 2.168805872046096113e+02
2.330661516102215103e+02 2.161027333161659385e+02
2.337571419768933083e+02 2.153410073169288808e+02
2.344624517637033989e+02 2.145968417633507670e+02
2.351825463223408974e+02 2.138714188715156581e+02
2.359178281006295492e+02 2.131658125353020523e+02
2.366687095863582897e+02 2.124810901222113557e+02
2.374356138637725735e+02 2.118183130508997181e+02
2.382189467663033327e+02 2.111785157181411989e+02
2.390184171736117662e+02 2.105617004288742748e+02
2.398327820190002910e+02 2.099664732881413443e+02
2.406607639619628287e+02 2.093913186557700499e+02
2.415011188934521442e+02 2.088346992634065771e+02
2.423526332295186592e+02 2.082950584754659644e+02
2.432141324546113310e+02 2.077708386836663976e+02
2.440845242982881302e+02 2.072605501196606781e+02
2.449627566633004108e+02 2.067627166128578153e+02
2.458477969157369785e+02 2.062758510783027646e+02
2.467386298519025729e+02 2.057984571386090238e+02
2.476343941725850755e+02 2.053290086253941524e+02
2.485344923789847087e+02 2.048659201753524144e+02
2.494379597432001390e+02 2.044077589300946727e+02
2.503437557312115587e+02 2.039531352476494988e+02
2.512508453947806686e+02 2.035006552416062391e+02
2.521581982866175622e+02 2.030489191211432853e+02
2.530647902741973780e+02 2.025965038372968081e+02
2.539695696405884178e+02 2.021419203624263616e+02
2.548714868251277323e+02 2.016836533753964034e+02
2.557695188060233704e+02 2.012201746806867675e+02
2.566626572907314312e+02 2.007499436907969823e+02
2.575499222554386733e+02 2.002714043065635394e+02
2.584303786207489111e+02 1.997830079662376761e+02
2.593031269382983055e+02 1.992832076403256281e+02
2.601673107193635701e+02 1.987704393067689637e+02
2.610221024179351730e+02 1.982431185746144706e+02
2.618667168323537453e+02 1.976996387690261940e+02
2.627008294328604165e+02 1.971390350027379270e+02
2.635255152099016414e+02 1.965625365577301409e+02
2.643421455963573976e+02 1.959718404249211119e+02
2.651520817122569724e+02 1.953686549932782270e+02
2.659566720997446510e+02 1.947546992240447992e+02
2.667572630413289971e+02 1.941317094952339346e+02
2.675552094963786089e+02 1.935014825609023319e+02
2.683518609848034657e+02 1.928658662172963716e+02
2.691485546973061105e+02 1.922267285879995029e+02
2.699466016434955691e+02 1.915859624933265195e+02
2.707472869417086940e+02 1.909454861456355843e+02
2.715518299593948086e+02 1.903072062580645820e+02
2.723613687018884093e+02 1.896729455923523915e+02
2.731769915090461609e+02 1.890445399432252884e+02
2.739997472760837809e+02 1.884238558193182485e+02
2.748306412078848666e+02 1.878127922510317376e+02
2.756706209177485789e+02 1.872132642488119814e+02
2.765204741533588049e+02 1.866270089406160366e+02
2.773808691948415799e+02 1.860556592841455199e+02
2.782524280058825070e+02 1.855008783966912347e+02
2.791357120581685649e+02 1.849643664734007871e+02
2.800312022686621845e+02 1.844478625961377816e+02
2.809393405545429232e+02 1.839531402476241908e+02
2.818605316359330573e+02 1.834820236737606365e+02
2.827949967262655946e+02 1.830364023896977983e+02
2.837430086397149580e+02 1.826181663367851229e+02
2.847046124496670814e+02 1.822292821773025651e+02
2.856798283481368799e+02 1.818715558410301298e+02
2.866678453745383308e+02 1.815453700694480403e+02
2.876676222054525738e+02 1.812502824392242644e+02
2.886780714669840791e+02 1.809858531853499244e+02
2.896980857722568885e+02 1.807516380637799500e+02
2.907265364745928764e+02 1.805471819781572833e+02
2.917622954342235744e+02 1.803719548952429932e+02
2.928041865536578143e+02 1.802253097891398284e+02
2.938510387332152618e+02 1.801065694167699576e+02
2.949016946470587754e+02 1.800150370733503280e+02
2.959549783240726697e+02 1.799499911445065550e+02
2.970097489505500334e+02 1.799106282616611736e+02
2.980648135450916811e+02 1.798957654699339059e+02
2.991189615198189813e+02 1.799040253045423867e+02
3.001710656176239809e+02 1.799339830691527027e+02
3.012200879494430410e+02 1.799841788742386655e+02
3.022650487050208881e+02 1.800531028460687821e+02
3.033050723110378044e+02 1.801391459469284371e+02
3.043393846608995545e+02 1.802405882155316021e+02
3.053673165449833391e+02 1.803556385421867105e+02
3.063883532615888043e+02 1.804824757599035365e+02
3.074021202992558415e+02 1.806192449125628343e+02
3.084084037801914633e+02 1.807641010103177450e+02
3.094071740992607715e+02 1.809154084461177661e+02
3.103985526504180257e+02 1.810716073014907863e+02
3.113828211249924038e+02 1.812311241220332647e+02
3.123604253041752941e+02 1.813923792619194444e+02
3.133319789720260360e+02 1.815538278866385156e+02
3.142981885069055465e+02 1.817151221397325855e+02
3.152597475272633005e+02 1.818773920709335243e+02
3.162172688679268617e+02 1.820418691016289472e+02
3.171713014756716120e+02 1.822097880212159282e+02
3.181225072462819412e+02 1.823823096762155842e+02
3.190719087482105465e+02 1.825603375650002249e+02
3.200200471104857911e+02 1.827445744006028292e+02
3.209671734773638150e+02 1.829357067752411865e+02
3.219135455611903467e+02 1.831344249708605219e+02
3.228592536018007877e+02 1.833414304774749439e+02
3.238043843167814657e+02 1.835574225364465804e+02
3.247488538698094089e+02 1.837831020606583081e+02
3.256926045062291450e+02 1.840191604821549447e+02
3.266354443054588614e+02 1.842662765836178949e+02
3.275771280901204250e+02 1.845251261921200410e+02
3.285173513365672875e+02 1.847963752314871044e+02
3.294557462517948920e+02 1.850806847181960677e+02
3.303918752482076115e+02 1.853787309845881168e+02
3.313252412833492144e+02 1.856911802339479038e+02
3.322552934416223138e+02 1.860186799349041564e+02
3.331814298186644692e+02 1.863618576113496488e+02
3.341029994774081615e+02 1.867213206657742717e+02
3.350192807025172783e+02 1.870976756862890227e+02
3.359295485195568745e+02 1.874915092637066323e+02
3.368329842748177043e+02 1.879033838379363317e+02
3.377287533267719368e+02 1.883338421900290598e+02
3.386159794902480940e+02 1.887833970691256695e+02
3.394938597204364328e+02 1.892523491534868754e+02
3.403619079062900141e+02 1.897404263929019521e+02
3.412197362310449194e+02 1.902472426825794400e+02
3.420669517448110355e+02 1.907724175118823666e+02
3.429031725610258832e+02 1.913155817223989459e+02
3.437280475903302772e+02 1.918763591582354024e+02
3.445412255078396129e+02 1.924543744767640874e+02
3.453423703935549725e+02 1.930492547494783366e+02
3.461311561565716488e+02 1.936606299583719135e+02
3.469072655660061741e+02 1.942881328094116213e+02
3.476703894914924149e+02 1.949313985180373550e+02
3.484202271758088614e+02 1.955900633916841400e+02
3.491564871397394541e+02 1.962637628927825233e+02
3.498788845820958500e+02 1.969521339106563005e+02
3.505871404148277861e+02 1.976548148826197462e+02
3.512809785152309132e+02 1.983714462442461581e+02
3.519601257242018164e+02 1.991016698230759516e+02
3.526243318113063197e+02 1.998451187489181962e+02
3.532733449339871186e+02 2.006014212017125260e+02
3.539069178127392661e+02 2.013702075267623570e+02
3.545247951496648966e+02 2.021511088780587215e+02
3.551267565921168625e+02 2.029437586851990432e+02
3.557125729130777927e+02 2.037477683168196450e+02
3.562820283429390429e+02 2.045627295438605699e+02
3.568349617031034882e+02 2.053882458671604070e+02
3.573711772893830130e+02 2.062238983540328832e+02
3.578904791241700991e+02 2.070692739004615817e+02
3.583927975120408291e+02 2.079239190817188216e+02
3.588786451643699706e+02 2.087868669338848804e+02
3.593489372173835363e+02 2.096569973542314926e+02
3.598046046281770032e+02 2.105332159269234467e+02
3.602466123172077914e+02 2.114144841821666034e+02
3.606760096057736860e+02 2.122998537102588728e+02
3.610937475973314577e+02 2.131883995381251395e+02
3.615008347548535426e+02 2.140794137419276240e+02
3.618981812688188597e+02 2.149721271932187676e+02
3.622868334736008364e+02 2.158659418745961034e+02
3.626677795980394876e+02 2.167602186879614976e+02
3.630420792900493439e+02 2.176544588024608515e+02
3.634106857850292158e+02 2.185482315443009043e+02
3.637745402066515794e+02 2.194411963322678503e+02
3.641347561331230054e+02 2.203332290996560516e+02
3.644925553988633169e+02 2.212242945215521104e+02
3.648491314522477751e+02 2.221142818111250392e+02
3.652055852944296817e+02 2.230029438105876523e+02
3.655631892885485286e+02 2.238902697042291265e+02
3.659230923332784187e+02 2.247761008970188072e+02
3.662865561193324311e+02 2.256605193945259487e+02
3.666547698614626825e+02 2.265435361139058159e+02
3.670290267860521567e+02 2.274252604729988434e+02
3.674110159578052617e+02 2.283057452335251298e+02
3.678024947478261311e+02 2.291849885546359644e+02
3.682053188368411156e+02 2.300632502478326558e+02
3.686212653841345741e+02 2.309407254250584458e+02
3.690520893357029877e+02 2.318178000930686551e+02
3.694980122523888895e+02 2.326954113130374822e+02
3.699573938282833865e+02 2.335749190510045992e+02
3.704284535495468731e+02 2.344576731467738284e+02
3.709093684668377477e+02 2.353449451321398840e+02
3.713982450997224305e+02 2.362378804817287516e+02
3.718929357108218596e+02 2.371375902402230906e+02
3.723903955038769595e+02 2.380452698850920683e+02
3.728872913580764248e+02 2.389619888409327189e+02
3.733802336737974201e+02 2.398886506699595031e+02
3.738657857508762845e+02 2.408259951319518279e+02
3.743404695633857386e+02 2.417745904304732107e+02
3.748008055417594733e+02 2.427348255437696025e+02
3.752433166862111307e+02 2.437069090130068219e+02
3.756645005139971545e+02 2.446908702636799546e+02
3.760608331781813831e+02 2.456865551661592804e+02
3.764287753182305210e+02 2.466936209869270158e+02
3.767650519041806092e+02 2.477115177467654235e+02
3.770673276240527230e+02 2.487394804801754731e+02
3.773334753158521835e+02 2.497766077081523690e+02
3.775613704305692977e+02 2.508218978966542920e+02
3.777489124907368705e+02 2.518741678310205998e+02
3.778940366170958782e+02 2.529321146590118587e+02
3.779948525120595377e+02 2.539943778802139320e+02
3.780496587051773645e+02 2.550593450620336853e+02
3.780567788652025456e+02 2.561253818919744845e+02
3.780145902885626583e+02 2.571906528241173646e+02
3.779215070667597729e+02 2.582532439647712863e+02
3.777767945693981346e+02 2.593110908589894166e+02
3.775818766817795904e+02 2.603624727216807173e+02
3.773386092614536551e+02 2.614056720845650261e+02
3.770488958086586422e+02 2.624390513702294925e+02
3.767146643628837523e+02 2.634610962863566215e+02
3.763378963746680483e+02 2.644703457968410021e+02
3.759207427902896939e+02 2.654654525923906476e+02
3.754654747152267760e+02 2.664451881517564971e+02
3.749743930158247167e+02 2.674084323018059308e+02
3.744498232378986131e+02 2.683541783530309885e+02
3.738941128740797240e+02 2.692815393677126963e+02
3.733099120674575602e+02 2.701898727727585197e+02
3.727005873876219084e+02 2.710788958124307442e+02
3.720695670342662424e+02 2.719486113136004519e+02
3.714202070564325595e+02 2.727992778950420529e+02
3.707558519184794363e+02 2.736313480920081247e+02
3.700797453910506079e+02 2.744455675129140104e+02
3.693950618988615133e+02 2.752429263790867253e+02
3.687049123644650308e+02 2.760247036777327594e+02
3.680126159413898108e+02 2.767927367172376307e+02
3.673213606630916956e+02 2.775495367326013252e+02
3.666341487347058887e+02 2.782979734951344426e+02
3.659536256649154780e+02 2.790410116928883895e+02
3.652819715075170279e+02 2.797816321995823046e+02
3.646211855087597655e+02 2.805229287057766214e+02
3.639731196739678012e+02 2.812680638554455754e+02
3.633394828253975675e+02 2.820203615741053795e+02
3.627215389980002556e+02 2.827828621474621400e+02
3.621179730181188461e+02 2.835567555547510210e+02
3.615264469177222395e+02 2.843420858496032793e+02
3.609447091351651693e+02 2.851387525797738931e+02
3.603706491928557512e+02 2.859463777368213186e+02
3.598022565505834223e+02 2.867644357427807904e+02
3.592375994673297441e+02 2.875921685510643329e+02
3.586747874640262239e+02 2.884285758402338615e+02
3.581120400062939098e+02 2.892725053213929982e+02
3.575476912673364609e+02 2.901226691545819563e+02
3.569801892743545295e+02 2.909776641307486216e+02
3.564080566402903401e+02 2.918359472422081922e+02
3.558297502890169426e+02 2.926957050508214024e+02
3.552437701407085342e+02 2.935549687472283722e+02
3.546487108311586098e+02 2.944116883002874374e+02
3.540432494818856526e+02 2.952637438311909364e+02
3.534261412858393214e+02 2.961089597055093918e+02
3.527963427519311495e+02 2.969452889539768989e+02
3.521530891128327312e+02 2.977708639793246448e+02
3.514956111710371829e+02 2.985838319822702260e+02
3.508232165657766473e+02 2.993822964902013268e+02
3.501352008289265996e+02 3.001643655343225987e+02
3.494309749504070624e+02 3.009281961224120892e+02
3.487101850503881906e+02 3.016723438437880986e+02
3.479726303975642168e+02 3.023954456959212962e+02
3.472180392705067788e+02 3.030961828181691544e+02
3.464461318662152394e+02 3.037732371886039004e+02
3.456566812249480449e+02 3.044253322279537883e+02
3.448502512220291578e+02 3.050524365087800334e+02
3.440282682866332493e+02 3.056558389573079921e+02
3.431921340379029743e+02 3.062369365118522637e+02
3.423431805645045074e+02 3.067971686956996109e+02
3.414826917919926927e+02 3.073380063974622090e+02
3.406118533684661998e+02 3.078609106038389882e+02
3.397316773968320831e+02 3.083671801824982595e+02
3.388431041400051527e+02 3.088580910424364561e+02
3.379470360392645034e+02 3.093349397291773926e+02
3.370443416127266687e+02 3.097990410888811539e+02
3.361358634816782001e+02 3.102517325543484503e+02
3.352224965602299562e+02 3.106944862888541365e+02
3.343051823024368332e+02 3.111288943069463357e+02
3.333848450624096245e+02 3.115565633699194450e+02
3.324623938811986363e+02 3.119791092206139638e+02
3.315387278621489031e+02 3.123981543629390103e+02
3.306147714237282003e+02 3.128153774526095958e+02
3.296915508075817911e+02 3.132326190579519789e+02
3.287700654551082948e+02 3.136517559299093705e+02
3.278508201722909234e+02 3.140746624423018147e+02
3.269344901848874656e+02 3.145028917913092528e+02
3.260220436237046329e+02 3.149378016785099135e+02
3.251144612050435967e+02 3.153807591501958996e+02
3.242127248111793847e+02 3.158331428179191107e+02
3.233178086573612404e+02 3.162963345618833273e+02
3.224306774726892968e+02 3.167717208201892163e+02
3.215522821924132018e+02 3.172606929773366460e+02
3.206831506685465456e+02 3.177640249384752451e+02
3.198227492322176886e+02 3.182808977351153317e+02
3.189703668421412317e+02 3.188102459690277897e+02
3.181252826038769399e+02 3.193510095295879978e+02
3.172867652729987071e+02 3.199021325047441451e+02
3.164540757076665614e+02 3.204625602289270319e+02
3.156264554379330320e+02 3.210312203566001585e+02
3.148031315392857437e+02 3.216070288625079456e+02
3.139833322927028121e+02 3.221889016359676248e+02
3.131662797335160349e+02 3.227757537895355995e+02
3.123511990156690104e+02 3.233664972260253307e+02
3.115373201671636707e+02 3.239600434419793373e+02
3.107238776330457313e+02 3.245553048479866334e+02
3.099101097659972197e+02 3.251511879862839010e+02
3.090952697463631580e+02 3.257465920087706195e+02
3.082786139573691457e+02 3.263404101724125894e+02
3.074594136378491953e+02 3.269315294880267970e+02
3.066369723986586564e+02 3.275188585453067276e+02
3.058106178353285145e+02 3.281013111696460669e+02
3.049796929555934071e+02 3.286777896373653789e+02
3.041435637904123723e+02 3.292471830923942662e+02
3.033016122133466865e+02 3.298083690663175958e+02
3.024532505842170735e+02 3.303602210791191851e+02
3.015979267900116838e+02 3.309016169949197774e+02
3.007351161356575631e+02 3.314314212561147883e+02
2.998643223854662665e+02 3.319484823909468787e+02
2.989850799511303876e+02 3.324516324907802414e+02
2.980970352300062700e+02 3.329398316053401459e+02
2.972003955932109420e+02 3.334130055033439248e+02
2.962955964577994905e+02 3.338714836044309777e+02
2.953830725331806661e+02 3.343155986856279469e+02
2.944632682148229605e+02 3.347456849505184096e+02
2.935366199189730310e+02 3.351620831278909236e+02
2.926035638259509142e+02 3.355651349239855108e+02
2.916645320915831689e+02 3.359551839529163999e+02
2.907199535504823302e+02 3.363325800124071634e+02
2.897702527391032845e+02 3.366976802287963437e+02
2.888158487383541342e+02 3.370508498945977749e+02
2.878571520497706047e+02 3.373924688070101752e+02
2.868945938993179539e+02 3.377229610007192377e+02
2.859285886828687921e+02 3.380427761303918714e+02
2.849595417409558422e+02 3.383523741780466594e+02
2.839878451290735484e+02 3.386522275894811855e+02
2.830138762135034085e+02 3.389428224299986141e+02
2.820380022580106356e+02 3.392246738819335974e+02
2.810605795004721017e+02 3.394983298489816548e+02
2.800819429012136084e+02 3.397643532361020675e+02
2.791024095171238173e+02 3.400233237337920400e+02
2.781222701378166562e+02 3.402758366088032744e+02
2.771417910412746437e+02 3.405225008438632699e+02
2.761612111931876257e+02 3.407639355806800836e+02
2.751807422640232517e+02 3.410007738385930338e+02
2.742005679961525288e+02 3.412336637411900711e+02
2.732208423866669591e+02 3.414632663103848813e+02
2.722416827916474062e+02 3.416902325199219490e+02
2.712630054467314835e+02 3.419146338024904708e+02
2.702845564305000607e+02 3.421359593690374936e+02
2.693060918509416410e+02 3.423536732972798404e+02
2.683273857269412588e+02 3.425672332941197169e+02
2.673482312957610816e+02 3.427761053206326665e+02
2.663684422818704434e+02 3.429797572323867598e+02
2.653878534051739280e+02 3.431776400739758515e+02
2.644063162882442271e+02 3.433692344590973562e+02
2.634237110562843895e+02 3.435539907011627179e+02
2.624399309119199870e+02 3.437313895588603145e+02
2.614548985695390684e+02 3.439008986736080828e+02
2.604685562823119085e+02 3.440619842827826460e+02
2.594808653519042991e+02 3.442141314870166298e+02
2.584918143749960109e+02 3.443568203874773417e+02
2.575014115640776708e+02 3.444895380843279895e+02
2.565096807610048018e+02 3.446118160529817942e+02
2.555166727709903682e+02 3.447232160437611697e+02
2.545224696210616742e+02 3.448232837661773829e+02
2.535271715207846341e+02 3.449115490125443557e+02
2.525308933627185581e+02 3.449875401381630695e+02
2.515337732580979946e+02 3.450507669174917282e+02
2.505359689880376379e+02 3.451007198488175050e+02
2.495376489791559607e+02 3.451369036808116562e+02
2.485390175033903120e+02 3.451587893817045938e+02
2.475402827331261904e+02 3.451658654502134027e+02
2.465416940909930190e+02 3.451575867449564612e+02
2.455435033234419677e+02 3.451334291822776663e+02
2.445460106505551323e+02 3.450931346682035610e+02
2.435495003517067403e+02 3.450371645990748561e+02
2.425542585261571844e+02 3.449660616753740783e+02
2.415605455264781085e+02 3.448803637934700532e+02
2.405685953348524322e+02 3.447806134612901587e+02
2.395786475880502735e+02 3.446673268507229295e+02
2.385908915277291840e+02 3.445410315438309112e+02
2.376055275678257033e+02 3.444022340133081457e+02
2.366227291664692132e+02 3.442514320578152933e+02
2.356426383794705259e+02 3.440891255918609204e+02
2.346654182577187271e+02 3.439157861318770415e+02
2.336911549641890815e+02 3.437318925452778444e+02
2.327199965071136489e+02 3.435378743006389755e+02
2.317519865950941096e+02 3.433341723568508428e+02
2.307872375394845221e+02 3.431211959599369266e+02
2.298257737788690349e+02 3.428993524314273600e+02
2.288676372925159797e+02 3.426690322238731596e+02
2.279128724240943882e+02 3.424305841076449610e+02
2.269614458065347264e+02 3.421843446425222623e+02
2.260133569933045692e+02 3.419306310783010190e+02
2.250685705245492159e+02 3.416697379563717050e+02
2.241270287510135688e+02 3.414019387049197576e+02
2.231886507202684982e+02 3.411274884770409130e+02
2.222533299925151766e+02 3.408466247320845355e+02
2.213209348352725954e+02 3.405595584516924532e+02
2.203913071062179085e+02 3.402664710512342481e+02
2.194642609469088939e+02 3.399675116789145477e+02
2.185396603195518139e+02 3.396626587991113979e+02
2.176175575453420947e+02 3.393510654682582981e+02
2.166982489112126871e+02 3.390315752035035644e+02
2.157820111881378580e+02 3.387030124165442544e+02
2.148692545640411424e+02 3.383641971958803083e+02
2.139603615000177399e+02 3.380139374054219275e+02
2.130558580062539704e+02 3.376510429768454173e+02
2.121563209525140792e+02 3.372743044335195464e+02
2.112624034278357499e+02 3.368825198223955226e+02
2.103748385285171594e+02 3.364745012389494718e+02
2.094944434201455579e+02 3.360490813927379463e+02
2.086221303713759880e+02 3.356051158684147140e+02
2.077589372759542812e+02 3.351414692080284681e+02
2.069059388632220760e+02 3.346570475773718840e+02
2.060644079341637678e+02 3.341508229808352439e+02
2.052356187282686903e+02 3.336218254073253888e+02
2.044210336201093128e+02 3.330691813401862191e+02
2.036221636755645363e+02 3.324921015437974461e+02
2.028406302816506752e+02 3.318899204419409443e+02
2.020781568696299644e+02 3.312620987291608117e+02
2.013365479979819099e+02 3.306082379018567394e+02
2.006176842024034670e+02 3.299280989984954999e+02
