1.949294764633472141e+02 3.337318852027844969e+02
1.941626441153607061e+02 3.328233312045829280e+02
1.934253636996043326e+02 3.318933817729544558e+02
1.927186208615757437e+02 3.309442412147367918e+02
1.920426451631991540e+02 3.299774120317259758e+02
1.913975406857201449e+02 3.289943677789995036e+02
1.907832970471562248e+02 3.279965407600309959e+02
1.901997951707484731e+02 3.269852966444714184e+02
1.896468039538664812e+02 3.259618702846836982e+02
1.891241326317058622e+02 3.249277070146910091e+02
1.886313491228668227e+02 3.238838015835291912e+02
1.881681109195572503e+02 3.228313829462622380e+02
1.877339490576776768e+02 3.217713815590394120e+02
1.873284742216250152e+02 3.207048895801669914e+02
1.869511958953028170e+02 3.196327048061080518e+02
1.866016542374988489e+02 3.185556638256441033e+02
1.862793821363348457e+02 3.174745580438712409e+02
1.859839042529717403e+02 3.163901030593931409e+02
1.857147726503096692e+02 3.153029740722993211e+02
1.854715592921104133e+02 3.142137915787569682e+02
1.852538450166936457e+02 3.131231333308003286e+02
1.850612161314093100e+02 3.120314316396034542e+02
1.848933101188745525e+02 3.109393615067335759e+02
1.847497492692842229e+02 3.098472144557309775e+02
1.846302673477538292e+02 3.087555861829368382e+02
1.845345887811268710e+02 3.076647944315610061e+02
1.844624785919538112e+02 3.065752089245913794e+02
1.844137203907507399e+02 3.054873051958008432e+02
1.843880633457246745e+02 3.044014118344866233e+02
1.843848382227871809e+02 3.033179402005497423e+02
1.844031115964509695e+02 3.022372838556336774e+02
1.844419632980914798e+02 3.011597681277622200e+02
1.845004817090500069e+02 3.000857549268110915e+02
1.845777683583591227e+02 2.990154789811285809e+02
1.846728813937233440e+02 2.979491212313649839e+02
1.847847386545966231e+02 2.968869117424671344e+02
1.849122517928416869e+02 2.958289919120095419e+02
1.850543612409659602e+02 2.947754120192629443e+02
1.852100111585317279e+02 2.937262841911422697e+02
1.853781611579435946e+02 2.926815890069406692e+02
1.855576916064648287e+02 2.916412907751683292e+02
1.857474330648956027e+02 2.906053675952180129e+02
1.859462521192608619e+02 2.895736639501759555e+02
1.861530337710875358e+02 2.885460323544067478e+02
1.863666677272675543e+02 2.875223233827967988e+02
1.865860629687045105e+02 2.865022877634152110e+02
1.868101229288882337e+02 2.854856639961727751e+02
1.870377772509666556e+02 2.844721398985507790e+02
1.872679610860844264e+02 2.834614115843586433e+02
1.874996406481160420e+02 2.824530998703707496e+02
1.877318121913622235e+02 2.814468019021654186e+02
1.879635447297713426e+02 2.804420930899096902e+02
1.881939519853942500e+02 2.794385218793015042e+02
1.884221770272629328e+02 2.784355991182353591e+02
1.886473791639613182e+02 2.774328245781628084e+02
1.888687600652430092e+02 2.764296613723633413e+02
1.890863853607516489e+02 2.754257256485432777e+02
1.893015606483752720e+02 2.744209351738783766e+02
1.895157015856121347e+02 2.734152806312631583e+02
1.897302228410640623e+02 2.724088260836444988e+02
1.899465332859067814e+02 2.714017030099432191e+02
1.901660545054432419e+02 2.703940758046010728e+02
1.903902210157988861e+02 2.693861489431265568e+02
1.906204149316413350e+02 2.683782685382228692e+02
1.908580704165308930e+02 2.673707316697575607e+02
1.911045884576023468e+02 2.663639657442935800e+02
1.913613793758181316e+02 2.653584237763160445e+02
1.916297770233343272e+02 2.643546224054096569e+02
1.919110765276776931e+02 2.633530555714003754e+02
1.922065087937985197e+02 2.623543659894091888e+02
1.925173430381678088e+02 2.613591668489351605e+02
1.928448284262670995e+02 2.603681654715036302e+02
1.931901862069411493e+02 2.593821251837075010e+02
1.935544354978128467e+02 2.584019732220753554e+02
1.939383492776070739e+02 2.574288590163851040e+02
1.943427412405001178e+02 2.564637393385592077e+02
1.947683977593450493e+02 2.555075768746231972e+02
1.952160916100212660e+02 2.545613467426506702e+02
1.956865688726175563e+02 2.536261843393849631e+02
1.961806627017145388e+02 2.527032185135478528e+02
1.966991193538851519e+02 2.517936830474836256e+02
1.972426748091747299e+02 2.508987971616882362e+02
1.978119549406131341e+02 2.500198904894859311e+02
1.984072536997057910e+02 2.491580519704268397e+02
1.990276086062393404e+02 2.483136654037347455e+02
1.996717412256756461e+02 2.474869348007729002e+02
2.003384119820505305e+02 2.466779574191868676e+02
2.010263847539944209e+02 2.458867802499440813e+02
2.017344266389005725e+02 2.451133855742561991e+02
2.024611955080512189e+02 2.443576066195894612e+02
2.032052669851148323e+02 2.436191350277299250e+02
2.039652409919011973e+02 2.428975891085643752e+02
2.047397472960318510e+02 2.421925178658195819e+02
2.055274474191042202e+02 2.415034030547268458e+02
2.063269654223128953e+02 2.408296036163344240e+02
2.071367474582877151e+02 2.401702433768771527e+02
2.079552380797378817e+02 2.395243451473367031e+02
2.087809393915631517e+02 2.388908545303281983e+02
2.096123991493224992e+02 2.382686549465568930e+02
2.104482118577427343e+02 2.376565663021360422e+02
2.112869966044086993e+02 2.370533293115585423e+02
2.121274078293420189e+02 2.364576172673015719e+02
2.129681404257640622e+02 2.358680473647044664e+02
2.138079420875512540e+02 2.352831900624980790e+02
2.146456057861080353e+02 2.347015736806256427e+02
2.154800267347855538e+02 2.341217434630092384e+02
2.163102792916874364e+02 2.335423484742289872e+02
2.171354920819299537e+02 2.329620330118885931e+02
2.179548250434805539e+02 2.323794200363076641e+02
2.187674673196956405e+02 2.317931149768538432e+02
2.195727177337735441e+02 2.312017881782611539e+02
2.203707029727266615e+02 2.306049736150740443e+02
2.211620090345625158e+02 2.300027264824604174e+02
2.219472058968681552e+02 2.293951373662901574e+02
2.227268414806671331e+02 2.287823259797436037e+02
2.235014427700595547e+02 2.281644379307659563e+02
2.242714897659313635e+02 2.275416093963214621e+02
2.250373863943043773e+02 2.269139401732608974e+02
2.257995137523865878e+02 2.262815422357756745e+02
2.265582359394027776e+02 2.256445469045940797e+02
2.273138995189682987e+02 2.250031062110440132e+02
2.280668335776077527e+02 2.243573861423161588e+02
2.288173361181540599e+02 2.237075317555092226e+02
2.295656706913842413e+02 2.230537031741399403e+02
2.303120896371746937e+02 2.223960773489178848e+02
2.310568453583930193e+02 2.217348220362823383e+02
2.318001587102905603e+02 2.210701437671243070e+02
2.325422601191520471e+02 2.204022466313898292e+02
2.332833670526606511e+02 2.197313679341613408e+02
2.340236936997642658e+02 2.190577470596517458e+02
2.347634388292525216e+02 2.183816422593839945e+02
2.355027993022682722e+02 2.177033078814018268e+02
2.362419592707886693e+02 2.170230245125417810e+02
2.369811252197972351e+02 2.163411016829120399e+02
2.377205014131087637e+02 2.156578713703890173e+02
2.384602856257902204e+02 2.149736733459597247e+02
2.392006708192987787e+02 2.142888540470544854e+02
2.399418451110539081e+02 2.136037613129288388e+02
2.406839967147275559e+02 2.129187594423094367e+02
2.414273191796135904e+02 2.122342281933462971e+02
2.421720034645512669e+02 2.115505519340628098e+02
2.429182380426669283e+02 2.108681183419647027e+02
2.436662096436383536e+02 2.101873179135954217e+02
2.444161024741758013e+02 2.095085413117315341e+02
2.451680927765665103e+02 2.088321699451173004e+02
2.459223548253743559e+02 2.081585830769682275e+02
2.466790640450100227e+02 2.074881609429330069e+02
2.474383978461548281e+02 2.068212844023937578e+02
2.482006241642784801e+02 2.061583507415233782e+02
2.489662719460807807e+02 2.054998014894029836e+02
2.497357849723115066e+02 2.048461530571947833e+02
2.505095684566807961e+02 2.041979462936716345e+02
2.512880205779708831e+02 2.035557270188986365e+02
2.520715280743570759e+02 2.029200466345000393e+02
2.528604705251112534e+02 2.022914554096040263e+02
2.536552018344233375e+02 2.016704878045661076e+02
2.544560569487855162e+02 2.010576798098778966e+02
2.552633717937046924e+02 2.004535721023822816e+02
2.560774610618180418e+02 1.998587171856097200e+02
2.568986336094909575e+02 1.992736741465014347e+02
2.577272022391548489e+02 1.986990253057587950e+02
2.585634584424992681e+02 1.981353807874559720e+02
2.594077022613502663e+02 1.975833547158420345e+02
2.602602004633280330e+02 1.970435794987946281e+02
2.611212123279631214e+02 1.965166948108686427e+02
2.619908565418596709e+02 1.960031416990810271e+02
2.628687774690505421e+02 1.955026717448738225e+02
2.637545494600955180e+02 1.950148851260529170e+02
2.646477337954834752e+02 1.945393908156142686e+02
2.655478869101547730e+02 1.940757988200471686e+02
2.664545788221986982e+02 1.936237165245192955e+02
2.673673645649969330e+02 1.931827399351017505e+02
2.682857864001766188e+02 1.927524521961802577e+02
2.692094017160959538e+02 1.923324330344586883e+02
2.701377694027712550e+02 1.919222646704818658e+02
2.710704552591522543e+02 1.915215296684977488e+02
2.720070153256206709e+02 1.911297941684919124e+02
2.729470010747518813e+02 1.907465806674407247e+02
2.738899676224355062e+02 1.903714041101755186e+02
2.748354818434209506e+02 1.900037763896601177e+02
2.757831237791166359e+02 1.896432058827036258e+02
2.767324877743089928e+02 1.892891962918520221e+02
2.776831803472608726e+02 1.889412387306510368e+02
2.786348236183417271e+02 1.885988140342022916e+02
2.795870609287618436e+02 1.882613991648318574e+02
2.805395570873015458e+02 1.879284658929791192e+02
2.814919993572052590e+02 1.875994749123956069e+02
2.824441077699131597e+02 1.872738929192642843e+02
2.833956419316074289e+02 1.869512133897893307e+02
2.843463917351734835e+02 1.866309050986273519e+02
2.852961773289925986e+02 1.863124539393670602e+02
2.862448596062942556e+02 1.859953167208600462e+02
2.871923651609631065e+02 1.856790619304052541e+02
2.881389886781096834e+02 1.853640514849419105e+02
2.890851824247666855e+02 1.850511160471682217e+02
2.900313896135614300e+02 1.847411071499691957e+02
2.909780370843424180e+02 1.844348922142621063e+02
2.919255328769949074e+02 1.841333512848768805e+02
2.928742570630795967e+02 1.838373836072401275e+02
2.938245650007107770e+02 1.835478974734820667e+02
2.947767842885618279e+02 1.832658198967182557e+02
2.957312120836751888e+02 1.829920996762939183e+02
2.966881187778917592e+02 1.827276924893085379e+02
2.976477313957278170e+02 1.824735770747082881e+02
2.986102367297282285e+02 1.822307579608559251e+02
2.995757878629328275e+02 1.820002445039865222e+02
3.005444864230942699e+02 1.817830603453547553e+02
3.015163795946817231e+02 1.815802519081204593e+02
3.024914714194968610e+02 1.813928623289077109e+02
3.034697015308060486e+02 1.812219468721080489e+02
3.044509444172907706e+02 1.810685822623895262e+02
3.054350277451525812e+02 1.809338194468492702e+02
3.064216934748208132e+02 1.808187218639266689e+02
3.074106191862368860e+02 1.807243466235836422e+02
3.084014103553726613e+02 1.806517380183051102e+02
3.093936014325457791e+02 1.806019114158828529e+02
3.103866430356145543e+02 1.805758653590171150e+02
3.113799117960295462e+02 1.805745683185668611e+02
3.123727070424150725e+02 1.805989527937572916e+02
3.133642521846036288e+02 1.806498928247992808e+02
3.143537256208487065e+02 1.807276413396678265e+02
3.153403483268684226e+02 1.808316647829201997e+02
3.163233814520425540e+02 1.809613373827122018e+02
3.173021394990839781e+02 1.811159864151528041e+02
3.182760733967789406e+02 1.812948054200206229e+02
3.192449160593073429e+02 1.814966718243303490e+02
3.202083685261436585e+02 1.817203727487693357e+02
3.211661401119155812e+02 1.819647194658774936e+02
3.221180656575857029e+02 1.822285175349629469e+02
3.230640205503526659e+02 1.825106009172138499e+02
3.240039952954259093e+02 1.828098091435719539e+02
3.249379970479098461e+02 1.831250273524915713e+02
3.258661539831137475e+02 1.834551596522117336e+02
3.267886193960630408e+02 1.837991383217203349e+02
3.277056109335727001e+02 1.841559281081050301e+02
3.286174029554744607e+02 1.845245243863535620e+02
3.295243204060362245e+02 1.849039545655768961e+02
3.304267347221352225e+02 1.852932811551934833e+02
3.313250613907213733e+02 1.856916006786472622e+02
3.322197572947633262e+02 1.860980438563391886e+02
3.331113180254644703e+02 1.865117762732062658e+02
3.340002754876570066e+02 1.869319979180140479e+02
3.348871837605560700e+02 1.873579303045909228e+02
3.357726969666928198e+02 1.877888117590841262e+02
3.366574384202000942e+02 1.882239117072666943e+02
3.375420938912084239e+02 1.886625474587260385e+02
3.384273740695065271e+02 1.891040712286125824e+02
3.393138422792562210e+02 1.895481548998013182e+02
3.402015229567693382e+02 1.899953554918713508e+02
3.410903233220773814e+02 1.904463841421927555e+02
3.419800737568036766e+02 1.909019394030893864e+02
3.428705589765675086e+02 1.913627191421250586e+02
3.437615362868822899e+02 1.918294049527519292e+02
3.446526625026328929e+02 1.923027196938069778e+02
3.455435247740541627e+02 1.927834119251750735e+02
3.464336648000293621e+02 1.932722124149266847e+02
3.473225810916200658e+02 1.937698323347761402e+02
3.482097306096322313e+02 1.942769624813024336e+02
3.490945193740786863e+02 1.947942853751189887e+02
3.499762864612247313e+02 1.953224927245694289e+02
3.508543270501454572e+02 1.958622560930138548e+02
3.517278977896302194e+02 1.964142209855324950e+02
3.525962187534141208e+02 1.969790094964984064e+02
3.534584773597999288e+02 1.975572152727075945e+02
3.543138587042452059e+02 1.981493404165963170e+02
3.551615540456650137e+02 1.987558561970035385e+02
3.560007203695416820e+02 1.993772033715513032e+02
3.568304922019834180e+02 2.000138151773291497e+02
3.576499442413197016e+02 2.006660301278850795e+02
3.584582146495828283e+02 2.013341701934541277e+02
3.592545204675313926e+02 2.020184616462833844e+02
3.600380191754687189e+02 2.027189938841099490e+02
3.608079121605243813e+02 2.034359252503533071e+02
3.615633667633601931e+02 2.041693841588463272e+02
3.623035199450792447e+02 2.049193516617092143e+02
3.630278416074503980e+02 2.056857196679667368e+02
3.637358556417201498e+02 2.064681417289032481e+02
3.644271336061627835e+02 2.072663352361065279e+02
3.651012419224575183e+02 2.080800162328407055e+02
3.657577066240848467e+02 2.089088004705549508e+02
3.663961241806146063e+02 2.097524740511455263e+02
3.670159589865824614e+02 2.106105848672729053e+02
3.676167978750907537e+02 2.114829272655599084e+02
3.681981129261846490e+02 2.123690487261404201e+02
3.687594645058063634e+02 2.132686690543867201e+02
3.693003372975414322e+02 2.141813662425624614e+02
3.698201778634173138e+02 2.151068163532322330e+02
3.703183870344761317e+02 2.160446687055164716e+02
3.707942938516783329e+02 2.169942636557114497e+02
3.712472871254337861e+02 2.179548220013375897e+02
3.716768927810044829e+02 2.189257163806043138e+02
3.720826602339813576e+02 2.199066123052550381e+02
3.724639460107257491e+02 2.208969234498943024e+02
3.728201916307324950e+02 2.218963366547567659e+02
3.731507600470013131e+02 2.229042686968696501e+02
3.734550705813719560e+02 2.239202887396737935e+02
3.737324802904390708e+02 2.249438727581314197e+02
3.739821751126003164e+02 2.259745112545132883e+02
3.742033012189630767e+02 2.270118106978028436e+02
3.743949617499279725e+02 2.280551211492373227e+02
3.745563034930271442e+02 2.291039525922872713e+02
3.746864673048302734e+02 2.301576730820392811e+02
3.747853144870228448e+02 2.312153754109506565e+02
3.748535578450673142e+02 2.322760140162372977e+02
3.748919670683632717e+02 2.333385138627468507e+02
3.749013425755064191e+02 2.344018211590777128e+02
3.748825108327572480e+02 2.354649714969458500e+02
3.748364204484037145e+02 2.365270056713705458e+02
3.747645172330680339e+02 2.375868863060923957e+02
3.746684022361014854e+02 2.386436456766243168e+02
3.745496965480905942e+02 2.396963987894278887e+02
3.744100406270350163e+02 2.407443332171066288e+02
3.742510986026452997e+02 2.417867154621997372e+02
3.740746665236847548e+02 2.428228789418223528e+02
3.738826663575806606e+02 2.438522339533958245e+02
3.736770367419602508e+02 2.448742871487772845e+02
3.734597254644543796e+02 2.458886441017900211e+02
3.732326863087048423e+02 2.468950114258274198e+02
3.729977779270179781e+02 2.478932038358665295e+02
3.727565212763221325e+02 2.488831474007057807e+02
3.725103600015276015e+02 2.498648520634116039e+02
3.722607216019935663e+02 2.508383902445160913e+02
3.720090328840231564e+02 2.518039523361215686e+02
3.717566865181631783e+02 2.527618057737150821e+02
3.715046890842963307e+02 2.537122304838799778e+02
3.712537615846302401e+02 2.546556552702141403e+02
3.710045864429839071e+02 2.555924737491064320e+02
3.707578252352432173e+02 2.565231866776574066e+02
3.705141063288548366e+02 2.574482942257283185e+02
3.702736283166473186e+02 2.583683969647339040e+02
3.700354211236742685e+02 2.592838346096879150e+02
3.697982953065174456e+02 2.601949636710586446e+02
3.695610493179697755e+02 2.611020789792746086e+02
3.693224683448597716e+02 2.620053610427428907e+02
3.690813386258380433e+02 2.629049565846262908e+02
3.688366397764209523e+02 2.638009949542393997e+02
3.685874747975657897e+02 2.646935875595840457e+02
3.683329380044702361e+02 2.655828028083519143e+02
3.680721144034822032e+02 2.664686641444512816e+02
3.678040818277881954e+02 2.673511485396237504e+02
3.675279473831312202e+02 2.682301528074768839e+02
3.672428677287073810e+02 2.691056444756880524e+02
3.669480199027108824e+02 2.699775093946300899e+02
3.666425943819056670e+02 2.708454978996532532e+02
3.663257418537377248e+02 2.717094856790324684e+02
3.659966572403577061e+02 2.725691612177951129e+02
3.656545083384636996e+02 2.734242255181140422e+02
3.652984398830434998e+02 2.742744724879406135e+02
3.649273167486493321e+02 2.751210595146693549e+02
3.645405215022045127e+02 2.759643823303696877e+02
3.641377649482536754e+02 2.768042857589596224e+02
3.637188723849332064e+02 2.776403323386157354e+02
3.632835980636408522e+02 2.784721624042469443e+02
3.628317706667806419e+02 2.792993376234791185e+02
3.623633027731760876e+02 2.801213019295072399e+02
3.618780763722967322e+02 2.809376562224691725e+02
3.613761742635861651e+02 2.817478044252781615e+02
3.608579760228195141e+02 2.825516215128912449e+02
3.603241312738435909e+02 2.833489511992584085e+02
3.597752028787743939e+02 2.841398330630743203e+02
3.592118374510068293e+02 2.849241884761823371e+02
3.586346201354663776e+02 2.857020563056350966e+02
3.580441583365057454e+02 2.864734780280693940e+02
3.574410652202617484e+02 2.872385108433780374e+02
3.568259357198424482e+02 2.879972451099694126e+02
3.561993546608729844e+02 2.887497887987074705e+02
3.555618880904589787e+02 2.894962836108473994e+02
3.549141009067400887e+02 2.902368711383232949e+02
3.542565402639075387e+02 2.909717121536087348e+02
3.535897345799052687e+02 2.917009897843603881e+02
3.529141999044600766e+02 2.924248993678712623e+02
3.522304393419663597e+02 2.931436446342638646e+02
3.515389401174941213e+02 2.938574389377694160e+02
3.508401752794790696e+02 2.945664964571520272e+02
3.501345927725088814e+02 2.952710683646262737e+02
3.494226453933631547e+02 2.959713773089262077e+02
3.487047559486813384e+02 2.966676786532501069e+02
3.479813440152355497e+02 2.973602153384611029e+02
3.472528102235734195e+02 2.980492495195733227e+02
3.465195456233910249e+02 2.987350229613392685e+02
3.457819238094605225e+02 2.994178021937068479e+02
3.450403150819557254e+02 3.000978409729424357e+02
3.442950747674124159e+02 3.007753947509282284e+02
3.435465433322971762e+02 3.014507162173103438e+02
3.427948255591063571e+02 3.021237271631533190e+02
3.420397815345487516e+02 3.027939964601276870e+02
3.412812648948311676e+02 3.034610684241023932e+02
3.405191325029197174e+02 3.041244803830600176e+02
3.397532463287162159e+02 3.047837660896544776e+02
3.389834719911904699e+02 3.054384608810933059e+02
3.382096888700040722e+02 3.060881186968107954e+02
3.374317780928047910e+02 3.067322977136731765e+02
3.366496176724017459e+02 3.073705565041486807e+02
3.358630812190833126e+02 3.080024552048906230e+02
3.350720374006123734e+02 3.086275578411778042e+02
3.342763619514775542e+02 3.092454539288112869e+02
3.334759346601874768e+02 3.098557573602961384e+02
3.326706259850791980e+02 3.104580891720838167e+02
3.318602952801545030e+02 3.110520781031502793e+02
3.310447901666099142e+02 3.116373618719158003e+02
3.302239420055340702e+02 3.122135857078656613e+02
3.293975610342911295e+02 3.127803969296451214e+02
3.285653969541428410e+02 3.133374539211631600e+02
3.277267143524108519e+02 3.138844061380326593e+02
3.268807904866508238e+02 3.144206842589429698e+02
3.260271203921678307e+02 3.149455653418048087e+02
3.251651752905981994e+02 3.154582579558807538e+02
3.242944080629542327e+02 3.159579199769068509e+02
3.234142816358257733e+02 3.164436992535094078e+02
3.225242718865765710e+02 3.169147335078992569e+02
3.216238688156613534e+02 3.173701506486389690e+02
3.207128714529346212e+02 3.178095151809268373e+02
3.197918433143593688e+02 3.182335282261135490e+02
3.188614786811323256e+02 3.186430620449035587e+02
3.179224835022252478e+02 3.190389804875346158e+02
3.169755723606892275e+02 3.194221397600406362e+02
3.160214788055115491e+02 3.197934055173755041e+02
3.150610521488864038e+02 3.201538085119694870e+02
3.140952118686628864e+02 3.205044788257733330e+02
3.131248799864953867e+02 3.208465493811509646e+02
3.121509778413583263e+02 3.211811504350887390e+02
3.111744231332854724e+02 3.215094152711097877e+02
3.101961281354729749e+02 3.218324828787020806e+02
3.092169997761619697e+02 3.221514962998683131e+02
3.082379363387581748e+02 3.224676024988851850e+02
3.072598179147722135e+02 3.227819643598940615e+02
3.062835160815641871e+02 3.230957488542613305e+02
3.053098651894927116e+02 3.234101056106344458e+02
3.043395268867932941e+02 3.237259439907619480e+02
3.033730680983456978e+02 3.240440570776000868e+02
3.024110379095733379e+02 3.243652475565687610e+02
3.014539592487147956e+02 3.246903367343543323e+02
3.005023387500311856e+02 3.250201525459249297e+02
2.995565633181615226e+02 3.253553791646931472e+02
2.986168373920769454e+02 3.256964372095259250e+02
2.976833298851767609e+02 3.260437316041103486e+02
2.967561891655058730e+02 3.263976793625117807e+02
2.958355418660569853e+02 3.267587099583286090e+02
2.949214407760339327e+02 3.271271724611129343e+02
2.940135761980632765e+02 3.275027965793204885e+02
2.931114904656243425e+02 3.278850542188810664e+02
2.922147286482323238e+02 3.282734126969851332e+02
2.913228177624673663e+02 3.286673514797544158e+02
2.904353019588935467e+02 3.290663421769455681e+02
2.895517822862265120e+02 3.294699818730590550e+02
2.886719450341863080e+02 3.298780451100694222e+02
2.877954770326913376e+02 3.302903223962281913e+02
2.869220590421427346e+02 3.307066063833771636e+02
2.860513661436575035e+02 3.311266915239266382e+02
2.851830930510014355e+02 3.315503950476239083e+02
2.843169668855889540e+02 3.319777182908094915e+02
2.834527618582737318e+02 3.324087024294362323e+02
2.825902305586784564e+02 3.328433969205690346e+02
2.817291132022739362e+02 3.332818549782640503e+02
2.808691394372299897e+02 3.337241352589462622e+02
2.800100579578311795e+02 3.341703750704027698e+02
2.791516390972936961e+02 3.346208055070164846e+02
2.782936437435421340e+02 3.350756635510373940e+02
2.774357995216417976e+02 3.355351993200316087e+02
2.765778328586276302e+02 3.359996591161258834e+02
2.757194526232305520e+02 3.364692971213076476e+02
2.748603564897507567e+02 3.369443898379917641e+02
2.740002273098441492e+02 3.374252210868560269e+02
2.731387316122628022e+02 3.379120761689341634e+02
2.722755256835018258e+02 3.384052374355139818e+02
2.714102301377985782e+02 3.389049676038704320e+02
2.705422876013806217e+02 3.394109356919777269e+02
2.696709932248973587e+02 3.399222152059446103e+02
2.687956690421528378e+02 3.404378413929373437e+02
2.679156859754556876e+02 3.409568267584537580e+02
2.670304307663448640e+02 3.414781853148078312e+02
2.661393197823717287e+02 3.420007852399396597e+02
2.652417316799173364e+02 3.425229981859918098e+02
2.643370541877085884e+02 3.430431139117094972e+02
2.634247946192510312e+02 3.435593671490876204e+02
2.625045104365428301e+02 3.440700122814126303e+02
2.615758546782975031e+02 3.445732738776270594e+02
2.606385454843090201e+02 3.450673428552182145e+02
2.596923968593642940e+02 3.455503971643830141e+02
2.587372936485810442e+02 3.460206037023096997e+02
2.577732115461775493e+02 3.464761279987315561e+02
2.568002894087339314e+02 3.469151645187177451e+02
2.558187861560261069e+02 3.473360890196908599e+02
2.548289864919666741e+02 3.477377136280570085e+02
2.538312010230599469e+02 3.481189190684014534e+02
2.528258050017016103e+02 3.484785860110478666e+02
2.518131525840003917e+02 3.488155868657320298e+02
2.507936132119079673e+02 3.491288138892556390e+02
2.497677203225120763e+02 3.494175977034164475e+02
2.487358606735001842e+02 3.496815433459359497e+02
2.476986204784296888e+02 3.499202729886438306e+02
2.466563849241391040e+02 3.501333894404622242e+02
2.456097696917233861e+02 3.503205127815152764e+02
2.445591649898136666e+02 3.504815887758846316e+02
2.435051804534073199e+02 3.506174005651097332e+02
2.424482132439161433e+02 3.507288330861920258e+02
2.413886909368152658e+02 3.508167669424811947e+02
2.403270576624372552e+02 3.508820905876394818e+02
2.392635553307761711e+02 3.509256378421611089e+02
2.381986278577425651e+02 3.509480544154541235e+02
2.371325096789079225e+02 3.509498363456226571e+02
2.360654856989734753e+02 3.509314718866675094e+02
2.349978892668679862e+02 3.508934580045303164e+02
2.339298396366642976e+02 3.508362404543167372e+02
2.328617378874613166e+02 3.507602584761556841e+02
2.317936167679615096e+02 3.506657616863947737e+02
2.307258928394052191e+02 3.505530566064762183e+02
2.296585981123299405e+02 3.504223577379942185e+02
2.285920498878836895e+02 3.502739269348937228e+02
2.275264030146223604e+02 3.501079767984023192e+02
2.264617608818369376e+02 3.499246243162709220e+02
2.253984400307813587e+02 3.497240077179366153e+02
2.243365592145088669e+02 3.495062009249931521e+02
2.232762936312070963e+02 3.492712693152053589e+02
2.222178202046845001e+02 3.490192596919103494e+02
2.211613166297426574e+02 3.487501892409358106e+02
2.201069644351805721e+02 3.484640392128734447e+02
2.190549469227486554e+02 3.481607679939461946e+02
2.180054498340477664e+02 3.478403116314235035e+02
2.169586624111033188e+02 3.475025830246755163e+02
2.159147032905020467e+02 3.471473753474211321e+02
2.148740498830373440e+02 3.467742894895467316e+02
2.138369530353535595e+02 3.463826721697336097e+02
2.128039411046710541e+02 3.459719602165995411e+02
2.117753547890772552e+02 3.455414598212256010e+02
2.107518695156061597e+02 3.450906154885618662e+02
2.097339639769675728e+02 3.446187442967298580e+02
2.087222672095746816e+02 3.441252018480711854e+02
2.077174666886487273e+02 3.436093447206215501e+02
2.067203119316058917e+02 3.430705353648373830e+02
2.057316178199316710e+02 3.425081479944537364e+02
2.047522530475519602e+02 3.419215634450921470e+02
2.037830965866263853e+02 3.413101309700542174e+02
2.028253523485676624e+02 3.406734373445199822e+02
2.018798890465362206e+02 3.400107884042287765e+02
2.009481086261972393e+02 3.393219101268680333e+02
2.000310748534458583e+02 3.386062545130582180e+02
1.991302122973170015e+02 3.378635872499166339e+02
1.982469193692364513e+02 3.370937036312768100e+02
1.973826169946926825e+02 3.362964612686132000e+02
1.965388182182636001e+02 3.354718713686033880e+02
1.957170757733578057e+02 3.346200792635164021e+02
