2.021360471886282824e+02 3.272234040651205760e+02
2.015600755364374947e+02 3.265280705148359175e+02
2.010088239023464496e+02 3.258119330575281083e+02
2.004816761336207094e+02 3.250762394464929912e+02
1.999782126735505301e+02 3.243225432516677529e+02
1.994978895773079159e+02 3.235523274169978549e+02
1.990400499049524115e+02 3.227669968752330192e+02
1.986039425258592814e+02 3.219678796622733898e+02
1.981887600217934278e+02 3.211562475970613946e+02
1.977935035150746046e+02 3.203331508320371768e+02
1.974172561292382397e+02 3.194997435296141930e+02
1.970589336363295843e+02 3.186569278037349022e+02
1.967174967055919979e+02 3.178056324845402401e+02
1.963918146313082218e+02 3.169465567918117586e+02
1.960808110722593085e+02 3.160804430133964615e+02
1.957833605911886536e+02 3.152078956334358395e+02
1.954983182282496159e+02 3.143294369915422521e+02
1.952245341172654207e+02 3.134455299349013444e+02
1.949608261177784811e+02 3.125565646349395479e+02
1.947059943798977599e+02 3.116628712005384614e+02
1.944588408534215489e+02 3.107647152388919380e+02
1.942182073252796499e+02 3.098623646205354021e+02
1.939828701373081401e+02 3.089558567436849330e+02
1.937516346450803155e+02 3.080454057810638346e+02
1.935230650457724835e+02 3.071309843683893064e+02
1.932957609176396829e+02 3.062126679198331090e+02
1.930683291948532485e+02 3.052904193524681773e+02
1.928393636458511651e+02 3.043640647966678898e+02
1.926076140481318930e+02 3.034334466719185457e+02
1.923731420626136241e+02 3.024981914388081918e+02
1.921368543297464555e+02 3.015578854293721633e+02
1.918997043977344674e+02 3.006121974173367448e+02
1.916626547560193217e+02 2.996608185864516258e+02
1.914266995560865041e+02 2.987035556958845746e+02
1.911930137267236489e+02 2.977402778975454680e+02
1.909631076797107880e+02 2.967708694859532557e+02
1.907385493044149598e+02 2.957953196015964750e+02
1.905209283003496807e+02 2.948137152705143649e+02
1.903118280299000276e+02 2.938261756945394723e+02
1.901128631677041767e+02 2.928329305338409654e+02
1.899258017930232256e+02 2.918342734553659739e+02
1.897524766271535839e+02 2.908305637915520379e+02
1.895947321709749076e+02 2.898222596511869256e+02
1.894544108881504201e+02 2.888098793384996270e+02
1.893333378925402428e+02 2.877940125708683468e+02
1.892332556127558973e+02 2.867753160600480555e+02
1.891557503278710612e+02 2.857544918607839008e+02
1.891023906494259847e+02 2.847322952233502633e+02
1.890747236888888665e+02 2.837095461937614118e+02
1.890742904579488197e+02 2.826871149104119354e+02
1.891026019742864719e+02 2.816659261022255691e+02
1.891610254019184083e+02 2.806469393508431267e+02
1.892508585435505495e+02 2.796311555934188391e+02
1.893733886154741128e+02 2.786196215493891941e+02
1.895298795329898383e+02 2.776134455457879540e+02
1.897215586521967339e+02 2.766137796866656231e+02
1.899486742809550321e+02 2.756216069439632292e+02
1.902100519832054601e+02 2.746375911529065661e+02
1.905044123037748136e+02 2.736623200283469828e+02
1.908304755394045173e+02 2.726963437530610577e+02
1.911869592075567255e+02 2.717401717780642230e+02
1.915725904715297361e+02 2.707942580310322569e+02
1.919860921557202573e+02 2.698590092395042461e+02
1.924261516363713440e+02 2.689348202045076732e+02
1.928914957066316447e+02 2.680220135052231853e+02
1.933808424465149471e+02 2.671209007605753527e+02
1.938929205878916093e+02 2.662317513748651550e+02
1.944263196231961217e+02 2.653547545911898169e+02
1.949794838878233918e+02 2.644900039330045729e+02
1.955508437806036568e+02 2.636375396095781412e+02
1.961388565606983434e+02 2.627973655609565640e+02
1.967419964065942111e+02 2.619694453424639278e+02
1.973587399450587725e+02 2.611536949181522118e+02
1.979874954013914987e+02 2.603498775377381662e+02
1.986266380691299105e+02 2.595575123701109419e+02
1.992745349235668186e+02 2.587760775784792031e+02
1.999295737476050761e+02 2.580049766314689919e+02
2.005901771341065114e+02 2.572435585160317828e+02
2.012549885568924140e+02 2.564911158096526265e+02
2.019228411249382589e+02 2.557470258706800621e+02
2.025926196760767368e+02 2.550105565153127998e+02
2.032632222192449092e+02 2.542809652401044218e+02
2.039336047211901359e+02 2.535573674101192125e+02
2.046028951295494949e+02 2.528389967115016930e+02
2.052708776863079834e+02 2.521254060334439089e+02
2.059375109737305252e+02 2.514161594039481997e+02
2.066027338696323739e+02 2.507108659639405630e+02
2.072664998942490797e+02 2.500091154105795397e+02
2.079287746649494864e+02 2.493104897538461273e+02
2.085895885174901423e+02 2.486146066674500048e+02
2.092490245582580428e+02 2.479211176084795056e+02
2.099071690795673817e+02 2.472296773868470154e+02
2.105641094217522777e+02 2.465399440736551924e+02
2.112199333718289154e+02 2.458515798657192022e+02
2.118747156977993313e+02 2.451642498428213912e+02
2.125285034078974888e+02 2.444775994497975660e+02
2.131813529698836476e+02 2.437912485559261313e+02
2.138332975367593178e+02 2.431048554848578647e+02
2.144843782611737026e+02 2.424180725872997471e+02
2.151346269505054352e+02 2.417305517610205925e+02
2.157839746666101348e+02 2.410418642266993459e+02
2.164322728386792676e+02 2.403515417960898333e+02
2.170794158815589014e+02 2.396590565686452976e+02
2.177252539907248945e+02 2.389639405806348975e+02
2.183696551224608982e+02 2.382657089026116921e+02
2.190123950659874481e+02 2.375637889515454333e+02
2.196530304433627521e+02 2.368573877066602336e+02
2.202910952844985104e+02 2.361456724304853196e+02
2.209261332724314286e+02 2.354278044373643013e+02
2.215576952534946145e+02 2.347029425144263826e+02
2.221853925855261593e+02 2.339702721135877823e+02
2.228092459215686461e+02 2.332294438282924034e+02
2.234295128932667751e+02 2.324803768296215765e+02
2.240464365284501866e+02 2.317230123126507806e+02
2.246602406875873896e+02 2.309573117606586834e+02
2.252711347420813865e+02 2.301832529964912055e+02
2.258794207840211072e+02 2.294009464550791790e+02
2.264855811191413864e+02 2.286107716885595096e+02
2.270900995930362285e+02 2.278131569134513654e+02
2.276934348454338704e+02 2.270085517048006238e+02
2.282960189786309400e+02 2.261974290460684074e+02
2.288983032106731628e+02 2.253803277531177400e+02
2.295010387717170772e+02 2.245581770789712266e+02
2.301050755064741793e+02 2.237321353163353024e+02
2.307112371037188723e+02 2.229033870335184702e+02
2.313203382930236671e+02 2.220731104543377796e+02
2.319331394000560351e+02 2.212425384899937626e+02
2.325504758552312410e+02 2.204129972524235370e+02
2.331732727500782971e+02 2.195860088796683556e+02
2.338024497102560417e+02 2.187631181441076080e+02
2.344389009790468776e+02 2.179458926697130892e+02
2.350835063903716673e+02 2.171359022009999649e+02
2.357371047583475274e+02 2.163347052421487149e+02
2.364003817870014075e+02 2.155436653981676898e+02
2.370739586814989366e+02 2.147640751870119971e+02
2.377584541166029624e+02 2.139972294735283640e+02
2.384544868765000274e+02 2.132444242820064062e+02
2.391626570900931199e+02 2.125069337948665122e+02
2.398829449559798945e+02 2.117851442521760248e+02
2.406144974186320269e+02 2.110782309666562071e+02
2.413564251148407322e+02 2.103852674700623595e+02
2.421078616310824714e+02 2.097053121961001523e+02
2.428679618384659591e+02 2.090374099774698777e+02
2.436359058589104052e+02 2.083806016071742988e+02
2.444109203744574188e+02 2.077339586347126783e+02
2.451922572427705518e+02 2.070965565211001262e+02
2.459791828112889789e+02 2.064674626693808932e+02
2.467709767499571853e+02 2.058457375079613030e+02
2.475670784953422583e+02 2.052304131305736519e+02
2.483673403954727803e+02 2.046205298719916641e+02
2.491713909453340818e+02 2.040153737859573084e+02
2.499787860163479536e+02 2.034142826510872055e+02
2.507890823692235927e+02 2.028165937704029034e+02
2.516018337163903880e+02 2.022216442850105977e+02
2.524166080468666280e+02 2.016287708100685450e+02
2.532329890016312675e+02 2.010373285820849389e+02
2.540505621365403499e+02 2.004466764904843217e+02
2.548689350869990449e+02 1.998561642564813781e+02
2.556877094493746085e+02 1.992651436964331424e+02
2.565065050199578423e+02 1.986729596663179791e+02
2.573249875235563309e+02 1.980789905763359400e+02
2.581428369594768810e+02 1.974826550922978754e+02
2.589597770088515176e+02 1.968833557104083525e+02
2.597755211518678493e+02 1.962804999846623843e+02
2.605898104726567226e+02 1.956734824487887465e+02
2.614026404330952573e+02 1.950620483876071773e+02
2.622147341494856505e+02 1.944471552770791334e+02
2.630270010178588223e+02 1.938300043992821315e+02
2.638403216015584007e+02 1.932118191398660656e+02
2.646555558177729495e+02 1.925938372555258979e+02
2.654735697373343442e+02 1.919772953111825586e+02
2.662951461746459358e+02 1.913633578380799634e+02
2.671209922250314435e+02 1.907531359398332143e+02
2.679518217346390543e+02 1.901477443108061038e+02
2.687883233138870764e+02 1.895483201342015036e+02
2.696311686047670264e+02 1.889560190350323694e+02
2.704809558219827181e+02 1.883719768232338936e+02
2.713382153783232411e+02 1.877972069100767953e+02
2.722034330040429495e+02 1.872327262366235630e+02
2.730770693830997971e+02 1.866795725984267449e+02
2.739595577261625863e+02 1.861388056318259601e+02
2.748512999073190599e+02 1.856115053008060727e+02
2.757526505424922902e+02 1.850987464413889256e+02
2.766639201544813318e+02 1.846016093415236128e+02
2.775853911122375735e+02 1.841211962635319423e+02
2.785172984176065825e+02 1.836586386508781175e+02
2.794598074631928739e+02 1.832151007563952589e+02
2.804131258859500235e+02 1.827918783934734961e+02
2.813775596037418723e+02 1.823905570788661237e+02
2.823532213302450486e+02 1.820128314431520096e+02
2.833403286387788285e+02 1.816603722829030403e+02
2.843388408921631481e+02 1.813349397890152659e+02
2.853487512221631164e+02 1.810381360111730942e+02
2.863692761138478886e+02 1.807703667884837273e+02
2.873994759878470973e+02 1.805313153422137020e+02
2.884383539590676264e+02 1.803206732169377347e+02
2.894848880237933599e+02 1.801381291869286372e+02
2.905380291004094602e+02 1.799833609708277606e+02
2.915966749831455331e+02 1.798557987154202067e+02
2.926595807712810142e+02 1.797544399927446648e+02
2.937255184200446365e+02 1.796782118542222975e+02
2.947932990128177835e+02 1.796260150048840671e+02
2.958617367839975714e+02 1.795967202945501526e+02
2.969297117309578766e+02 1.795890970055838238e+02
2.979960626593473307e+02 1.796014384107271269e+02
2.990596356107573683e+02 1.796317990823160642e+02
3.001194063990969312e+02 1.796781808061683421e+02
3.011744892855617195e+02 1.797385465758880798e+02
3.022241007261093273e+02 1.798108107104197018e+02
3.032676291406379505e+02 1.798928743579133709e+02
3.043046328774246945e+02 1.799826612464728441e+02
3.053348072272011677e+02 1.800780438943547779e+02
3.063580515326733007e+02 1.801768736864526375e+02
3.073744436925626360e+02 1.802769814226251412e+02
3.083842623233152835e+02 1.803762214811286526e+02
3.093880057826124244e+02 1.804726649182580616e+02
3.103863693953159668e+02 1.805644749844846331e+02
3.113802452744931770e+02 1.806498252673033846e+02
3.123707263528515341e+02 1.807269095612956562e+02
3.133591071485810744e+02 1.807939992859716085e+02
3.143467826784666954e+02 1.808510907199364510e+02
3.153350575467992485e+02 1.809003081849744206e+02
3.163250897606581020e+02 1.809439418809421056e+02
3.173178908050035716e+02 1.809843060116810705e+02
3.183143649015490269e+02 1.810236377552791680e+02
3.193153078502299991e+02 1.810638962615279866e+02
3.203211437586479065e+02 1.811070352851926657e+02
3.213320499334335523e+02 1.811550544104491962e+02
3.223480267551710199e+02 1.812099209669904099e+02
3.233688916027812184e+02 1.812736049849264646e+02
3.243942866400379899e+02 1.813480306465343688e+02
3.254236869743501757e+02 1.814351950264639868e+02
3.264563641329250459e+02 1.815370955916913260e+02
3.274914533917740869e+02 1.816557046219977849e+02
3.285279406617278823e+02 1.817929467799698671e+02
3.295646724601569986e+02 1.819506928159101449e+02
3.306003893643398897e+02 1.821306964286927439e+02
3.316338065123724164e+02 1.823344275948408324e+02
3.326635662178476878e+02 1.825632498032973103e+02
3.336882245399376075e+02 1.828184727892118531e+02
3.347062563212020336e+02 1.831013512344593721e+02
3.357160660985633740e+02 1.834130725705835232e+02
3.367161231462900446e+02 1.837545923721264387e+02
3.377048383447407787e+02 1.841265563167446828e+02
3.386807049710680531e+02 1.845296443715343457e+02
3.396421064935925074e+02 1.849644477368992739e+02
3.405873997120747276e+02 1.854315129072393802e+02
3.415151933204704733e+02 1.859308815768533520e+02
3.424249889660144390e+02 1.864611947865192008e+02
3.433164625084618820e+02 1.870207861055225749e+02
3.441894561500498639e+02 1.876080856601990376e+02
3.450438755187521451e+02 1.882215576982631262e+02
3.458796310245626842e+02 1.888596430394441086e+02
3.466966858294122744e+02 1.895210051065007804e+02
3.474949693875668686e+02 1.902044099355578908e+02
3.482744610138556709e+02 1.909086517074201765e+02
3.490351895088493279e+02 1.916325518798678900e+02
3.497772305337620651e+02 1.923749594568197381e+02
3.505007245251008499e+02 1.931347271764100526e+02
3.512059069091740753e+02 1.939106776430656680e+02
3.518930653583958588e+02 1.947016567982535662e+02
3.525625300240695879e+02 1.955065436132630055e+02
3.532146735299659781e+02 1.963242552297946304e+02
3.538499137116583029e+02 1.971537347809164373e+02
3.544687886525311455e+02 1.979938372100897652e+02
3.550719567189774466e+02 1.988434300200654832e+02
3.556601096792182375e+02 1.997014166164527751e+02
3.562339800891657546e+02 2.005667592771848149e+02
3.567943221697822764e+02 2.014384161322413433e+02
3.573419786662353772e+02 2.023154144099956397e+02
3.578778648076202558e+02 2.031967930445575519e+02
3.584029304679213510e+02 2.040815869105352363e+02
3.589181801110384527e+02 2.049689274529289094e+02
3.594246374967764268e+02 2.058579953197437362e+02
3.599232794508449160e+02 2.067480657070595385e+02
3.604143800556870474e+02 2.076390446688471627e+02
3.608978544940359257e+02 2.085310877536744556e+02
3.613736004190503763e+02 2.094243592647829075e+02
3.618414925735088445e+02 2.103190191250801604e+02
3.623014081248686580e+02 2.112152135016580701e+02
3.627531652481077913e+02 2.121131014505049848e+02
3.631965828977181445e+02 2.130128448171027458e+02
3.636314197841188047e+02 2.139145959547078064e+02
3.640574592343036215e+02 2.148185055047296146e+02
3.644744382088301222e+02 2.157247025202657369e+02
3.648821022217150016e+02 2.166333168255145551e+02
3.652801672660073677e+02 2.175444605918796981e+02
3.656683360723444594e+02 2.184582378146718895e+02
3.660463896781094491e+02 2.193747724292462351e+02
3.664141829341010634e+02 2.202941749143094512e+02
3.667715707523794322e+02 2.212165024073756570e+02
3.671183346321697627e+02 2.221417483040232241e+02
3.674543146520891241e+02 2.230699548820532527e+02
3.677792703961631560e+02 2.240010859259077165e+02
3.680930077765343640e+02 2.249351572559718875e+02
3.683952829487572558e+02 2.258721251610497802e+02
3.686858578249103857e+02 2.268119586603222331e+02
3.689645021796327455e+02 2.277546187456499638e+02
3.692309353911770131e+02 2.287000097336188560e+02
3.694849301250748681e+02 2.296481011513701844e+02
3.697261986858038085e+02 2.305987711809080452e+02
3.699544676867934072e+02 2.315519211117468785e+02
3.701696697232077895e+02 2.325073991422549682e+02
3.703719321279364181e+02 2.334649460430176475e+02
3.705614051825498905e+02 2.344243375124636088e+02
3.707382515647038872e+02 2.353853723614267892e+02
3.709026147796205350e+02 2.363478253472726180e+02
3.710546299282535188e+02 2.373114850011779708e+02
3.711944384360540425e+02 2.382761793091279685e+02
3.713221725052670763e+02 2.392417271179087663e+02
3.714379558434016531e+02 2.402079481642336134e+02
3.715419097339914174e+02 2.411746776586773535e+02
3.716341510318604264e+02 2.421417588908431355e+02
3.717147889727099255e+02 2.431090434808146767e+02
3.717839249092007776e+02 2.440763910858052270e+02
3.718416546888901166e+02 2.450436688823585882e+02
3.718880684118116164e+02 2.460107515021367703e+02
3.719232500632648453e+02 2.469775209990574751e+02
3.719472774008810347e+02 2.479438668174679492e+02
3.719602222119997350e+02 2.489096857847490867e+02
3.719621491893910274e+02 2.498748822008871571e+02
3.719531070800086923e+02 2.508393473510643616e+02
3.719331467090287902e+02 2.518030240265230475e+02
3.719023128416536679e+02 2.527658468429752361e+02
3.718606331400505383e+02 2.537277044684243492e+02
3.718081481355284268e+02 2.546885869328555430e+02
3.717448789362277353e+02 2.556484149194736517e+02
3.716708396275403743e+02 2.566071643445119435e+02
3.715860257738579548e+02 2.575647779030747984e+02
3.714903294288748725e+02 2.585212626578285153e+02
3.713833392228920616e+02 2.594764966909082204e+02
3.712645853232869513e+02 2.604303981198830229e+02
3.711335945799634146e+02 2.613828605900390585e+02
3.709898839108836341e+02 2.623337229529645356e+02
3.708329604499333527e+02 2.632828175487674116e+02
3.706623216348575056e+02 2.642299511831593009e+02
3.704774576616030686e+02 2.651749040968731492e+02
3.702778552113521187e+02 2.661174293636985340e+02
3.700629989471945009e+02 2.670572518633753702e+02
3.698323731136355264e+02 2.679940672481049546e+02
3.695854552458989133e+02 2.689275177098119229e+02
3.693217141448816392e+02 2.698572562707165048e+02
3.690406311030556026e+02 2.707828812572151946e+02
3.687416912694797020e+02 2.717039127161559691e+02
3.684243847849135136e+02 2.726199151962998144e+02
3.680882256268293418e+02 2.735303533209783495e+02
3.677327280813035486e+02 2.744346802474914284e+02
3.673574360707728488e+02 2.753323760427414300e+02
3.669620541294833060e+02 2.762235211821656549e+02
3.665466420312667424e+02 2.771079259170601858e+02
3.661114373256721137e+02 2.779852140446566864e+02
3.656567336395822849e+02 2.788549282741694810e+02
3.651828450626402400e+02 2.797166778308766766e+02
3.646901316495205378e+02 2.805700736612193964e+02
3.641789785647497411e+02 2.814147085688589982e+02
3.636497958637418719e+02 2.822502617408831043e+02
3.631030400121001662e+02 2.830763703393779451e+02
3.625393112181168362e+02 2.838928685530627831e+02
3.619592766905785766e+02 2.846996111361726776e+02
3.613635993063360274e+02 2.854965425146713756e+02
3.607529370920332212e+02 2.862835943621792012e+02
3.601279342868023718e+02 2.870607551497602685e+02
3.594892299392738551e+02 2.878280382701398707e+02
3.588374484581826778e+02 2.885854808133570941e+02
3.581731967532904832e+02 2.893331464116423604e+02
3.574970635672116828e+02 2.900711198792516825e+02
3.568096226317805986e+02 2.907995114897418603e+02
3.561114271583020354e+02 2.915184457890506451e+02
3.554030100162972872e+02 2.922280642480162669e+02
3.546848860092622431e+02 2.929285254911480934e+02
3.539575509794762525e+02 2.936200018815303565e+02
3.532214801017339596e+02 2.943026765001154672e+02
3.524771279525442651e+02 2.949767416544526100e+02
3.517249254695243508e+02 2.956423946832921388e+02
3.509652979788834273e+02 2.962998506272035115e+02
3.501986386096888850e+02 2.969493225921078761e+02
3.494253332689287959e+02 2.975910340513449341e+02
3.486457428819684310e+02 2.982252097988339870e+02
3.478602209453794103e+02 2.988520827546029182e+02
3.470690923311294114e+02 2.994718831678286506e+02
3.462726834143292081e+02 3.000848505134234188e+02
3.454712954649780272e+02 3.006912248934963827e+02
3.446652152524304711e+02 3.012912447739269624e+02
3.438547249387857505e+02 3.018851532008077356e+02
3.430400697534765868e+02 3.024731676595765748e+02
3.422214653289518083e+02 3.030554769066665131e+02
3.413991168760688311e+02 3.036322688199965114e+02
3.405732194073365235e+02 3.042037312758112080e+02
3.397439620059622598e+02 3.047700539536476185e+02
3.389115235936623094e+02 3.053314273703467165e+02
3.380760750162394288e+02 3.058880421635770972e+02
3.372377797863599653e+02 3.064400900367513145e+02
3.363967944234701122e+02 3.069877642131011157e+02
3.355532688257128484e+02 3.075312597126774676e+02
3.347073466105372290e+02 3.080707736356497435e+02
3.338591651662527511e+02 3.086065050554646518e+02
3.330088560174389727e+02 3.091386554394979953e+02
3.321565454030740057e+02 3.096674294531475198e+02
3.313023545421880840e+02 3.101930353734403525e+02
3.304464002306955877e+02 3.107156857697289638e+02
3.295887946297334565e+02 3.112355977938066189e+02
3.287296458574613212e+02 3.117529937672371716e+02
3.278690406787793563e+02 3.122680847944176890e+02
3.270068755462831973e+02 3.127808811699391640e+02
3.261429968326237940e+02 3.132912143050189684e+02
3.252772896761565562e+02 3.137988844857703725e+02
3.244096437966400686e+02 3.143036913734666769e+02
3.235399523428176849e+02 3.148054335210526915e+02
3.226681107731954512e+02 3.153039061132749339e+02
3.217940172119448334e+02 3.157989010624104935e+02
3.209175727311543369e+02 3.162902069223908370e+02
3.200387796927805653e+02 3.167777591813669460e+02
3.191578943529767685e+02 3.172618744745388426e+02
3.182752141082339676e+02 3.177429273473936178e+02
3.173910371379777757e+02 3.182212909682601207e+02
3.165056617018290694e+02 3.186973362764466060e+02
3.156193847459362587e+02 3.191714335774211122e+02
3.147324982993697517e+02 3.196439475954349518e+02
3.138452902229855113e+02 3.201152381660528476e+02
3.129580439085605690e+02 3.205856696749853540e+02
3.120710408993005558e+02 3.210556038199055138e+02
3.111845561255400412e+02 3.215254062489560738e+02
3.102988540035577216e+02 3.219954390405353024e+02
3.094141839131095253e+02 3.224660492756005965e+02
3.085307869265552085e+02 3.229375834079144170e+02
3.076488922278495579e+02 3.234103984305484687e+02
3.067687244570986422e+02 3.238848514173145645e+02
3.058904962552067559e+02 3.243613045009523148e+02
3.050144043567496510e+02 3.248401173476976282e+02
3.041406314655116603e+02 3.253216513621759418e+02
3.032693480793316212e+02 3.258062735640093592e+02
3.024007088228021303e+02 3.262943615200697423e+02
3.015348572268861176e+02 3.267862972592863002e+02
3.006719283559250471e+02 3.272824859519182610e+02
2.998120548810683772e+02 3.277833662084205457e+02
2.989553526142637452e+02 3.282893881252827555e+02
2.981019179398855385e+02 3.288010111464608372e+02
2.972518266986085109e+02 3.293187043504631220e+02
2.964050716277453148e+02 3.298428342251868344e+02
2.955612143333989934e+02 3.303730140546337566e+02
2.947196444102812052e+02 3.309085402631396278e+02
2.938797561454202310e+02 3.314487011693024670e+02
2.930409461335073047e+02 3.319927843573620976e+02
2.922026219463108418e+02 3.325400668834726048e+02
2.913641840981863993e+02 3.330897909222578619e+02
2.905250239183811232e+02 3.336411495578296353e+02
2.896845449971262951e+02 3.341933235747804929e+02
2.888421665583833260e+02 3.347454840528340583e+02
2.879973252457522790e+02 3.352967918985045230e+02
2.871494725333836300e+02 3.358463862655843855e+02
2.862980608422539603e+02 3.363933554452750627e+02
2.854425617876823367e+02 3.369367571952528806e+02
2.845824731082919357e+02 3.374756372861636464e+02
2.837173215032133839e+02 3.380090292294769370e+02
2.828466647685285125e+02 3.385359546817522300e+02
2.819700982268802250e+02 3.390554348827114950e+02
2.810872569695363836e+02 3.395664933204690215e+02
2.801978102424124017e+02 3.400681424568173270e+02
2.793014694765162744e+02 3.405593854794755089e+02
2.783979817191763573e+02 3.410392160445160243e+02
2.774871407942320047e+02 3.415066357631710616e+02
2.765688083905913004e+02 3.419607150026721456e+02
2.756428928958621327e+02 3.424005392185561618e+02
2.747093426581579365e+02 3.428251891588869853e+02
2.737681424777932193e+02 3.432337411959759947e+02
2.728193314084783196e+02 3.436252848873863854e+02
2.718630907903455523e+02 3.439992672698654133e+02
2.708997243041237653e+02 3.443554931955795269e+02
2.699295545356551997e+02 3.446937914933604930e+02
2.689529003524102109e+02 3.450139990193234212e+02
2.679701249005362911e+02 3.453159631132394338e+02
2.669815865654484810e+02 3.455995395857796098e+02
2.659875969868942889e+02 3.458645592843424765e+02
2.649885880587104907e+02 3.461108606449120657e+02
2.639848568370991302e+02 3.463382968852787940e+02
2.629768511935953939e+02 3.465467309327133307e+02
2.619649236820091573e+02 3.467360447656236033e+02
2.609494464863512917e+02 3.469060889867956234e+02
2.599308461166706365e+02 3.470567049582335244e+02
2.589094976551261880e+02 3.471877497047107681e+02
2.578858073933195101e+02 3.472990926384192107e+02
2.568602797869267533e+02 3.473906450202412657e+02
2.558333853907169271e+02 3.474623526931403035e+02
2.548054716729716063e+02 3.475141295542878765e+02
2.537768813796808729e+02 3.475458720571244839e+02
2.527479928319346527e+02 3.475574767084044652e+02
2.517191492566399234e+02 3.475488302762652779e+02
2.506906979161370543e+02 3.475198025039532581e+02
2.496630582128126719e+02 3.474702605824699049e+02
2.486365630325450127e+02 3.474000377238812121e+02
2.476116556985585362e+02 3.473089815103869569e+02
2.465887000022393636e+02 3.471969139820893702e+02
2.455681627593591827e+02 3.470636776466175206e+02
2.445504444796225130e+02 3.469093782651858646e+02
2.435360170401815765e+02 3.467348232761246436e+02
2.425252786507889482e+02 3.465409020995019205e+02
2.415186229693891278e+02 3.463285020154740437e+02
2.405164237538981808e+02 3.460985184682192539e+02
2.395190102817223305e+02 3.458518332962976274e+02
2.385267028654740500e+02 3.455894544762468286e+02
2.375397722673365308e+02 3.453124312150039827e+02
2.365584650485212421e+02 3.450218078315999151e+02
2.355829889137841917e+02 3.447186336979356724e+02
2.346135332458305527e+02 3.444039295396837588e+02
2.336502260433976801e+02 3.440787185759316458e+02
2.326932131566768476e+02 3.437439546990526651e+02
2.317425438155210600e+02 3.434006052070214992e+02
2.307983043367810012e+02 3.430496049136892225e+02
2.298604813636226822e+02 3.426918881264306265e+02
2.289290611485775742e+02 3.423283544852207001e+02
2.280040468955740209e+02 3.419597277086905365e+02
2.270853495789527869e+02 3.415866547860310334e+02
2.261729151461091476e+02 3.412097666148184203e+02
2.252666399528209809e+02 3.408296719064063609e+02
2.243663856060044282e+02 3.404469576482890147e+02
2.234719991365759597e+02 3.400621089722376951e+02
2.225833297114522225e+02 3.396754614001454229e+02
2.217002017493075812e+02 3.392873154401165721e+02
2.208224102360804295e+02 3.388979456087087669e+02
2.199497186107761593e+02 3.385075977779790719e+02
2.190819656167916207e+02 3.381163472261725360e+02
2.182191362757439776e+02 3.377233486065295551e+02
2.173615512405157233e+02 3.373274523332432864e+02
2.165094455957974162e+02 3.369274723556850972e+02
2.156632600938262669e+02 3.365222544609025022e+02
2.148233133249385958e+02 3.361106032858751291e+02
2.139901133732943208e+02 3.356914343028039980e+02
2.131641363333711183e+02 3.352637244298563246e+02
2.123459137874347675e+02 3.348264649473209147e+02
2.115360372518867109e+02 3.343786603131352990e+02
2.107351601928732521e+02 3.339193328685282722e+02
2.099440103963058277e+02 3.334475317432736006e+02
2.091634279768055933e+02 3.329623506873297174e+02
2.083941429346733116e+02 3.324628493377922496e+02
2.076372307260368473e+02 3.319482550333580093e+02
2.068935299075600938e+02 3.314176943488651546e+02
2.061642171726850847e+02 3.308704967061400453e+02
2.054503514306256875e+02 3.303059504554381078e+02
2.047531045628789172e+02 3.297234581406677876e+02
2.040737345175969040e+02 3.291225233825394980e+02
2.034135284381163444e+02 3.285027271619398448e+02
2.027738188123024088e+02 3.278637551144964846e+02
