1.989147096450566323e+02 3.301326955214348118e+02
1.981448336852353123e+02 3.294344628215756074e+02
1.974150022326496128e+02 3.286939475459467985e+02
1.967260503359831318e+02 3.279150726183704592e+02
1.960783707946182233e+02 3.271015624030480353e+02
1.954720252288468032e+02 3.262570153964281303e+02
1.949067650828995113e+02 3.253848776253980759e+02
1.943820560259183878e+02 3.244884167407711857e+02
1.938971089436626869e+02 3.235706893975597609e+02
1.934509042619285992e+02 3.226346230513888713e+02
1.930422018499079400e+02 3.216828410670345306e+02
1.926695981203561701e+02 3.207178264180292899e+02
1.923315303367594140e+02 3.197417987686941956e+02
1.920263035964967742e+02 3.187568212769158436e+02
1.917521115801212943e+02 3.177647060978760010e+02
1.915070668899248574e+02 3.167670873002307985e+02
1.912892084875500132e+02 3.157654117640159939e+02
1.910965161433649371e+02 3.147609435984585389e+02
1.909268766520168015e+02 3.137547922811001513e+02
1.907781067038393701e+02 3.127479109047496877e+02
1.906480006381188730e+02 3.117410931393882834e+02
1.905343592798547832e+02 3.107349780291775687e+02
1.904349518004268020e+02 3.097300760574735250e+02
1.903475956485933693e+02 3.087267549359049781e+02
1.902701253708627860e+02 3.077252553591315518e+02
1.902004148024277299e+02 3.067257081942207151e+02
1.901363614591402325e+02 3.057281403572200702e+02
1.900758656124543506e+02 3.047324725894090420e+02
1.900169865700543426e+02 3.037385286938879858e+02
1.899592043482057875e+02 3.027459064095935446e+02
1.899029130137458594e+02 3.017541340332876985e+02
1.898485632611527762e+02 3.007627986241009239e+02
1.897966265102743364e+02 2.997715312442657023e+02
1.897476106588327127e+02 2.987800270327877570e+02
1.897020520792395075e+02 2.977880341983619132e+02
1.896604835872937258e+02 2.967953353989569791e+02
1.896234570962643318e+02 2.958017641284847059e+02
1.895915550325954371e+02 2.948072033193402035e+02
1.895653627107980412e+02 2.938115602065988128e+02
1.895454906387475091e+02 2.928147948571549932e+02
1.895325747629229909e+02 2.918169007236916741e+02
1.895272546284540454e+02 2.908178999748795377e+02
1.895301930226874561e+02 2.898178621611133394e+02
1.895420626204255825e+02 2.888168844894991025e+02
1.895635327688253255e+02 2.878150939366933585e+02
1.895952904587854277e+02 2.868126559029021223e+02
1.896380342300925008e+02 2.858097654953034521e+02
1.896924737791073881e+02 2.848066497094615670e+02
1.897593121554278071e+02 2.838035652372608979e+02
1.898392596734826725e+02 2.828008000615392348e+02
1.899330290435040069e+02 2.817986719612313209e+02
1.900413267747944417e+02 2.807975275389638909e+02
1.901648569188709246e+02 2.797977426018695155e+02
1.903043275233366387e+02 2.787997220056954575e+02
1.904604405049389584e+02 2.778039030561600384e+02
1.906338870738539697e+02 2.768107504294122805e+02
1.908249165323688885e+02 2.758206579386903741e+02
1.910331315097148490e+02 2.748338782211450848e+02
1.912580950652073852e+02 2.738506353075853781e+02
1.914993757773839036e+02 2.728711405409135864e+02
1.917565442219230079e+02 2.718955915695954104e+02
1.920291875644457491e+02 2.709241672872694267e+02
1.923169202395380353e+02 2.699570343631190781e+02
1.926193383844756966e+02 2.689943628866051881e+02
1.929360760955372314e+02 2.680362920713714061e+02
1.932667645275485597e+02 2.670829658148835506e+02
1.936110522733083599e+02 2.661345128321513016e+02
1.939685922955264061e+02 2.651910568049532344e+02
1.943390680186113570e+02 2.642527082653226671e+02
1.947221509007094653e+02 2.633195819746828761e+02
1.951175431733397829e+02 2.623917750283985129e+02
1.955249592854989373e+02 2.614693855415882808e+02
1.959441281530360754e+02 2.605525071695524275e+02
1.963747410478659390e+02 2.596412268013020253e+02
1.968163931443832837e+02 2.587355954401866143e+02
1.972686783756727209e+02 2.578356045786830464e+02
1.977311900524546218e+02 2.569412185038231087e+02
1.982035308165490903e+02 2.560523808127445022e+02
1.986852835840787463e+02 2.551690120417366359e+02
1.991760456043625140e+02 2.542910076493980398e+02
1.996754052737805978e+02 2.534182414058387849e+02
2.001829635226080768e+02 2.525505656721841490e+02
2.006983068654910767e+02 2.516878074212053775e+02
2.012210773204417933e+02 2.508297964340701753e+02
2.017510739394724908e+02 2.499764390774548701e+02
2.022881167837107341e+02 2.491276473751488254e+02
2.028320281690886873e+02 2.482833228854758829e+02
2.033826278583203759e+02 2.474433579055883285e+02
2.039397327811570051e+02 2.466076347814393159e+02
2.045031578026841146e+02 2.457760263541908898e+02
2.050727159226568688e+02 2.449483962865608362e+02
2.056482181946154242e+02 2.441245992145313153e+02
2.062294739576810514e+02 2.433044811317650442e+02
2.068162910606701530e+02 2.424878797985947187e+02
2.074084782585347000e+02 2.416746264276784188e+02
2.080058467418785142e+02 2.408645478135266842e+02
2.086082022831933784e+02 2.400574630071573097e+02
2.092153533865080988e+02 2.392531845427204473e+02
2.098271072151248973e+02 2.384515197362853769e+02
2.104432707447933240e+02 2.376522709032206251e+02
2.110636571451098575e+02 2.368552413469252542e+02
2.116880882823365653e+02 2.360602349669622413e+02
2.123163732049349051e+02 2.352670524764861284e+02
2.129483290241467728e+02 2.344754879170651236e+02
2.135837702889393199e+02 2.336853343793707154e+02
2.142225209892810938e+02 2.328963922050759550e+02
2.148644284503218103e+02 2.321084839578803667e+02
2.155093417024241660e+02 2.313214349656745412e+02
2.161571080651178534e+02 2.305350700153438197e+02
2.168075741699451555e+02 2.297492134773519581e+02
2.174606243928723472e+02 2.289637383572997749e+02
2.181165908486967169e+02 2.281789961970505942e+02
2.187760424502469903e+02 2.273956345856808241e+02
2.194395261722885664e+02 2.266143258077498217e+02
2.201075665451665486e+02 2.258357613382406726e+02
2.207806650757971738e+02 2.250606508952228069e+02
2.214592728776375168e+02 2.242896918582910075e+02
2.221437760149709106e+02 2.235235333443720833e+02
2.228345379077105406e+02 2.227628297413214113e+02
2.235319081294601915e+02 2.220082452504703383e+02
2.242362273668910007e+02 2.212604513906139232e+02
2.249478161576917614e+02 2.205201170746723847e+02
2.256668962016109106e+02 2.197878351331700060e+02
2.263936709994833052e+02 2.190641456362440351e+02
2.271283451810988936e+02 2.183495919488110246e+02
2.278710792223342310e+02 2.176447397425285715e+02
2.286220855314946903e+02 2.169501241922252461e+02
2.293815123084270624e+02 2.162662810199383046e+02
2.301495040841184050e+02 2.155936846269157741e+02
2.309261834015846375e+02 2.149328164702697563e+02
2.317117007561657260e+02 2.142841429621896623e+02
2.325061771497290692e+02 2.136481464819931944e+02
2.333097905768671012e+02 2.130253020670980106e+02
2.341227715046654225e+02 2.124162101759920063e+02
2.349453987242936535e+02 2.118215028359128098e+02
2.357779603027303494e+02 2.112418088011456518e+02
2.366207519062212157e+02 2.106777550275257056e+02
2.374740500466082267e+02 2.101299585043527713e+02
2.383377165651751852e+02 2.095984011898049744e+02
2.392110301712358478e+02 2.090822161899588423e+02
2.400932493747973240e+02 2.085804634733681553e+02
2.409836539612227284e+02 2.080921907268004247e+02
2.418815433668936805e+02 2.076164346594646588e+02
2.427862155711415539e+02 2.071521940578475949e+02
2.436968859130649605e+02 2.066983150754181224e+02
2.446127540013520445e+02 2.062535899831160009e+02
2.455330336109930727e+02 2.058168041054020705e+02
2.464569512346508304e+02 2.053867370089135989e+02
2.473839053185629382e+02 2.049621242156860035e+02
2.483135608048538074e+02 2.045415778321813320e+02
2.492450993022316368e+02 2.041238713463503700e+02
2.501776083533791279e+02 2.037078301105082119e+02
2.511101818981109943e+02 2.032922745936312765e+02
2.520419184485736253e+02 2.028760192114239373e+02
2.529719261960222241e+02 2.024578582038562331e+02
2.538992954385041685e+02 2.020365356945613087e+02
2.548231202078351600e+02 2.016107741108012306e+02
2.557425203995202310e+02 2.011792833042058533e+02
2.566566284351877698e+02 2.007407620255862923e+02
2.575646040412733555e+02 2.002938958095584212e+02
2.584656664112409317e+02 1.998374059153458120e+02
2.593590835152532463e+02 1.993700417585669129e+02
2.602441621331010992e+02 1.988905395084930774e+02
2.611202340688323034e+02 1.983976171280228584e+02
2.619866678622440759e+02 1.978899734286397063e+02
2.628432075631433804e+02 1.973668273125930455e+02
2.636907345280865229e+02 1.968291728888800947e+02
2.645303717377800581e+02 1.962783843116215508e+02
2.653632371666550966e+02 1.957158432108303714e+02
2.661904415989974382e+02 1.951429378675345561e+02
2.670130951533155894e+02 1.945610708770255428e+02
2.678323135908206041e+02 1.939716836253274153e+02
2.686492084296553458e+02 1.933762495905661183e+02
2.694648829110628299e+02 1.927762591878479839e+02
2.702804234522537854e+02 1.921732215661569114e+02
2.710968993186134526e+02 1.915686658769333519e+02
2.719153471020997586e+02 1.909641360036349909e+02
2.727367790164120152e+02 1.903611822744397273e+02
2.735621766430118100e+02 1.897613779161993648e+02
2.743924914005339701e+02 1.891663218430425104e+02
2.752286410873184082e+02 1.885776402668613798e+02
2.760715016453011685e+02 1.879969794035153257e+02
2.769218559734605378e+02 1.874259121976292590e+02
2.777804117984490517e+02 1.868659747558818367e+02
2.786478370721360989e+02 1.863187324452406415e+02
2.795247486585364527e+02 1.857857841779300259e+02
2.804116959219214209e+02 1.852687627014807674e+02
2.813091771735540192e+02 1.847693036568923333e+02
2.822176267953080355e+02 1.842890216191447337e+02
2.831373302892687320e+02 1.838295717066718282e+02
2.840686077464758341e+02 1.833926197183286604e+02
2.850115992112592949e+02 1.829798907686553946e+02
2.859664079084234913e+02 1.825929620320257243e+02
2.869323698530730553e+02 1.822320025053715540e+02
2.879085911777638103e+02 1.818963805421150255e+02
2.888941586305339229e+02 1.815854625083136966e+02
2.898881610343215698e+02 1.812986084768676847e+02
2.908896890169477274e+02 1.810351672953226227e+02
2.918978681567994045e+02 1.807944673211988516e+02
2.929118286392030654e+02 1.805758172589736148e+02
2.939307248375368431e+02 1.803785106233674753e+02
2.949537411816667145e+02 1.802018273503890953e+02
2.959800623721249622e+02 1.800450288601925308e+02
2.970089299458243772e+02 1.799073380971664164e+02
2.980396068430777632e+02 1.797878539223845564e+02
2.990713611697468082e+02 1.796856036455779702e+02
3.001035340734633792e+02 1.795995854086450549e+02
3.011355485714663587e+02 1.795287795281619196e+02
3.021668640668401622e+02 1.794721372818313512e+02
3.031970347259630216e+02 1.794285600786492125e+02
3.042257107899546327e+02 1.793969032571699529e+02
3.052525879739814059e+02 1.793759798032078834e+02
3.062775100834796831e+02 1.793645888844545482e+02
3.073004160525441648e+02 1.793615166510422227e+02
3.083213579407903353e+02 1.793655400461663589e+02
3.093405022365292893e+02 1.793754434999934801e+02
3.103581545273500524e+02 1.793900210929950561e+02
3.113747427945917252e+02 1.794080663741513320e+02
3.123908268064002414e+02 1.794283774190017482e+02
3.134070991451629880e+02 1.794497994083241110e+02
3.144243156445691625e+02 1.794725114247188174e+02
3.154431165614429915e+02 1.794983337519373663e+02
3.164640234071598570e+02 1.795291972196845336e+02
3.174874221471453097e+02 1.795670295237277401e+02
3.185134709800750556e+02 1.796136349185175050e+02
3.195419555695319787e+02 1.796704440848877482e+02
3.205727150298137076e+02 1.797388440437356678e+02
3.216055637439887391e+02 1.798202655922983695e+02
3.226401260769921464e+02 1.799160874889006720e+02
3.236759585593065935e+02 1.800276993040295963e+02
3.247124421623653348e+02 1.801564262011063136e+02
3.257489408394330326e+02 1.803035584298175991e+02
3.267846458999865149e+02 1.804702459969730910e+02
3.278187225781643974e+02 1.806576313824126885e+02
3.288502372359646984e+02 1.808668209681837880e+02
3.298781715895933075e+02 1.810988824782384370e+02
3.309014497872418588e+02 1.813547998088116628e+02
3.319189971296154908e+02 1.816353496443546760e+02
3.329297035749348765e+02 1.819412340905900010e+02
3.339324125713534386e+02 1.822731204802640548e+02
3.349259236882065238e+02 1.826316408446406854e+02
3.359089962441873354e+02 1.830173909673598587e+02
3.368803959533613579e+02 1.834309455407389748e+02
3.378387485226948570e+02 1.838727377900214606e+02
3.387827840402983952e+02 1.843432589588175858e+02
3.397111197591640916e+02 1.848429161146970898e+02
3.406223542159295903e+02 1.853720819211104924e+02
3.415153123895711929e+02 1.859306859217880969e+02
3.423896147612518917e+02 1.865174214722140107e+02
3.432450306017680646e+02 1.871307060066781673e+02
3.440814859977674018e+02 1.877690527663474427e+02
3.448989607069188423e+02 1.884310075463361898e+02
3.456974441835516245e+02 1.891150855991726303e+02
3.464770665978947477e+02 1.898198852669966925e+02
3.472380000282111041e+02 1.905440170576151502e+02
3.479804746528402575e+02 1.912861267403541774e+02
3.487047765169394893e+02 1.920448967116182928e+02
3.494112447352403592e+02 1.928190463017313050e+02
3.501003165857674162e+02 1.936072757786292584e+02
3.507726012058029710e+02 1.944081868768630841e+02
3.514287822308861564e+02 1.952204079274618778e+02
3.520695974771583110e+02 1.960426165091140547e+02
3.526958373647310054e+02 1.968735438856310793e+02
3.533083454837979502e+02 1.977119665697581468e+02
3.539080757437509419e+02 1.985566248196487038e+02
3.544960854896863793e+02 1.994062955318487127e+02
3.550734751016147470e+02 2.002598098359833614e+02
3.556413884761049076e+02 2.011160692224903244e+02
3.562010144993695917e+02 2.019740060336104932e+02
3.567535779169357397e+02 2.028326570368884632e+02
3.573002934170149842e+02 2.036911581382506142e+02
3.578424204495786398e+02 2.045486851411755254e+02
3.583812521780083671e+02 2.054044980430469138e+02
3.589181052284951647e+02 2.062579225358428232e+02
3.594542235659197331e+02 2.071084364708099770e+02
3.599898117060265008e+02 2.079563709258241886e+02
3.605245607415789095e+02 2.088024353756905782e+02
3.610581140370883872e+02 2.096473230091651772e+02
3.615900736930812513e+02 2.104917095807504950e+02
3.621200298886886912e+02 2.113362485128351693e+02
3.626475082512035328e+02 2.121815668947900235e+02
3.631720596008358370e+02 2.130282691514881037e+02
3.636931569076887172e+02 2.138769271998453405e+02
3.642102839540758055e+02 2.147281000823887211e+02
3.647228641469480408e+02 2.155823130982357156e+02
3.652303129790838625e+02 2.164400732441143589e+02
3.657320088252341179e+02 2.173018556573760520e+02
3.662273042677206263e+02 2.181681101622339156e+02
3.667155941423575882e+02 2.190392460495649232e+02
3.671963166973305874e+02 2.199156010568234478e+02
3.676689051318905967e+02 2.207974471351773786e+02
3.681327298542310587e+02 2.216850273997819158e+02
3.685871745414731322e+02 2.225785534252136131e+02
3.690315661780359164e+02 2.234782115322181824e+02
3.694652402343551785e+02 2.243841513841956328e+02
3.698874978067298684e+02 2.252964963956179361e+02
3.702976275207915933e+02 2.262153370055382027e+02
3.706949123930291989e+02 2.271407253682303633e+02
3.710785999283889396e+02 2.280726975851839882e+02
3.714479498795020049e+02 2.290112312793380056e+02
3.718021923076260578e+02 2.299562936406448728e+02
3.721405543308549113e+02 2.309078071552209508e+02
3.724625403016894438e+02 2.318655726257448180e+02
3.727679600313169885e+02 2.328293029770428575e+02
3.730566403260496031e+02 2.337986946047171273e+02
3.733284160471862947e+02 2.347734329672562126e+02
3.735831156824921777e+02 2.357532142038384961e+02
3.738205599852596492e+02 2.367377316571328265e+02
3.740405747447325666e+02 2.377266615099974842e+02
3.742429857370726154e+02 2.387196816135896995e+02
3.744276141328945187e+02 2.397164683225590522e+02
3.745942789298167099e+02 2.407166894545019034e+02
3.747427974219985458e+02 2.417200062790919333e+02
3.748729833774422104e+02 2.427260730824120003e+02
3.749846471934811802e+02 2.437345363378385343e+02
3.750775978464449167e+02 2.447450336958150672e+02
3.751516431583746112e+02 2.457571932417834262e+02
3.752065900368134521e+02 2.467706327439552467e+02
3.752422438110624512e+02 2.477849589269310684e+02
3.752584062443226003e+02 2.487997666872429932e+02
3.752548785304811645e+02 2.498146379896644476e+02
3.752314543474579978e+02 2.508291471575984133e+02
3.751879378833622809e+02 2.518428396304655905e+02
3.751241384648324697e+02 2.528552511496644684e+02
3.750398481911720410e+02 2.538659147398672076e+02
3.749348808357501071e+02 2.548743210677958189e+02
3.748090415366229990e+02 2.558799623735218063e+02
3.746621474951966775e+02 2.568823002653567755e+02
3.744940117293917297e+02 2.578807838299675268e+02
3.743046883005434893e+02 2.588748572384621411e+02
3.740948179853245392e+02 2.598640566931503031e+02
3.738651552840501040e+02 2.608479579125156533e+02
3.736164595835443833e+02 2.618261819060387552e+02
3.733494801452548018e+02 2.627983950734950440e+02
3.730649625004484164e+02 2.637643064381903173e+02
3.727636478556574957e+02 2.647236719085087771e+02
3.724462703829382804e+02 2.656762960087445435e+02
3.721135537724526898e+02 2.666220334645328762e+02
3.717662087204304839e+02 2.675607910356715706e+02
3.714049301949418123e+02 2.684925293648537377e+02
3.710303817082730689e+02 2.694172563006328573e+02
3.706432047864633432e+02 2.703350443100370626e+02
3.702440170620784556e+02 2.712460218497282654e+02
3.698333927324810020e+02 2.721503583836168332e+02
3.694118875505771484e+02 2.730483118772633020e+02
3.689800156504491042e+02 2.739401804793658926e+02
3.685382559792490156e+02 2.748263373265508562e+02
3.680870729511441937e+02 2.757072603936978794e+02
3.676271529304799515e+02 2.765838850994471727e+02
3.671593628384782164e+02 2.774571935404995315e+02
3.666846115506364754e+02 2.783281674459593660e+02
3.662037782202637572e+02 2.791978001504033955e+02
3.657177288449943831e+02 2.800671699569373914e+02
3.652273083698908636e+02 2.809373918644907917e+02
3.647333169173039664e+02 2.818095945440800847e+02
3.642365498831546802e+02 2.826849674420686256e+02
3.637375667994335231e+02 2.835645441664167947e+02
3.632355704415085711e+02 2.844482935659800660e+02
3.627291881724844984e+02 2.853355720623005709e+02
3.622171775259343462e+02 2.862256159488039771e+02
3.616983546849891127e+02 2.871175483820071008e+02
3.611716490125837140e+02 2.880103838599997061e+02
3.606360323551879219e+02 2.889030112715689143e+02
3.600904862771915305e+02 2.897941778727445694e+02
3.595340715088099728e+02 2.906825466482538900e+02
3.589659216431670075e+02 2.915667155549752465e+02
3.583852542947495294e+02 2.924452198051299661e+02
3.577913640163365585e+02 2.933165893520695136e+02
3.571837793649742139e+02 2.941795098018160957e+02
3.565621432374884421e+02 2.950327096402078269e+02
3.559261289059938349e+02 2.958749019670826215e+02
3.552754290906363508e+02 2.967047899404644227e+02
3.546097590274517870e+02 2.975210719757888000e+02
3.539289992195319314e+02 2.983226529806016174e+02
3.532333187617148269e+02 2.991086684059154095e+02
3.525227955368730477e+02 2.998783408573395377e+02
3.517975764459870902e+02 3.006308515443216152e+02
3.510577344966019950e+02 3.013654309665541859e+02
3.503033942256939781e+02 3.020812992270103905e+02
3.495346246430116821e+02 3.027777944267943440e+02
3.487515930686354864e+02 3.034542242418837645e+02
3.479543583116730474e+02 3.041099641795430557e+02
3.471429673346358413e+02 3.047443889727529722e+02
3.463175111951693452e+02 3.053568900264178296e+02
3.454785237157167899e+02 3.059476416028171570e+02
3.446270598105034537e+02 3.065176234414976761e+02
3.437641477300437600e+02 3.070678853811281783e+02
3.428907591249318330e+02 3.075995087488638546e+02
3.420078328191433457e+02 3.081135939527301844e+02
3.411162364890588492e+02 3.086112524879259809e+02
3.402167470529795992e+02 3.090935349162658667e+02
3.393100943268215133e+02 3.095614895418133301e+02
3.383969759869266341e+02 3.100161806519453762e+02
3.374780606262549441e+02 3.104586868888387698e+02
3.365539970347297185e+02 3.108901094053033489e+02
3.356255285884036539e+02 3.113117414294597438e+02
3.346934819597857427e+02 3.117250475125213711e+02
3.337586691602982114e+02 3.121315075839477231e+02
3.328218876123895598e+02 3.125326097183217371e+02
3.318839252735486411e+02 3.129298481390680990e+02
3.309456091620444340e+02 3.133247951435510572e+02
3.300079122807181875e+02 3.137192538721317305e+02
3.290717777859111379e+02 3.141150846355357658e+02
3.281375450581596169e+02 3.145142165033449828e+02
3.272057885465990807e+02 3.149182157052920275e+02
3.262774608232588207e+02 3.153283991917575122e+02
3.253535402725497079e+02 3.157461081847558830e+02
3.244350149395938274e+02 3.161727072952371600e+02
3.235228659397007505e+02 3.166095642730272743e+02
3.226180656917226202e+02 3.170580508663545629e+02
3.217215734858102678e+02 3.175195434427758983e+02
3.208339538330915275e+02 3.179948422825951866e+02
3.199547803988806436e+02 3.184832619414278838e+02
3.190834607947612085e+02 3.189838873513281783e+02
3.182193928855754166e+02 3.194958086968752013e+02
3.173619637203723869e+02 3.200181207156723531e+02
3.165105511994134417e+02 3.205499183241915944e+02
3.156645034599192172e+02 3.210902645570888581e+02
3.148231473170852723e+02 3.216382024510716633e+02
3.139858097253988944e+02 3.221927755697222437e+02
3.131518098479384093e+02 3.227530278119138529e+02
3.123204684182120445e+02 3.233180009585071275e+02
3.114911072188021990e+02 3.238867348894951306e+02
3.106630466189499202e+02 3.244582657210221441e+02
3.098356082992591496e+02 3.250316243981587263e+02
3.090081256333535293e+02 3.256058365596661588e+02
3.081799328918171454e+02 3.261799234914765293e+02
3.073503747483632651e+02 3.267529002743918340e+02
3.065188144250441837e+02 3.273237883703914122e+02
3.056846305517133828e+02 3.278916077883209823e+02
3.048472137799026314e+02 3.284553689503676992e+02
3.040059735459470858e+02 3.290140716462045702e+02
3.031603317922089218e+02 3.295667059150159730e+02
3.023097354884613424e+02 3.301122583891152544e+02
3.014536609144847716e+02 3.306497192089844930e+02
3.005916070126733644e+02 3.311780671371137714e+02
2.997230963753190167e+02 3.316962674087238838e+02
2.988476771921974091e+02 3.322032712259783125e+02
2.979649933071930263e+02 3.326981399469164558e+02
2.970751706255463205e+02 3.331807658845789319e+02
2.961785307168842678e+02 3.336513886097359318e+02
2.952753939105452901e+02 3.341102503116542266e+02
2.943660888181472615e+02 3.345575944875596974e+02
2.934509366576222078e+02 3.349936699010789880e+02
2.925302576096789267e+02 3.354187245070058339e+02
2.916043673803285969e+02 3.358330056180104748e+02
2.906735788387047705e+02 3.362367652730063696e+02
2.897382013690472604e+02 3.366302613151678429e+02
2.887985399970127105e+02 3.370137580622597966e+02
2.878548907638586343e+02 3.373875285274222051e+02
2.869075624521723284e+02 3.377518664565310473e+02
2.859568468389767304e+02 3.381070813283902226e+02
2.850030299348571248e+02 3.384534902631617115e+02
2.840463882438502310e+02 3.387914199993646207e+02
2.830871876447433806e+02 3.391212076891763445e+02
2.821256851457391122e+02 3.394432082446369350e+02
2.811621280981457289e+02 3.397577961771189052e+02
2.801967479282982936e+02 3.400653572062579997e+02
2.792297658243099363e+02 3.403662899664907400e+02
2.782613825717164104e+02 3.406610056712246433e+02
2.772917823309502410e+02 3.409499274295135933e+02
2.763211319852824204e+02 3.412334920799564770e+02
2.753495794311136819e+02 3.415121491458253900e+02
2.743772525834323801e+02 3.417863603131121408e+02
2.734042566495911615e+02 3.420565977412244365e+02
2.724306695869661326e+02 3.423233152194138142e+02
2.714563445247497953e+02 3.425862734565454275e+02
2.704809465640412327e+02 3.428445375690433252e+02
2.695041684580256742e+02 3.430971382773343521e+02
2.685257349900952022e+02 3.433430971331797537e+02
2.675454198965848605e+02 3.435814376163338579e+02
2.665630324573893972e+02 3.438111829206332004e+02
2.655784064049173026e+02 3.440313391067104476e+02
2.645914488723885825e+02 3.442409310899186039e+02
2.636020672764248616e+02 3.444389627417467068e+02
2.626102499298602879e+02 3.446244572903775065e+02
2.616159993888597342e+02 3.447964317506077236e+02
2.606193639409636376e+02 3.449538984198761113e+02
2.596204473322120521e+02 3.450958848092697053e+02
2.586193795917690750e+02 3.452214183477058214e+02
2.576163375850326247e+02 3.453295339973805085e+02
2.566115605930370975e+02 3.454193101060142794e+02
2.556053156945977776e+02 3.454898576792312497e+02
2.545978764987048066e+02 3.455402689531439933e+02
2.535895507748660975e+02 3.455696211737993622e+02
2.525806882852123749e+02 3.455769924882370105e+02
2.515716697605513730e+02 3.455614471832709569e+02
2.505629172817862695e+02 3.455220382848307281e+02
2.495549007938031139e+02 3.454578899399517127e+02
2.485481288305907981e+02 3.453681351831992856e+02
2.475431489803617353e+02 3.452519302570445916e+02
2.465405604599940830e+02 3.451084047482311234e+02
2.455409902926213022e+02 3.449367185235770989e+02
2.445451410491868955e+02 3.447369170754719789e+02
2.435536776354958874e+02 3.445112105663523607e+02
2.425672125950719078e+02 3.442621044938956629e+02
2.415862599402491071e+02 3.439921063009895192e+02
2.406112255454453930e+02 3.437037327733893335e+02
2.396424814455236003e+02 3.433994691911689188e+02
2.386802366666381090e+02 3.430817163121212729e+02
2.377246873320086706e+02 3.427528022092224091e+02
2.367759191422555318e+02 3.424150441962718787e+02
2.358338902900652840e+02 3.420707566653927643e+02
2.348985730424285521e+02 3.417222245037133348e+02
2.339697121199307333e+02 3.413714376207895498e+02
2.330472599461412244e+02 3.410197957629987968e+02
2.321308684529854247e+02 3.406686222926035157e+02
2.312203765362097556e+02 3.403192223522551103e+02
2.303153571366469521e+02 3.399728719004336313e+02
2.294154322806398056e+02 3.396307736421899222e+02
2.285202922610028509e+02 3.392936586896116182e+02
2.276294483607654797e+02 3.389620186149755341e+02
2.267425259094608236e+02 3.386363339816373923e+02
2.258590626924628850e+02 3.383170467368229879e+02
2.249785472361595566e+02 3.380045677680546987e+02
2.241003744691643362e+02 3.376994410971605589e+02
2.232238018825624977e+02 3.374024366704641125e+02
2.223479982845856284e+02 3.371142953731605303e+02
2.214720447299324348e+02 3.368356981519060582e+02
2.205949296079689930e+02 3.365672586424620931e+02
2.197157005717163543e+02 3.363093361201337643e+02
2.188335200245917349e+02 3.360609846680579267e+02
2.179479818606532433e+02 3.358208243787669289e+02
2.170584848299668863e+02 3.355873636874853787e+02
2.161646553515257096e+02 3.353591122438429579e+02
2.152658930730984821e+02 3.351344455086198195e+02
2.143618965863625476e+02 3.349116158132409851e+02
2.134524146212562812e+02 3.346886125868327326e+02
2.125372631593735946e+02 3.344633629192398416e+02
2.116163275214267969e+02 3.342337448654516265e+02
2.106895706274519853e+02 3.339975894955115905e+02
2.097571677299392263e+02 3.337524979756463495e+02
2.088200401906048285e+02 3.334951293552399534e+02
2.078793584967097274e+02 3.332218441082078471e+02
2.069367740398371325e+02 3.329291687469635121e+02
2.059939700958580318e+02 3.326136255571718721e+02
2.050531013538112290e+02 3.322719516900364738e+02
2.041164930101046195e+02 3.319009813977834256e+02
2.031868045395527247e+02 3.314977721726662594e+02
2.022670109684900694e+02 3.310596172198890486e+02
2.013603805122423296e+02 3.305840780138939863e+02
2.004704803073884136e+02 3.300690361454528556e+02
