1.947939168570753168e+02 3.338543133553806115e+02
1.940522392991565255e+02 3.329172863979259773e+02
1.933545061639530331e+02 3.319502049720804848e+02
1.927024103819035759e+02 3.309564945248121148e+02
1.920967675392032845e+02 3.299388445399908960e+02
1.915381679586472217e+02 3.288998904539471937e+02
1.910269928384063576e+02 3.278421922095981245e+02
1.905634268894586683e+02 3.267682024071110050e+02
1.901474655703142389e+02 3.256802028535133218e+02
1.897790582280940441e+02 3.245806123421310190e+02
1.894578661244800344e+02 3.234713799046982672e+02
1.891835648348779273e+02 3.223546029053315465e+02
1.889554782484600821e+02 3.212321426694962838e+02
1.887723154961447278e+02 3.201061659575376552e+02
1.886325125676436869e+02 3.189785176513547640e+02
1.885344690615191325e+02 3.178509346892474241e+02
1.884765282918085916e+02 3.167249823271370133e+02
1.884569379761961727e+02 3.156020584407565934e+02
1.884731728205531454e+02 3.144836303072837040e+02
1.885221033410388429e+02 3.133711092809132879e+02
1.886005537440306910e+02 3.122656708668405940e+02
1.887053406381278364e+02 3.111682277647114461e+02
1.888332702730771189e+02 3.100795916481008021e+02
1.889810915135890070e+02 3.090002730825634103e+02
1.891453835656208753e+02 3.079307314803414783e+02
1.893227186860682707e+02 3.068711825417105956e+02
1.895097033277828587e+02 3.058216957615147749e+02
1.897029557817836576e+02 3.047821859910284843e+02
1.898992627375371569e+02 3.037523922945647428e+02
1.900968843007201201e+02 3.027317778820796548e+02
1.902950321485623419e+02 3.017196869185738706e+02
1.904929878487482426e+02 3.007154829524342858e+02
1.906900660233052918e+02 2.997185229024523778e+02
1.908856327919768034e+02 2.987281976900475797e+02
1.910792283587524025e+02 2.977439225038775703e+02
1.912706861699201397e+02 2.967650925403040105e+02
1.914599106629306675e+02 2.957911505897093321e+02
1.916468505867975693e+02 2.948216044052782649e+02
1.918314707084974771e+02 2.938559296813286323e+02
1.920137747226388001e+02 2.928936918777720280e+02
1.921938129284802130e+02 2.919344739651849636e+02
1.923716580146659396e+02 2.909778355195140307e+02
1.925474143606361963e+02 2.900234459228390733e+02
1.927212082965997126e+02 2.890709627025924533e+02
1.928931767737907990e+02 2.881200244567308459e+02
1.930634293691456946e+02 2.871703556197359717e+02
1.932320089994657906e+02 2.862216640616042582e+02
1.933989692325517353e+02 2.852736933357783755e+02
1.935643759953779295e+02 2.843261397183870258e+02
1.937283082141449029e+02 2.833787672033648164e+02
1.938908424160348147e+02 2.824313383992557647e+02
1.940519364698649554e+02 2.814835999067337866e+02
1.942115065515581875e+02 2.805352923336413937e+02
1.943694850632627720e+02 2.795861718164336480e+02
1.945258209236637299e+02 2.786359627025516374e+02
1.946804792625018194e+02 2.776844054094281091e+02
1.948336448191616341e+02 2.767312980633697066e+02
1.949858168635310562e+02 2.757765101233871974e+02
1.951375300453054535e+02 2.748199514694354093e+02
1.952893324269308550e+02 2.738615307528268090e+02
1.954417800532062870e+02 2.729011632932099474e+02
1.955954458122276094e+02 2.719388254261556312e+02
1.957509802256750788e+02 2.709745542506604465e+02
1.959090725599681662e+02 2.700083019798342434e+02
1.960704031679182151e+02 2.690401795997638601e+02
1.962356781954555061e+02 2.680702346901946953e+02
1.964056086764592521e+02 2.670985750488492840e+02
1.965809981782330453e+02 2.661253358700193417e+02
1.967627552326727880e+02 2.651507660795684842e+02
1.969518087983916814e+02 2.641750698990670116e+02
1.971490826407969053e+02 2.631985530308387524e+02
1.973555163535250188e+02 2.622215302272859390e+02
1.975720747540595426e+02 2.612443588545369835e+02
1.977997905138183796e+02 2.602673992567026175e+02
1.980396342144456980e+02 2.592909913046461270e+02
1.982924883347463378e+02 2.583156317393700760e+02
1.985591973423416619e+02 2.573418762626621970e+02
1.988405796346106627e+02 2.563703325521363467e+02
1.991373995384330442e+02 2.554016240392657835e+02
1.994503796097596364e+02 2.544364263045485188e+02
1.997802015800370157e+02 2.534754428037675211e+02
2.001275189725572830e+02 2.525194185397837998e+02
2.004929314976240562e+02 2.515691285274533584e+02
2.008769293296367948e+02 2.506253317710890087e+02
2.012796747287642347e+02 2.496886328814980516e+02
2.017012190362515867e+02 2.487596075074884254e+02
2.021415965428109587e+02 2.478388298253885011e+02
2.026008160683154244e+02 2.469268786165851282e+02
2.030788598499721616e+02 2.460243331389779371e+02
2.035756598695726041e+02 2.451317532568936031e+02
2.040911042630870043e+02 2.442496792699658101e+02
2.046250609555777373e+02 2.433786448009671801e+02
2.051773797559747265e+02 2.425191759246228855e+02
2.057478938143611913e+02 2.416717899268041378e+02
2.063364278001309344e+02 2.408369968943779327e+02
2.069428060822068289e+02 2.400153078471796277e+02
2.075668333217889199e+02 2.392072289682167821e+02
2.082083131245858283e+02 2.384132463390075714e+02
2.088670368244194719e+02 2.376338370401799125e+02
2.095427909132454545e+02 2.368694674880024138e+02
2.102353940988852230e+02 2.361206244479558620e+02
2.109446930947071337e+02 2.353878039500976342e+02
2.116705089637661104e+02 2.346715007288366053e+02
2.124126771656165147e+02 2.339721833795252905e+02
2.131710258262697550e+02 2.332903135447324132e+02
2.139453967281677080e+02 2.326263540257888280e+02
2.147356664557280226e+02 2.319807894199514635e+02
2.155417170232110209e+02 2.313540979276600638e+02
2.163634322063989828e+02 2.307467462351700362e+02
2.172006995208560056e+02 2.301591896509617925e+02
2.180533054558397339e+02 2.295917644587860877e+02
2.189200353637629348e+02 2.290436995227665875e+02
2.197991342887935957e+02 2.285135439727904441e+02
2.206889009772844759e+02 2.279997802039503370e+02
2.215876934552154580e+02 2.275008364928095546e+02
2.224939259237793294e+02 2.270150909142234354e+02
2.234060290986013229e+02 2.265408307101961327e+02
2.243224131219500350e+02 2.260762149969980328e+02
2.252415317955280045e+02 2.256193519900089655e+02
2.261618883023069486e+02 2.251683131127210800e+02
2.270820313417196985e+02 2.247211390266257069e+02
2.280005761267180446e+02 2.242758708339448219e+02
2.289163669327497814e+02 2.238307433576223389e+02
2.298283573795418135e+02 2.233840952796372505e+02
2.307355262896732313e+02 2.229342581783922981e+02
2.316368948308023050e+02 2.224795251862560121e+02
2.325314769684879934e+02 2.220182168194874919e+02
2.334184458297107483e+02 2.215487708671480505e+02
2.342971573842992825e+02 2.210698895524883199e+02
2.351670046269179579e+02 2.205802854090359233e+02
2.360273681936698722e+02 2.200786914681861219e+02
2.368776531655603321e+02 2.195638208297979190e+02
2.377172132599926329e+02 2.190343876369067289e+02
2.385452762936238003e+02 2.184888845946986748e+02
2.393610010150423761e+02 2.179257373773100142e+02
2.401635423699453327e+02 2.173433797345110463e+02
2.409520520455724863e+02 2.167402531964462753e+02
2.417257044169083713e+02 2.161148188784701176e+02
2.424843809299806026e+02 2.154665884336319834e+02
2.432289316197403934e+02 2.147964861007156969e+02
2.439602447540602839e+02 2.141055606506239997e+02
2.446791779466961430e+02 2.133948845627382411e+02
2.453865604103784221e+02 2.126655520994906681e+02
2.460832556600838075e+02 2.119187648825234191e+02
2.467704105511807029e+02 2.111561895449365238e+02
2.474492450946896156e+02 2.103796533181902362e+02
2.481209570957873893e+02 2.095910002200349425e+02
2.487867251920689284e+02 2.087920889851056074e+02
2.494476921420803137e+02 2.079848982766938263e+02
2.501052812138536012e+02 2.071719433562063273e+02
2.507614709051908335e+02 2.063559468734041218e+02
2.514182969812600845e+02 2.055396212466818611e+02
2.520777816359299379e+02 2.047256888419675533e+02
2.527419277283700580e+02 2.039168835892517677e+02
2.534126672626853178e+02 2.031158825505312393e+02
2.540917034748408696e+02 2.023250748227551412e+02
2.547806564839346493e+02 2.015467893803594848e+02
2.554811239632724096e+02 2.007833762315369484e+02
2.561946632137702409e+02 2.000372105851292588e+02
2.569227880019942063e+02 1.993106770422964189e+02
2.576667772461107120e+02 1.986058770623965017e+02
2.584276640945073495e+02 1.979246534143445047e+02
2.592064574037084981e+02 1.972688575996110387e+02
2.600041025344839909e+02 1.966403787050082599e+02
2.608215071898503084e+02 1.960411317790274381e+02
2.616590944691137111e+02 1.954723519722954848e+02
2.625157419108418821e+02 1.949329314321767299e+02
2.633900462155166338e+02 1.944212574797354023e+02
2.642805915580313467e+02 1.939357243871412493e+02
2.651859620128673214e+02 1.934747228387187192e+02
2.661047700773778502e+02 1.930366347665930391e+02
2.670356518204204122e+02 1.926198767774954774e+02
2.679772632772193788e+02 1.922228862794289057e+02
2.689282930238633185e+02 1.918440863693583935e+02
2.698874442761310206e+02 1.914818928975178380e+02
2.708534441250738496e+02 1.911347100100493890e+02
2.718249816951936850e+02 1.908008322228959912e+02
2.728006473461398400e+02 1.904782715648554756e+02
2.737790458681711243e+02 1.901649762954075982e+02
2.747588304377993040e+02 1.898588701751509689e+02
2.757387079109559522e+02 1.895578506090226369e+02
2.767174449977088102e+02 1.892597879137981067e+02
2.776938799567479919e+02 1.889625350436376721e+02
2.786669262899976047e+02 1.886639217130629618e+02
2.796355761612243782e+02 1.883617468368306902e+02
2.805989059165419803e+02 1.880537758998912636e+02
2.815560834948078650e+02 1.877377339210759999e+02
2.825063921127122626e+02 1.874113433472366523e+02
2.834492535484154132e+02 1.870723700716342250e+02
2.843842109433525138e+02 1.867185302653118981e+02
2.853109241033122885e+02 1.863475298624933885e+02
2.862291949100544457e+02 1.859570152139236257e+02
2.871390865101623149e+02 1.855449436824145835e+02
2.880419314688620034e+02 1.851121177948016907e+02
2.889396584674618680e+02 1.846609299089363390e+02
2.898341638703994931e+02 1.841938354269031208e+02
2.907272938172858403e+02 1.837133404096182119e+02
2.916208335501988245e+02 1.832220029510994550e+02
2.925165441661457066e+02 1.827225712688307908e+02
2.934161770324068357e+02 1.822180920097944181e+02
2.943213866656233222e+02 1.817117047832006165e+02
2.952337127678372894e+02 1.812066198987833161e+02
2.961545471287835198e+02 1.807061116591202961e+02
2.970851425260686938e+02 1.802135047378832837e+02
2.980265752249144384e+02 1.797320647087738905e+02
2.989797128559075645e+02 1.792650610083978790e+02
2.999452524797257524e+02 1.788158184253011029e+02
3.009237248236264008e+02 1.783877207865601520e+02
3.019153977953327512e+02 1.779841932712405992e+02
3.029202855404024035e+02 1.776083226105397159e+02
3.039381542576660991e+02 1.772626650285101846e+02
3.049684489442084327e+02 1.769497377505868485e+02
3.060105343671812079e+02 1.766720582803624211e+02
3.070635369629693514e+02 1.764321451139226440e+02
3.081263573305468526e+02 1.762324754063337480e+02
3.091976266327905591e+02 1.760753493913277055e+02
3.102758237370590564e+02 1.759629727309944656e+02
3.113591867342886417e+02 1.758974899486385937e+02
3.124457384697652174e+02 1.758809669243352687e+02
3.135332900178861451e+02 1.759153401702083102e+02
3.146195465794290840e+02 1.760011967296482283e+02
3.157021625889920529e+02 1.761374303714917460e+02
3.167789119362701058e+02 1.763227250895205316e+02
3.178476363583170041e+02 1.765556504732776943e+02
3.189059098622059878e+02 1.768345136523233236e+02
3.199507648324516254e+02 1.771570450575314624e+02
3.209805368105913885e+02 1.775208714352193908e+02
3.219941972917284829e+02 1.779236750222341357e+02
3.229907370442533647e+02 1.783630807773488414e+02
3.239694754758527324e+02 1.788367720942045480e+02
3.249297904269129731e+02 1.793423804276855265e+02
3.258714977510985591e+02 1.798771533927018140e+02
3.267946211848508256e+02 1.804378283311673385e+02
3.276995024126219391e+02 1.810212172676567093e+02
3.285866662555778248e+02 1.816241975824158317e+02
3.294568271389184702e+02 1.822437199757165729e+02
3.303109058631440007e+02 1.828767568637514955e+02
3.311500888987330313e+02 1.835201479429577773e+02
3.319757647365665321e+02 1.841707780859202899e+02
3.327894942362736401e+02 1.848256335963274921e+02
3.335929999649941919e+02 1.854818053008655454e+02
3.343881485760330179e+02 1.861365066537557311e+02
3.351767962716229476e+02 1.867873418231006610e+02
3.359608215923552734e+02 1.874322330728668646e+02
3.367421621136915633e+02 1.880692153459326050e+02
3.375228587631529535e+02 1.886964203134082823e+02
3.383050360964060133e+02 1.893120749357333636e+02
3.390904243350763636e+02 1.899152766147023499e+02
3.398792938579803717e+02 1.905075330625317065e+02
3.406715604203666885e+02 1.910907793276798259e+02
3.414669680635191185e+02 1.916669020974107127e+02
3.422651356279342281e+02 1.922377561848326195e+02
3.430656118217551693e+02 1.928051544951623271e+02
3.438678578205227723e+02 1.933707616304181443e+02
3.446712909156177034e+02 1.939361440297618913e+02
3.454752355579545906e+02 1.945028242993266758e+02
3.462789260018232085e+02 1.950722804616498536e+02
3.470815101085580068e+02 1.956459442415521437e+02
3.478820394528302131e+02 1.962252152736584208e+02
3.486794511825420386e+02 1.968114819551273627e+02
3.494725979555362301e+02 1.974060846011337844e+02
3.502602559905311637e+02 1.980103074972570596e+02
3.510411252317588264e+02 1.986253774396875542e+02
3.518138315614932026e+02 1.992524653238913572e+02
3.525769281755074758e+02 1.998926977834970273e+02
3.533288773491192956e+02 2.005471429539479971e+02
3.540680782038931511e+02 2.012168056082378200e+02
3.547928577521198577e+02 2.019026250145554968e+02
3.555015068736197463e+02 2.026054646156675290e+02
3.561922433157837418e+02 2.033261067546382890e+02
3.568632263165294489e+02 2.040652603212816132e+02
3.575125900627207329e+02 2.048235476504456472e+02
3.581383962557796963e+02 2.056015093938287919e+02
3.587386509862053572e+02 2.063996087422905532e+02
3.593115421768136457e+02 2.072180570998600615e+02
3.598568978032838572e+02 2.080557119890269462e+02
3.603754468841353855e+02 2.089108263957937766e+02
3.608679750186697675e+02 2.097816999899912389e+02
3.613353209374796506e+02 2.106666899536377002e+02
3.617784081437453665e+02 2.115642151784527982e+02
3.621982015993854702e+02 2.124727163731801909e+02
3.625958404674414055e+02 2.133906917342012548e+02
3.629724559490434217e+02 2.143166611260558909e+02
3.633292963901627672e+02 2.152492595709281318e+02
3.636676100388319810e+02 2.161871493874244550e+02
3.639887224448232246e+02 2.171291082506319299e+02
3.642939157489866489e+02 2.180740034809853967e+02
3.645844914970203376e+02 2.190207980548566127e+02
3.648619233401818178e+02 2.199686413040836896e+02
3.651278275115369638e+02 2.209168056679127119e+02
3.653838426418503786e+02 2.218645716158816015e+02
3.656313964209164737e+02 2.228112267771321342e+02
3.658718617245983182e+02 2.237563766375025978e+02
3.661064961948816858e+02 2.246995237941296750e+02
3.663366711693020079e+02 2.256403962101192349e+02
3.665636998820772874e+02 2.265786667785828570e+02
3.667889110269699131e+02 2.275141430608086921e+02
3.670135298194510369e+02 2.284467604136614227e+02
3.672386752365571283e+02 2.293764144448992113e+02
3.674655689587481220e+02 2.303032500792833446e+02
3.676953411200687469e+02 2.312272800355320328e+02
3.679291280981435648e+02 2.321486721596971563e+02
3.681673345905034580e+02 2.330678981931698104e+02
3.684094324622294607e+02 2.339855782538213873e+02
3.686548366137048447e+02 2.349023810773507535e+02
3.689029486713467350e+02 2.358189719062727079e+02
3.691531145239413263e+02 2.367359141355857730e+02
3.694046831149314016e+02 2.376537432948185824e+02
3.696571402486200668e+02 2.385729931735905325e+02
3.699099768368602099e+02 2.394941329862069495e+02
3.701626546089536305e+02 2.404175991638133212e+02
3.704146150049815560e+02 2.413438209226120534e+02
3.706652737700941884e+02 2.422732072655803108e+02
3.709139583289643838e+02 2.432061541685636143e+02
3.711599101539849812e+02 2.441430392945297285e+02
3.714023458576998564e+02 2.450842113357840617e+02
3.716404602987719841e+02 2.460299890215034679e+02
3.718734271152580959e+02 2.469806604189348604e+02
3.721003452801046478e+02 2.479364847410615766e+02
3.723201077234018612e+02 2.488976918237598852e+02
3.725315475937190399e+02 2.498644644124245247e+02
3.727334710900861410e+02 2.508369193398662560e+02
3.729246769664628118e+02 2.518151533380249134e+02
3.731039441516658144e+02 2.527991916067001341e+02
3.732699229798406009e+02 2.537889706388994568e+02
3.734211910315959244e+02 2.547844048858585211e+02
3.735563026976768697e+02 2.557852975248914333e+02
3.736738100513456402e+02 2.567913944994676854e+02
3.737722509776516517e+02 2.578023513069650221e+02
3.738502971082665454e+02 2.588177677660802942e+02
3.739069364669448419e+02 2.598372022096509681e+02
3.739412213904031432e+02 2.608601714457311687e+02
3.739522129984632670e+02 2.618861314584866591e+02
3.739389694276985665e+02 2.629144824069604169e+02
3.739005637149481913e+02 2.639445628589571129e+02
3.738361629480076544e+02 2.649756665412801908e+02
3.737450023428862096e+02 2.660070403671846861e+02
3.736263342744977649e+02 2.670378725686047687e+02
3.734794312422439475e+02 2.680672903900958772e+02
3.733035903338850972e+02 2.690943581716388735e+02
3.730981520193006418e+02 2.701180995232007831e+02
3.728625814291877987e+02 2.711374651379075544e+02
3.725963874520936656e+02 2.721513658152888411e+02
3.722990837411988423e+02 2.731586899700864137e+02
3.719702850139198631e+02 2.741581912821528704e+02
3.716096194419152425e+02 2.751486298015140051e+02
3.712167992629890136e+02 2.761286763781463378e+02
3.707916893843593016e+02 2.770968809068987184e+02
3.703350759509056616e+02 2.780510922961452707e+02
3.698478448995855956e+02 2.789897018690738264e+02
3.693308280180656880e+02 2.799115061561823268e+02
3.687847611591848249e+02 2.808154863391469576e+02
3.682104319050991990e+02 2.817005580386043562e+02
3.676086412828125276e+02 2.825657329555984916e+02
3.669801512722733605e+02 2.834101393581531170e+02
3.663258605522337348e+02 2.842328652482147504e+02
3.656466018181749291e+02 2.850332621932264487e+02
3.649438820225061590e+02 2.858110604063534197e+02
3.642192746592974117e+02 2.865664106774337370e+02
3.634744182383720386e+02 2.872994727819594800e+02
3.627107730202291691e+02 2.880106038388884713e+02
3.619298013501380069e+02 2.887001922996935832e+02
3.611329050711969444e+02 2.893687626054032762e+02
3.603214451863252634e+02 2.900169639292181500e+02
3.594967209088828213e+02 2.906455109782373256e+02
3.586599569534724310e+02 2.912551813949892789e+02
3.578123200730361759e+02 2.918468041760181677e+02
3.569549084195793967e+02 2.924212775789712282e+02
3.560888330293848867e+02 2.929796193388413599e+02
3.552151728832758408e+02 2.935229145913611433e+02
3.543349433736775609e+02 2.940522845615849405e+02
3.534490989319140226e+02 2.945688789492542696e+02
3.525585394686507357e+02 2.950738694659024191e+02
3.516641254404402730e+02 2.955684589620266252e+02
3.507667005973945038e+02 2.960538987998858147e+02
3.498670545810696240e+02 2.965314438916960853e+02
3.489659432827268688e+02 2.970023668650885043e+02
3.480640855456052236e+02 2.974679382275209036e+02
3.471621567547465474e+02 2.979294300711635515e+02
3.462607584378552019e+02 2.983880279265486593e+02
3.453604449038677444e+02 2.988449213107196556e+02
3.444617636128289178e+02 2.993012777127186723e+02
3.435652436303602713e+02 2.997582582201454215e+02
3.426713826133392331e+02 3.002170209713432314e+02
3.417804208885634125e+02 3.006783348570935459e+02
3.408923201997282604e+02 3.011425629726186912e+02
3.400070375357876173e+02 3.016100326923615853e+02
3.391245407753784775e+02 3.020810534089566204e+02
3.382448026826956493e+02 3.025559262158125762e+02
3.373678114722765145e+02 3.030349352508492302e+02
3.364935666596709325e+02 3.035183568586881506e+02
3.356220776186832495e+02 3.040064575702288607e+02
3.347533636134991752e+02 3.044994936620925614e+02
3.338874539265959811e+02 3.049977120298809723e+02
3.330243886088508702e+02 3.055013519244161557e+02
3.321642293008674187e+02 3.060106620386035843e+02
3.313070580823314799e+02 3.065258993500850124e+02
3.304529680781645880e+02 3.070473149885138469e+02
3.296020635729782384e+02 3.075751541253083587e+02
3.287544596842076885e+02 3.081096573684726536e+02
3.279102907311195736e+02 3.086510692432854057e+02
3.270697228632349720e+02 3.091996603608658916e+02
3.262329811551609851e+02 3.097556474028507409e+02
3.254007313716873000e+02 3.103186352005127446e+02
3.245733143088304473e+02 3.108882263718111858e+02
3.237506625639384765e+02 3.114642854269381473e+02
3.229327088247374604e+02 3.120467109873492859e+02
3.221193914989977998e+02 3.126354226264134581e+02
3.213106429600763931e+02 3.132303428331059081e+02
3.205063879907002615e+02 3.138313977889139323e+02
3.197065447022769149e+02 3.144385158953766108e+02
3.189109370839494773e+02 3.150514980890273478e+02
3.181191629756328325e+02 3.156698106000695816e+02
3.173307797411675892e+02 3.162928684787253815e+02
3.165453387705809405e+02 3.169200896843502733e+02
3.157623889622393563e+02 3.175508913921745489e+02
3.149814716136419861e+02 3.181846891603695440e+02
3.142020994387123665e+02 3.188208568003599339e+02
3.134237688285240893e+02 3.194587393453052755e+02
3.126459714186506744e+02 3.200976854183555815e+02
3.118682046853067504e+02 3.207370352151032193e+02
3.110899638176998678e+02 3.213761291685931383e+02
3.103107382516640200e+02 3.220142912682533733e+02
3.095300047029917323e+02 3.226508094427879314e+02
3.087472419750025665e+02 3.232849610286953634e+02
3.079619329517154256e+02 3.239160228055519042e+02
3.071735714584504535e+02 3.245432609224250768e+02
3.063816590799755772e+02 3.251659351200717651e+02
3.055857091645572723e+02 3.257832998124932260e+02
3.047852473224289156e+02 3.263946019090282675e+02
3.039798116861422272e+02 3.269990784157126882e+02
3.031689551044413520e+02 3.275959581735152142e+02
3.023522461951639002e+02 3.281844583938754454e+02
3.015292769175205763e+02 3.287637967121885936e+02
3.006996687866623574e+02 3.293331989513879421e+02
2.998630638717890520e+02 3.298918812711925170e+02
2.990191251243239208e+02 3.304390478896696663e+02
2.981675378663642846e+02 3.309738907934659551e+02
2.973080757090246493e+02 3.314957074136247570e+02
2.964409657580764019e+02 3.320045827368652454e+02
2.955666173237418661e+02 3.325009318325051595e+02
2.946854366630447544e+02 3.329851731280566582e+02
2.937978297820873195e+02 3.334577306395705136e+02
2.929041958198436646e+02 3.339190330669005107e+02
2.920049272673269343e+02 3.343695115154297923e+02
2.911004077212814991e+02 3.348095991939088663e+02
2.901910128144670580e+02 3.352397361577027368e+02
2.892771091911318422e+02 3.356603703662537441e+02
2.883590532904078714e+02 3.360719583718851027e+02
2.874371879453497058e+02 3.364749642659919573e+02
2.865118496659485459e+02 3.368698668545089276e+02
2.855833569500540534e+02 3.372571553400907760e+02
2.846520139042228266e+02 3.376373292859802291e+02
2.837181081693875058e+02 3.380108996110063799e+02
2.827819096160699246e+02 3.383783890134923809e+02
2.818436693102413528e+02 3.387403327750971584e+02
2.809036183221214173e+02 3.390972791053993660e+02
2.799619653541892603e+02 3.394497875859651117e+02
2.790188989242596449e+02 3.397984325284967326e+02
2.780745823156739789e+02 3.401438004332531477e+02
2.771291538542415651e+02 3.404864889546564086e+02
2.761827249675781673e+02 3.408271039308158379e+02
2.752353803720957330e+02 3.411662621595810378e+02
2.742871777005271383e+02 3.415045922213704443e+02
2.733381452859198362e+02 3.418427324213933503e+02
2.723882758051374822e+02 3.421813012242217269e+02
2.714373246195519300e+02 3.425202003032119364e+02
2.704848474319388743e+02 3.428586119520254556e+02
2.695304226013713560e+02 3.431956811413616037e+02
2.685736551225213589e+02 3.435305417312649752e+02
2.676141966202033018e+02 3.438623266560200022e+02
2.666517305764112393e+02 3.441901634855933594e+02
2.656859514833806770e+02 3.445131532454708463e+02
2.647166428305498584e+02 3.448304067461502314e+02
2.637435584304710119e+02 3.451410168401244505e+02
2.627665631916352140e+02 3.454440858426527257e+02
2.617855099995193200e+02 3.457387134806957647e+02
2.608003029085865592e+02 3.460240166394469270e+02
2.598109235430903254e+02 3.462991420734365988e+02
2.588173554490973629e+02 3.465632380596186977e+02
2.578196374689821937e+02 3.468154557253122903e+02
2.568179295344479556e+02 3.470549792035740211e+02
2.558124224279727343e+02 3.472810513620416941e+02
2.548032473269154536e+02 3.474929799824877250e+02
2.537905500554478238e+02 3.476900702386498665e+02
2.527745308668704922e+02 3.478716233377361959e+02
2.517553699102857649e+02 3.480369273784534130e+02
2.507332614483663917e+02 3.481852546842405332e+02
2.497085093808502734e+02 3.483159223693783701e+02
2.486813136790855197e+02 3.484282479682597682e+02
2.476520386146021906e+02 3.485215593457837144e+02
2.466209291398592427e+02 3.485951585099535919e+02
2.455884075496907997e+02 3.486483641568731855e+02
2.445547691501311647e+02 3.486809068922661936e+02
2.435204601173163041e+02 3.486935665003776421e+02
2.424857819630255733e+02 3.486872529625917991e+02
2.414510446770829049e+02 3.486628707864127819e+02
2.404165538307530028e+02 3.486213301091012795e+02
2.393824834144467388e+02 3.485635076531646064e+02
2.383491026617232649e+02 3.484902802587490100e+02
2.373165376953356258e+02 3.484024860280055691e+02
2.362849214103780753e+02 3.483009533116491525e+02
2.352543876057097805e+02 3.481865136649992110e+02
2.342249326038448203e+02 3.480599534038331626e+02
2.331966692674717194e+02 3.479220961492669630e+02
2.321694840210618338e+02 3.477737085262678534e+02
2.311434237474341842e+02 3.476155986217734153e+02
2.301183076467338253e+02 3.474484994792409225e+02
2.290940604679574903e+02 3.472731627839086741e+02
2.280704876217538697e+02 3.470902972602218597e+02
2.270473286534187309e+02 3.469005504960856570e+02
2.260243818118215131e+02 3.467045754118770446e+02
2.250013042329492237e+02 3.465029632173117875e+02
2.239777335332705377e+02 3.462962728558525782e+02
2.229532588362034460e+02 3.460850217673607290e+02
2.219274414234984079e+02 3.458695885161257593e+02
2.208998351954551538e+02 3.456501545089976162e+02
2.198699555654436040e+02 3.454268383742723358e+02
2.188372749252410188e+02 3.451997049594373266e+02
2.178012214115369716e+02 3.449687604307700326e+02
2.167612246572019217e+02 3.447336320321144285e+02
2.157174546254656491e+02 3.444922538205073010e+02
2.146702506858601964e+02 3.442418058992132615e+02
2.136202340103497761e+02 3.439795321156373689e+02
2.125680333920950886e+02 3.437025953055134551e+02
2.115146229448187398e+02 3.434082798300738659e+02
2.104609078844989654e+02 3.430939731934576571e+02
2.094079184295833329e+02 3.427573356112367833e+02
2.083568430157618252e+02 3.423960726898357052e+02
2.073090456592010185e+02 3.420079332314829230e+02
2.062660765045569065e+02 3.415907245986780936e+02
2.052296124012971745e+02 3.411424133375148813e+02
2.042011796048254553e+02 3.406614599268106076e+02
2.031825902834149815e+02 3.401467280962455675e+02
2.021754528099131392e+02 3.395968833699085963e+02
2.011819424547549318e+02 3.390110367758222196e+02
2.002040185627210178e+02 3.383881198963241559e+02
1.992440655170882735e+02 3.377274413099675598e+02
1.983045355832196606e+02 3.370284356395647478e+02
1.973879881404923253e+02 3.362907025495036351e+02
1.964971538701501004e+02 3.355141080361855757e+02
1.956348782265246200e+02 3.346987775054099643e+02
