1.822997808655475183e+02 3.122530610467629799e+02
1.818740228943646287e+02 3.112917245525632666e+02
1.814764676615004362e+02 3.103171964163587404e+02
1.811072129514289202e+02 3.093305398825961561e+02
1.807662050911936831e+02 3.083326761237626670e+02
1.804533010004034281e+02 3.073245828691360089e+02
1.801682805425616323e+02 3.063071908828615051e+02
1.799108651761495992e+02 3.052814311270317944e+02
1.796807204704390983e+02 3.042482248537259011e+02
1.794774632608919660e+02 3.032084701227979053e+02
1.793006823068998870e+02 3.021630067420135788e+02
1.791499336915275649e+02 3.011126832176561265e+02
1.790247634380852730e+02 3.000582650325736722e+02
1.789247048910042395e+02 2.990005152081653250e+02
1.788492813257383034e+02 2.979401615114437618e+02
1.787980271574499511e+02 2.968778623540194417e+02
1.787704691063602809e+02 2.958142809738648680e+02
1.787661401204868810e+02 2.947500105400816324e+02
1.787845779905480583e+02 2.936856418550344756e+02
1.788253345682738882e+02 2.926217272211284808e+02
1.788879947725524460e+02 2.915587573749720036e+02
1.789721297246271092e+02 2.904972600104325693e+02
1.790773199606927903e+02 2.894376895667764416e+02
1.792031688802257179e+02 2.883804779343217888e+02
1.793492972599607924e+02 2.873260502412621804e+02
1.795153380906736800e+02 2.862748251568749538e+02
1.797009404690886072e+02 2.852271716242321418e+02
1.799057497744768739e+02 2.841834479769177619e+02
1.801294226244766605e+02 2.831440107607016330e+02
1.803716325775830285e+02 2.821092011583852468e+02
1.806321056825465234e+02 2.810792915940181160e+02
1.809105078849601398e+02 2.800546629922473016e+02
1.812065592750064411e+02 2.790355566970510495e+02
1.815199745965907141e+02 2.780222622860948150e+02
1.818504822000597869e+02 2.770150609471081680e+02
1.821978234890587203e+02 2.760142256358710711e+02
1.825617800274916647e+02 2.750199705751763872e+02
1.829420666089405643e+02 2.740326191223848582e+02
1.833384868644913013e+02 2.730523537463104162e+02
1.837508185204058293e+02 2.720794317309495227e+02
1.841788448705361247e+02 2.711141075499814974e+02
1.846223882580741815e+02 2.701565976993979348e+02
1.850812702298968304e+02 2.692071456320472294e+02
1.855553065956454759e+02 2.682660090100740149e+02
1.860443632116540584e+02 2.673333873462550514e+02
1.865482630680460545e+02 2.664095570612850565e+02
1.870669237693897173e+02 2.654947215075882241e+02
1.876002103157434249e+02 2.645891990585731151e+02
1.881480498145202489e+02 2.636932265958955668e+02
1.887103533095012438e+02 2.628070777418439548e+02
1.892870154448123117e+02 2.619310161831121491e+02
1.898777398820722055e+02 2.610651814367959673e+02
1.904821417637672027e+02 2.602096185679213818e+02
1.910998202666296208e+02 2.593643931355157974e+02
1.917303857101146320e+02 2.585295542724629172e+02
1.923735098065002092e+02 2.577050954346601657e+02
1.930288015739619993e+02 2.568911091143806402e+02
1.936959594422107216e+02 2.560875983553264632e+02
1.943746722888477620e+02 2.552945910074951712e+02
1.950645998732933322e+02 2.545121433310445980e+02
1.957654497681990904e+02 2.537402596100295682e+02
1.964769146831800981e+02 2.529789551060159170e+02
1.971986913632667608e+02 2.522282386878421221e+02
1.979304828718067597e+02 2.514881150521882489e+02
1.986719983522558834e+02 2.507585850244236951e+02
1.994229489047675656e+02 2.500396416182208270e+02
2.001830469858894048e+02 2.493312431847380992e+02
2.009519542493756035e+02 2.486333774771952108e+02
2.017293816271295839e+02 2.479459860478634141e+02
2.025150635041022724e+02 2.472690041848960902e+02
2.033086545270051317e+02 2.466024129558912819e+02
2.041098794482803385e+02 2.459460845090883652e+02
2.049183748053962688e+02 2.452999469300177964e+02
2.057338690770283449e+02 2.446638623441548930e+02
2.065560098475677080e+02 2.440377507093957377e+02
2.073845086313569368e+02 2.434214673891730456e+02
2.082190378708909293e+02 2.428148538754124672e+02
2.090592447899817614e+02 2.422177514326283188e+02
2.099048150118911735e+02 2.416299750447535928e+02
2.107554318421977939e+02 2.410513445860081845e+02
2.116107822917558394e+02 2.404816669557154682e+02
2.124705373362808132e+02 2.399207256687520839e+02
2.133343742430044188e+02 2.393682927086634606e+02
2.142019835603419153e+02 2.388241331692948961e+02
2.150730627851724819e+02 2.382880086008076148e+02
2.159473170352007969e+02 2.377596735738764551e+02
2.168244574648970229e+02 2.372388736326815319e+02
2.177042042169250067e+02 2.367253486185567226e+02
2.185862869642794806e+02 2.362188332845210255e+02
2.194704450830631686e+02 2.357190574692178586e+02
2.203564342858490761e+02 2.352257548698414666e+02
2.212440271086676660e+02 2.347386645895292929e+02
2.221330072508432352e+02 2.342575225329928230e+02
2.230231681116291895e+02 2.337820614048918060e+02
2.239143130056598352e+02 2.333120101392641459e+02
2.248062652619245512e+02 2.328471081947512005e+02
2.256988721884040956e+02 2.323871196284219991e+02
2.265919950613952665e+02 2.319317955415714323e+02
2.274854999564787192e+02 2.314808892985756756e+02
2.283792643244416638e+02 2.310341554146245358e+02
2.292732326173238278e+02 2.305914459156201417e+02
2.301674378466247504e+02 2.301527156666725773e+02
2.310619141430425429e+02 2.297179323228657495e+02
2.319566938988012623e+02 2.292870726013899798e+02
2.328518108438801164e+02 2.288601222038904268e+02
2.337473246969399554e+02 2.284370457500414489e+02
2.346432740677310846e+02 2.280178395461236391e+02
2.355396988086623935e+02 2.276025127827859080e+02
2.364366757915614983e+02 2.271910379502352271e+02
2.373342472707126092e+02 2.267834190638847645e+02
2.382324544080044291e+02 2.263796732434102523e+02
2.391313839073595489e+02 2.259797752248820473e+02
2.400310796496953571e+02 2.255837353075588112e+02
2.409315871432896188e+02 2.251915766938363959e+02
2.418330050028075107e+02 2.248032773969747495e+02
2.427353703853843001e+02 2.244188538748243218e+02
2.436387411591801708e+02 2.240383118895727250e+02
2.445432081876655843e+02 2.236616305246122351e+02
2.454488105427415690e+02 2.232888313047632209e+02
2.463556311774145229e+02 2.229199113952892333e+02
2.472637473371734700e+02 2.225548541664315394e+02
2.481731962730204657e+02 2.221936708882241192e+02
2.490840858702601111e+02 2.218363288514115652e+02
2.499964801195714585e+02 2.214828218670013200e+02
2.509105804118305798e+02 2.211330249967777490e+02
2.518266184440561233e+02 2.207866942227711888e+02
2.527445873217650956e+02 2.204436845422163742e+02
2.536645273499380266e+02 2.201038290826529362e+02
2.545864719194405836e+02 2.197669626981610236e+02
2.555104173267004626e+02 2.194329512602316186e+02
2.564364366987636572e+02 2.191016031373805504e+02
2.573645291112864584e+02 2.187727645794811622e+02
2.582947354491940928e+02 2.184462695006990032e+02
2.592271083253739334e+02 2.181219430824278049e+02
2.601616595502873679e+02 2.177996430337712184e+02
2.610984676799484419e+02 2.174791910444490952e+02
2.620375586678202353e+02 2.171604392063035789e+02
2.629789876359479308e+02 2.168432342109785793e+02
2.639228213543080415e+02 2.165274142917153881e+02
2.648690975121660927e+02 2.162128508378194738e+02
2.658179072562790566e+02 2.158994088127818998e+02
2.667693050547616167e+02 2.155869840070581631e+02
2.677233670594654313e+02 2.152754692652290487e+02
2.686801737520373763e+02 2.149647518092419887e+02
2.696397949055699428e+02 2.146547584152950208e+02
2.706023312725893675e+02 2.143454550757945185e+02
2.715678685746394194e+02 2.140368380725686279e+02
2.725364998497300348e+02 2.137289071002428500e+02
2.735083153604230120e+02 2.134216553074676312e+02
2.744834244251791802e+02 2.131152431381378562e+02
2.754619714071656063e+02 2.128102437983313848e+02
2.764440888105146428e+02 2.125073092597180846e+02
2.774298997951999581e+02 2.122071072721924168e+02
2.784194816831516732e+02 2.119102961792636961e+02
2.794129124443064143e+02 2.116175681994911315e+02
2.804102614489661960e+02 2.113296829603647495e+02
2.814115368054600594e+02 2.110473980211110359e+02
2.824167588706833385e+02 2.107714793512920437e+02
2.834259267974338172e+02 2.105027010364655951e+02
2.844389883509678612e+02 2.102418153441971924e+02
2.854558845977888382e+02 2.099895428440257490e+02
2.864765422851545509e+02 2.097466042754788305e+02
2.875008758212907765e+02 2.095137258673289580e+02
2.885287432809565189e+02 2.092916265274407976e+02
2.895600109195770528e+02 2.090809568490838899e+02
2.905945286636760443e+02 2.088822603050461737e+02
2.916321280295880456e+02 2.086960710793119347e+02
2.926726265781168195e+02 2.085229231985093179e+02
2.937158349893128388e+02 2.083633494844202119e+02
2.947615345885823785e+02 2.082177756929152110e+02
2.958095189768289401e+02 2.080864961522526642e+02
2.968595763173410091e+02 2.079697969042224202e+02
2.979114848135889133e+02 2.078679633289255548e+02
2.989650161911418422e+02 2.077812764784885076e+02
3.000199437811892835e+02 2.077099197756082276e+02
3.010760520063684567e+02 2.076539741240291335e+02
3.021331231431760784e+02 2.076135157786473826e+02
3.031909176182697934e+02 2.075886156300200298e+02
3.042492218597527653e+02 2.075793454781061769e+02
3.053078197609099789e+02 2.075857146234430957e+02
3.063665188678575646e+02 2.076076826693109183e+02
3.074251153575064563e+02 2.076452067625833422e+02
3.084833601104426180e+02 2.076982304946728846e+02
3.095411145013960095e+02 2.077667230767885655e+02
3.105981445679001354e+02 2.078506193772353754e+02
3.116542606826035922e+02 2.079498509609811094e+02
3.127092875160840890e+02 2.080643554461923088e+02
3.137630279767300863e+02 2.081940669305868710e+02
3.148152682461534368e+02 2.083389163192558442e+02
3.158658830605913295e+02 2.084988945374458922e+02
3.169146072802484468e+02 2.086739746543910883e+02
3.179612645646363944e+02 2.088641530108556026e+02
3.190056653306295971e+02 2.090694271547679648e+02
3.200476054767729011e+02 2.092898029570467031e+02
3.210868595563867416e+02 2.095253629111701628e+02
3.221231869922557962e+02 2.097762282608451585e+02
3.231563402481938851e+02 2.100425211833652952e+02
3.241860644730805348e+02 2.103243643990742839e+02
3.252121299610412848e+02 2.106218700864276911e+02
3.262343047161569416e+02 2.109349848200766928e+02
3.272523556859597420e+02 2.112635829523463542e+02
3.282661829800818509e+02 2.116075987853191123e+02
3.292754703126760205e+02 2.119668847379497549e+02
3.302800838123440599e+02 2.123413810567429323e+02
3.312798114056671466e+02 2.127310938802709472e+02
3.322743403338032522e+02 2.131360161640911315e+02
3.332634539054409402e+02 2.135561852676696901e+02
3.342468863537945367e+02 2.139916262804099176e+02
3.352243746256119721e+02 2.144423777788076393e+02
3.361956368511016535e+02 2.149085009358185516e+02
3.371603191762276879e+02 2.153900306069098747e+02
3.381181870477762459e+02 2.158870720463780231e+02
3.390688345108481485e+02 2.163996511156827012e+02
3.400120050383963530e+02 2.169278717907855025e+02
3.409473021528252161e+02 2.174717401818287783e+02
3.418743890232473177e+02 2.180312920548081195e+02
3.427929043504043420e+02 2.186065615622287623e+02
3.437025016275347866e+02 2.191976082948033593e+02
3.446027189018798822e+02 2.198043960325509261e+02
3.454932539937877323e+02 2.204269067470872869e+02
3.463736911646263366e+02 2.210650487367257711e+02
3.472436712589689591e+02 2.217187806737765641e+02
3.481027722556851813e+02 2.223880363280828192e+02
3.489505776035578606e+02 2.230727084378554537e+02
3.497867118312939851e+02 2.237725966900396770e+02
3.506108210754587162e+02 2.244875153829699457e+02
3.514225072657846454e+02 2.252172635465999520e+02
3.522213862285412347e+02 2.259616730629745973e+02
3.530070232911174344e+02 2.267204762105892826e+02
3.537791181290875215e+02 2.274934013832618120e+02
3.545372665042731342e+02 2.282800851355003431e+02
3.552811541104974253e+02 2.290802708497297999e+02
3.560103659942413969e+02 2.298936308028745543e+02
3.567245540443133223e+02 2.307198623286969905e+02
3.574233729867549414e+02 2.315585892541214150e+02
3.581065035573390105e+02 2.324094866628054206e+02
3.587735595328282443e+02 2.332721745042420594e+02
3.594242088067716736e+02 2.341463676141238182e+02
3.600580728579207630e+02 2.350317354450854452e+02
3.606747834716533703e+02 2.359279465590028337e+02
3.612739960578816749e+02 2.368347430222638366e+02
3.618553085781488790e+02 2.377518094348403679e+02
3.624183531643178071e+02 2.386789120312720627e+02
3.629627205448595646e+02 2.396158094269447929e+02
3.634880065355463330e+02 2.405623496140618727e+02
3.639937591099744623e+02 2.415182943792796664e+02
3.644795790878425805e+02 2.424835296990937081e+02
3.649450214970463549e+02 2.434579208264778174e+02
3.653892430514510465e+02 2.444415764776734079e+02
3.658110075241068557e+02 2.454347919123055135e+02
3.662090207913117297e+02 2.464377074651347641e+02
3.665819941073228847e+02 2.474504253045563473e+02
3.669286242974686161e+02 2.484729139188137310e+02
3.672475881644161859e+02 2.495050262164458843e+02
3.675375715710779900e+02 2.505464903960235006e+02
3.677973265249358406e+02 2.515968440319663273e+02
3.680259164448614797e+02 2.526545762705610230e+02
3.682230409881152013e+02 2.537179605129913966e+02
3.683887610239089554e+02 2.547860869557712533e+02
3.685232517183704886e+02 2.558580460538095167e+02
3.686268008203560953e+02 2.569329293139680885e+02
3.686997973672331455e+02 2.580098417943238474e+02
3.687427181635075613e+02 2.590879120089040271e+02
3.687561081733801416e+02 2.601662996758361146e+02
3.687405547193975508e+02 2.612442336776568936e+02
3.686967029588964238e+02 2.623209312293337234e+02
3.686252126193467120e+02 2.633957123725342626e+02
3.685267707868362095e+02 2.644678992723538045e+02
3.684020842189604537e+02 2.655368570321280686e+02
3.682518562278423815e+02 2.666020125907987222e+02
3.680767773845659008e+02 2.676628356540982168e+02
3.678775225532357354e+02 2.687188281782515560e+02
3.676547623353848167e+02 2.697695052759568739e+02
3.674091668866170153e+02 2.708144188648177533e+02
3.671413443823485068e+02 2.718532182156343424e+02
3.668519326741568420e+02 2.728854656103343359e+02
3.665415040605059858e+02 2.739108311452687872e+02
3.662105975482148779e+02 2.749290005923183458e+02
3.658597974303712590e+02 2.759396081421509734e+02
3.654895966606039224e+02 2.769424204103181069e+02
3.651005046131481890e+02 2.779371302348042150e+02
3.646929837055458847e+02 2.789234776847221156e+02
3.642674994380261069e+02 2.799011838581076859e+02
3.638244568945395372e+02 2.808700638021250597e+02
3.633643099314194842e+02 2.818298418840897170e+02
3.628874380520314276e+02 2.827803247619386866e+02
3.623942198473685607e+02 2.837212875346997407e+02
3.618849818175802966e+02 2.846525500997871063e+02
3.613601182774389144e+02 2.855738567152062046e+02
3.608199135997217581e+02 2.864850708306824458e+02
3.602646961680890172e+02 2.873859717027675060e+02
3.596947540147790505e+02 2.882763721715013503e+02
3.591103543341138220e+02 2.891560851878115272e+02
3.585117763747264803e+02 2.900248933678458343e+02
3.578992205868622136e+02 2.908826429781378806e+02
3.572729556312842760e+02 2.917290911847978805e+02
3.566331725918273037e+02 2.925640675745889325e+02
3.559801782328135573e+02 2.933874431661683957e+02
3.553144598073803877e+02 2.941992519233288590e+02
3.546365079337816155e+02 2.949995578612524127e+02
3.539467777866033771e+02 2.957884476568930268e+02
3.532457186485790999e+02 2.965660018872147248e+02
3.525337547355470065e+02 2.973322988927757251e+02
3.518112774101429636e+02 2.980874103451235442e+02
3.510786461814303152e+02 2.988314230270250391e+02
3.503362198615769216e+02 2.995644143323498270e+02
3.495843441601109589e+02 3.002864662743365329e+02
3.488233482668450165e+02 3.009976609713912694e+02
3.480535441563271775e+02 3.016980785118896051e+02
3.472752120631805042e+02 3.023878134342383532e+02
3.464886577055670500e+02 3.030669345874385385e+02
3.456941474610896989e+02 3.037355364899765391e+02
3.448919653465886768e+02 3.043936977238802228e+02
3.440823450420675158e+02 3.050415276617077325e+02
3.432655650276185497e+02 3.056790984381988778e+02
3.424418644416942357e+02 3.063065089102628349e+02
3.416114781854887497e+02 3.069238544949297989e+02
3.407746441324586613e+02 3.075312354752777537e+02
3.399315988316808443e+02 3.081287601796090030e+02
3.390825600631980592e+02 3.087165432535684886e+02
3.382277628055253444e+02 3.092946859016986423e+02
3.373674271033414698e+02 3.098632999193999922e+02
3.365017503108700225e+02 3.104225207967376718e+02
3.356309755264092018e+02 3.109724694016353510e+02
3.347553005931238772e+02 3.115132905370136314e+02
3.338749513714623731e+02 3.120451116654743942e+02
3.329901007624712861e+02 3.125680837084039467e+02
3.321009908568497622e+02 3.130823425049343882e+02
3.312078139642578662e+02 3.135880629496899701e+02
3.303107732184877818e+02 3.140854085336225126e+02
3.294100608566443498e+02 3.145745446540504417e+02
3.285058796686230949e+02 3.150556343871358536e+02
3.275984207442340335e+02 3.155288626208786695e+02
3.266878780153840580e+02 3.159944192090885053e+02
3.257744399605398939e+02 3.164524947968000106e+02
3.248582881866369689e+02 3.169032810701752396e+02
3.239395969073788706e+02 3.173469711381608818e+02
3.230185491527644785e+02 3.177837660458949927e+02
3.220953154848592703e+02 3.182138748219135209e+02
3.211700629432914980e+02 3.186375059028384840e+02
3.202429484794919290e+02 3.190548674667276714e+02
3.193141296364675554e+02 3.194661674343912523e+02
3.183837605331679015e+02 3.198716184249838079e+02
3.174519775869043201e+02 3.202714315160837373e+02
3.165189231650862212e+02 3.206658180780914904e+02
3.155847306279297868e+02 3.210549931125889316e+02
3.146495117398683874e+02 3.214391486565210130e+02
3.137133394581010180e+02 3.218184013937121790e+02
3.127762581580598749e+02 3.221928325857290361e+02
3.118383205710218817e+02 3.225625336287880600e+02
3.108995698895611781e+02 3.229275836317220296e+02
3.099600492649458374e+02 3.232880667601101550e+02
3.090197946906324091e+02 3.236440538566744749e+02
3.080788388900563746e+02 3.239956075223646508e+02
3.071372110384338043e+02 3.243428012007132111e+02
3.061949427307765177e+02 3.246856934084606223e+02
3.052520577858913384e+02 3.250243459198566711e+02
3.043085753306714878e+02 3.253588147863972608e+02
3.033645165430958741e+02 3.256891443509105102e+02
3.024198968187426431e+02 3.260153803277444240e+02
3.014747268441391270e+02 3.263375747555318185e+02
3.005290221505429713e+02 3.266557679993455849e+02
2.995827939840477256e+02 3.269699890103931352e+02
2.986360417534751832e+02 3.272802764117112133e+02
2.976887718417040105e+02 3.275866621760990256e+02
2.967409891635555255e+02 3.278891750800092382e+02
2.957926980778898951e+02 3.281878370016526674e+02
2.948438919524888320e+02 3.284826730132556918e+02
2.938945665807301566e+02 3.287737057962926315e+02
2.929447205307753848e+02 3.290609525181783397e+02
2.919943479888706861e+02 3.293444297541564652e+02
2.910434479959274654e+02 3.296241449253063820e+02
2.900919969720196150e+02 3.299001212832698684e+02
2.891399924966666504e+02 3.301723671567123688e+02
2.881874174548729570e+02 3.304408973037945998e+02
2.872341925243947003e+02 3.307057895382278048e+02
2.862802632456280776e+02 3.309671438309595715e+02
2.853256186400697629e+02 3.312250520158985978e+02
2.843702634336892743e+02 3.314795949022778245e+02
2.834141940237375366e+02 3.317308533768261896e+02
2.824574125069804609e+02 3.319788998477196174e+02
2.814998991874328453e+02 3.322238216196633402e+02
2.805416513439584492e+02 3.324657006239817747e+02
2.795826625170541320e+02 3.327046164371838017e+02
2.786229302436216244e+02 3.329406404526964707e+02
2.776624280066159827e+02 3.331738556351303941e+02
2.767011458595823683e+02 3.334043416255965440e+02
2.757390753825704337e+02 3.336321768017633644e+02
2.747762041435978517e+02 3.338574357856650749e+02
2.738124969299809663e+02 3.340802051011772278e+02
2.728479458403501781e+02 3.343005563417024746e+02
2.718825361098199096e+02 3.345185617531753905e+02
2.709162234868321093e+02 3.347343136946874438e+02
2.699490017696654149e+02 3.349478835126388958e+02
2.689808358720358683e+02 3.351593492470094588e+02
2.680116868309091842e+02 3.353687786941625859e+02
2.670415155817861432e+02 3.355760782784668663e+02
2.660702253998996980e+02 3.357810808084145151e+02
2.650977802357422206e+02 3.359835850193839519e+02
2.641240871484627633e+02 3.361834165017756959e+02
2.631491173963055985e+02 3.363803672764707926e+02
2.621727911443792323e+02 3.365742441874326687e+02
2.611950749827195750e+02 3.367648277614374592e+02
2.602159154371817067e+02 3.369519036536714225e+02
2.592352684033043602e+02 3.371352561006222572e+02
2.582531045613395122e+02 3.373146559388084142e+02
2.572693841379217474e+02 3.374898674438003923e+02
2.562840779094816526e+02 3.376606470432940341e+02
2.552971643571910363e+02 3.378267450636599847e+02
2.543086245278930733e+02 3.379879088456407317e+02
2.533184453205640523e+02 3.381438796431638707e+02
2.523266163217101337e+02 3.382943897204569907e+02
2.513331348803439482e+02 3.384391642371465423e+02
2.503380040738769594e+02 3.385779243079294929e+02
2.493412325166232222e+02 3.387103878819376064e+02
2.483428350084199678e+02 3.388362670814764215e+02
2.473428320384064705e+02 3.389552703382134382e+02
2.463412512407352608e+02 3.390671024326914562e+02
2.453381268157738759e+02 3.391714642983174599e+02
2.443334989928482912e+02 3.392680513555051789e+02
2.433274145200265650e+02 3.393565551936749216e+02
2.423199324149704523e+02 3.394366771533880183e+02
2.413111071773696210e+02 3.395081008563828391e+02
2.403010186757306030e+02 3.395705243106040143e+02
2.392897318332969121e+02 3.396236230744106024e+02
2.382773436046313975e+02 3.396670887960618757e+02
2.372639413973294040e+02 3.397006117303154724e+02
2.362496255094198716e+02 3.397238800639721603e+02
2.352345036026777620e+02 3.397365767050183649e+02
2.342187005179773678e+02 3.397383871190079958e+02
2.332023401876150217e+02 3.397289935632903166e+02
2.321855546414835771e+02 3.397080824915688595e+02
2.311684958730275525e+02 3.396753440919374611e+02
2.301513191668061324e+02 3.396304637168227032e+02
2.291341872667268262e+02 3.395731200135422228e+02
2.281172722508154607e+02 3.395029881057486705e+02
2.271007762941653425e+02 3.394197588403173427e+02
2.260848865777538776e+02 3.393231090103340648e+02
2.250698145325739574e+02 3.392127122230344298e+02
2.240557973735610346e+02 3.390882465663549965e+02
2.230430671646558380e+02 3.389493793756523701e+02
2.220318805010138590e+02 3.387957776919234902e+02
2.210225102659648257e+02 3.386271058702557184e+02
2.200152346118939590e+02 3.384430165182243968e+02
2.190103773684208761e+02 3.382431771626208956e+02
2.180082149089403174e+02 3.380273979779382216e+02
2.170090008528436840e+02 3.377957180396852550e+02
2.160129638732268518e+02 3.375481705985648659e+02
2.150203811962234681e+02 3.372848053137545890e+02
2.140314973802045131e+02 3.370056477797832599e+02
2.130465739951016531e+02 3.367107094631056157e+02
2.120658905014587106e+02 3.363999912207879106e+02
2.110897411930221494e+02 3.360734933007000791e+02
2.101183917369205574e+02 3.357311792754633757e+02
2.091521730755640363e+02 3.353730357395590431e+02
2.081913891246587127e+02 3.349990201269238810e+02
2.072363693409411951e+02 3.346090836585389070e+02
2.062874545224267138e+02 3.342031651543266548e+02
2.053450011076412238e+02 3.337811915966289007e+02
2.044093952916365993e+02 3.333430928519018153e+02
2.034810194355947033e+02 3.328887762876210559e+02
2.025602839214095638e+02 3.324181435043290094e+02
2.016476261082371764e+02 3.319310925143876148e+02
2.007435041482792712e+02 3.314275148257680712e+02
1.998483772586653515e+02 3.309072638142457095e+02
1.989627788626324048e+02 3.303702372931585955e+02
1.980872211605564246e+02 3.298162898806384646e+02
1.972222688743337642e+02 3.292452865290802038e+02
1.963685050671404895e+02 3.286570706431946292e+02
1.955265705674520405e+02 3.280515175197467101e+02
1.946971027092013458e+02 3.274284638387452446e+02
1.938807989435846935e+02 3.267877719497959674e+02
1.930783892262498966e+02 3.261293139595396724e+02
1.922906338492944087e+02 3.254529695354268597e+02
1.915183198563583744e+02 3.247586057609150316e+02
1.907622910785412103e+02 3.240461423474559979e+02
1.900234080772968355e+02 3.233155030038161044e+02
1.893025677692108673e+02 3.225666421510928217e+02
1.886006976381745233e+02 3.217995647805022372e+02
1.879187361700734584e+02 3.210142876290995559e+02
1.872576514647738009e+02 3.202108881530751319e+02
1.866184190227887427e+02 3.193895026398204209e+02
1.860020096259940772e+02 3.185503204052829460e+02
1.854093829053480817e+02 3.176936095842829104e+02
1.848414707437358686e+02 3.168196740529768363e+02
1.842991761982262062e+02 3.159289438866292699e+02
1.837833398913221004e+02 3.150218603608452668e+02
1.832947460555609496e+02 3.140990085296888310e+02
1.828340816886835967e+02 3.131610049748751976e+02
