1.824403092393760062e+02 3.121918279676988845e+02
1.820143383254599030e+02 3.112364344889893459e+02
1.816155872358100396e+02 3.102679412856090266e+02
1.812441735083434082e+02 3.092872889696362790e+02
1.809000805008241741e+02 3.082953042829788046e+02
1.805832092197825034e+02 3.072928775623990987e+02
1.802933914606681753e+02 3.062808672343459193e+02
1.800304054206322064e+02 3.052601418170621628e+02
1.797939771446197881e+02 3.042315702910398727e+02
1.795837866285860969e+02 3.031960087827967527e+02
1.793994875276748928e+02 3.021542663346680229e+02
1.792407021487283600e+02 3.011071672915542763e+02
1.791070453390702539e+02 3.000554633952092445e+02
1.789981188409635706e+02 2.989999099608610891e+02
1.789135131939607675e+02 2.979412341118741097e+02
1.788528285191612497e+02 2.968801006800518962e+02
1.788156547740921667e+02 2.958171835060495596e+02
1.788015846948796934e+02 2.947530916666981966e+02
1.788102136549344152e+02 2.936884351517282994e+02
1.788411489944791981e+02 2.926237890478339523e+02
1.788940289945241773e+02 2.915596698911160161e+02
1.789684736752446099e+02 2.904966328981090555e+02
1.790641061193087751e+02 2.894351614082792707e+02
1.791805700382231805e+02 2.883757173199844033e+02
1.793175248093657785e+02 2.873187568891426054e+02
1.794746402810824009e+02 2.862647310231577649e+02
1.796515969072783605e+02 2.852140403201921686e+02
1.798480641479020505e+02 2.841670735400961121e+02
1.800637209964109218e+02 2.831242177073236803e+02
1.802982622875840377e+02 2.820858444321459615e+02
1.805514346554463145e+02 2.810522550903584147e+02
1.808229185967803403e+02 2.800238607033007838e+02
1.811124437704306445e+02 2.790009277112802692e+02
1.814197331672596363e+02 2.779837712878352249e+02
1.817445228111718052e+02 2.769726976613767988e+02
1.820865611492795892e+02 2.759680042409789280e+02
1.824456343560280231e+02 2.749699264507556791e+02
1.828214572399407700e+02 2.739788107414880187e+02
1.832138348631111455e+02 2.729948577088478601e+02
1.836225451219000320e+02 2.720183445026179925e+02
1.840473711887895547e+02 2.710495450112903768e+02
1.844881360574296707e+02 2.700886934879814589e+02
1.849446616055546997e+02 2.691360517040953937e+02
1.854167634387027022e+02 2.681918958593980165e+02
1.859043081557582298e+02 2.672564414754920108e+02
1.864071181887779289e+02 2.663299836623158399e+02
1.869251172103376177e+02 2.654127437407997832e+02
1.874581772227474801e+02 2.645050639808475239e+02
1.880062338022096924e+02 2.636072021633370923e+02
1.885692053664086814e+02 2.627194541483062267e+02
1.891469922964787713e+02 2.618421051923519940e+02
1.897392912710634505e+02 2.609753084395283622e+02
1.903457037144256674e+02 2.601191168300721870e+02
1.909658143430407904e+02 2.592736042948974386e+02
1.915992192687168085e+02 2.584388274947925765e+02
1.922455780085831520e+02 2.576147851282057104e+02
1.929044885434681476e+02 2.568015808744246442e+02
1.935756423915407538e+02 2.559992265027767360e+02
1.942587207618755656e+02 2.552077593899079773e+02
1.949533746672961740e+02 2.544272464353534815e+02
1.956593039432828789e+02 2.536577004202119383e+02
1.963761915723515585e+02 2.528991445112411611e+02
1.971037239974480144e+02 2.521515947979154078e+02
1.978415939513787407e+02 2.514150629436005318e+02
1.985895002133926539e+02 2.506895565028274575e+02
1.993471423684265744e+02 2.499750740237277569e+02
2.001142160145373623e+02 2.492715737995334280e+02
2.008903631875190285e+02 2.485790428032660770e+02
2.016752764873029946e+02 2.478974200632891325e+02
2.024686722688406633e+02 2.472266378007313108e+02
2.032701840066476109e+02 2.465666732377660537e+02
2.040795091038392854e+02 2.459173847278730136e+02
2.048962538455768936e+02 2.452786852852614459e+02
2.057201180554702660e+02 2.446504200886115257e+02
2.065507204108755559e+02 2.440324922483133605e+02
2.073877424649611214e+02 2.434247367420345824e+02
2.082308198163304951e+02 2.428269667103712663e+02
2.090795624434736055e+02 2.422389923010789232e+02
2.099336195796632296e+02 2.416605964599226297e+02
2.107926391575276739e+02 2.410915659746429185e+02
2.116562724995991687e+02 2.405316723499943237e+02
2.125241527585854158e+02 2.399806587818884793e+02
2.133959200731196404e+02 2.394382551595452924e+02
2.142712289267123253e+02 2.389041835514313732e+02
2.151497421364080083e+02 2.383781613123557008e+02
2.160311321685871064e+02 2.378598986003890161e+02
2.169150804074435541e+02 2.373490974247593215e+02
2.178012787140347370e+02 2.368454533923545000e+02
2.186894297810469823e+02 2.363486560873034250e+02
2.195792473640352398e+02 2.358583892951185135e+02
2.204704652040535109e+02 2.353743434550322036e+02
2.213628407145158405e+02 2.348962192825665625e+02
2.222561436066982594e+02 2.344237147138073283e+02
2.231501542873095332e+02 2.339565239665425622e+02
2.240446644010492037e+02 2.334943368922521927e+02
2.249394902279413770e+02 2.330368582006472025e+02
2.258344772862718912e+02 2.325838248386529585e+02
2.267294886643757081e+02 2.321349594997729753e+02
2.276243913329721522e+02 2.316899881144989308e+02
2.285190648239934603e+02 2.312486379876628177e+02
2.294134671247049084e+02 2.308107520853319841e+02
2.303076616794671736e+02 2.303762972268103510e+02
2.312017120978431706e+02 2.299452559904293025e+02
2.320956786573945010e+02 2.295176213171089046e+02
2.329896219227679808e+02 2.290933959620109590e+02
2.338836315025586430e+02 2.286725583361104270e+02
2.347777696843233457e+02 2.282551207041617545e+02
2.356720989555778374e+02 2.278411089171560207e+02
2.365667244363278030e+02 2.274305092541823683e+02
2.374617101776841821e+02 2.270233432189983205e+02
2.383571165220452315e+02 2.266196435968068101e+02
2.392530544472328131e+02 2.262193954483794300e+02
2.401495852979342374e+02 2.258226231266617106e+02
2.410467712740076820e+02 2.254293644039798608e+02
2.419447341667827232e+02 2.250396086163224822e+02
2.428435245508400442e+02 2.246533844185856879e+02
2.437432147064480716e+02 2.242707064884800729e+02
2.446439135028481644e+02 2.238915613719160831e+02
2.455456712110785418e+02 2.235159813200556016e+02
2.464485863458723998e+02 2.231439721144890029e+02
2.473527498793881989e+02 2.227755230512514970e+02
2.482582072746417339e+02 2.224106515502095078e+02
2.491650818405650227e+02 2.220493283256240602e+02
2.500734479537018728e+02 2.216915528528010952e+02
2.509835317952982052e+02 2.213372005506557514e+02
2.518955937176323232e+02 2.209860246494820331e+02
2.528096315811727095e+02 2.206378851510201855e+02
2.537256944823464835e+02 2.202926188336932114e+02
2.546438234803370335e+02 2.199500647002082587e+02
2.555640183408891346e+02 2.196100940286733021e+02
2.564863625576793424e+02 2.192725177716455676e+02
2.574108582376156278e+02 2.189371867661920987e+02
2.583375525007508031e+02 2.186039385766481757e+02
2.592665048560639889e+02 2.182726019323708329e+02
2.601977298232885687e+02 2.179430396227500069e+02
2.611313146593035981e+02 2.176150788935400726e+02
2.620672889606928493e+02 2.172885793736449784e+02
2.630057133956872235e+02 2.169633948285951135e+02
2.639466608615213659e+02 2.166393704821271626e+02
2.648901720667597601e+02 2.163163866989229689e+02
2.658363461091500426e+02 2.159943218564595497e+02
2.667852415856974062e+02 2.156730874134368605e+02
2.677369399300421264e+02 2.153525916428997675e+02
2.686915267723729244e+02 2.150327372358674722e+02
2.696490751716065120e+02 2.147134693352754198e+02
2.706096922419874318e+02 2.143947806526898319e+02
2.715734675769357978e+02 2.140766964736691023e+02
2.725404979190557242e+02 2.137592454774052442e+02
2.735108766295419400e+02 2.134424498493964677e+02
2.744847148524529530e+02 2.131265016690182961e+02
2.754621591343385489e+02 2.128120125982507602e+02
2.764433428000936033e+02 2.124996743480564305e+02
2.774283888620317384e+02 2.121901944241663500e+02
2.784173730208892721e+02 2.118842709716181503e+02
2.794103707275535271e+02 2.115826363251355247e+02
2.804074480546937593e+02 2.112860909681142800e+02
2.814086076617516028e+02 2.109954334448389943e+02
2.824138641810969261e+02 2.107114705776251640e+02
2.834232099699879086e+02 2.104350171690231264e+02
2.844365838615261737e+02 2.101668606933621390e+02
2.854539172303790906e+02 2.099077465626036485e+02
2.864751266659211524e+02 2.096584190721233654e+02
2.875001160496431112e+02 2.094196278404131988e+02
2.885287312664550541e+02 2.091921148432852533e+02
2.895608266746501727e+02 2.089765442056689722e+02
2.905962402124577579e+02 2.087734582771423675e+02
2.916347914561753214e+02 2.085833886859262520e+02
2.926762862053879530e+02 2.084068667189640678e+02
2.937205237455564202e+02 2.082444220721664578e+02
2.947672740164103971e+02 2.080964690426881418e+02
2.958163206582780731e+02 2.079632798990142817e+02
2.968674426674264737e+02 2.078451178095277783e+02
2.979204097397096120e+02 2.077422451638219059e+02
2.989749858412663457e+02 2.076549198070474347e+02
3.000309375426199381e+02 2.075832988249159996e+02
3.010880437545564519e+02 2.075274334828166616e+02
3.021460821261615024e+02 2.074873702006761107e+02
3.032048089187562141e+02 2.074631499669844459e+02
3.042640078859599271e+02 2.074548148483662828e+02
3.053234606815177585e+02 2.074623465143965859e+02
3.063829735062859640e+02 2.074856788717372069e+02
3.074423416671544942e+02 2.075247434354422182e+02
3.085013150649734257e+02 2.075794580784202594e+02
3.095597568525986958e+02 2.076497670108725799e+02
3.106174329096500628e+02 2.077355849417549791e+02
3.116741541511166815e+02 2.078368271607955080e+02
3.127297464545785033e+02 2.079534151885881386e+02
3.137840140132722127e+02 2.080852670180270820e+02
3.148367443989849903e+02 2.082322980058166593e+02
3.158878144424466541e+02 2.083944897697160741e+02
3.169369584769378321e+02 2.085718092722530628e+02
3.179840011696815623e+02 2.087642471033513232e+02
3.190287539081855357e+02 2.089717950540113804e+02
3.200710133592416469e+02 2.091944540608395471e+02
3.211105531982998968e+02 2.094323086978414494e+02
3.221471309353085530e+02 2.096854857725863894e+02
3.231804968814462313e+02 2.099541129841270788e+02
3.242103937947748022e+02 2.102383184979332498e+02
3.252365894333784695e+02 2.105382207141373954e+02
3.262588469180554398e+02 2.108537773524345766e+02
3.272769269727517099e+02 2.111848758024093229e+02
3.282907244599159640e+02 2.115314636801126653e+02
3.292999148161171092e+02 2.118934057175993075e+02
3.303043572461115218e+02 2.122706553528748827e+02
3.313038306592894173e+02 2.126632339698086298e+02
3.322980113400826099e+02 2.130711499523977182e+02
3.332866718923839358e+02 2.134944560631433319e+02
3.342695345933194631e+02 2.139331922167518769e+02
3.352463236914637150e+02 2.143874113827076826e+02
3.362167437061600594e+02 2.148571885848488989e+02
3.371804257707294141e+02 2.153425717551660625e+02
3.381371204041341798e+02 2.158436790335616706e+02
3.390864045137855669e+02 2.163605479675767640e+02
3.400280050683313675e+02 2.168932927713870242e+02
3.409615091160450788e+02 2.174419244045328412e+02
3.418865633810386271e+02 2.180064819771482405e+02
3.428027891685353552e+02 2.185870021058772750e+02
3.437098217269305565e+02 2.191835459460010611e+02
3.446071812582518419e+02 2.197960744821721164e+02
3.454945522549048746e+02 2.204245570104037313e+02
3.463715059230638076e+02 2.210688865468392521e+02
3.472376697302350408e+02 2.217290055702090115e+02
3.480926078819548479e+02 2.224048305971221851e+02
3.489358929032824790e+02 2.230962309206857697e+02
3.497671460095235716e+02 2.238029699093205522e+02
3.505860115648628152e+02 2.245248230591800507e+02
3.513920906326251838e+02 2.252615500365717196e+02
3.521849986541584485e+02 2.260129423656403844e+02
3.529643060602774653e+02 2.267786866405230910e+02
3.537297252125630393e+02 2.275584543631956933e+02
3.544808691521507740e+02 2.283518252992084854e+02
3.552174412542366326e+02 2.291584847136756196e+02
3.559390485457491877e+02 2.299780483483886826e+02
3.566453684250569722e+02 2.308101541862979786e+02
3.573360883358375304e+02 2.316543646010977398e+02
3.580109244964621098e+02 2.325102930638640828e+02
3.586695323763545389e+02 2.333775015730170992e+02
3.593116231623664021e+02 2.342556465480582801e+02
3.599368662077160366e+02 2.351443449515231805e+02
3.605449436307799260e+02 2.360432182169878388e+02
3.611355637471924638e+02 2.369519623161551749e+02
3.617083858081834933e+02 2.378702233699885653e+02
3.622631058929481469e+02 2.387977310648051628e+02
3.627993812579030646e+02 2.397342187939000837e+02
3.633168717607068743e+02 2.406795157607305669e+02
3.638151990524461894e+02 2.416333788135363250e+02
3.642940376937356177e+02 2.425956899051743392e+02
3.647530226913750653e+02 2.435663239524120911e+02
3.651913715466703820e+02 2.445454211858235851e+02
3.656078882274936745e+02 2.455333246211420146e+02
3.660013211026114277e+02 2.465302354150002770e+02
3.663704201790395700e+02 2.475363178961289066e+02
3.667139202117865011e+02 2.485516120213760018e+02
3.670305325926024125e+02 2.495760501169258134e+02
3.673189729926459677e+02 2.506094466475040576e+02
3.675780187149530320e+02 2.516514360923505365e+02
3.678067686253181137e+02 2.527006938155496698e+02
3.680049361305700586e+02 2.537556821078768508e+02
3.681725608398114105e+02 2.548155868468335257e+02
3.683097878335715336e+02 2.558795856182413786e+02
3.684168676945836296e+02 2.569468483917278263e+02
3.684941465146483210e+02 2.580165492387764630e+02
3.685420535523043100e+02 2.590878758898707019e+02
3.685610816089881610e+02 2.601600373761301057e+02
3.685517633592842230e+02 2.612322994371820641e+02
3.685146884694127039e+02 2.623039110599464152e+02
3.684504617395939476e+02 2.633742107231589671e+02
3.683597159398652821e+02 2.644425343490418072e+02
3.682431035636705587e+02 2.655082534135106016e+02
3.681012753246403122e+02 2.665707934600302451e+02
3.679348717101914872e+02 2.676296171964636414e+02
3.677445200999043777e+02 2.686842152312362941e+02
3.675308460635297934e+02 2.697340884605559381e+02
3.672944775629825358e+02 2.707787710985590479e+02
3.670359841824219416e+02 2.718178892216946565e+02
3.667559663023565122e+02 2.728509844034061871e+02
3.664549622667414610e+02 2.738777009178501203e+02
3.661334799172331032e+02 2.748976980566167185e+02
3.657920762143895104e+02 2.759105858056700527e+02
3.654312206031568167e+02 2.769161033528552593e+02
3.650513997655987737e+02 2.779139179686443981e+02
3.646530553309934248e+02 2.789037431789481047e+02
3.642366345131577532e+02 2.798852745799021022e+02
3.638025304417478765e+02 2.808583035077193699e+02
3.633511865192129449e+02 2.818225327087862411e+02
3.628829729720958426e+02 2.827777471045635025e+02
3.623982597256720624e+02 2.837237008467560031e+02
3.618973670291158555e+02 2.846601945877253002e+02
3.613806889034192977e+02 2.855869570627619964e+02
3.608485103873252910e+02 2.865038381487240144e+02
3.603011609540982363e+02 2.874106040164735418e+02
3.597389297664589094e+02 2.883070554053603587e+02
3.591620873628841082e+02 2.891929955366991862e+02
3.585709218742120470e+02 2.900682013974910660e+02
3.579656423188035319e+02 2.909325163813772406e+02
3.573465268800299555e+02 2.917856940902561291e+02
3.567137748121517689e+02 2.926275628811559955e+02
3.560677007358920605e+02 2.934579922463744310e+02
3.554087984638430271e+02 2.942770144508857584e+02
3.547375648469727025e+02 2.950846923178382895e+02
3.540544606678773789e+02 2.958811123855811616e+02
3.533599409015274659e+02 2.966663552001776338e+02
3.526544337611923652e+02 2.974404980979313109e+02
3.519383319264597958e+02 2.982036098642965953e+02
3.512119953878148522e+02 2.989557750255000883e+02
3.504757838309902240e+02 2.996970684372597589e+02
3.497300437272805880e+02 3.004275697525858391e+02
3.489751030398599596e+02 3.011473570414003120e+02
3.482112699351311562e+02 3.018565038762339441e+02
3.474388197929314970e+02 3.025550990499194768e+02
3.466580553101728128e+02 3.032432039422162688e+02
3.458692383118658427e+02 3.039209070287428744e+02
3.450726473178232823e+02 3.045882768737442916e+02
3.442685054596670398e+02 3.052454121026069629e+02
3.434570840604188220e+02 3.058923707376044945e+02
3.426386133395901084e+02 3.065292392475117254e+02
3.418133196345999636e+02 3.071561001480627624e+02
3.409814302945043210e+02 3.077730374705770942e+02
3.401431693690777820e+02 3.083801402981758315e+02
3.392987415147394472e+02 3.089775044430355706e+02
3.384483710893002240e+02 3.095652102633881100e+02
3.375922669942872290e+02 3.101433489891955446e+02
3.367306113108845125e+02 3.107120347204177619e+02
3.358636353555430105e+02 3.112713609556899996e+02
3.349915214980418341e+02 3.118214480753888438e+02
3.341144846199006224e+02 3.123623957316161182e+02
3.332326813130595156e+02 3.128943310256046288e+02
3.323463452660652706e+02 3.134173581983813506e+02
3.314556534675324997e+02 3.139316246129563979e+02
3.305607968268504351e+02 3.144372640120731717e+02
3.296619552351328934e+02 3.149344122493100144e+02
3.287593223766120332e+02 3.154232008720883300e+02
3.278530788797594937e+02 3.159037857757939491e+02
3.269434099522568999e+02 3.163763275070454029e+02
3.260304960780083547e+02 3.168409870657632155e+02
3.251145112907952353e+02 3.172979263650011035e+02
3.241956226373023924e+02 3.177473092776753560e+02
3.232740110741697777e+02 3.181893092214920671e+02
3.223498441507725829e+02 3.186241104502842063e+02
3.214232871438637744e+02 3.190518960077656629e+02
3.204944944389426382e+02 3.194728493311001216e+02
3.195636243336676330e+02 3.198871529517077192e+02
3.186308359713801224e+02 3.202949986910732605e+02
3.176962670796706902e+02 3.206965816569662593e+02
3.167600674728961963e+02 3.210920938425701934e+02
3.158223763547285898e+02 3.214817320352816523e+02
3.148833109531670971e+02 3.218656775584878460e+02
3.139429723877719312e+02 3.222440571010818076e+02
3.130014250087825189e+02 3.226169761875788140e+02
3.120587536496880148e+02 3.229845441164333693e+02
3.111150210162214194e+02 3.233468647678117236e+02
3.101702988386321636e+02 3.237040431171760133e+02
3.092246467488654957e+02 3.240561759552738295e+02
3.082781202160707039e+02 3.244033529371755549e+02
3.073307764730045619e+02 3.247456720961464498e+02
3.063826661251946462e+02 3.250832210888784175e+02
3.054338372209703039e+02 3.254160883621285052e+02
3.044843318839621702e+02 3.257443572618424810e+02
3.035341899059939692e+02 3.260681015219683445e+02
3.025834473371680247e+02 3.263873953811559545e+02
3.016321366581930192e+02 3.267023190207013954e+02
3.006802903808484757e+02 3.270129424105355724e+02
2.997279354899569626e+02 3.273193228191971684e+02
2.987750904336337499e+02 3.276215255924010989e+02
2.978217768588160652e+02 3.279196110876955004e+02
2.968680142371810575e+02 3.282136367825384582e+02
2.959138199181414279e+02 3.285036526501004346e+02
2.949592010956487798e+02 3.287897090260613027e+02
2.940041656139096631e+02 3.290718542872201056e+02
2.930487224560560549e+02 3.293501319327624515e+02
2.920928762369803167e+02 3.296245848561039793e+02
2.911366340414965634e+02 3.298952462153778811e+02
2.901799830198806376e+02 3.301621616832223935e+02
2.892229266973395170e+02 3.304253634487416775e+02
2.882654555575743984e+02 3.306848895642723960e+02
2.873075066223518093e+02 3.309408384119852258e+02
2.863490364519254285e+02 3.311933312690255775e+02
2.853900375356913059e+02 3.314424820164260836e+02
2.844305151965317009e+02 3.316883941737245891e+02
2.834704667885259255e+02 3.319311711191135714e+02
2.825098940179249212e+02 3.321709080058469112e+02
2.815487784917066847e+02 3.324077136904742247e+02
2.805871162102653784e+02 3.326416915517984876e+02
2.796248991854109249e+02 3.328729425205798975e+02
2.786621224368810772e+02 3.331015594730612861e+02
2.776987585012157069e+02 3.333276463655641919e+02
2.767347945260042366e+02 3.335513044251342762e+02
2.757702185736861793e+02 3.337726338396466303e+02
2.748050143956444913e+02 3.339917309839876793e+02
2.738391440512145323e+02 3.342087037812079302e+02
2.728725942675600891e+02 3.344236457366202444e+02
2.719053450557449878e+02 3.346366519307326257e+02
2.709373485076762336e+02 3.348478380028246875e+02
2.699685914954906707e+02 3.350572990973207084e+02
2.689990331758405659e+02 3.352651366778556508e+02
2.680286279148435824e+02 3.354714399337079840e+02
2.670573240331444822e+02 3.356761127591948934e+02
2.660850127956214806e+02 3.358789687832460800e+02
2.651116430083702085e+02 3.360797876153218340e+02
2.641371111149565536e+02 3.362783748983245005e+02
2.631613743419177354e+02 3.364745030651632192e+02
2.621843430478920709e+02 3.366679586491627560e+02
2.612059716231857465e+02 3.368585020570579900e+02
2.602261966529649726e+02 3.370458984204277613e+02
2.592449643809056283e+02 3.372299113191711513e+02
2.582622354015698534e+02 3.374102907488370420e+02
2.572779615633929211e+02 3.375867789693716645e+02
2.562921053477870714e+02 3.377591098947802948e+02
2.553046371830747603e+02 3.379270112229148140e+02
2.543155308865152620e+02 3.380902075113581873e+02
2.533247665516506970e+02 3.382484169772980636e+02
2.523323279242616195e+02 3.384013478723700814e+02
2.513382067706360772e+02 3.385487009534824665e+02
2.503424011644588063e+02 3.386901728357041179e+02
2.493449154306547086e+02 3.388254568759618337e+02
2.483457604698142234e+02 3.389542405502899669e+02
2.473449540120217307e+02 3.390762076445858497e+02
2.463425213661765554e+02 3.391910382707116014e+02
2.453384949274249891e+02 3.392984086476947709e+02
2.443329135576881868e+02 3.393979894411310170e+02
2.433258233741257754e+02 3.394894477836259625e+02
2.423172848378005426e+02 3.395724618544352893e+02
2.413073512771844946e+02 3.396466923702519694e+02
2.402961064511185612e+02 3.397118145310697628e+02
2.392836148911973453e+02 3.397674809679086820e+02
2.382699785748691852e+02 3.398133612542612241e+02
2.372552872716839261e+02 3.398491255754178724e+02
2.362396451690820243e+02 3.398744425372034925e+02
2.352231643070862219e+02 3.398889755164115059e+02
2.342059756500248682e+02 3.398923906088160152e+02
2.331882085538035767e+02 3.398843514323247632e+02
2.321700009842572285e+02 3.398645277586849147e+02
2.311515126889813700e+02 3.398325936208333360e+02
2.301329065653737018e+02 3.397882182831376099e+02
2.291143533405802657e+02 3.397310644192342011e+02
2.280960336409102922e+02 3.396607916507746836e+02
2.270781607289520423e+02 3.395770764541250060e+02
2.260609310410057162e+02 3.394795812140410476e+02
2.250445671362002713e+02 3.393679655077216353e+02
2.240293192479272761e+02 3.392418938388964875e+02
2.230154317946239928e+02 3.391010192591665486e+02
2.220031757217685140e+02 3.389449937241232078e+02
2.209928393441862795e+02 3.387734667869576128e+02
2.199847164329619886e+02 3.385860765161552308e+02
2.189791496469026129e+02 3.383824771488359033e+02
2.179764297878188017e+02 3.381624803779769195e+02
2.169768217391077485e+02 3.379261485304922985e+02
2.159805630732837187e+02 3.376735395906475787e+02
2.149879424790915721e+02 3.374047289605362607e+02
2.139992132597211025e+02 3.371197676561005210e+02
2.130146462179881723e+02 3.368186922675025130e+02
2.120345305399636686e+02 3.365015283795083292e+02
2.110591703484023469e+02 3.361683014231965103e+02
2.100888389171764743e+02 3.358189999358403952e+02
2.091238772577127065e+02 3.354536368271670312e+02
2.081645969802438003e+02 3.350721964102729657e+02
2.072113352209387358e+02 3.346746581407061285e+02
2.062644399514182965e+02 3.342609895667503110e+02
2.053242743849088470e+02 3.338311469390602042e+02
2.043912313924703028e+02 3.333850902162337206e+02
2.034656982122173474e+02 3.329227586266687808e+02
2.025480891767325318e+02 3.324440874997456490e+02
2.016388448659264441e+02 3.319490092320567669e+02
2.007384256420522206e+02 3.314374502555051549e+02
1.998472917160371196e+02 3.309092995013857035e+02
1.989659758357604460e+02 3.303644924914029275e+02
1.980949873637532903e+02 3.298029229167884750e+02
1.972348865755284351e+02 3.292244952656503756e+02
1.963862504728827503e+02 3.286290929724555667e+02
1.955497111129156735e+02 3.280166313445639616e+02
1.947258950302071412e+02 3.273869886430485394e+02
1.939154853377023926e+02 3.267400688579147641e+02
1.931191945403700174e+02 3.260757852859434820e+02
1.923377622711227843e+02 3.253940581833815600e+02
1.915719522952297496e+02 3.246947950842987325e+02
1.908225795741504953e+02 3.239779537372385221e+02
1.900904724811975086e+02 3.232434948794995080e+02
1.893764909959574538e+02 3.224914073240510106e+02
1.886815200547670770e+02 3.217217264639270411e+02
1.880064522565095615e+02 3.209344970593996322e+02
1.873522039671612447e+02 3.201298185824672942e+02
1.867196937575710933e+02 3.193078432590253897e+02
1.861098310419951645e+02 3.184687702492702783e+02
1.855235087466311654e+02 3.176128689445678788e+02
1.849615899476497987e+02 3.167404387300124995e+02
1.844249023361126945e+02 3.158518912354796839e+02
1.839142125727844359e+02 3.149476451737497769e+02
1.834302255184385331e+02 3.140282458509180969e+02
1.829735514597137751e+02 3.130942637897292116e+02
