1.821570608461264271e+02 3.123152491017098669e+02
1.817264972519394632e+02 3.113498557366020236e+02
1.813243851500149901e+02 3.103710410606163350e+02
1.809508433582795135e+02 3.093799199947630427e+02
1.806058276852082543e+02 3.083774460998050699e+02
1.802892023979341047e+02 3.073646326562184754e+02
1.800007502477529044e+02 3.063424396737984239e+02
1.797401933421163562e+02 3.053118266276730424e+02
1.795071957819874342e+02 3.042737419177073548e+02
1.793013710007615771e+02 3.032291085353374456e+02
1.791223025646550582e+02 3.021787863900643174e+02
1.789695401042161791e+02 3.011236455907927052e+02
1.788426205470424293e+02 3.000644668621753226e+02
1.787410675982969508e+02 2.990020291707901379e+02
1.786643944873777059e+02 2.979370741078250262e+02
1.786121254867753976e+02 2.968702693210005918e+02
1.785837763677910459e+02 2.958022886384729304e+02
1.785788676504951695e+02 2.947337313153564082e+02
1.785969246285560246e+02 2.936651948906907137e+02
1.786374870224464928e+02 2.925972363492172690e+02
1.787001283539737813e+02 2.915303475583165209e+02
1.787844072860145559e+02 2.904650604851147477e+02
1.788898911326185441e+02 2.894018294583842135e+02
1.790161704584041331e+02 2.883410853243865404e+02
1.791628535732957346e+02 2.872832521746396424e+02
1.793295613065600094e+02 2.862287475984207958e+02
1.795159307619276206e+02 2.851779368583184464e+02
1.797215946270495124e+02 2.841311743516495767e+02
1.799461970257059704e+02 2.830888128278126032e+02
1.801893995080912703e+02 2.820511890131979271e+02
1.804509175864387487e+02 2.810185672819620208e+02
1.807304046092934868e+02 2.799913265586196189e+02
1.810275701686486514e+02 2.789696992036961660e+02
1.813421179464017428e+02 2.779539683675167794e+02
1.816737656217342192e+02 2.769444084548690057e+02
1.820222443169920439e+02 2.759412852836994716e+02
1.823873267188062357e+02 2.749448032187399349e+02
1.827687166912276382e+02 2.739552811968315496e+02
1.831662100196998892e+02 2.729728906345080759e+02
1.835795753748424772e+02 2.719978811580709248e+02
1.840085872563137457e+02 2.710304994570182657e+02
1.844530605933530012e+02 2.700709524623836728e+02
1.849128094581580797e+02 2.691194751937686647e+02
1.853876420618783243e+02 2.681763174863040149e+02
1.858774183193447129e+02 2.672416682717380922e+02
1.863819537554123258e+02 2.663157966829056704e+02
1.869011613629239150e+02 2.653988949676144671e+02
1.874348994468715546e+02 2.644912750993883606e+02
1.879830907609601525e+02 2.635931637838992856e+02
1.885456414068139566e+02 2.627048258174044122e+02
1.891224421455086429e+02 2.618265164966824159e+02
1.897132013104361761e+02 2.609583723146869829e+02
1.903175440092698238e+02 2.601004380064872521e+02
1.909350783710743258e+02 2.592527807134811724e+02
1.915654236459376989e+02 2.584154513330134364e+02
1.922082623187534978e+02 2.575884430346922045e+02
1.928632121964695614e+02 2.567718543149165953e+02
1.935299840483058347e+02 2.559656908371869406e+02
1.942082780218300968e+02 2.551699847712543772e+02
1.948977634616040859e+02 2.543847990540555770e+02
1.955981593842384427e+02 2.536101427771256169e+02
1.963091705887134992e+02 2.528460386795949830e+02
1.970305062488515091e+02 2.520925040458899389e+02
1.977618815486020765e+02 2.513495524269310977e+02
1.985030174390755633e+02 2.506171939242661608e+02
1.992536367735521878e+02 2.498954314015464604e+02
2.000134655134597494e+02 2.491842334592726900e+02
2.007821761892087693e+02 2.484836019211093685e+02
2.015594927019291731e+02 2.477934899458837208e+02
2.023451628875023118e+02 2.471138439536128999e+02
2.031388497950582064e+02 2.464446616907741543e+02
2.039402922888320688e+02 2.457858257282719308e+02
2.047491347914020707e+02 2.451372812461828801e+02
2.055651191883977162e+02 2.444989015726000048e+02
2.063878996030447297e+02 2.438706249397118029e+02
2.072171984067870767e+02 2.432523194896784560e+02
2.080526954443651562e+02 2.426438398124562923e+02
2.088940423938785500e+02 2.420450423958903912e+02
2.097409318088231771e+02 2.414557549127215168e+02
2.105930524599708065e+02 2.408758112485203355e+02
2.114500956626327763e+02 2.403050311779166179e+02
2.123117329087473024e+02 2.397432087657264503e+02
2.131776413563380572e+02 2.391901260178505026e+02
2.140475117504688285e+02 2.386455576478151670e+02
2.149210411802398539e+02 2.381092752172077667e+02
2.157979326905190760e+02 2.375810417528510641e+02
2.166778920872170602e+02 2.370606076079725995e+02
2.175606336434519221e+02 2.365477168845338554e+02
2.184458810580534589e+02 2.360421085367903515e+02
2.193333676108676968e+02 2.355435165309195327e+02
2.202228420190741929e+02 2.350516767669455476e+02
2.211140666052389179e+02 2.345663283736682843e+02
2.220068152808307786e+02 2.340872063127992249e+02
2.229008717940924100e+02 2.336140421010296961e+02
2.237960296934440692e+02 2.331465634082602776e+02
2.246921020706132879e+02 2.326845075435963679e+02
2.255889260466220776e+02 2.322276346291604057e+02
2.264863507648112204e+02 2.317756929085021227e+02
2.273842317725628561e+02 2.313284316163054655e+02
2.282824358795634225e+02 2.308856007666271637e+02
2.291808923916501044e+02 2.304470393670393094e+02
2.300796115196142750e+02 2.300126799336866839e+02
2.309786059206279845e+02 2.295824658871479187e+02
2.318778878945400947e+02 2.291563487489528370e+02
2.327774720871493912e+02 2.287342884806765824e+02
2.336773990479380529e+02 2.283162273480970725e+02
2.345776932006038749e+02 2.279021398341823215e+02
2.354783810172206699e+02 2.274920129959884321e+02
2.363795237886075427e+02 2.270857983708826566e+02
2.372811517843847184e+02 2.266834771278327025e+02
2.381832961858060003e+02 2.262850453282327408e+02
2.390860326614099165e+02 2.258904596378742440e+02
2.399893973342346953e+02 2.254997106422071056e+02
2.408934285535891320e+02 2.251128015742898754e+02
2.417982161172555777e+02 2.247296914195117665e+02
2.427037922926012357e+02 2.243503772956731552e+02
2.436102102451620510e+02 2.239748467302754875e+02
2.445175557690284904e+02 2.236030608022304023e+02
2.454258653270953232e+02 2.232350219910922249e+02
2.463352186724037836e+02 2.228707087459986838e+02
2.472456906612528940e+02 2.225100852593891148e+02
2.481573178009138019e+02 2.221531429409782845e+02
2.490702065354206525e+02 2.217998296155595028e+02
2.499844212205865119e+02 2.214501190385896052e+02
2.509001622032239709e+02 2.211038666256603733e+02
2.518176604780256866e+02 2.207608067547158726e+02
2.527369126642571473e+02 2.204207705575853140e+02
2.536579626809546255e+02 2.200835675112135732e+02
2.545808483623295047e+02 2.197490087915965375e+02
2.555055713591880533e+02 2.194169361136169698e+02
2.564322093265481044e+02 2.190871312826780581e+02
2.573607669734672641e+02 2.187594127428299373e+02
2.582912912837234671e+02 2.184335867407370131e+02
2.592238416736812496e+02 2.181094508660176814e+02
2.601584377550611293e+02 2.177868348566383361e+02
2.610951656865973973e+02 2.174655307084611593e+02
2.620340601202358357e+02 2.171453601596612089e+02
2.629751855246050241e+02 2.168261396904985645e+02
2.639186186733530803e+02 2.165076774680878771e+02
2.648644086724348199e+02 2.161898153303787353e+02
2.658126585008220104e+02 2.158723911149114372e+02
2.667634359908570900e+02 2.155552740699035610e+02
2.677168310028037013e+02 2.152383307522305245e+02
2.686729380792706365e+02 2.149214223440046396e+02
2.696318432980494322e+02 2.146044531556168806e+02
2.705936645061519812e+02 2.142873794024392851e+02
2.715585064051164750e+02 2.139701902863618272e+02
2.725264806454197242e+02 2.136528788039657343e+02
2.734976951966257843e+02 2.133354318646661909e+02
2.744722819248244150e+02 2.130180286829852037e+02
2.754504122889806013e+02 2.127013316627513575e+02
2.764322448712758273e+02 2.123860945591416964e+02
2.774179269355496444e+02 2.120730873433448380e+02
2.784075529683468631e+02 2.117630714267417602e+02
2.794012180092798872e+02 2.114568466971656733e+02
2.803990063231779573e+02 2.111552909951350614e+02
2.814009330708329344e+02 2.108592820965784540e+02
2.824070257804406765e+02 2.105697061414150255e+02
2.834172869316042238e+02 2.102874575051143893e+02
2.844316609796798616e+02 2.100134007182437585e+02
2.854500834921393562e+02 2.097483530856158325e+02
2.864724733186436083e+02 2.094931302969234252e+02
2.874987347507434379e+02 2.092485534110808203e+02
2.885287099351684788e+02 2.090154356640654214e+02
2.895622489456802100e+02 2.087945004982043997e+02
2.905991838825286777e+02 2.085863311110253164e+02
2.916393270891416023e+02 2.083914982915762835e+02
2.926824759863703775e+02 2.082105723597975100e+02
2.937284206679814815e+02 2.080441215020404400e+02
2.947769205595156450e+02 2.078925828948980268e+02
2.958277499587662192e+02 2.077562317457285985e+02
2.968806785906253936e+02 2.076353327244551110e+02
2.979354667319701662e+02 2.075301495774418754e+02
2.989918689581065223e+02 2.074409409390995052e+02
3.000496434156960959e+02 2.073678534155012869e+02
3.011085622631704837e+02 2.073109158245035530e+02
3.021683970861450916e+02 2.072701514939531080e+02
3.032288980190510301e+02 2.072455781893538642e+02
3.042898444411124501e+02 2.072372146332451734e+02
3.053510144421182417e+02 2.072450156150434566e+02
3.064122124506503724e+02 2.072688851533555123e+02
3.074732324355525748e+02 2.073087247515104536e+02
3.085338222881443926e+02 2.073644220873762265e+02
3.095938477181331336e+02 2.074358919758394109e+02
3.106530742942673555e+02 2.075230220054305335e+02
3.117113144626973167e+02 2.076257026086261988e+02
3.127683967771628772e+02 2.077438306715245062e+02
3.138241281355794854e+02 2.078772995444796265e+02
3.148782989541239772e+02 2.080260005083371198e+02
3.159307912776752119e+02 2.081898977139390752e+02
3.169813403556730691e+02 2.083689435526230795e+02
3.180297749085212331e+02 2.085631147482988013e+02
3.190759104832114872e+02 2.087723892884067425e+02
3.201195478149991231e+02 2.089967554099397944e+02
3.211604628683297165e+02 2.092362938724656942e+02
3.221984144331194670e+02 2.094911321447096952e+02
3.232331540926921889e+02 2.097613986611285100e+02
3.242644258781484723e+02 2.100472223645166707e+02
3.252919991387336722e+02 2.103487241048951262e+02
3.263156345402514944e+02 2.106658733081669368e+02
3.273350882150634220e+02 2.109985727545503948e+02
3.283502535298488283e+02 2.113467864710437709e+02
3.293607980401515078e+02 2.117103936278421088e+02
3.303665770890794420e+02 2.120893648840179253e+02
3.313673612262677466e+02 2.124837455204768446e+02
3.323628142174677578e+02 2.128935691130706118e+02
3.333526978366907088e+02 2.133189141856256583e+02
3.343367213552072030e+02 2.137598456077671472e+02
3.353145948926346591e+02 2.142164418338836356e+02
3.362860060477312913e+02 2.146888066269564490e+02
3.372505655876680066e+02 2.151770163612309830e+02
3.382080056931578156e+02 2.156812183373732807e+02
3.391578791572392220e+02 2.162014766470569214e+02
3.400998917157880328e+02 2.167379324510008587e+02
3.410336047843997562e+02 2.172906191355323529e+02
3.419586398662736997e+02 2.178595975807153593e+02
3.428745911245850948e+02 2.184449249116698013e+02
3.437810657364700546e+02 2.190466819421051810e+02
3.446775530855016427e+02 2.196648427613289982e+02
3.455637144090713377e+02 2.202993796877443629e+02
3.464390948114356092e+02 2.209501841920055369e+02
3.473032961879938512e+02 2.216171967688913185e+02
3.481558547917229021e+02 2.223003297545977546e+02
3.489963186159019415e+02 2.229994388336188536e+02
3.498242948682026281e+02 2.237142542480681584e+02
3.506394161806593388e+02 2.244445150617061984e+02
3.514412714445125516e+02 2.251899429812795006e+02
3.522294647353556911e+02 2.259502906221831608e+02
3.530035611843792367e+02 2.267251939958423463e+02
3.537632839037074746e+02 2.275142558623733180e+02
3.545082590577617907e+02 2.283169840125426902e+02
3.552382069523093833e+02 2.291329927552370691e+02
3.559527533440277693e+02 2.299618261551259479e+02
3.566516032558211577e+02 2.308030448846746481e+02
3.573344841265429750e+02 2.316561248613519126e+02
3.580011576614252817e+02 2.325205940595086247e+02
3.586513300070988635e+02 2.333959313971462279e+02
3.592847681870768497e+02 2.342817127760039853e+02
3.599012031173238029e+02 2.351774784718401179e+02
3.605003844345907282e+02 2.360827778189455444e+02
3.610820936965089345e+02 2.369972387516509684e+02
3.616460713121556978e+02 2.379204463864288925e+02
3.621921004612725028e+02 2.388520753163521135e+02
3.627199275081966334e+02 2.397918171119793271e+02
3.632293004623875277e+02 2.407394707967100942e+02
3.637199377105082476e+02 2.416947760699844707e+02
3.641916144508642788e+02 2.426576049947056219e+02
3.646440716441154564e+02 2.436278380543121500e+02
3.650765964266534525e+02 2.446056561795093387e+02
3.654880250340449379e+02 2.455914699836812645e+02
3.658771371006197910e+02 2.465855580357624035e+02
3.662427099408394611e+02 2.475881643755999448e+02
3.665835027952578002e+02 2.485994155048973653e+02
3.668982439014637862e+02 2.496193369985089134e+02
3.671856575562578655e+02 2.506478414083469204e+02
3.674445236844509850e+02 2.516846668686130499e+02
3.676739465668503613e+02 2.527286449367136072e+02
3.678736281485892050e+02 2.537783920399584190e+02
3.680435709611167567e+02 2.548331871434545235e+02
3.681838742252351153e+02 2.558922909256621665e+02
3.682947361462209415e+02 2.569549460109688539e+02
3.683764452850812745e+02 2.580203881455906298e+02
3.684293694324413195e+02 2.590878556070642276e+02
3.684539361149858792e+02 2.601565969361178645e+02
3.684506108668982733e+02 2.612259051924028768e+02
3.684199159650330557e+02 2.622950488859383427e+02
3.683623897134655749e+02 2.633633741892984972e+02
3.682785997169655730e+02 2.644302179942008024e+02
3.681691352001747077e+02 2.654949451097089081e+02
3.680345860775786946e+02 2.665569671362362101e+02
3.678755347372673441e+02 2.676157271055286628e+02
3.676925532572790871e+02 2.686706912282928670e+02
3.674862151136478587e+02 2.697213323786509704e+02
3.672571015076218828e+02 2.707671538630314103e+02
3.670057391200455186e+02 2.718077475588452785e+02
3.667326875502262169e+02 2.728426202290170295e+02
3.664384471591624788e+02 2.738713785475116538e+02
3.661234910989962259e+02 2.748936435319185989e+02
3.657883483832786737e+02 2.759089882211129066e+02
3.654334638175425312e+02 2.769171146373522561e+02
3.650593009842509673e+02 2.779176529398233129e+02
3.646662799354941740e+02 2.789102794088047972e+02
3.642548291578823410e+02 2.798946529816318503e+02
3.638253291394054827e+02 2.808705316323078023e+02
3.633782130273228859e+02 2.818375853096271726e+02
3.629138413440718409e+02 2.827955671856890945e+02
3.624325751751097755e+02 2.837441999513385440e+02
3.619347273490366206e+02 2.846832543888584723e+02
3.614206886694627201e+02 2.856124308056524796e+02
3.608907410783970704e+02 2.865315530382928841e+02
3.603452119200603079e+02 2.874403608677095576e+02
3.597843882985419555e+02 2.883386296223855538e+02
3.592085385920005933e+02 2.892261374406955952e+02
3.586179485054329916e+02 2.901026356445046872e+02
3.580128240747251880e+02 2.909679432615540691e+02
3.573934417331343525e+02 2.918217885842348096e+02
3.567599985130520395e+02 2.926639761219763045e+02
3.561128160741720308e+02 2.934943582723321924e+02
3.554524121706028836e+02 2.943129648470535926e+02
3.547793089086527516e+02 2.951198592143384758e+02
3.540939914477490333e+02 2.959151299466669798e+02
3.533969385766186520e+02 2.966988605935794112e+02
3.526885995566423730e+02 2.974711306945357023e+02
3.519693841021364165e+02 2.982320090742381353e+02
3.512396683608847638e+02 2.989815808746557195e+02
3.504998279025203374e+02 2.997199220777848154e+02
3.497502246618998925e+02 3.004471140801663864e+02
3.489912011290755345e+02 3.011632367441757197e+02
3.482230789068527201e+02 3.018683652261141788e+02
3.474461463949767790e+02 3.025625903532696270e+02
3.466607191397237671e+02 3.032459758321570007e+02
3.458670714736318814e+02 3.039186129741473792e+02
3.450654950367535889e+02 3.045805744739939200e+02
3.442562268398163496e+02 3.052319644558109530e+02
3.434395516911981190e+02 3.058728469929245648e+02
3.426157130563785813e+02 3.065033148949112842e+02
3.417849503360951644e+02 3.071234574659517307e+02
3.409475057722011684e+02 3.077333683887520124e+02
3.401036199289895308e+02 3.083331491477966324e+02
3.392535138168400408e+02 3.089229082981927377e+02
3.383974273213621018e+02 3.095027396704090847e+02
3.375355847503498694e+02 3.100727484848908375e+02
3.366681867265486972e+02 3.106330663232508300e+02
3.357954836606418212e+02 3.111838083855865875e+02
3.349176776046606960e+02 3.117251164132259760e+02
3.340350013713045314e+02 3.122571127762470837e+02
3.331476310204869264e+02 3.127799466295281263e+02
3.322558191368583493e+02 3.132937505809421168e+02
3.313597650448153900e+02 3.137987015495971832e+02
3.304596804320320302e+02 3.142949640200402541e+02
3.295557655235832044e+02 3.147827048695502867e+02
3.286482327074350565e+02 3.152620881711629863e+02
3.277372833281492603e+02 3.157333045404496943e+02
3.268231230604348525e+02 3.161965513010475206e+02
3.259059519398647922e+02 3.166520267890402351e+02
3.249859627732471949e+02 3.170999306855176201e+02
3.240633407762688307e+02 3.175404649337357341e+02
3.231382829630420588e+02 3.179738422395570296e+02
3.222109732548900638e+02 3.184002858015738298e+02
3.212815920353766614e+02 3.188200182854114928e+02
3.203503086514170946e+02 3.192332627187071239e+02
3.194172938911221422e+02 3.196402419041163512e+02
3.184827162609974494e+02 3.200411856740908547e+02
3.175467244794255635e+02 3.204363246281346278e+02
3.166094750887222062e+02 3.208258885803708154e+02
3.156711143205027952e+02 3.212101117608532945e+02
3.147317642339328359e+02 3.215892050467130048e+02
3.137915072277490367e+02 3.219632959318375356e+02
3.128503917417064031e+02 3.223324769653744397e+02
3.119084786954980473e+02 3.226968486077449825e+02
3.109658152919780036e+02 3.230565012568772545e+02
3.100224513610163513e+02 3.234115285876019925e+02
3.090784271317875778e+02 3.237620108101134520e+02
3.081337791875808989e+02 3.241080197330418855e+02
3.071885420510360518e+02 3.244496372742943322e+02
3.062427501775918586e+02 3.247869316345118023e+02
3.052964314871468332e+02 3.251199731402566044e+02
3.043496082511434793e+02 3.254488252778259607e+02
3.034023036624648739e+02 3.257735400369152217e+02
3.024545356743779507e+02 3.260941705135130064e+02
3.015063177424415812e+02 3.264107760299035590e+02
3.005576669745840945e+02 3.267234041324573468e+02
2.996085956117784121e+02 3.270320896537070325e+02
2.986591046189805070e+02 3.273368766178338660e+02
2.977092012339884946e+02 3.276378026824753533e+02
2.967588911416183919e+02 3.279349023220026993e+02
2.958081791325407721e+02 3.282282026310310812e+02
2.948570588329548627e+02 3.285177327350488099e+02
2.939055259979315338e+02 3.288035193229746938e+02
2.929535789825317238e+02 3.290855836188632111e+02
2.920012117720023639e+02 3.293639462268421880e+02
2.910484229187143796e+02 3.296386182080527760e+02
2.900951882857932560e+02 3.299096256667255602e+02
2.891415045605531873e+02 3.301769798081094791e+02
2.881873537843303552e+02 3.304406982328397362e+02
2.872326554744439591e+02 3.307008616748304348e+02
2.862773531958175681e+02 3.309575730003015224e+02
2.853214336578481607e+02 3.312109266466591748e+02
2.843648993422021363e+02 3.314610059292479036e+02
2.834077443875182780e+02 3.317078941962905674e+02
2.824499687554568368e+02 3.319516662373703184e+02
2.814915503265001462e+02 3.321924118165035793e+02
2.805324841835374627e+02 3.324302152657483589e+02
2.795727616697119515e+02 3.326651585225268946e+02
2.786123782939527587e+02 3.328973152579972634e+02
2.776513050037657422e+02 3.331267708169411321e+02
2.766895297447499047e+02 3.333536074676918588e+02
2.757270421665113531e+02 3.335779065159218248e+02
2.747638278874455864e+02 3.337997454963970085e+02
2.737998490308930855e+02 3.340192139598185008e+02
2.728350959154300881e+02 3.342363863453907129e+02
2.718695520338675351e+02 3.344513384873712312e+02
2.709031703537297631e+02 3.346641671175362944e+02
2.699359433598069131e+02 3.348749476501143931e+02
2.689678335941795240e+02 3.350837623587357825e+02
2.679987995534109473e+02 3.352906831078672667e+02
2.670288005063685546e+02 3.354956184068460061e+02
2.660577356165438232e+02 3.356984023150687904e+02
2.650855676755559216e+02 3.358988342971085217e+02
2.641121992369489817e+02 3.360967411393806401e+02
2.631376005451381843e+02 3.362919155608306028e+02
2.621616874627363813e+02 3.364841659118289385e+02
2.611844250176336004e+02 3.366732740407371125e+02
2.602057565325854966e+02 3.368590271020896694e+02
2.592256348986167609e+02 3.370412107625352292e+02
2.582440287139897350e+02 3.372195971145108047e+02
2.572608948260981947e+02 3.373939514649752027e+02
2.562762010405026558e+02 3.375640310431519993e+02
2.552899231709767491e+02 3.377295869147280314e+02
2.543020393203852336e+02 3.378903671484346773e+02
2.533125335361305019e+02 3.380461135314386070e+02
2.523213920710651905e+02 3.381965579492378993e+02
2.513286092402553606e+02 3.383414247897078440e+02
2.503341851182496782e+02 3.384804343566039506e+02
2.493381252286883409e+02 3.386133037540549822e+02
2.483404414650501337e+02 3.387397439775837142e+02
2.473411509646139450e+02 3.388594611656494635e+02
2.463402782204602204e+02 3.389721574144466558e+02
2.453378544289567742e+02 3.390775309300801723e+02
2.443339169989397135e+02 3.391752743666891092e+02
2.433285098130240272e+02 3.392650762644853444e+02
2.423216881095185045e+02 3.393466339009953572e+02
2.413135048746233338e+02 3.394196265956699676e+02
2.403040356216712610e+02 3.394837479535044622e+02
2.392933441347803694e+02 3.395386691752843262e+02
2.382815233545409228e+02 3.395840772789790663e+02
2.372686587223045080e+02 3.396196575011595087e+02
2.362548480791447787e+02 3.396450928695697371e+02
2.352401967774419802e+02 3.396600610996072191e+02
2.342248268854537514e+02 3.396642423833038151e+02
2.332088603089537173e+02 3.396573138006708632e+02
2.321924270578753067e+02 3.396389568189061947e+02
2.311756766234782390e+02 3.396088565815614402e+02
2.301587622330133343e+02 3.395666933861675147e+02
2.291418447537120358e+02 3.395121407993395337e+02
2.281250944148551412e+02 3.394448691789099257e+02
2.271087107860050764e+02 3.393645652021645560e+02
2.260928794040818559e+02 3.392709016579155445e+02
2.250778096462700546e+02 3.391635480381656862e+02
2.240637363613641355e+02 3.390421782063976934e+02
2.230508896824778162e+02 3.389064559159720034e+02
2.220395237910301489e+02 3.387560455832235675e+02
2.210299090790965124e+02 3.385906089565251023e+02
2.200223213597413974e+02 3.384097959864669747e+02
2.190170815377152280e+02 3.382132713403296407e+02
2.180144634078155548e+02 3.380008427157613937e+02
2.170147174701915276e+02 3.377725470719403802e+02
2.160180694459853328e+02 3.375284155149910248e+02
2.150247929760195973e+02 3.372684952753582479e+02
2.140351293021047923e+02 3.369928094409389701e+02
2.130493364471341522e+02 3.367013665853844486e+02
2.120676901724220897e+02 3.363941642532935816e+02
2.110904809429455611e+02 3.360711991442177577e+02
2.101179704981202008e+02 3.357324310500806064e+02
2.091504856251980868e+02 3.353778424687899928e+02
2.081883260967535705e+02 3.350073860492040581e+02
2.072318172173539779e+02 3.346210075107439366e+02
2.062812954913552517e+02 3.342186398009179698e+02
2.053371129151701098e+02 3.338002036402185126e+02
2.043996513018136909e+02 3.333656222596513317e+02
2.034692885166750216e+02 3.329147953628771006e+02
2.025464306207030631e+02 3.324476160336482735e+02
2.016315107556688986e+02 3.319639733086860929e+02
2.007249829032665787e+02 3.314637492065565425e+02
1.998273014699035173e+02 3.309467866400027560e+02
1.989389967114645970e+02 3.304129726363440795e+02
1.980605767464786879e+02 3.298621494738982847e+02
1.971926030656912587e+02 3.292941694145465021e+02
1.963356552610278527e+02 3.287088621363061520e+02
1.954903723113773424e+02 3.281060892110111809e+02
1.946573887601560955e+02 3.274856715854984941e+02
1.938374010603861279e+02 3.268474556748510054e+02
1.930311390524176716e+02 3.261912970415710333e+02
1.922393637285511261e+02 3.255170580835966234e+02
1.914628629276297431e+02 3.248245871747701585e+02
1.907024843066469373e+02 3.241137861096008237e+02
1.899590927112324152e+02 3.233845594421897545e+02
1.892335913006830026e+02 3.226368424508908674e+02
1.885269164789438889e+02 3.218706218148201401e+02
1.878400163141747612e+02 3.210858948154669861e+02
1.871738719338066232e+02 3.202827209489265101e+02
1.865294745973713191e+02 3.194612199019822469e+02
1.859078129874114893e+02 3.186215655331729408e+02
1.853098678717497307e+02 3.177640135119443130e+02
1.847365930596511703e+02 3.168888554735943330e+02
1.841889186707292652e+02 3.159965164291860447e+02
1.836677110939701549e+02 3.150874310569845989e+02
1.831737855902988485e+02 3.141621877478928013e+02
1.827078589890550120e+02 3.132214069709730779e+02
