1.826823935243564563e+02 3.120863434612000447e+02
1.822648758973674319e+02 3.111377123586412381e+02
1.818741113190577039e+02 3.101764111211047634e+02
1.815101716163466961e+02 3.092032891577493956e+02
1.811730142509881034e+02 3.082191137661106950e+02
1.808625182490783061e+02 3.072247096012758902e+02
1.805785013639011538e+02 3.062208794011926329e+02
1.803207319542449056e+02 3.052084366227716714e+02
1.800889302496660491e+02 3.041881969974748472e+02
1.798827741525838633e+02 3.031609667664135941e+02
1.797019187012148791e+02 3.021275129745723689e+02
1.795459905232386006e+02 3.010886151627036043e+02
1.794146146745387966e+02 3.000449908887152333e+02
1.793074045730020032e+02 2.989973601136498473e+02
1.792239634710475116e+02 2.979464182846222116e+02
1.791639046836966997e+02 2.968928063839873062e+02
1.791268337105629485e+02 2.958371722972669318e+02
1.791123630967743168e+02 2.947801070173496782e+02
1.791201085393606718e+02 2.937222017178314104e+02
1.791496972520369866e+02 2.926640164344681239e+02
1.792007863155170355e+02 2.916060588057132463e+02
1.792730171321596515e+02 2.905488704186942073e+02
1.793660368017103224e+02 2.894929287598073415e+02
1.794795125894339947e+02 2.884386917943044182e+02
1.796131268351958283e+02 2.873866122047155045e+02
1.797665718406751978e+02 2.863371377749805333e+02
1.799395504309225657e+02 2.852906704848911090e+02
1.801317558284643781e+02 2.842476012516946184e+02
1.803428904402867659e+02 2.832083193630481901e+02
1.805726716805484671e+02 2.821732000234764541e+02
1.808208664387778697e+02 2.811425538464043257e+02
1.810871776572506349e+02 2.801167919749950102e+02
1.813713532540873246e+02 2.790961912161181431e+02
1.816731352195681097e+02 2.780810733516572668e+02
1.819922779434106133e+02 2.770717518515584743e+02
1.823285475182624964e+02 2.760685319446159269e+02
1.826817435874835382e+02 2.750716597276564244e+02
1.830515950141419523e+02 2.740814838680922776e+02
1.834379166711823075e+02 2.730982159854008842e+02
1.838404979643057402e+02 2.721221394843104804e+02
1.842591330382868193e+02 2.711535345126098377e+02
1.846936506555484527e+02 2.701926419272087401e+02
1.851438757534365322e+02 2.692397268296205652e+02
1.856096272204032971e+02 2.682950676278819060e+02
1.860907732074431635e+02 2.673588848730331051e+02
1.865871392344752451e+02 2.664314743190538479e+02
1.870986437071548778e+02 2.655130586682811895e+02
1.876251521886052842e+02 2.646039736886793321e+02
1.881665916858810306e+02 2.637044739433311520e+02
1.887228731362016276e+02 2.628148499571658476e+02
1.892938896896201015e+02 2.619353811465047102e+02
1.898793313433355081e+02 2.610662145233161482e+02
1.904787928441289466e+02 2.602073971711142235e+02
1.910918532624071418e+02 2.593589955004173930e+02
1.917181031419376325e+02 2.585210585183634748e+02
1.923571955791830703e+02 2.576935788071088496e+02
1.930087260774995741e+02 2.568766510655551656e+02
1.936723824205234621e+02 2.560702812330025608e+02
1.943478429870357047e+02 2.552744995801900814e+02
1.950347569689720899e+02 2.544893645920657264e+02
1.957328222845603420e+02 2.537148822707218017e+02
1.964417249468893090e+02 2.529510715968566785e+02
1.971611562062133487e+02 2.521979457506759559e+02
1.978908136759236811e+02 2.514555134816968689e+02
1.986304010911337059e+02 2.507237794218090983e+02
1.993796244313406874e+02 2.500027403539384352e+02
2.001381925164762663e+02 2.492923589650185363e+02
2.009057630524893909e+02 2.485926283238999872e+02
2.016820436440705748e+02 2.479034944146768282e+02
2.024667655972534703e+02 2.472248965498143320e+02
2.032595790146846468e+02 2.465568210335339643e+02
2.040602052940453177e+02 2.458991427511056997e+02
2.048682757995149188e+02 2.452517940797620497e+02
2.056835155691645696e+02 2.446146394760682483e+02
2.065055668310864689e+02 2.439876030935944016e+02
2.073341367611704698e+02 2.433705422526037694e+02
2.081688913042928277e+02 2.427632989698098527e+02
2.090094702121452030e+02 2.421657151450503989e+02
2.098555525679171865e+02 2.415776053733492006e+02
2.107068148822035027e+02 2.409987892853950768e+02
2.115629367577110145e+02 2.404290724544409557e+02
2.124235796162890324e+02 2.398682347580416376e+02
2.132884110386849272e+02 2.393160438655078224e+02
2.141571122429254785e+02 2.387722601517280623e+02
2.150293714847054218e+02 2.382366402839830926e+02
2.159048841573707591e+02 2.377089329005196134e+02
2.167833504297165916e+02 2.371888755508344957e+02
2.176644795464010542e+02 2.366761995350227039e+02
2.185479905802877738e+02 2.361706307624060344e+02
2.194336126076985920e+02 2.356718899282514883e+02
2.203210911865004675e+02 2.351797008591296105e+02
2.212101882676888067e+02 2.346937920501841575e+02
2.221006774402141843e+02 2.342138882895035294e+02
2.229923423842854504e+02 2.337397108472163723e+02
2.238849770371232637e+02 2.332709769621887972e+02
2.247783959558151707e+02 2.328074144259578873e+02
2.256724385684252070e+02 2.323487757102591047e+02
2.265669581937842167e+02 2.318948004449664495e+02
2.274618137017784250e+02 2.314452300090176777e+02
2.283568758000305650e+02 2.309998068369183386e+02
2.292520858693794423e+02 2.305583755081993331e+02
2.301474775893833851e+02 2.301208897968163569e+02
2.310430862490881907e+02 2.296873165251431885e+02
2.319389455388202066e+02 2.292576315199277417e+02
2.328350905331103888e+02 2.288318196192094831e+02
2.337315819970449979e+02 2.284098453182864716e+02
2.346284604273021728e+02 2.279917048820744014e+02
2.355257675667609476e+02 2.275774075201249502e+02
2.364235814987813740e+02 2.271669261467484660e+02
2.373219463082248808e+02 2.267602648921961190e+02
2.382209051069755219e+02 2.263574412295324692e+02
2.391205459768880530e+02 2.259584308030973716e+02
2.400209147499935227e+02 2.255632445481962236e+02
2.409220588497004769e+02 2.251719063529655784e+02
2.418240781811611839e+02 2.247843952486661863e+02
2.427270118336396365e+02 2.244007284916966967e+02
2.436309193721075701e+02 2.240209128338594269e+02
2.445358930272314524e+02 2.236449285160466047e+02
2.454419736829368048e+02 2.232727980392916436e+02
2.463492457029576030e+02 2.229045197390425983e+02
2.472577877159737341e+02 2.225400781506979513e+02
2.481676386115511548e+02 2.221794856058288588e+02
2.490789073768628157e+02 2.218227106878573807e+02
2.499916593863421213e+02 2.214697484005252761e+02
2.509060964566810412e+02 2.211204753509354646e+02
2.518224504055361876e+02 2.207746490817569054e+02
2.527407158525623174e+02 2.204321256178318151e+02
2.536609342884915179e+02 2.200927392514111034e+02
2.545831402793659493e+02 2.197563260222235328e+02
2.555073314549713359e+02 2.194227529483260355e+02
2.564335817680669720e+02 2.190918296563332035e+02
2.573618914578395334e+02 2.187634035407159558e+02
2.582923023151640791e+02 2.184373097526492984e+02
2.592248677501135603e+02 2.181133747520184158e+02
2.601596005397695990e+02 2.177914574820591724e+02
2.610965798070205892e+02 2.174713809201528250e+02
2.620358322927565951e+02 2.171529983785088689e+02
2.629774137271562608e+02 2.168361578227178370e+02
2.639213913820966013e+02 2.165206987904363132e+02
2.648678035744140402e+02 2.162064939319700443e+02
2.658167417538454060e+02 2.158934094491465601e+02
2.667682608568306364e+02 2.155813423150766539e+02
2.677224373545544154e+02 2.152701865910252366e+02
2.686793519715995444e+02 2.149598307316778687e+02
2.696390747910029404e+02 2.146502026634927915e+02
2.706017066226077645e+02 2.143412693199474290e+02
2.715673333444307218e+02 2.140330278543885640e+02
2.725360480657208768e+02 2.137254788471165909e+02
2.735079410499081405e+02 2.134186163391534876e+02
2.744831214366216727e+02 2.131125996679469665e+02
2.754617327757230782e+02 2.128079953690306922e+02
2.764439069216582539e+02 2.125054477503988437e+02
2.774297666485889522e+02 2.122056168764257791e+02
2.784193890904401201e+02 2.119091533957140712e+02
2.794128523386380607e+02 2.116167421422004509e+02
2.804102261547757848e+02 2.113291360963536079e+02
2.814115192329854835e+02 2.110470862760119815e+02
2.824167527330389476e+02 2.107713521139831698e+02
2.834259268031686929e+02 2.105027011793377767e+02
2.844389904353269003e+02 2.102418803194888142e+02
2.854558861344710863e+02 2.099896067339184640e+02
2.864765421850337361e+02 2.097465980385115074e+02
2.875008746222265472e+02 2.095135773627389710e+02
2.885287432367720726e+02 2.092912605640565289e+02
2.895600160780529109e+02 2.090802965895080376e+02
2.905945448802532383e+02 2.088812294279231310e+02
2.916321629429062341e+02 2.086945939910096115e+02
2.926726895857112254e+02 2.085209250607080946e+02
2.937159372280171965e+02 2.083607562626972367e+02
2.947616888634126440e+02 2.082145149910759301e+02
2.958097396642961030e+02 2.080824982756912220e+02
2.968598792859122000e+02 2.079649949507413851e+02
2.979118873440839934e+02 2.078622932096934335e+02
2.989655369015368365e+02 2.077746769256986568e+02
3.000206025796408653e+02 2.077023320462600964e+02
3.010768700681164773e+02 2.076453416830767367e+02
3.021341228615001455e+02 2.076037843015754447e+02
3.031921225187998061e+02 2.075777330172630002e+02
3.042506566035403353e+02 2.075672618022842073e+02
3.053095102632396447e+02 2.075723807487320585e+02
3.063684925037610469e+02 2.075930490402405155e+02
3.074274009871788849e+02 2.076292233882810194e+02
3.084859879979532025e+02 2.076808469614127546e+02
3.095441166682075504e+02 2.077478884557859260e+02
3.106015549809610548e+02 2.078302798920529142e+02
3.116581157924420040e+02 2.079279483368218280e+02
3.127136265016316656e+02 2.080408269442361302e+02
3.137678928686075324e+02 2.081688454072269678e+02
3.148207041100173456e+02 2.083119299850740447e+02
3.158719392658862262e+02 2.084700638549422820e+02
3.169213377290543008e+02 2.086432103564535794e+02
3.179687284497803148e+02 2.088313562842850502e+02
3.190139275114496513e+02 2.090344897893830876e+02
3.200567370244422136e+02 2.092526068120261300e+02
3.210969396997880381e+02 2.094857742393280375e+02
3.221343045630549682e+02 2.097340950150598644e+02
3.231685944717505095e+02 2.099976733013617149e+02
3.241995657722653732e+02 2.102766141383175409e+02
3.252270006781322422e+02 2.105710134639699049e+02
3.262506775846485425e+02 2.108808087851088260e+02
3.272703733427275665e+02 2.112058684978798624e+02
3.282859995930168679e+02 2.115461216486166904e+02
3.292972502774392751e+02 2.119014151947484947e+02
3.303040039361637241e+02 2.122716847949794214e+02
3.313060612212979663e+02 2.126569321196112412e+02
3.323031217718118455e+02 2.130571457169005214e+02
3.332949830192573017e+02 2.134723594338417172e+02
3.342813935535299947e+02 2.139025952586484891e+02
3.352621052317092563e+02 2.143478901384750657e+02
3.362368503825302923e+02 2.148083077434402810e+02
3.372052885405493043e+02 2.152838866055391520e+02
3.381672012716008453e+02 2.157747372441171194e+02
3.391221966201882765e+02 2.162808903805702698e+02
3.400700345546190420e+02 2.168024592899778611e+02
3.410103290685162278e+02 2.173394672637667782e+02
3.419427544592920185e+02 2.178919703914730235e+02
3.428669605365049051e+02 2.184600238393903169e+02
3.437826130073636364e+02 2.190437095421662832e+02
3.446892569241812794e+02 2.196430170542182907e+02
3.455865944348468020e+02 2.202579688843438248e+02
3.464742091734149199e+02 2.208885149212742363e+02
3.473517429339563023e+02 2.215346573057115336e+02
3.482187723421948249e+02 2.221963731018852570e+02
3.490748753204259174e+02 2.228736038694229080e+02
3.499196619482134452e+02 2.235662101092974865e+02
3.507527620827302712e+02 2.242740694498163521e+02
3.515737578317899761e+02 2.249970433585368710e+02
3.523822445141620392e+02 2.257350272292889883e+02
3.531777581426872530e+02 2.264878171894135903e+02
3.539599665259195262e+02 2.272552148585936322e+02
3.547284229219206964e+02 2.280369249129044533e+02
3.554827736045248230e+02 2.288327628803782545e+02
3.562225538431962377e+02 2.296424667781458879e+02
3.569473659487285317e+02 2.304657997737256494e+02
3.576568091024444698e+02 2.313024454219356016e+02
3.583505068049830697e+02 2.321521385677732212e+02
3.590280043414152829e+02 2.330145501803446564e+02
3.596889022263033553e+02 2.338894484051190545e+02
3.603327489548437370e+02 2.347765420241593688e+02
3.609591040309471168e+02 2.356755271009340618e+02
3.615675499970741953e+02 2.365861725454738860e+02
3.621575989360422341e+02 2.375081753756407466e+02
3.627287968301943692e+02 2.384413129029879599e+02
3.632806457003626406e+02 2.393853362988706124e+02
3.638126601509089824e+02 2.403400779387125112e+02
3.643242932794464650e+02 2.413052605215248150e+02
3.648150561290193536e+02 2.422807330441757472e+02
3.652844071696471246e+02 2.432663026146946947e+02
3.657314428022075958e+02 2.442619870350916358e+02
3.661549051468886660e+02 2.452679679576142746e+02
3.665534790532096849e+02 2.462842550599478102e+02
3.669258656341422693e+02 2.473108239044869663e+02
3.672707569314586067e+02 2.483475078789887505e+02
3.675868312039449961e+02 2.493940207090697072e+02
3.678727843423170611e+02 2.504499493312233653e+02
3.681273881122188527e+02 2.515146821513434929e+02
3.683497132067270172e+02 2.525864363649775441e+02
3.685395014074851474e+02 2.536632281614467672e+02
3.686969042749425967e+02 2.547440416986175364e+02
3.688221961295230926e+02 2.558278810804154375e+02
3.689157706555749883e+02 2.569137699097918812e+02
3.689781272516513013e+02 2.580007638731007091e+02
3.690098550869984706e+02 2.590879600927558499e+02
3.690116102226584758e+02 2.601745038423457572e+02
3.689840885183398882e+02 2.612596284018570714e+02
3.689280407348038580e+02 2.623425636177374827e+02
3.688442276097191552e+02 2.634226603543561396e+02
3.687334321904956482e+02 2.644992778929112092e+02
3.685964495008255426e+02 2.655718270124995684e+02
3.684340642083134298e+02 2.666397887938126701e+02
3.682470424146284813e+02 2.677026927050069958e+02
3.680361289184355655e+02 2.687601043620920791e+02
3.678020584131932651e+02 2.698116043313830232e+02
3.675455558466001094e+02 2.708568113178524186e+02
3.672672770009947953e+02 2.718954454772004397e+02
3.669679047800840408e+02 2.729271349795868105e+02
3.666480513469664402e+02 2.739516199442724655e+02
3.663082909420876376e+02 2.749686549607239385e+02
3.659492358182138787e+02 2.759779375039123011e+02
3.655714012013971796e+02 2.769792994818917578e+02
3.651753175334974344e+02 2.779724949188629921e+02
3.647614657631079922e+02 2.789573247815681043e+02
3.643303273341556974e+02 2.799335684008486851e+02
3.638823168687800944e+02 2.809010971086904647e+02
3.634178966399346677e+02 2.818596873724664533e+02
3.629374527017964169e+02 2.828091978465631655e+02
3.624413695847712802e+02 2.837494534895070615e+02
3.619299783275919253e+02 2.846803231642243190e+02
3.614036772713743630e+02 2.856015971427595446e+02
3.608627530533674985e+02 2.865131852350848476e+02
3.603075364755933947e+02 2.874149107425700436e+02
3.597383172022179565e+02 2.883066299354782132e+02
3.591553655739604096e+02 2.891881996919512403e+02
3.585589686054401000e+02 2.900594488715535704e+02
3.579493338551445163e+02 2.909202710128734566e+02
3.573267374084789481e+02 2.917704688275840113e+02
3.566913761742532643e+02 2.926099181019635012e+02
3.560435451902251884e+02 2.934385212364200584e+02
3.553836859644937363e+02 2.942563144378063384e+02
3.547122406449847745e+02 2.950633581794143652e+02
3.540296169787999361e+02 2.958597335584107100e+02
3.533362183946953792e+02 2.966455130955006894e+02
3.526324265664007953e+02 2.974207667405440816e+02
3.519185946945878527e+02 2.981855588975162732e+02
3.511950449895451811e+02 2.989399682880103342e+02
3.504621003107782826e+02 2.996840623932689027e+02
3.497200713557080007e+02 3.004179119592058100e+02
3.489692525597088775e+02 3.011415859287764079e+02
3.482099211660661240e+02 3.018551491247649210e+02
3.474423225697980797e+02 3.025586805688710115e+02
3.466667302714162702e+02 3.032522308102447255e+02
3.458833776361543073e+02 3.039358764811701690e+02
3.450925148588409002e+02 3.046096725294075895e+02
3.442943364674790132e+02 3.052737024376498312e+02
3.434890862611486568e+02 3.059280078376664846e+02
3.426769674695312915e+02 3.065726581860067199e+02
3.418581800472500163e+02 3.072077180683740494e+02
3.410329232312799945e+02 3.078332498887244810e+02
3.402013914475807610e+02 3.084493175719936175e+02
3.393637602213246396e+02 3.090559910980520613e+02
3.385202262160143505e+02 3.096533237374420082e+02
3.376709710691148416e+02 3.102413787598553654e+02
3.368161459183896227e+02 3.108202377774160823e+02
3.359559509240078796e+02 3.113899561761224959e+02
3.350905367325127031e+02 3.119506165371166730e+02
3.342200891168899943e+02 3.125022787099754851e+02
3.333447337698500519e+02 3.130450307141204007e+02
3.324646745049450942e+02 3.135789291770530554e+02
3.315800541426343671e+02 3.141040721133942384e+02
3.306910317522778655e+02 3.146205421924711914e+02
3.297977562506478080e+02 3.151284236646516206e+02
3.289003926887086209e+02 3.156277943250226485e+02
3.279990903859138029e+02 3.161187527723453741e+02
3.270940036740424830e+02 3.166013991465201229e+02
3.261852836598480962e+02 3.170758331591539445e+02
3.252730763326942451e+02 3.175421547218266483e+02
3.243575217463335889e+02 3.180004650371295725e+02
3.234387763066722528e+02 3.184508723352800530e+02
3.225169828036815716e+02 3.188934955509963061e+02
3.215922837374370715e+02 3.193284513922230303e+02
3.206648113635120012e+02 3.197558568014691218e+02
3.197347052049298100e+02 3.201758266986832950e+02
3.188021094055435469e+02 3.205884871602422095e+02
3.178671452168147766e+02 3.209939700679775001e+02
3.169299514722969775e+02 3.213924012907324368e+02
3.159906565747797913e+02 3.217839117579406434e+02
3.150493729201789961e+02 3.221686307953643791e+02
3.141062367623844125e+02 3.225466897111500089e+02
3.131613482653143592e+02 3.229182213567823396e+02
3.122148363133376279e+02 3.232833582572071123e+02
3.112667983548036545e+02 3.236422327983246987e+02
3.103173474960750582e+02 3.239949771902495286e+02
3.093665830024112324e+02 3.243417238144612611e+02
3.084145993793870844e+02 3.246826001409776836e+02
3.074614959991649812e+02 3.250177407775802862e+02
3.065073588686904031e+02 3.253472735115423689e+02
3.055522747806762140e+02 3.256713263590766019e+02
3.045963241042039158e+02 3.259900252441407247e+02
3.036395815855722162e+02 3.263034886921394104e+02
3.026821189232565530e+02 3.266118356074684925e+02
3.017240041827649861e+02 3.269151910893481841e+02
3.007653018185686165e+02 3.272136713418569798e+02
2.998060694032710103e+02 3.275073794151637685e+02
2.988463570318183997e+02 3.277964259813392118e+02
2.978862150984273853e+02 3.280809180985860394e+02
2.969256907142208775e+02 3.283609605147914294e+02
2.959648270019674783e+02 3.286366495994572574e+02
2.950036556818299118e+02 3.289080791614896384e+02
2.940422073604789261e+02 3.291753414166485072e+02
2.930805123410947886e+02 3.294385243381951796e+02
2.921185957348512829e+02 3.296977156453579028e+02
2.911564829839492177e+02 3.299529917058384285e+02
2.901941782056341026e+02 3.302044378422573914e+02
2.892316997698073919e+02 3.304521262894764391e+02
2.882690524042621405e+02 3.306961353880886918e+02
2.873061859469966066e+02 3.309366042569796491e+02
2.863430656301022168e+02 3.311736938991245438e+02
2.853796897178431777e+02 3.314075555244633620e+02
2.844160684899928242e+02 3.316383298825268184e+02
2.834522033864845980e+02 3.318661577244959631e+02
2.824880996900441801e+02 3.320911715676481322e+02
2.815237405682497069e+02 3.323135168588762554e+02
2.805591230381497212e+02 3.325333321804124580e+02
2.795942393481319073e+02 3.327507536612896502e+02
2.786290845294475389e+02 3.329659093025306333e+02
2.776636287857375009e+02 3.331789386569890326e+02
2.766978573935392092e+02 3.333899790303655095e+02
2.757317562747498414e+02 3.335991673326755631e+02
2.747653062569204963e+02 3.338066367211424676e+02
2.737984634545958329e+02 3.340125323853355894e+02
2.728312107674369713e+02 3.342169846808720308e+02
2.718635239561997992e+02 3.344201289450955983e+02
2.708953468949607668e+02 3.346221244255766010e+02
2.699266621855763333e+02 3.348231089917263716e+02
2.689574205191065062e+02 3.350232274316384746e+02
2.679875660952744170e+02 3.352226094981064080e+02
2.670170347565470479e+02 3.354211657835568303e+02
2.660456947573703701e+02 3.356186955606208357e+02
2.650734816863541710e+02 3.358149619313928724e+02
2.641002687470049182e+02 3.360097553355036553e+02
2.631260013265281259e+02 3.362028312467914475e+02
2.621505681953329372e+02 3.363939611972214720e+02
2.611739110763471672e+02 3.365828896651805167e+02
2.601959493648691932e+02 3.367693662622178863e+02
2.592166132651910857e+02 3.369531387064013188e+02
2.582358505323529130e+02 3.371339402825561251e+02
2.572535967130160088e+02 3.373114941734532408e+02
2.562697997119646516e+02 3.374855137083346222e+02
2.552844168131306049e+02 3.376557057135191826e+02
2.542974084619841051e+02 3.378217737461113188e+02
2.533087421854036165e+02 3.379834140837641598e+02
2.523183883358351522e+02 3.381403085925739447e+02
2.513263267291474392e+02 3.382921298015751859e+02
2.503325442303961381e+02 3.384385459209727287e+02
2.493370343953984616e+02 3.385792217504458677e+02
2.483397984937175522e+02 3.387138152271306808e+02
2.473408441789925689e+02 3.388419765812901687e+02
2.463401879705206454e+02 3.389633510386917692e+02
2.453378545706723344e+02 3.390775798010890298e+02
2.443338763411827586e+02 3.391842984080628298e+02
2.433282935527662403e+02 3.392831383326749801e+02
2.423211595805148306e+02 3.393737402507451861e+02
2.413125265364593588e+02 3.394557269605730880e+02
2.403024715416781589e+02 3.395287355557636033e+02
2.392910602815444179e+02 3.395923807047108767e+02
2.382783906467834356e+02 3.396462941171045600e+02
2.372645533898664496e+02 3.396901092984612660e+02
2.362496534637226659e+02 3.397234583479963703e+02
2.352338048265086172e+02 3.397459681753038581e+02
2.342171404131237296e+02 3.397572683830671849e+02
2.331997938228745681e+02 3.397569873398866775e+02
2.321819079523852167e+02 3.397447624338987566e+02
2.311636475052507080e+02 3.397202357651802345e+02
2.301451820672032795e+02 3.396830448520758523e+02
2.291266903175719847e+02 3.396328208095426362e+02
2.281083617750969665e+02 3.395691932228691030e+02
2.270904182113403920e+02 3.394918113783934359e+02
2.260730670918802900e+02 3.394003112463252023e+02
2.250565424179162903e+02 3.392943261591744886e+02
2.240411065303089515e+02 3.391734945944155015e+02
2.230270178307308413e+02 3.390374447470971404e+02
2.220145618450766563e+02 3.388858052479584444e+02
2.210040426886627642e+02 3.387182028561655898e+02
2.199957715692884790e+02 3.385342533787551247e+02
2.189901090945915030e+02 3.383335894670659059e+02
2.179873626027842022e+02 3.381160174156664198e+02
2.169878084289277353e+02 3.378816165599314445e+02
2.159916956716546963e+02 3.376304640295663830e+02
2.149993234189120415e+02 3.373626544296130874e+02
2.140109560668604161e+02 3.370782584658766154e+02
2.130268755636745936e+02 3.367773314474722497e+02
2.120473824529036619e+02 3.364599165068580078e+02
2.110727920769836032e+02 3.361260569079400398e+02
2.101033898097438453e+02 3.357757597643303029e+02
2.091395275711339536e+02 3.354090566602396848e+02
2.081815288505472097e+02 3.350259510885187524e+02
2.072297425553275332e+02 3.346264418894256778e+02
2.062845285635372079e+02 3.342105166645285408e+02
2.053462620689902565e+02 3.337781524400388093e+02
2.044153474988067103e+02 3.333293305528043788e+02
2.034921841262958537e+02 3.328640131015865222e+02
2.025771979215551255e+02 3.323821594182431340e+02
2.016708407581696463e+02 3.318837267415379984e+02
2.007735841136018848e+02 3.313686673283748405e+02
1.998859003888870234e+02 3.308368977579917782e+02
1.990083313393397759e+02 3.302883817574123100e+02
1.981413969391004173e+02 3.297230441008171624e+02
1.972856663886576598e+02 3.291408210324916581e+02
1.964417258682271097e+02 3.285416296387000443e+02
1.956102136690870736e+02 3.279254190273384211e+02
1.947917638403640979e+02 3.272921049485032086e+02
1.939870636805422350e+02 3.266416294452272950e+02
1.931968281282657927e+02 3.259739450458626493e+02
1.924217975633281981e+02 3.252890125974849980e+02
1.916627359294957955e+02 3.245867827460552348e+02
1.909204528894735233e+02 3.238672552485499523e+02
1.901957702207623697e+02 3.231304350104805962e+02
1.894895375091547578e+02 3.223763550564161733e+02
1.888026242507457937e+02 3.216050936392406356e+02
1.881359058077770499e+02 3.208167401800747029e+02
1.874902749799016419e+02 3.200114361236891227e+02
1.868666214751426367e+02 3.191893731740204316e+02
1.862658214134166599e+02 3.183507877593559670e+02
1.856887281296311016e+02 3.174959811431132835e+02
1.851361628264706383e+02 3.166252836342120531e+02
1.846089017951276219e+02 3.157391251363573019e+02
1.841076614651500734e+02 3.148379443134944609e+02
1.836330867233141078e+02 3.139222888152851851e+02
1.831857289665657902e+02 3.129927293986993391e+02
