1.787260284861067987e+02 3.138102687198047533e+02
1.782439223483265209e+02 3.127221337983862668e+02
1.778011877414044477e+02 3.116184251895533635e+02
1.773979989300311502e+02 3.105018763345148614e+02
1.770340614091412021e+02 3.093745185342041282e+02
1.767089167601657209e+02 3.082384345980344733e+02
1.764219098629913560e+02 3.070954365969103037e+02
1.761722682617813973e+02 3.059472499808089765e+02
1.759591141566472459e+02 3.047954926072088710e+02
1.757814818132978587e+02 3.036416475367133785e+02
1.756383469469136003e+02 3.024869805424980882e+02
1.755286462402920336e+02 3.013327459419846264e+02
1.754512884681001310e+02 3.001799391902792991e+02
1.754051785390649343e+02 2.990295312717067873e+02
1.753892205736289043e+02 2.978823823629556387e+02
1.754023461255729330e+02 2.967391679673423255e+02
1.754435023201594674e+02 2.956005709932643413e+02
1.755116759193943494e+02 2.944671064159878711e+02
1.756058801830905338e+02 2.933392866390194627e+02
1.757251657108419636e+02 2.922175386113913191e+02
1.758686448209668356e+02 2.911021607187296354e+02
1.760354409867029233e+02 2.899935376847145108e+02
1.762247364455810725e+02 2.888919146446322657e+02
1.764357595782344106e+02 2.877975025589011580e+02
1.766677733256200042e+02 2.867105075964843763e+02
1.769200689675422211e+02 2.856311297387635477e+02
1.771919956287771356e+02 2.845594914586954474e+02
1.774829398913329612e+02 2.834957177793274923e+02
1.777923130653698252e+02 2.824399409284105786e+02
1.781195567437243028e+02 2.813922744742709483e+02
1.784641901473421797e+02 2.803527252119047830e+02
1.788256791467367748e+02 2.793214968878839386e+02
1.792036055447828176e+02 2.782985871983892707e+02
1.795975442241072244e+02 2.772840818290196694e+02
1.800070914640583908e+02 2.762780607691783530e+02
1.804318647756905705e+02 2.752805984695197026e+02
1.808715583673151741e+02 2.742916983804875599e+02
1.813258014269541434e+02 2.733115423663756474e+02
1.817943442665075793e+02 2.723401142340827050e+02
1.822769004695649926e+02 2.713775124744046821e+02
1.827731936154169432e+02 2.704238369776571744e+02
1.832830093105705203e+02 2.694791453315302761e+02
1.838061408390049394e+02 2.685435421627796586e+02
1.843423757165564894e+02 2.676171561111997335e+02
1.848915639923918661e+02 2.667000425578522709e+02
1.854535018965639779e+02 2.657923623892144747e+02
1.860280985876702005e+02 2.648941811020509931e+02
1.866151962898939018e+02 2.640057136899345096e+02
1.872147145325601230e+02 2.631270730515297487e+02
1.878265530011172189e+02 2.622584210820754151e+02
1.884506054337846024e+02 2.613999179779422661e+02
1.890866653917628639e+02 2.605516606799749866e+02
1.897344905542727531e+02 2.597136884803040857e+02
1.903938161582886721e+02 2.588860762615190652e+02
1.910643868444643090e+02 2.580688881876884011e+02
1.917460095669134432e+02 2.572621270729235903e+02
1.924383853523524692e+02 2.564659008723145917e+02
1.931413015739649950e+02 2.556802068586497967e+02
1.938545305362796398e+02 2.549050769499445721e+02
1.945778091592276837e+02 2.541405816863172902e+02
1.953109231620776711e+02 2.533867332383463520e+02
1.960536194860259229e+02 2.526435460705694709e+02
1.968056402879469999e+02 2.519110248418787705e+02
1.975667330786105822e+02 2.511891724026052088e+02
1.983366504865012701e+02 2.504779899987362057e+02
1.991151432614753389e+02 2.497774706905139226e+02
1.999019493387987723e+02 2.490875603853396854e+02
2.006967461982681016e+02 2.484082369158373638e+02
2.014992646632875903e+02 2.477394279102808241e+02
2.023092592597174928e+02 2.470810552839630816e+02
2.031263965106730893e+02 2.464330923938288151e+02
2.039504118966289639e+02 2.457953886929040834e+02
2.047809442093409587e+02 2.451678549893497348e+02
2.056177297273634679e+02 2.445503307923176237e+02
2.064604186724806141e+02 2.439427193283115400e+02
2.073087287059957191e+02 2.433448551245510600e+02
2.081623355296958948e+02 2.427565590798547817e+02
2.090208887319262772e+02 2.421776525115709831e+02
2.098840775920397732e+02 2.416079296126600298e+02
2.107515887610324228e+02 2.410471901862688640e+02
2.116231142285213593e+02 2.404952229140066322e+02
2.124983340441996518e+02 2.399517977589998168e+02
2.133769353146789740e+02 2.394166741649040375e+02
2.142586182892478632e+02 2.388896051557793783e+02
2.151430901906545614e+02 2.383703405504807051e+02
2.160300689204557330e+02 2.378586271823544678e+02
2.169192850279366382e+02 2.373542114632353446e+02
2.178104785498175318e+02 2.368568358277888137e+02
2.187033986169511763e+02 2.363662382465416840e+02
2.195978036626277685e+02 2.358821524271204737e+02
2.204934712971692363e+02 2.354043216651585340e+02
2.213902029884698663e+02 2.349325034660390656e+02
2.222878106167684393e+02 2.344664544020731682e+02
2.231861146464349588e+02 2.340059288433907057e+02
2.240849446760116734e+02 2.335506782280808693e+02
2.249841526204423019e+02 2.331004700708075745e+02
2.258836168650005050e+02 2.326551054270412635e+02
2.267832319033858255e+02 2.322143718427996930e+02
2.276828932260978036e+02 2.317780618084220237e+02
2.285825056196068488e+02 2.313459691497286030e+02
2.294820190220947325e+02 2.309179571828775579e+02
2.303814516038740976e+02 2.304939524505118129e+02
2.312808201503043506e+02 2.300738925834676820e+02
2.321801390192700580e+02 2.296577246504287473e+02
2.330794240943529303e+02 2.292454047135718440e+02
2.339787278426658474e+02 2.288368669697306359e+02
2.348780769912697508e+02 2.284320858317620377e+02
2.357774991719092839e+02 2.280310489192204670e+02
2.366770707047126052e+02 2.276337006432452483e+02
2.375768238937849048e+02 2.272400224218633014e+02
2.384767899862534364e+02 2.268500109679941659e+02
2.393770603702188851e+02 2.264636150188019599e+02
2.402776721505864259e+02 2.260808250718058332e+02
2.411786635583224268e+02 2.257016446571473125e+02
2.420801415778734906e+02 2.253260244224847213e+02
2.429821353597893676e+02 2.249539596970051321e+02
2.438846999702474250e+02 2.245854312393074963e+02
2.447879335894223800e+02 2.242203887081371363e+02
2.456918681413376646e+02 2.238588308534547195e+02
2.465965914809248147e+02 2.235007262095572855e+02
2.475021842114670960e+02 2.231460237874452162e+02
2.484086745550652893e+02 2.227947017259609481e+02
2.493161824988645492e+02 2.224466858811888983e+02
2.502247724937476505e+02 2.221019336407798335e+02
2.511346919856319744e+02 2.217602660789387130e+02
2.520462380743943811e+02 2.214213691194360649e+02
2.529594013086193058e+02 2.210850479370277810e+02
2.538742344194760392e+02 2.207510810281107183e+02
2.547907824587416883e+02 2.204192495444235931e+02
2.557090401572644396e+02 2.200893679085806411e+02
2.566291029478372252e+02 2.197611707885096735e+02
2.575509669254126948e+02 2.194344328541310176e+02
2.584746846256201138e+02 2.191089125210230009e+02
2.594003266039338200e+02 2.187843584316942156e+02
2.603279063979928765e+02 2.184605537756621061e+02
2.612575284754437348e+02 2.181372250493671174e+02
2.621892240239279204e+02 2.178141301805169974e+02
2.631230659965648897e+02 2.174910191557569590e+02
2.640591468794058869e+02 2.171676324937636764e+02
2.649975153375825130e+02 2.168437467400986520e+02
2.659382997335344498e+02 2.165191228770007399e+02
2.668815730500190853e+02 2.161935562189111408e+02
2.678274427134338112e+02 2.158668373068179278e+02
2.687760269712603076e+02 2.155387507812939987e+02
2.697274228346935843e+02 2.152091300587971148e+02
2.706817843332499933e+02 2.148778670233575667e+02
2.716392360825186074e+02 2.145448919371734178e+02
2.725999177056353915e+02 2.142101380831342965e+02
2.735639731598548110e+02 2.138735322443384916e+02
2.745315626445511157e+02 2.135352324241370070e+02
2.755029107209678614e+02 2.131959815357640480e+02
2.764782214174215369e+02 2.128566333859806434e+02
2.774576791308145403e+02 2.125180592662216270e+02
2.784414249959384051e+02 2.121811215655185379e+02
2.794295880995671837e+02 2.118467486908699016e+02
2.804222866252592326e+02 2.115160064333694834e+02
2.814195732464863227e+02 2.111899687838441935e+02
2.824214977480243647e+02 2.108697193211751539e+02
2.834280802726078150e+02 2.105563502030463212e+02
2.844392806823461797e+02 2.102509281296435972e+02
2.854550412850945236e+02 2.099544808407972312e+02
2.864752810354193571e+02 2.096680354331275851e+02
2.874998980164317004e+02 2.093926243386871420e+02
2.885287236790953784e+02 2.091292715413899259e+02
2.895615896847659769e+02 2.088788826577813325e+02
2.905983053513888308e+02 2.086421787565109014e+02
2.916386566139300953e+02 2.084198642889352300e+02
2.926824107006794975e+02 2.082126427420755022e+02
2.937293238160710871e+02 2.080212137073933434e+02
2.947791198423166179e+02 2.078460995802753928e+02
2.958315384213944412e+02 2.076876016321204474e+02
2.968863144492066226e+02 2.075460061958740710e+02
2.979431729666775936e+02 2.074215981256801342e+02
2.990018330101633524e+02 2.073146552183122822e+02
3.000620199177755012e+02 2.072253067112248175e+02
3.011234775393988343e+02 2.071535252098733793e+02
3.021859512287441589e+02 2.070992756261130694e+02
3.032491661832638101e+02 2.070625169515697621e+02
3.043128796094169388e+02 2.070432082129300113e+02
3.053768508504504098e+02 2.070412303698894334e+02
3.064408701327149060e+02 2.070564012354162458e+02
3.075047195806867535e+02 2.070885356139333737e+02
3.085681362823547147e+02 2.071374342664576886e+02
3.096309816077777555e+02 2.072029259943612090e+02
3.106930154143650498e+02 2.072848157219422092e+02
3.117540479478263364e+02 2.073829143346119110e+02
3.128139085215516388e+02 2.074970395367901972e+02
3.138724064601148029e+02 2.076270056179714913e+02
3.149293362341043689e+02 2.077726260442647117e+02
3.159845874899255591e+02 2.079337998044777009e+02
3.170378986425122889e+02 2.081104205272885110e+02
3.180891067636090384e+02 2.083024072761550940e+02
3.191380372610552740e+02 2.085096806906412041e+02
3.201845018987566505e+02 2.087321735880387621e+02
3.212282861821433357e+02 2.089699251506201279e+02
3.222691581488776933e+02 2.092230283999574283e+02
3.233068798863671987e+02 2.094915777557022523e+02
3.243412072199150771e+02 2.097756685651071109e+02
3.253719225666673651e+02 2.100753925920244569e+02
3.263987916802964264e+02 2.103907154072037713e+02
3.274215720556624660e+02 2.107215462940804684e+02
3.284401637805542009e+02 2.110678576353392373e+02
3.294542323986061092e+02 2.114295343687097670e+02
3.304636376431283225e+02 2.118065587483594072e+02
3.314681461521277015e+02 2.121990049472533144e+02
3.324674110526371464e+02 2.126069399612515838e+02
3.334611866896785841e+02 2.130304770092519675e+02
3.344491720657300675e+02 2.134697148022426347e+02
3.354310649917802039e+02 2.139247692111541994e+02
3.364065328407809261e+02 2.143957969346502352e+02
3.373751594318176217e+02 2.148829297232784938e+02
3.383366538632880633e+02 2.153863719514643833e+02
3.392905359387153794e+02 2.159062406250823187e+02
3.402364820041233315e+02 2.164427356139220535e+02
3.411740087202171594e+02 2.169959571154359423e+02
3.421026914718891589e+02 2.175660353589032638e+02
3.430220741959527118e+02 2.181530946868986689e+02
3.439317117739035439e+02 2.187572818930701146e+02
3.448310312078373840e+02 2.193786316610488143e+02
3.457196343972527757e+02 2.200171784332453342e+02
3.465969970383840177e+02 2.206728698786059510e+02
3.474626510023154538e+02 2.213457015308123914e+02
3.483160552652679485e+02 2.220356356451198963e+02
3.491566802805962197e+02 2.227425657321124390e+02
3.499840625141509349e+02 2.234662371802797054e+02
3.507977631503694624e+02 2.242063984147871167e+02
3.515972939471656105e+02 2.249627748735242392e+02
3.523821794927288238e+02 2.257351188430773448e+02
3.531519095083213529e+02 2.265230409174047566e+02
3.539061572213565228e+02 2.273260844459009036e+02
3.546444947749318999e+02 2.281436855812356725e+02
3.553665928287587121e+02 2.289753863306863195e+02
3.560720220869711170e+02 2.298206492797792748e+02
3.567604500298566563e+02 2.306789317248125997e+02
3.574315914094330537e+02 2.315495713766902099e+02
3.580852020842414163e+02 2.324319531405100179e+02
3.587209838451906876e+02 2.333254071720896548e+02
3.593387062404569861e+02 2.342293589168328936e+02
3.599381152573973850e+02 2.351431844964829736e+02
3.605189947232991017e+02 2.360662556265232297e+02
3.610811699630615976e+02 2.369980209345235949e+02
3.616244341401049383e+02 2.379378850903725322e+02
3.621486337326095395e+02 2.388853427267549989e+02
3.626535863123697823e+02 2.398399097610123931e+02
3.631391182736842325e+02 2.408012133593098554e+02
3.636050417896644262e+02 2.417688280849297087e+02
3.640512380365739205e+02 2.427424628650016132e+02
3.644775698002152353e+02 2.437218455159184884e+02
3.648834394158670875e+02 2.447070266796958435e+02
3.652677911954988872e+02 2.456983049178860767e+02
3.656295297091173211e+02 2.466958644327080776e+02
3.659675687168893319e+02 2.476998633593323405e+02
3.662808183856185451e+02 2.487103621067662402e+02
3.665681635378430769e+02 2.497273443382895834e+02
3.668284898839199855e+02 2.507507054706922531e+02
3.670607483971600686e+02 2.517801996435716489e+02
3.672642514831408675e+02 2.528148613156580211e+02
3.674388920436724675e+02 2.538535803664190382e+02
3.675848088204613759e+02 2.548957839133384766e+02
3.677022217088399998e+02 2.559408920528290707e+02
3.677914337388145896e+02 2.569883161869217929e+02
3.678528221058070926e+02 2.580374664768737034e+02
3.678868271299710386e+02 2.590877579510632245e+02
3.678939320453096116e+02 2.601386152148492101e+02
3.678746437279190218e+02 2.611894960562111692e+02
3.678295130414919640e+02 2.622398403264774061e+02
3.677590971257201318e+02 2.632891440297090639e+02
3.676639717000578003e+02 2.643368953950846389e+02
3.675447191019192701e+02 2.653826008757483237e+02
3.674019141103781294e+02 2.664257986516702772e+02
3.672361199270453085e+02 2.674660475815918517e+02
3.670478862263005340e+02 2.685029211967870424e+02
3.668377583465227190e+02 2.695359953500835104e+02
3.666062755517334040e+02 2.705648639652849283e+02
3.663539232233367215e+02 2.715891830545955941e+02
3.660812117919613797e+02 2.726085416657872429e+02
3.657885995104891776e+02 2.736226016334736073e+02
3.654765160338161536e+02 2.746310322481170374e+02
3.651454288315423469e+02 2.756334611607941838e+02
3.647957299809648930e+02 2.766296118706841867e+02
3.644278248264020590e+02 2.776191489553681890e+02
3.640420806744654669e+02 2.786017703833560404e+02
3.636388703141266205e+02 2.795771579399202551e+02
3.632185216805061714e+02 2.805450693045868888e+02
3.627814058681816505e+02 2.815051894296625505e+02
3.623278315031966486e+02 2.824572680712125248e+02
3.618581064309569228e+02 2.834010281421759601e+02
3.613724973421549294e+02 2.843362308040151447e+02
3.608713426590951485e+02 2.852625812837624153e+02
3.603548867551153307e+02 2.861798859682577927e+02
3.598234120818066231e+02 2.870878800577480661e+02
3.592771659897460381e+02 2.879863272816787685e+02
3.587163834170197561e+02 2.888749958267750912e+02
3.581413254856726098e+02 2.897536386109366617e+02
3.575521835331495595e+02 2.906220668321543599e+02
3.569492103522525213e+02 2.914800139469637088e+02
3.563325879866764012e+02 2.923272786675765929e+02
3.557026180832899058e+02 2.931637108394868960e+02
3.550597952788314160e+02 2.939893341848152204e+02
3.544046189181134991e+02 2.948042051168061448e+02
3.537375535534038136e+02 2.956084031913750891e+02
3.530590566026596662e+02 2.964020044678947556e+02
3.523695599962717893e+02 2.971850840790556845e+02
3.516694624898825623e+02 2.979577114881010971e+02
3.509591311794827106e+02 2.987199718250053024e+02
3.502389314171611545e+02 2.994719426753289895e+02
3.495092150809523446e+02 3.002137071399554884e+02
3.487703151476744097e+02 3.009453472987307805e+02
3.480225443538568584e+02 3.016669412112009923e+02
3.472661833574314301e+02 3.023785817640578557e+02
3.465015377269651822e+02 3.030803370972712969e+02
3.457288734536051038e+02 3.037723012661670055e+02
3.449484697119708585e+02 3.044545481302852181e+02
3.441605496945539358e+02 3.051271780489034313e+02
3.433653821896911040e+02 3.057902531123014569e+02
3.425631960871472188e+02 3.064438628603978145e+02
3.417542157634721889e+02 3.070880932187962458e+02
3.409386628093848230e+02 3.077230280157203310e+02
3.401167522524877995e+02 3.083487524783863591e+02
3.392886796845773461e+02 3.089653584094670578e+02
3.384546601939530888e+02 3.095729223764271296e+02
3.376148933793578522e+02 3.101715312573207370e+02
3.367695471341615416e+02 3.107612893464481658e+02
3.359188357344386873e+02 3.113422753335349284e+02
3.350629240729715548e+02 3.119145949614853635e+02
3.342020107999350103e+02 3.124783322977347666e+02
3.333362341723492364e+02 3.130335995796984889e+02
3.324658081000363268e+02 3.135804770283705807e+02
3.315908844644107489e+02 3.141190853913989258e+02
3.307116305216829915e+02 3.146495306144526012e+02
3.298282026049564024e+02 3.151719206905685837e+02
3.289407726294187455e+02 3.156863571181177122e+02
3.280494944534980846e+02 3.161929606981996699e+02
3.271545256301735094e+02 3.166918529564738947e+02
3.262560198885469731e+02 3.171831552503299463e+02
3.253541251656113786e+02 3.176669894461071522e+02
3.244489824069024166e+02 3.181434787518128360e+02
3.235407475489500939e+02 3.186127506347363578e+02
3.226295608944135438e+02 3.190749428690281775e+02
3.217155621471843006e+02 3.195301910088748514e+02
3.207988795143882044e+02 3.199786314219741143e+02
3.198796487597095961e+02 3.204203975776457014e+02
3.189580091239737385e+02 3.208556317406579410e+02
3.180340728311144858e+02 3.212844831716441263e+02
3.171079727184718990e+02 3.217070931177792090e+02
3.161798296212691071e+02 3.221236085963765845e+02
3.152497378394517682e+02 3.225341642281090913e+02
3.143177908128424178e+02 3.229388337695986024e+02
3.133840279740124970e+02 3.233376799644901780e+02
3.124485310668318903e+02 3.237307577014240110e+02
3.115113404874234107e+02 3.241181268202126375e+02
3.105725237809330110e+02 3.244998405273003641e+02
3.096321305049891066e+02 3.248759532236463770e+02
3.086902062089645256e+02 3.252465135958825613e+02
3.077468114127786407e+02 3.256115724005574634e+02
3.068019836482870346e+02 3.259711781963562203e+02
3.058557719868942399e+02 3.263253757939584716e+02
3.049082223466669461e+02 3.266742103754191362e+02
3.039593708367884233e+02 3.270177223697518230e+02
3.030092568547531755e+02 3.273559496355397300e+02
3.020579221707861279e+02 3.276889336409149678e+02
3.011054003285663612e+02 3.280167116419232229e+02
3.001517216767178411e+02 3.283393125307018181e+02
2.991969206899503320e+02 3.286567689991999259e+02
2.982410271711009955e+02 3.289691123636072803e+02
2.972840692068703561e+02 3.292763710912708461e+02
2.963260722449199420e+02 3.295785680876069819e+02
2.953670611458042004e+02 3.298757263196657732e+02
2.944070591189524180e+02 3.301678684312155383e+02
2.934460875876622481e+02 3.304550135570586349e+02
2.924841665955392500e+02 3.307371793901216961e+02
2.915213142025739899e+02 3.310143760947083820e+02
2.905575459999708983e+02 3.312866212619318844e+02
2.895928781388244033e+02 3.315539249127356243e+02
2.886273240318126909e+02 3.318162997852878675e+02
2.876608902047426000e+02 3.320738048585466800e+02
2.866935891530495724e+02 3.323265268395366547e+02
2.857254410016868746e+02 3.325745532058610365e+02
2.847564675690110789e+02 3.328179647404483603e+02
2.837866871996716327e+02 3.330568410424601780e+02
2.828161179978529844e+02 3.332912549871415990e+02
2.818447710198826144e+02 3.335212868020285555e+02
2.808726605251522415e+02 3.337470111753170272e+02
2.798997983481611413e+02 3.339685000348167705e+02
2.789261961491890247e+02 3.341858183408258469e+02
2.779518570961802766e+02 3.343990388203115458e+02
2.769767886349135892e+02 3.346082298696990165e+02
2.760009973108490158e+02 3.348134551770576195e+02
2.750244871465939127e+02 3.350147743286768218e+02
2.740472534246030705e+02 3.352122560804627938e+02
2.730693005450139026e+02 3.354059581763601159e+02
2.720906289514666696e+02 3.355959337939167426e+02
2.711112272067963431e+02 3.357822493420155183e+02
2.701310978852243352e+02 3.359649550699377869e+02
2.691502312353226216e+02 3.361441050367507728e+02
2.681686153698072985e+02 3.363197496229247463e+02
2.671862359789188304e+02 3.364918561399251757e+02
2.662030539555940436e+02 3.366603646634833922e+02
2.652190550434641523e+02 3.368251880404948793e+02
2.642342008824940649e+02 3.369862612900072918e+02
2.632484800530623374e+02 3.371434923123780436e+02
2.622618594058328654e+02 3.372968077173370034e+02
2.612743256476982197e+02 3.374461157457814124e+02
2.602858561986320183e+02 3.375913285716825953e+02
2.592964323298842260e+02 3.377323578139107099e+02
2.583060411062309072e+02 3.378691039727838756e+02
2.573146649120983511e+02 3.380014695462305099e+02
2.563222904535302860e+02 3.381293539839671212e+02
2.553289070893608255e+02 3.382526511249599821e+02
2.543345046814868624e+02 3.383712519828905556e+02
2.533390749963324708e+02 3.384850428247210630e+02
2.523426106689407220e+02 3.385939073786651647e+02
2.513451070399380001e+02 3.386977248474613589e+02
2.503465612247475747e+02 3.387963704757513597e+02
2.493469721283737783e+02 3.388897163551458220e+02
2.483463404424983878e+02 3.389776287889796436e+02
2.473446691155193946e+02 3.390599705833240591e+02
2.463419634777152680e+02 3.391366008334943558e+02
2.453382309478475634e+02 3.392073745399624727e+02
2.443334805676086887e+02 3.392721408610933054e+02
2.433277235726965557e+02 3.393307430982995356e+02
2.423209784940223415e+02 3.393830275249853230e+02
2.413132557122892479e+02 3.394288206059954973e+02
2.403045844341757800e+02 3.394679624701687430e+02
2.392949768914189406e+02 3.395002700982946067e+02
2.382844691757181010e+02 3.395255720836285604e+02
2.372730858239861220e+02 3.395436838071864827e+02
2.362608588255203870e+02 3.395544153165362218e+02
2.352478226574323799e+02 3.395575701611728050e+02
2.342340224119785717e+02 3.395529529631914443e+02
2.332194986871567721e+02 3.395403594704311558e+02
2.322042956877084805e+02 3.395195771169151158e+02
2.311884708250373706e+02 3.394903933910133560e+02
2.301720801252491526e+02 3.394525890146803135e+02
2.291551814838138057e+02 3.394059358102601891e+02
2.281378362873398089e+02 3.393501966623312569e+02
2.271201285995869625e+02 3.392851410015900342e+02
2.261021235720267271e+02 3.392105208221623229e+02
2.250839024734375755e+02 3.391260815439266025e+02
2.240655645775966889e+02 3.390315694328903078e+02
2.230471971342249162e+02 3.389267175439617290e+02
2.220289028403559257e+02 3.388112564630652628e+02
2.210107920577341929e+02 3.386849095243362626e+02
2.199929707239607239e+02 3.385473828950242705e+02
2.189755824988503434e+02 3.383983894104530918e+02
2.179587421412786910e+02 3.382376504469075371e+02
2.169425825418943532e+02 3.380649290865396210e+02
2.159272141729532848e+02 3.378799634405182815e+02
2.149128054705867612e+02 3.376825051756537164e+02
2.138994898528827662e+02 3.374722760312371861e+02
2.128874196250870625e+02 3.372489848070202356e+02
2.118767677561368430e+02 3.370123320941157772e+02
2.108677280794063620e+02 3.367620135798506453e+02
2.098604548599664099e+02 3.364976776017094835e+02
2.088551905128472299e+02 3.362189952973060940e+02
2.078521396165129715e+02 3.359255983712647549e+02
2.068515399429541048e+02 3.356171074474020202e+02
2.058536430828266077e+02 3.352931221032683879e+02
2.048587201736393695e+02 3.349532211012213452e+02
2.038670874731542426e+02 3.345969810630364236e+02
2.028790501511704178e+02 3.342239388797851802e+02
2.018949537336647779e+02 3.338336158080600171e+02
2.009151847901866574e+02 3.334255216441561060e+02
1.999401612542897908e+02 3.329991495784300923e+02
1.989702836377250321e+02 3.325539277455924889e+02
1.980060987591577941e+02 3.320893438723849727e+02
1.970480962211125870e+02 3.316048016088368513e+02
1.960968610604369928e+02 3.310997170599486026e+02
1.951529955987290919e+02 3.305734609574733440e+02
1.942172280984518409e+02 3.300254533035658824e+02
1.932902519942607285e+02 3.294550253204126307e+02
1.923728912732255765e+02 3.288615492903703625e+02
1.914660393393551203e+02 3.282444049147092642e+02
1.905706537387249853e+02 3.276029747737450748e+02
1.896877282777455207e+02 3.269366026914562440e+02
1.888184196836441799e+02 3.262447357527145186e+02
1.879639195162362455e+02 3.255268088487628120e+02
1.871255221131535507e+02 3.247823145534499076e+02
1.863046384433248477e+02 3.240108495950235579e+02
1.855027096193673799e+02 3.232120160358657017e+02
1.847213050014636622e+02 3.223855584526584153e+02
1.839620762044849016e+02 3.215313528277097248e+02
1.832267254918980655e+02 3.206493918375545036e+02
1.825170279441146306e+02 3.197398647288443385e+02
1.818347390637610488e+02 3.188030318173240971e+02
1.811817154646634549e+02 3.178395141022875237e+02
1.805596918274119673e+02 3.168499244114933617e+02
1.799704693353200184e+02 3.158353213309283092e+02
1.794156885812476503e+02 3.147968261682416369e+02
