1.818135869605713140e+02 3.124649125683654916e+02
1.813690043260809830e+02 3.114907226850457960e+02
1.809528170043140562e+02 3.105025943498623633e+02
1.805652205204690688e+02 3.095016962212126259e+02
1.802062256012578416e+02 3.084889965742314075e+02
1.798757514885691364e+02 3.074655391882665185e+02
1.795736292092881570e+02 3.064323070032075975e+02
1.792996269841453625e+02 3.053902885197132946e+02
1.790534523063213328e+02 3.043404655718631489e+02
1.788347589273530218e+02 3.032837965293457501e+02
1.786431672562530650e+02 3.022211711723279564e+02
1.784782612183402364e+02 3.011535002133507533e+02
1.783396055525781776e+02 3.000815941475988780e+02
1.782267500658469146e+02 2.990062693635632058e+02
1.781392323064958703e+02 2.979283044861901999e+02
1.780765996435085299e+02 2.968483961156893542e+02
1.780383861681610824e+02 2.957672551270275676e+02
1.780241223702094260e+02 2.946855084074007323e+02
1.780333415637022370e+02 2.936037861170376004e+02
1.780655911082368732e+02 2.925226746639966109e+02
1.781204528676595373e+02 2.914426870045546707e+02
1.781974864344181810e+02 2.903643875290194956e+02
1.782962515479589172e+02 2.892882504531130508e+02
1.784163305885697923e+02 2.882147245894358889e+02
1.785573235371419401e+02 2.871442530200271790e+02
1.787188425074128588e+02 2.860772731754942129e+02
1.789005115051344887e+02 2.850141615434338291e+02
1.791019413597981043e+02 2.839552817787782715e+02
1.793227535955530811e+02 2.829009963390218445e+02
1.795625878642781856e+02 2.818516495542654070e+02
1.798211418662681922e+02 2.808075010023414961e+02
1.800980394428159457e+02 2.797689444045648202e+02
1.803929626967541253e+02 2.787362008740283272e+02
1.807055850506462207e+02 2.777095505978759888e+02
1.810355947653252429e+02 2.766892633976993920e+02
1.813826943071153721e+02 2.756755988563022584e+02
1.817466295569537067e+02 2.746687436111826059e+02
1.821270668587445414e+02 2.736690170460860827e+02
1.825237753667348670e+02 2.726765660952696066e+02
1.829364924209072285e+02 2.716916278296274072e+02
1.833649618128699785e+02 2.707144354962097736e+02
1.838089717316142071e+02 2.697451749628079369e+02
1.842683082642473664e+02 2.687840635631677628e+02
1.847427509308766673e+02 2.678313353549866065e+02
1.852321371358970623e+02 2.668871525262707110e+02
1.857362539852222483e+02 2.659517698354983395e+02
1.862549984899035849e+02 2.650253509674926704e+02
1.867882057618459157e+02 2.641081980128686837e+02
1.873357842626296019e+02 2.632005129590518209e+02
1.878976232903676191e+02 2.623025409891845356e+02
1.884735998324887021e+02 2.614145188121261185e+02
1.890634328636067494e+02 2.605365794384638889e+02
1.896667738013938731e+02 2.596687707770196312e+02
1.902832531887055154e+02 2.588111699920426645e+02
1.909125127700565372e+02 2.579638381060071310e+02
1.915542654865895429e+02 2.571267700550686186e+02
1.922081558312506786e+02 2.563000932837755386e+02
1.928739372227301487e+02 2.554838300118702534e+02
1.935513482315502642e+02 2.546780354384534917e+02
1.942400899685140985e+02 2.538828045875934833e+02
1.949399208810474988e+02 2.530981712740248213e+02
1.956505897894570296e+02 2.523241949352594986e+02
1.963718519499074375e+02 2.515609337832761980e+02
1.971034673076862020e+02 2.508084439469148492e+02
1.978452002298187722e+02 2.500667796960028397e+02
1.985968167539010381e+02 2.493359903463188232e+02
1.993580932482259414e+02 2.486160929931635621e+02
2.001287424947293800e+02 2.479071529096192705e+02
2.009085365791486311e+02 2.472091771593571821e+02
2.016972731002996966e+02 2.465221643515014875e+02
2.024946450912036084e+02 2.458461853947235340e+02
2.033004418232803516e+02 2.451811711314985303e+02
2.041143340138964959e+02 2.445271400618680389e+02
2.049361104560781541e+02 2.438840166287330931e+02
2.057654462106873439e+02 2.432518167130907329e+02
2.066020996336442579e+02 2.426304646943346484e+02
2.074457704731296417e+02 2.420198696840388379e+02
2.082961187886414507e+02 2.414199497075322256e+02
2.091528544562318075e+02 2.408305845957180509e+02
2.100156780512357670e+02 2.402516651558615024e+02
2.108842867250923518e+02 2.396830621795411673e+02
2.117583397801051888e+02 2.391246074088373632e+02
2.126374992913304993e+02 2.385761175200926800e+02
2.135214420163774207e+02 2.380374002294663285e+02
2.144098489599825825e+02 2.375082612018841530e+02
2.153023993326767140e+02 2.369884895260510973e+02
2.161987594559093679e+02 2.364778433095851540e+02
2.170986020056597567e+02 2.359760713236846925e+02
2.180016090261149202e+02 2.354829165136162317e+02
2.189074720139014687e+02 2.349981160977836225e+02
2.198158935463819432e+02 2.345214004282557312e+02
2.207265769144301828e+02 2.340524914367734084e+02
2.216392385152023792e+02 2.335911027544931358e+02
2.225536055081143729e+02 2.331369431924116498e+02
2.234694150471241869e+02 2.326897168377732044e+02
2.243864228497441218e+02 2.322491339368590388e+02
2.253044088969059260e+02 2.318149214890999303e+02
2.262231606605538730e+02 2.313867966821954383e+02
2.271424770065348753e+02 2.309644735607623716e+02
2.280621683781814113e+02 2.305476653471931741e+02
2.289820968278297642e+02 2.301361523074179729e+02
2.299021872801183690e+02 2.297297837421574513e+02
2.308223711125624220e+02 2.293284144625673662e+02
2.317425831789639119e+02 2.289319045097244043e+02
2.326627636882774937e+02 2.285401207874201646e+02
2.335828850155165810e+02 2.281529248329045458e+02
2.345029177075711289e+02 2.277702186903619292e+02
2.354228361344446796e+02 2.273919164732643878e+02
2.363426487969105096e+02 2.270178968378785953e+02
2.372623389003569230e+02 2.266480655291734365e+02
2.381818986468020682e+02 2.262823551129156101e+02
2.391013718754924753e+02 2.259206689712968910e+02
2.400207653578794122e+02 2.255629433983619094e+02
2.409400884760331678e+02 2.252091269625553309e+02
2.418594066144949295e+02 2.248591224857665907e+02
2.427787311617114767e+02 2.245128810110615234e+02
2.436980992411600937e+02 2.241703500754520064e+02
2.446175853189276665e+02 2.238314487390740624e+02
2.455372102410850914e+02 2.234961393192063781e+02
2.464570437297223862e+02 2.231643579363794174e+02
2.473771537662802587e+02 2.228360289466084510e+02
2.482975652031572622e+02 2.225111080701988158e+02
2.492183850240227514e+02 2.221895025837705475e+02
2.501396722378852076e+02 2.218711481379958173e+02
2.510616544961284831e+02 2.215558495324060004e+02
2.519846122310898693e+02 2.212432776816581850e+02
2.529085471630044992e+02 2.209332143066883987e+02
2.538335195254088035e+02 2.206254162403085104e+02
2.547595834663920868e+02 2.203196428751058136e+02
2.556867449411367090e+02 2.200156857895451594e+02
2.566151056756274329e+02 2.197132529617080934e+02
2.575446712541727265e+02 2.194120895009511116e+02
2.584755027074542681e+02 2.191119250172635589e+02
2.594076801212141845e+02 2.188124794981203820e+02
2.603412258497749576e+02 2.185135049677017776e+02
2.612762512773232970e+02 2.182146812211770452e+02
2.622127930855840532e+02 2.179157149014491210e+02
2.631509316230866489e+02 2.176163046827459766e+02
2.640907694018059715e+02 2.173161396381204327e+02
2.650323614486850374e+02 2.170149400197980754e+02
2.659758448875040813e+02 2.167123846196665227e+02
2.669212971000286529e+02 2.164081810977362750e+02
2.678688349145190841e+02 2.161020318404046350e+02
2.688185902733856665e+02 2.157936331093488036e+02
2.697706688446556313e+02 2.154827227575786424e+02
2.707252407721097711e+02 2.151690669728008061e+02
2.716824416494264938e+02 2.148524654519605974e+02
2.726424284515570662e+02 2.145327205443554988e+02
2.736053701347485685e+02 2.142096277853355559e+02
2.745714502471898300e+02 2.138832379376563040e+02
2.755409346129256960e+02 2.135542496328556865e+02
2.765140665998364966e+02 2.132234845632721090e+02
2.774910662637877294e+02 2.128917829476293946e+02
2.784721212271359718e+02 2.125599758776014312e+02
2.794574001651822641e+02 2.122289815185602606e+02
2.804470628724615153e+02 2.118999007160203973e+02
2.814412118316571423e+02 2.115738488598859135e+02
2.824399358164906744e+02 2.112519523186730339e+02
2.834432931811637104e+02 2.109353468477017941e+02
2.844512860229133935e+02 2.106251681220402077e+02
2.854638943508031730e+02 2.103225604636276387e+02
2.864810702826458737e+02 2.100286733305910616e+02
2.875027404592310063e+02 2.097446620330018163e+02
2.885287650189121678e+02 2.094716739965274996e+02
2.895589968879875755e+02 2.092107479129090848e+02
2.905932624534036108e+02 2.089627524574555650e+02
2.916313605489894485e+02 2.087285411128920884e+02
2.926730666766027298e+02 2.085089665091687721e+02
2.937181402890523714e+02 2.083048769773734819e+02
2.947663060270677420e+02 2.081169281456046747e+02
2.958173002275618728e+02 2.079455344550627274e+02
2.968708511840224560e+02 2.077910939282081415e+02
2.979266741946256047e+02 2.076540028896834826e+02
2.989844752905226528e+02 2.075346492652664097e+02
3.000439658624114827e+02 2.074332447921507310e+02
3.011048759345137000e+02 2.073498151062957220e+02
3.021669357518618995e+02 2.072843764418498154e+02
3.032298545474729963e+02 2.072369388634110123e+02
3.042933712894156315e+02 2.072075108687554916e+02
3.053572286739644142e+02 2.071960007231925260e+02
3.064212017083624460e+02 2.072022338207837038e+02
3.074850575829217405e+02 2.072260316718474087e+02
3.085485192085570247e+02 2.072672016379518709e+02
3.096114313623384078e+02 2.073255778942967140e+02
3.106735406646828324e+02 2.074009618823985193e+02
3.117346445000047197e+02 2.074931541054218371e+02
3.127945594385152503e+02 2.076019615129251292e+02
3.138530827205778451e+02 2.077271875254855047e+02
3.149099971519017913e+02 2.078686348752723632e+02
3.159651790109529088e+02 2.080261942442123768e+02
3.170183549857818548e+02 2.081997528876977128e+02
3.180693492141270440e+02 2.083892230477769090e+02
3.191179743844008385e+02 2.085945183464147590e+02
3.201640292853023197e+02 2.088155660562788967e+02
3.212072827695662340e+02 2.090524137794998580e+02
3.222474837708028872e+02 2.093051697161824904e+02
3.232843744208686871e+02 2.095739430280872568e+02
3.243176897216391126e+02 2.098588432773811405e+02
3.253471904940218451e+02 2.101599742348218172e+02
3.263726236401622600e+02 2.104773025961299879e+02
3.273937288722787002e+02 2.108107340369882081e+02
3.284103863436317852e+02 2.111602362656497007e+02
3.294222440325300454e+02 2.115256898830791101e+02
3.304291403257651609e+02 2.119070738660574875e+02
3.314308158107274380e+02 2.123044717392190250e+02
3.324268961655416206e+02 2.127179638531831358e+02
3.334171053475926669e+02 2.131476752051205210e+02
3.344011111503164670e+02 2.135937153713662724e+02
3.353785782444978736e+02 2.140562102191955489e+02
3.363491384315523760e+02 2.145353270570623465e+02
3.373123393623602624e+02 2.150312078597206380e+02
3.382678491017834403e+02 2.155440643247209493e+02
3.392151482841388201e+02 2.160740205982998532e+02
3.401538695550580087e+02 2.166212763723070225e+02
3.410834936097385253e+02 2.171859187795987509e+02
3.420035578448291744e+02 2.177680594022430398e+02
3.429135669947664269e+02 2.183678019113811217e+02
3.438130338127796222e+02 2.189852693552947471e+02
3.447013516110215505e+02 2.196204624804756804e+02
3.455780974977146798e+02 2.202733475817516080e+02
3.464427301699896020e+02 2.209437996274503178e+02
3.472947614463266177e+02 2.216317375390008237e+02
3.481336330550843741e+02 2.223370460180420594e+02
3.489588086454859308e+02 2.230595236578599554e+02
3.497698426913170806e+02 2.237987836855878072e+02
3.505663194596829726e+02 2.245544353597172460e+02
3.513477801808699041e+02 2.253260658679926394e+02
3.521137807331432441e+02 2.261132868708647266e+02
3.528638620170618765e+02 2.269155609374963944e+02
3.535977628125523324e+02 2.277322555469276324e+02
3.543151417502885465e+02 2.285626385819796837e+02
3.550157527909991018e+02 2.294060773495879459e+02
3.556992698619123416e+02 2.302618712891142820e+02
3.563654643131258695e+02 2.311293164591166658e+02
3.570141654009049716e+02 2.320076028906338195e+02
3.576452483416115911e+02 2.328959685118678067e+02
3.582585565816561939e+02 2.337936128776073303e+02
3.588540013126861936e+02 2.346998277591029591e+02
3.594314735592466263e+02 2.356138902826189110e+02
3.599908905452710997e+02 2.365351058945194040e+02
3.605322118779705534e+02 2.374628580725437814e+02
3.610553898584830108e+02 2.383965122499088807e+02
3.615604310634345211e+02 2.393355256643122573e+02
3.620473093886166680e+02 2.402794174145526540e+02
3.625159831168383562e+02 2.412278381949104471e+02
3.629664214913872229e+02 2.421804277268059877e+02
3.633986528134782361e+02 2.431369521565145533e+02
3.638127008695486211e+02 2.440972325927747590e+02
3.642080744233797418e+02 2.450614641749654936e+02
3.645837651618455766e+02 2.460301243911431186e+02
3.649387278214845196e+02 2.470036091521433832e+02
3.652719086418616143e+02 2.479822802297969702e+02
3.655822446008659767e+02 2.489664188612760540e+02
3.658686508352179203e+02 2.499562355856349143e+02
3.661300401472030899e+02 2.509518585503997485e+02
3.663653769039418080e+02 2.519532977313698439e+02
3.665740201857212810e+02 2.529601138350654139e+02
3.667558438373464469e+02 2.539717146804195238e+02
3.669108726499354134e+02 2.549877405585024519e+02
3.670391981908941830e+02 2.560077944133762458e+02
3.671409800578803697e+02 2.570314428508569904e+02
3.672164407026926938e+02 2.580582224954285380e+02
3.672658583496501592e+02 2.590876461785293827e+02
3.672895512200652206e+02 2.601192085567048480e+02
3.672878615263294932e+02 2.611524032576004970e+02
3.672611772909925776e+02 2.621866952676978144e+02
3.672098982429735656e+02 2.632215696527969158e+02
3.671344477918814846e+02 2.642564946550504601e+02
3.670352600454895082e+02 2.652909395819591509e+02
3.669127691045137567e+02 2.663243868419513660e+02
3.667674064743824260e+02 2.673563272477244368e+02
3.665995989320120430e+02 2.683862576016715025e+02
3.664097765785704723e+02 2.694136728250138049e+02
3.661983709452117637e+02 2.704380789463455699e+02
3.659657706884652271e+02 2.714590291771191346e+02
3.657123920185099450e+02 2.724760228397757373e+02
3.654386099684408009e+02 2.734886174321086969e+02
3.651447783853477063e+02 2.744963778318369236e+02
3.648312953524137470e+02 2.754988373593897109e+02
3.644984953498220648e+02 2.764956127414208709e+02
3.641467270812232186e+02 2.774862717344085468e+02
3.637763072121957748e+02 2.784704124709807047e+02
3.633875624837028226e+02 2.794476217039984363e+02
3.629807887955607271e+02 2.804175608223238783e+02
3.625563255506194196e+02 2.813798293881937980e+02
3.621144553829071242e+02 2.823340876269445516e+02
3.616554610345227161e+02 2.832799733623979819e+02
3.611795896597313345e+02 2.842171629586866288e+02
3.606871642304549823e+02 2.851452877492938569e+02
3.601784204859238230e+02 2.860640758065209752e+02
3.596536303889992610e+02 2.869731908911173264e+02
3.591130330940812883e+02 2.878723251916150616e+02
3.585568562451646244e+02 2.887611767887215137e+02
3.579853531011902987e+02 2.896394311613463515e+02
3.573987103838863391e+02 2.905068300258274121e+02
3.567971739246971197e+02 2.913630429333973098e+02
3.561809223875815178e+02 2.922078023842752259e+02
3.555502734301437613e+02 2.930409107049417230e+02
3.549057767595526229e+02 2.938623780694879315e+02
3.542479899543958481e+02 2.946722545031306595e+02
3.535774348835099090e+02 2.954706157090187162e+02
3.528946241772463281e+02 2.962575375341510266e+02
3.522000397339519395e+02 2.970330944723888820e+02
3.514941230194722834e+02 2.977973522758167064e+02
3.507772829608078951e+02 2.985503930924095357e+02
3.500499250853661692e+02 2.992922941179543841e+02
3.493124404428982075e+02 3.000231397525564034e+02
3.485651989726204079e+02 3.007430137266734391e+02
3.478085478031811135e+02 3.014519954885276434e+02
3.470428023810279683e+02 3.021501792049246546e+02
3.462682999524015486e+02 3.028376378446590707e+02
3.454853395978064441e+02 3.035144693928444894e+02
3.446942320784053777e+02 3.041807557742211543e+02
3.438952362435685473e+02 3.048366045461431781e+02
3.430886512823443582e+02 3.054820903356651911e+02
3.422747386300629842e+02 3.061173135003483594e+02
3.414537544049409803e+02 3.067423721354380177e+02
3.406259541930969590e+02 3.073573673418256931e+02
3.397915893338396813e+02 3.079624061843845197e+02
3.389508924990316245e+02 3.085576021237254167e+02
3.381041118232217855e+02 3.091430569488434799e+02
3.372514806373563374e+02 3.097188829308992695e+02
3.363932085170682740e+02 3.102852131706902696e+02
3.355295466624009464e+02 3.108421665861372958e+02
3.346607027972438573e+02 3.113898847617109595e+02
3.337869107354114817e+02 3.119284936545132041e+02
3.329083532416914863e+02 3.124581412201148396e+02
3.320252779514499935e+02 3.129789613935596435e+02
3.311378843079637591e+02 3.134911246137482408e+02
3.302463815403222043e+02 3.139947908320480110e+02
3.293509680448667041e+02 3.144901220154859516e+02
3.284518520246660955e+02 3.149772784094195686e+02
3.275492302515351639e+02 3.154564413935873404e+02
3.266433018890954258e+02 3.159277974289355484e+02
3.257342605386249375e+02 3.163915339615749645e+02
3.248222928805665788e+02 3.168478396289236230e+02
3.239075782353404520e+02 3.172969047030513252e+02
3.229903047524720705e+02 3.177389283506158222e+02
3.220706485218353237e+02 3.181741179362211938e+02
3.211487819179240546e+02 3.186026804544214315e+02
3.202248672354562586e+02 3.190248227301368047e+02
3.192990672152102434e+02 3.194407518192450652e+02
3.183715418685543455e+02 3.198506809270569988e+02
3.174424339336316052e+02 3.202548221830850821e+02
3.165118916609992539e+02 3.206533883433515939e+02
3.155800543008388104e+02 3.210465958617237447e+02
3.146470393269270289e+02 3.214346381384477809e+02
3.137129246513889029e+02 3.218176324933426713e+02
3.127777594795202276e+02 3.221956606036618496e+02
3.118416012699378825e+02 3.225688143982521296e+02
3.109044978015464267e+02 3.229371736513601832e+02
3.099664970086688527e+02 3.233008235467146392e+02
3.090276400982286304e+02 3.236598372755515243e+02
3.080879649703450127e+02 3.240142802071931669e+02
3.071475061246569567e+02 3.243642285315509071e+02
3.062062999818951425e+02 3.247097438029632031e+02
3.052643754627026738e+02 3.250508910391936297e+02
3.043217570258482851e+02 3.253877303704473434e+02
3.033784708381176642e+02 3.257203105874679068e+02
3.024345373155855441e+02 3.260486818743700042e+02
3.014899722100817030e+02 3.263729007600213095e+02
3.005447956956862754e+02 3.266930124801434658e+02
2.995990236162746214e+02 3.270090512979572850e+02
2.986526602807730342e+02 3.273210611125670653e+02
2.977057164952908010e+02 3.276290794028443543e+02
2.967582014168892783e+02 3.279331405496730554e+02
2.958101234096925509e+02 3.282332721804053222e+02
2.948614800234448126e+02 3.285295051293506390e+02
2.939122709433769387e+02 3.288218679821516730e+02
2.929624982978577350e+02 3.291103839519099665e+02
2.920121597527627841e+02 3.293950757021439699e+02
2.910612573844438771e+02 3.296759568481398901e+02
2.901097711973114315e+02 3.299530565521850463e+02
2.891577014121730258e+02 3.302263893806275519e+02
2.882050338178286211e+02 3.304959762469026145e+02
2.872516940886837915e+02 3.307619004785485686e+02
2.862976320109015660e+02 3.310242677710969588e+02
2.853428392957782194e+02 3.312831760669809569e+02
2.843873225940579914e+02 3.315387125129242918e+02
2.834310802432671608e+02 3.317909643272063818e+02
2.824741158221157207e+02 3.320400103743800173e+02
2.815164116324145311e+02 3.322859441835364578e+02
2.805579661672852581e+02 3.325288540241273836e+02
2.795987740478055912e+02 3.327688258309265734e+02
2.786388334754186076e+02 3.330059374485664421e+02
2.776781192124088875e+02 3.332402781274985273e+02
2.767166218193678446e+02 3.334719339143098864e+02
2.757543330711594649e+02 3.337009895877168901e+02
2.747912405852028996e+02 3.339275261793259801e+02
2.738273098468240505e+02 3.341516364668792107e+02
2.728625323603300785e+02 3.343733985519982639e+02
2.718968927126686026e+02 3.345928910880375042e+02
2.709303470264993621e+02 3.348102125579835615e+02
2.699628875921023905e+02 3.350254407686353488e+02
2.689944787229603662e+02 3.352386600154734424e+02
2.680250806549749427e+02 3.354499439009562707e+02
2.670546512188669794e+02 3.356591994270616510e+02
2.660830923406797979e+02 3.358662559669709253e+02
2.651103636294572539e+02 3.360709091913646489e+02
2.641363713265214983e+02 3.362729810635347008e+02
2.631610823355092066e+02 3.364722603976634900e+02
2.621844159153635019e+02 3.366685497842819927e+02
2.612063349615471566e+02 3.368616255394911718e+02
2.602267840740794895e+02 3.370512688466312738e+02
2.592457170860968745e+02 3.372372594667547787e+02
2.582631016582624852e+02 3.374193637686405509e+02
2.572788963799168869e+02 3.375973409376183554e+02
2.562930700010335272e+02 3.377709421264000866e+02
2.553055987047728195e+02 3.379399123782748120e+02
2.543164616149838650e+02 3.381039936880816867e+02
2.533256436460933969e+02 3.382629219231804427e+02
2.523331329844736217e+02 3.384164238080078917e+02
2.513389253008308231e+02 3.385642189228366306e+02
2.503430220509756623e+02 3.387060227701398958e+02
2.493454304341260865e+02 3.388415476483399971e+02
2.483461636680494280e+02 3.389705001032342011e+02
2.473452413423433143e+02 3.390925834161229773e+02
2.463426900428391662e+02 3.392074973407026732e+02
2.453385428583292196e+02 3.393149377562834843e+02
2.443328387414726990e+02 3.394145949962411350e+02
2.433256233263156787e+02 3.395061557873242464e+02
2.423169561782309245e+02 3.395893176204978658e+02
2.413068887242186804e+02 3.396637604265407617e+02
2.402955027563042165e+02 3.397291785932105768e+02
2.392828595996285515e+02 3.397852438717087011e+02
2.382690579775985782e+02 3.398316446869325205e+02
2.372541833935771081e+02 3.398680692779806805e+02
2.362383352351485541e+02 3.398942040770021435e+02
2.352216200481958595e+02 3.399097301759471179e+02
2.342041627559640915e+02 3.399143312696583052e+02
2.331860857966060223e+02 3.399076882268590225e+02
2.321675195162289640e+02 3.398894874143385323e+02
2.311486154848063279e+02 3.398594192143381747e+02
2.301295275291468840e+02 3.398171690208418454e+02
2.291104164305702682e+02 3.397624153936805556e+02
2.280914519533218368e+02 3.396948337348324571e+02
2.270728359626845076e+02 3.396141164093679095e+02
2.260547519998479231e+02 3.395199413277350686e+02
2.250374089416978620e+02 3.394119832429558414e+02
2.240210426154073389e+02 3.392899214836818942e+02
2.230058812939264783e+02 3.391534244490229639e+02
2.219921784603843662e+02 3.390021607796431340e+02
2.209802036335734670e+02 3.388357963027803521e+02
2.199702299844067284e+02 3.386539846080816005e+02
2.189625791130864059e+02 3.384563946496955964e+02
2.179575212031510887e+02 3.382428392662909005e+02
2.169553045505212765e+02 3.380133634081658442e+02
2.159561490101828838e+02 3.377680053596707808e+02
2.149603272245196877e+02 3.375068206068119139e+02
2.139680744394525789e+02 3.372298390554292951e+02
2.129796433447701247e+02 3.369370753418580193e+02
2.119953051335801320e+02 3.366285322444356893e+02
2.110153461612424621e+02 3.363042116002371245e+02
2.100400187626107993e+02 3.359640763871161653e+02
2.090696465054749069e+02 3.356081139882492153e+02
2.081045208077379698e+02 3.352362799921517649e+02
2.071449594909061318e+02 3.348485230149231029e+02
2.061912906528001201e+02 3.344447781418339218e+02
2.052438572583794496e+02 3.340249675032170558e+02
2.043030333883372691e+02 3.335890157984565576e+02
2.033691856601190295e+02 3.331368226205804035e+02
2.024427091448081342e+02 3.326682807188462334e+02
2.015240262594563490e+02 3.321832781979379092e+02
2.006135796296171634e+02 3.316816950647171325e+02
1.997118076384459755e+02 3.311633689292016243e+02
1.988192315229066480e+02 3.306281847253846422e+02
1.979363425389026645e+02 3.300759777912246591e+02
1.970636881067119930e+02 3.295065935979089886e+02
1.962018307981011276e+02 3.289198517758204616e+02
1.953513971530387607e+02 3.283156050898597869e+02
1.945130021838068046e+02 3.276936597330623044e+02
1.936873267951916660e+02 3.270538480267709929e+02
1.928750853471756841e+02 3.263960092961262376e+02
1.920770229256580706e+02 3.257199869282198961e+02
1.912939086716801285e+02 3.250256051708973928e+02
1.905265774889542740e+02 3.243127434945051846e+02
1.897758790384077372e+02 3.235812788963549451e+02
1.890427034279914267e+02 3.228311171967100677e+02
1.883279777949773575e+02 3.220622153468435727e+02
1.876326391615436080e+02 3.212745345715650842e+02
1.869576639558527518e+02 3.204680982524577075e+02
1.863040427002911770e+02 3.196429891178343041e+02
1.856727657081580105e+02 3.187993422959384588e+02
1.850648207621371455e+02 3.179373770566770077e+02
1.844811683569153899e+02 3.170573435933527549e+02
1.839227561275467622e+02 3.161596370812133614e+02
1.833904636541105901e+02 3.152446523379350651e+02
1.828851316391755404e+02 3.143129554464456987e+02
1.824074997587340761e+02 3.133651394145921358e+02
