1.829544067994354180e+02 3.119678178572552838e+02
1.825725369216035290e+02 3.110164812334794533e+02
1.822179456341015964e+02 3.100546769637959414e+02
1.818904730953920250e+02 3.090831933685728927e+02
1.815898655873454004e+02 3.081027480958513252e+02
1.813157954764067483e+02 3.071140830866642091e+02
1.810678870631363395e+02 3.061179114322080181e+02
1.808457252317374468e+02 3.051149388667238327e+02
1.806488580156525359e+02 3.041058587852172650e+02
1.804768032800313620e+02 3.030913452044910628e+02
1.803290689473529369e+02 3.020720346448333657e+02
1.802051448729767742e+02 3.010485588832975168e+02
1.801045322491972343e+02 3.000214997098241270e+02
1.800267299522163569e+02 2.989914297727962094e+02
1.799712362530488008e+02 2.979588969051221738e+02
1.799375677814621781e+02 2.969244061508181858e+02
1.799252460740711683e+02 2.958884588599775043e+02
1.799338168502678172e+02 2.948515143643832062e+02
1.799628367075401059e+02 2.938140265198138081e+02
1.800118787815117400e+02 2.927764244902112978e+02
1.800805490055447251e+02 2.917390995956165511e+02
1.801684534529862560e+02 2.907024622039706969e+02
1.802752217900054745e+02 2.896668799740567124e+02
1.804005077428283812e+02 2.886327062810391340e+02
1.805439828188001172e+02 2.876002897880915725e+02
1.807053313375243135e+02 2.865699749714949576e+02
1.808842587459447202e+02 2.855420761730606500e+02
1.810804788571166739e+02 2.845169023968207398e+02
1.812937175329851129e+02 2.834947623623014010e+02
1.815237158984630810e+02 2.824759558043185734e+02
1.817702595867270077e+02 2.814607383575197446e+02
1.820330898330673506e+02 2.804494383609060719e+02
1.823119917111839072e+02 2.794422909994971178e+02
1.826067494965987805e+02 2.784395653020627606e+02
1.829171593836617831e+02 2.774415257539204163e+02
1.832430286932362833e+02 2.764484322378668821e+02
1.835841929567733075e+02 2.754605014980899682e+02
1.839404294441171999e+02 2.744780263751876532e+02
1.843115866570734624e+02 2.735011983818528734e+02
1.846974950218196057e+02 2.725302644388343083e+02
1.850979888386194432e+02 2.715654698851173521e+02
1.855129224844359044e+02 2.706070262517059177e+02
1.859421407798454595e+02 2.696551603101000296e+02
1.863854840669030750e+02 2.687101093855300746e+02
1.868428354748178037e+02 2.677720658586178502e+02
1.873140420805485462e+02 2.668412811110704297e+02
1.877990100854238165e+02 2.659179374835348995e+02
1.882975882089681647e+02 2.650022995692564223e+02
1.888096784331377478e+02 2.640945651017082696e+02
1.893351714870232456e+02 2.631949602204874736e+02
1.898739455837898049e+02 2.623037012768594423e+02
1.904257168439343388e+02 2.614208970459112038e+02
1.909901277034384748e+02 2.605465745018786379e+02
1.915668079945425006e+02 2.596807767196496570e+02
1.921553980212726174e+02 2.588235318863301018e+02
1.927555950993230454e+02 2.579748191503304611e+02
1.933670422737679928e+02 2.571347046120918094e+02
1.939894647809051378e+02 2.563031755355285668e+02
1.946225811420148659e+02 2.554802403671612012e+02
1.952660832229356060e+02 2.546659332095593413e+02
1.959197101609074991e+02 2.538602418425197698e+02
1.965832008080108722e+02 2.530631737006290791e+02
1.972563030598635407e+02 2.522747344971591872e+02
1.979387710064414705e+02 2.514949265390238224e+02
1.986303647116172897e+02 2.507237489820408030e+02
1.993308507978910882e+02 2.499611978123776339e+02
2.000400214622740975e+02 2.492072547403639362e+02
2.007576227756748892e+02 2.484619412827310612e+02
2.014834505227631780e+02 2.477252327837692292e+02
2.022173253156730937e+02 2.469970974249148981e+02
2.029589861396719357e+02 2.462775655276669795e+02
2.037082791854290633e+02 2.455665748297618904e+02
2.044649555413876953e+02 2.448641412780139603e+02
2.052288701778881261e+02 2.441702027114728253e+02
2.059997774417188054e+02 2.434847756708165889e+02
2.067775150149592207e+02 2.428078067746812394e+02
2.075618987453330817e+02 2.421392593555037820e+02
2.083527115546747268e+02 2.414791139953300672e+02
2.091497818385890071e+02 2.408273181727937242e+02
2.099529279757079507e+02 2.401838318507093959e+02
2.107619739423029159e+02 2.395486090913118460e+02
2.115767320092914474e+02 2.389216001656454580e+02
2.123970182460229807e+02 2.383027497990164534e+02
2.132226604963409216e+02 2.376919969756761191e+02
2.140534869604297228e+02 2.370892826889634648e+02
2.148893272622103723e+02 2.364945434146339664e+02
2.157300093317413143e+02 2.359077071523289533e+02
2.165753646885323178e+02 2.353286994444865456e+02
2.174252292345235560e+02 2.347574443735620378e+02
2.182794432214432163e+02 2.341938645913851644e+02
2.191378542656936759e+02 2.336378777923982568e+02
2.200002996085537177e+02 2.330893997338459087e+02
2.208666267128577374e+02 2.325483397178328460e+02
2.217366890101186812e+02 2.320146057085751465e+02
2.226103433714873461e+02 2.314881052344990735e+02
2.234874503771167724e+02 2.309687430530674987e+02
2.243678822127047283e+02 2.304564203619350451e+02
2.252514962445371509e+02 2.299510412395976573e+02
2.261381676746136122e+02 2.294525014180185849e+02
2.270277771695897115e+02 2.289606975705530942e+02
2.279202287701231739e+02 2.284755466489106084e+02
2.288154304010811018e+02 2.279969912946804698e+02
2.297133013687682990e+02 2.275249703270461339e+02
2.306137703928658880e+02 2.270594233775761666e+02
2.315167730629976290e+02 2.266002945986460588e+02
2.324222278788827794e+02 2.261475270646321576e+02
2.333300790393286377e+02 2.257010619070880182e+02
2.342402785144443271e+02 2.252608487714875309e+02
2.351527567493762376e+02 2.248268320967469833e+02
2.360674682844982328e+02 2.243989537695940442e+02
2.369843773633581350e+02 2.239771671430251843e+02
2.379034297230095660e+02 2.235614194223601885e+02
2.388245933020416771e+02 2.231516580466719404e+02
2.397478436384531619e+02 2.227478402549930934e+02
2.406731393680110500e+02 2.223499120445609378e+02
2.416004633316416914e+02 2.219578264394847338e+02
2.425297993879256069e+02 2.215715431726893598e+02
2.434611245864944920e+02 2.211910121782042040e+02
2.443944350843672169e+02 2.208161929717255703e+02
2.453297222278771414e+02 2.204470430128170904e+02
2.462669807816276091e+02 2.200835161713045522e+02
2.472062212660025295e+02 2.197255800159291539e+02
2.481474435337447630e+02 2.193731899513907990e+02
2.490906594629105086e+02 2.190263042741808590e+02
2.500358453893089461e+02 2.186848259465275817e+02
2.509829425679180019e+02 2.183485701867646469e+02
2.519319289801752291e+02 2.180173559757362227e+02
2.528827795120638200e+02 2.176909976505214672e+02
2.538354733976596265e+02 2.173693063707096655e+02
2.547900066983654881e+02 2.170521094972584990e+02
2.557463612924673839e+02 2.167392204314243713e+02
2.567045414899420166e+02 2.164304668393371287e+02
2.576645490113061783e+02 2.161256773598339578e+02
2.586263842119628293e+02 2.158246747069057392e+02
2.595900695040697315e+02 2.155272991865528809e+02
2.605556092578540870e+02 2.152333874793289681e+02
2.615230333252664536e+02 2.149427898955892999e+02
2.624923672317519845e+02 2.146553597077550819e+02
2.634636313184405481e+02 2.143709449221631758e+02
2.644368753604962308e+02 2.140894136632803679e+02
2.654121208492882147e+02 2.138106442220546057e+02
2.663894247225752565e+02 2.135345303865468054e+02
2.673688325681991955e+02 2.132609696221192053e+02
2.683503819155528731e+02 2.129898554346823971e+02
2.693341484151891336e+02 2.127211083918647034e+02
2.703201674978844267e+02 2.124546863178226204e+02
2.713085182532444719e+02 2.121905646494539894e+02
2.722992672755244712e+02 2.119287253812470624e+02
2.732924583625941750e+02 2.116691462255984391e+02
2.742881965790149934e+02 2.114119478192116333e+02
2.752865740023935928e+02 2.111576172204889872e+02
2.762876934074463975e+02 2.109067081782559967e+02
2.772916678725906650e+02 2.106597883380656810e+02
2.782985230946124489e+02 2.104174196578215970e+02
2.793083242543913229e+02 2.101801690459170118e+02
2.803211282886341564e+02 2.099486138110811453e+02
2.813369012443824317e+02 2.097233232428514498e+02
2.823556605727493434e+02 2.095048724068603860e+02
2.833774033613352685e+02 2.092938447943522249e+02
2.844020644986642310e+02 2.090907957518738272e+02
2.854295883210014040e+02 2.088962352870394739e+02
2.864599126780344704e+02 2.087106722600051398e+02
2.874929702796877677e+02 2.085346213312861607e+02
2.885286318386036442e+02 2.083685906214713555e+02
2.895667917874652062e+02 2.082130390583629094e+02
2.906073321951145658e+02 2.080683482508159159e+02
2.916501196619065581e+02 2.079348936546212769e+02
2.926950110821422868e+02 2.078130512522438380e+02
2.937418617162003898e+02 2.077031975982159224e+02
2.947904967942451435e+02 2.076056400833346913e+02
2.958407569207452070e+02 2.075206033745614889e+02
2.968924785116986982e+02 2.074483078068115560e+02
2.979454890141230408e+02 2.073889738516861598e+02
2.989996107912083971e+02 2.073428199168577635e+02
3.000546660925185165e+02 2.073100045965792901e+02
3.011104852167156309e+02 2.072906242230777991e+02
3.021668950080056675e+02 2.072847730514678233e+02
3.032236984496946093e+02 2.072925404890638674e+02
3.042807251635250054e+02 2.073140188648100661e+02
3.053377978729668030e+02 2.073492615980758558e+02
3.063947591725946040e+02 2.073982934179117592e+02
3.074514373302811236e+02 2.074611375984886195e+02
3.085076119567367527e+02 2.075378040019181753e+02
3.095631739448051576e+02 2.076283292824986404e+02
3.106179129684811073e+02 2.077327219016169124e+02
3.116716609812552861e+02 2.078509919874099410e+02
3.127242618413971513e+02 2.079831559495452780e+02
3.137755347909350689e+02 2.081292266598110530e+02
3.148252799571322953e+02 2.082892132021482894e+02
3.158733856129235278e+02 2.084631784918819619e+02
3.169195977811251623e+02 2.086511635075779338e+02
3.179637498532282507e+02 2.088532325145155824e+02
3.190056597268589371e+02 2.090694508508098579e+02
3.200451290337762771e+02 2.092998904182497597e+02
3.210819394769886799e+02 2.095446859903143491e+02
3.221158578500947556e+02 2.098040041620419913e+02
3.231466426532127798e+02 2.100780123422640031e+02
3.241740437202438443e+02 2.103668783878829061e+02
3.251978344349885788e+02 2.106707596031099285e+02
3.262177844048899260e+02 2.109896487270969203e+02
3.272336608324261533e+02 2.113234666146298650e+02
3.282453614549236249e+02 2.116721934641729774e+02
3.292525680335422749e+02 2.120357279050282102e+02
3.302551427339682846e+02 2.124140520822046483e+02
3.312528750924822134e+02 2.128071951542597731e+02
3.322454565515558329e+02 2.132151670675912953e+02
3.332326730414783924e+02 2.136380217443507661e+02
3.342142614089607946e+02 2.140758009510792590e+02
3.351899612796127030e+02 2.145285581028406057e+02
3.361594961672334421e+02 2.149963616545186937e+02
3.371225192481807653e+02 2.154792521397235419e+02
3.380788011574264260e+02 2.159773398474177952e+02
3.390279434347315828e+02 2.164906567809232456e+02
3.399696947128387023e+02 2.170193122177192606e+02
3.409036657294566339e+02 2.175633187874049383e+02
3.418295258653359383e+02 2.181227185144973930e+02
3.427469202265604054e+02 2.186975520540379989e+02
3.436555082331721565e+02 2.192878854163564881e+02
3.445548344057435770e+02 2.198936926314208904e+02
3.454445965183784892e+02 2.205149724323237024e+02
3.463243793685127798e+02 2.211516521187426463e+02
3.471938225980189259e+02 2.218037086009946108e+02
3.480525032269140979e+02 2.224710942336585049e+02
3.489000000054198267e+02 2.231537254597554067e+02
3.497359241616190957e+02 2.238514374893630077e+02
3.505599053159221512e+02 2.245640807252583215e+02
3.513715276629710615e+02 2.252914896339164557e+02
3.521703868648359048e+02 2.260335300597083119e+02
3.529560230581236056e+02 2.267899738215279797e+02
3.537280980971872282e+02 2.275605973567935791e+02
3.544861676051160089e+02 2.283450854103870995e+02
3.552298717069195391e+02 2.291432250974539784e+02
3.559587479234606349e+02 2.299547304486359849e+02
3.566723926145571113e+02 2.307793396988564325e+02
3.573703961717861830e+02 2.316167194383176309e+02
3.580523690692701280e+02 2.324665818347532422e+02
3.587178512863964102e+02 2.333285788750060021e+02
3.593664304898214823e+02 2.342024489459329857e+02
3.599976442124524851e+02 2.350878779086333168e+02
3.606110357281406777e+02 2.359845417307010962e+02
3.612061661573528681e+02 2.368921788405718871e+02
3.617825362455573668e+02 2.378104610534703340e+02
3.623396756283516424e+02 2.387391281542466572e+02
3.628770737472420365e+02 2.396778972643328416e+02
3.633942256158049418e+02 2.406265560210148351e+02
3.638905798919888070e+02 2.415847948166859567e+02
3.643656352592740291e+02 2.425524090095859719e+02
3.648188521724360385e+02 2.435291564216001632e+02
3.652493934459446905e+02 2.445149707821480263e+02
3.656561297327494344e+02 2.455099227766572199e+02
3.660378975456022204e+02 2.465139410078950277e+02
3.663935556461242413e+02 2.475269255988771988e+02
3.667219685536323368e+02 2.485486619646501083e+02
3.670220043111399377e+02 2.495788407009628713e+02
3.672925612703573961e+02 2.506170532067157524e+02
3.675326212307895730e+02 2.516627368399022657e+02
3.677415129317099627e+02 2.527144262468921454e+02
3.679191986516374868e+02 2.537705105462857773e+02
3.680659705104141040e+02 2.548301307896087735e+02
3.681822284909965788e+02 2.558924569884071616e+02
3.682684767377600110e+02 2.569566870737332351e+02
3.683253101422417899e+02 2.580220559535567304e+02
3.683533986524060424e+02 2.590878419325497362e+02
3.683534614698485825e+02 2.601533706969506170e+02
3.683262441722570202e+02 2.612180434870789441e+02
3.682725369554496524e+02 2.622812674792253347e+02
3.681931329398674393e+02 2.633425485442118656e+02
3.680888385811297780e+02 2.644014054410462222e+02
3.679604551047547147e+02 2.654573996243694296e+02
3.678087654816605436e+02 2.665101489636507495e+02
3.676345320665259919e+02 2.675593112007867376e+02
3.674384944145528493e+02 2.686045742128409870e+02
3.672213770072372085e+02 2.696456383460153461e+02
3.669838776321953446e+02 2.706822303449666265e+02
3.667266243855294192e+02 2.717141558347306614e+02
3.664502667020087188e+02 2.727411449775772212e+02
3.661553901450640183e+02 2.737630176869191700e+02
3.658425402397887183e+02 2.747796037956250643e+02
3.655122807617975127e+02 2.757906777731097918e+02
3.651650835589985036e+02 2.767961236181763525e+02
3.648014326273521419e+02 2.777957564421607231e+02
3.644217669850401080e+02 2.787894294546894116e+02
3.640265240712760146e+02 2.797769734747461712e+02
3.636160715681906481e+02 2.807582959383954062e+02
3.631908199163129325e+02 2.817332154188184177e+02
3.627511091842247311e+02 2.827016231224103535e+02
3.622972783615422259e+02 2.836633773604517614e+02
3.618296170763151736e+02 2.846183774822594046e+02
3.613484854567420825e+02 2.855664483847874635e+02
3.608541361954066815e+02 2.865075302183007580e+02
3.603468658937968598e+02 2.874414781428782817e+02
3.598269315255832339e+02 2.883681789505754978e+02
3.592945791766537695e+02 2.892875254566988019e+02
3.587500917509829037e+02 2.901993947157013736e+02
3.581936725292255801e+02 2.911037350819854623e+02
3.576255967830150553e+02 2.920003998021234111e+02
3.570460557740621539e+02 2.928893209500773196e+02
3.564552776166331682e+02 2.937704055284864353e+02
3.558535159958329359e+02 2.946435912141460562e+02
3.552410169179665331e+02 2.955088208324315247e+02
3.546179959992001045e+02 2.963660534269553750e+02
3.539846722950064759e+02 2.972152313029442894e+02
3.533412651536027624e+02 2.980563019655651260e+02
3.526879961805825019e+02 2.988892259950375774e+02
3.520250590595294966e+02 2.997139804562366407e+02
3.513526545293421464e+02 3.005305249382507782e+02
3.506709751192290128e+02 3.013388194891300600e+02
3.499802117049148933e+02 3.021388304171731534e+02
3.492805558627671871e+02 3.029305325731191942e+02
3.485721642105862088e+02 3.037139209403931090e+02
3.478552355851017523e+02 3.044889487985585674e+02
3.471299205533073291e+02 3.052556046744121545e+02
3.463964036184326574e+02 3.060138500719982630e+02
3.456548031781136388e+02 3.067636969178752224e+02
3.449053123944963204e+02 3.075050928903688146e+02
3.441480708166789100e+02 3.082380263183943612e+02
3.433832176446392737e+02 3.089624783240979582e+02
3.426108930668056587e+02 3.096784229456528124e+02
3.418312322592041141e+02 3.103858328425588979e+02
3.410443454921509669e+02 3.110846921181844209e+02
3.402503817175526137e+02 3.117749540074772767e+02
3.394494696445030968e+02 3.124565856325110644e+02
3.386416797100615099e+02 3.131295759818463011e+02
3.378271621606746180e+02 3.137938487456912071e+02
3.370059861273510933e+02 3.144493800170073428e+02
3.361782896367503213e+02 3.150960974274732962e+02
3.353441039528257761e+02 3.157339897287858435e+02
3.345035916892845762e+02 3.163629396889341479e+02
3.336567898219561243e+02 3.169828979451341979e+02
3.328037749086986992e+02 3.175937824357190493e+02
3.319446101975890429e+02 3.181955154032407904e+02
3.310793972519889508e+02 3.187879919664370618e+02
3.302081791771371400e+02 3.193711072961243076e+02
3.293310025138238188e+02 3.199447323904485643e+02
3.284479164186927846e+02 3.205087342864712809e+02
3.275589681864198042e+02 3.210629787611625261e+02
3.266641953785697297e+02 3.216073268579016258e+02
3.257636489956744867e+02 3.221415838431640282e+02
3.248573388692136632e+02 3.226655557144745217e+02
3.239452882750375124e+02 3.231790383228042742e+02
3.230275051120479475e+02 3.236818317609184419e+02
3.221040260501171701e+02 3.241737063045179639e+02
3.211748688204788778e+02 3.246543688995619732e+02
3.202399747098111220e+02 3.251235328330953962e+02
3.192993682798239092e+02 3.255808682305912498e+02
3.183530556957730937e+02 3.260260568595713835e+02
3.174010215393460044e+02 3.264588338683043958e+02
3.164434687004980447e+02 3.268790653653308595e+02
3.154804791259804233e+02 3.272867352532418295e+02
3.145122971004327042e+02 3.276817568685896731e+02
3.135390163298438893e+02 3.280641086491798433e+02
3.125608536027953619e+02 3.284337281516230860e+02
3.115779813961424338e+02 3.287906229601400696e+02
3.105905696769216888e+02 3.291348081291994845e+02
3.095988614541921606e+02 3.294662743530312810e+02
3.086029980724704274e+02 3.297850506690109569e+02
3.076032022380150579e+02 3.300911625782361511e+02
3.065997259970216646e+02 3.303847206942226649e+02
3.055927814555496980e+02 3.306658652290010991e+02
3.045826084319625124e+02 3.309347244181929568e+02
3.035694650540841053e+02 3.311914255379718952e+02
3.025535801133220843e+02 3.314361524648419959e+02
3.015352206789144134e+02 3.316691868687570377e+02
3.005146975562843750e+02 3.318908182217868443e+02
2.994922808678228421e+02 3.321013517745734589e+02
2.984682327332602654e+02 3.323010945012182447e+02
2.974428192971138856e+02 3.324903979748359575e+02
2.964163544177047243e+02 3.326697009659014839e+02
2.953891340097404168e+02 3.328394626795574140e+02
2.943614323136383746e+02 3.330001477099708609e+02
2.933335174632281337e+02 3.331522226238321309e+02
2.923056428201510357e+02 3.332961823326123181e+02
2.912780966202325885e+02 3.334325680035975665e+02
2.902511200539385072e+02 3.335619356300389313e+02
2.892249560355688800e+02 3.336848432080853968e+02
2.881998939436580827e+02 3.338018793396275896e+02
2.871761679594523002e+02 3.339136749421456329e+02
2.861539486382612267e+02 3.340208744249300707e+02
2.851333767916091801e+02 3.341241235541888273e+02
2.841145817697974962e+02 3.342240682125282660e+02
2.830976736010280774e+02 3.343213505732476278e+02
2.820827443284887863e+02 3.344165819615535042e+02
2.810698536671073384e+02 3.345103303452770547e+02
2.800590482365869320e+02 3.346031597047874584e+02
2.790503616441991994e+02 3.346956287943484654e+02
2.780438139355732687e+02 3.347883016050450351e+02
2.770394014253430441e+02 3.348816954166840674e+02
2.760371000462533857e+02 3.349762799581000650e+02
2.750368750733553043e+02 3.350725190189536420e+02
2.740386743147458333e+02 3.351708855968435614e+02
2.730424437142029319e+02 3.352718404484508596e+02
2.720481132902041850e+02 3.353758148106045383e+02
2.710555853208231838e+02 3.354832339396092493e+02
2.700647726183541408e+02 3.355945048697404900e+02
2.690755641158625622e+02 3.357100383848371052e+02
2.680878318431218190e+02 3.358302096964064845e+02
2.671013856874411090e+02 3.359549310069577359e+02
2.661159610044261967e+02 3.360838363300096034e+02
2.651313462891479844e+02 3.362165212118524096e+02
2.641472918809275257e+02 3.363526033764696308e+02
2.631636094184196395e+02 3.364916688988017199e+02
2.621800763306565045e+02 3.366333450369002094e+02
2.611965196879581299e+02 3.367772473458055629e+02
2.602127533081037427e+02 3.369229942725828550e+02
2.592286044912465854e+02 3.370702008706952597e+02
2.582439209093726618e+02 3.372184679879668465e+02
2.572585445773340211e+02 3.373673973207307313e+02
2.562723328860653851e+02 3.375165850832589740e+02
2.552851556995795761e+02 3.376656196747857734e+02
2.542968893760730680e+02 3.378140849191916573e+02
2.533074204188831686e+02 3.379615553751519883e+02
2.523166409132978742e+02 3.381075855374394905e+02
2.513244555265074496e+02 3.382517177695753503e+02
2.503307792246544921e+02 3.383934890152015100e+02
2.493355368285672284e+02 3.385324317609749869e+02
2.483386640651499704e+02 3.386680677517055074e+02
2.473401058351794291e+02 3.387998962692194027e+02
2.463398196022351954e+02 3.389274065322110232e+02
2.453377748354069183e+02 3.390500828681411463e+02
2.443339524627349988e+02 3.391674031317836011e+02
2.433283450450477972e+02 3.392788376945920277e+02
2.423209623575259286e+02 3.393838551077908505e+02
2.413118171552297895e+02 3.394819029007387599e+02
2.403009519919049239e+02 3.395724423361781419e+02
2.392884014176793528e+02 3.396549117126064630e+02
2.382742380363592645e+02 3.397287666330750540e+02
2.372585306310845965e+02 3.397934661367438025e+02
2.362413669466571946e+02 3.398484679630610117e+02
2.352228481657528789e+02 3.398932244190919505e+02
2.342031002386214595e+02 3.399271904505440602e+02
2.331822529598068172e+02 3.399498249935928698e+02
2.321604485978976697e+02 3.399606097035209018e+02
2.311378570129631953e+02 3.399590333164036906e+02
2.301146565270049393e+02 3.399445800497601340e+02
2.290910385785434755e+02 3.399167279236021955e+02
2.280672087285216776e+02 3.398749616637982172e+02
2.270434107144376981e+02 3.398188033051509933e+02
2.260198729550019152e+02 3.397477634411622489e+02
2.249968566213343308e+02 3.396613507755496926e+02
2.239746583169939527e+02 3.395590802994738056e+02
2.229535705164651063e+02 3.394404624076839241e+02
2.219339175092693779e+02 3.393050186376761985e+02
2.209160465918961052e+02 3.391522705769153276e+02
2.199003140504028693e+02 3.389817293728074787e+02
2.188871366777085541e+02 3.387929267339210355e+02
2.178768637667519101e+02 3.385856222951209702e+02
2.168698019580515961e+02 3.383599281144722681e+02
2.158662227035261765e+02 3.381159588190627119e+02
2.148664577265311664e+02 3.378538495128744330e+02
2.138707947576102413e+02 3.375737092025418633e+02
2.128795433508073245e+02 3.372756231220492964e+02
2.118930373007923720e+02 3.369596546270768158e+02
2.109116281666923385e+02 3.366258680168224373e+02
2.099356281038910197e+02 3.362742889714092485e+02
2.089654311765055752e+02 3.359049730118863408e+02
2.080013956292403634e+02 3.355179415555300579e+02
2.070439110146728581e+02 3.351132098304426563e+02
2.060933788464642475e+02 3.346907828433181180e+02
2.051502177114461176e+02 3.342506566144461999e+02
2.042148813678684576e+02 3.337928350602973637e+02
2.032878144531125884e+02 3.333173032439034955e+02
2.023694924863056315e+02 3.328240472152280063e+02
2.014604210297395923e+02 3.323130544759165446e+02
2.005611275777796436e+02 3.317843106080088660e+02
1.996721353212965653e+02 3.312377652944239799e+02
1.987940520481360522e+02 3.306734309896085051e+02
1.979274512889060702e+02 3.300912811530184285e+02
1.970729642235728249e+02 3.294913085482565975e+02
1.962312371275988312e+02 3.288734893191778497e+02
1.954029781566845827e+02 3.282378427081511063e+02
1.945888791994985070e+02 3.275843592680508891e+02
1.937896913113520441e+02 3.269130693715090956e+02
1.930061935425830484e+02 3.262240207218665660e+02
1.922391894008901545e+02 3.255172759962236455e+02
1.914895015521247501e+02 3.247928931349516688e+02
1.907579998497631664e+02 3.240509958924573084e+02
1.900455582249090014e+02 3.232917200356523608e+02
1.893530753236200894e+02 3.225152384544805386e+02
1.886814656812602209e+02 3.217217788298722780e+02
1.880316397889909865e+02 3.209115853262422888e+02
1.874045175946491497e+02 3.200849647371401261e+02
1.868010049373698109e+02 3.192422808005470074e+02
1.862219812744609726e+02 3.183839460158883981e+02
1.856682895530256872e+02 3.175104408284170745e+02
1.851407245321501591e+02 3.166222745548058697e+02
1.846400194888216220e+02 3.157200543143541154e+02
1.841668301211820449e+02 3.148043909941268339e+02
1.837217211478365186e+02 3.138759939069847746e+02
1.833051461425442881e+02 3.129355840847526906e+02
