1.831833959565894929e+02 3.118680393514430307e+02
1.828213318795673956e+02 3.109184457648547664e+02
1.824898239149714811e+02 3.099584187604574481e+02
1.821886073903944521e+02 3.089890452376511121e+02
1.819173105514362874e+02 3.080113405618070601e+02
1.816754631002804956e+02 3.070263028646523367e+02
1.814625313167281035e+02 3.060348772991565056e+02
1.812779270128312135e+02 3.050379666493172977e+02
1.811210140833876210e+02 3.040364275319637954e+02
1.809911188799132447e+02 3.030310662489139872e+02
1.808875540268990108e+02 3.020226305035001246e+02
1.808096081548044083e+02 3.010118261360780139e+02
1.807565756868914661e+02 2.999992981170508983e+02
1.807277481256666647e+02 2.989856503622078208e+02
1.807224191614652398e+02 2.979714408203643643e+02
1.807399042113602263e+02 2.969571770612802197e+02
1.807795271633281402e+02 2.959433341883906792e+02
1.808406386513244684e+02 2.949303425866297630e+02
1.809226054917472482e+02 2.939186042257531994e+02
1.810248162013262743e+02 2.929084875442878797e+02
1.811466954943345797e+02 2.919003259952229428e+02
1.812876787150725022e+02 2.908944399048212972e+02
1.814472315559013680e+02 2.898911165425377021e+02
1.816248486563000029e+02 2.888906228108276082e+02
1.818200480199691924e+02 2.878932099961782569e+02
1.820323665367201045e+02 2.868991148166776384e+02
1.822613705776919630e+02 2.859085530445368022e+02
1.825066495177595698e+02 2.849217301288954332e+02
1.827678109689420296e+02 2.839388428352049232e+02
1.830444815280889088e+02 2.829600769177246775e+02
1.833363273917821061e+02 2.819855983904803338e+02
1.836430023111425669e+02 2.810155919438244609e+02
1.839642016623000700e+02 2.800502073587143741e+02
1.842996314684637014e+02 2.790896030905061025e+02
1.846490123401899552e+02 2.781339323675492778e+02
1.850120789386949127e+02 2.771833437105330518e+02
1.853885975636574983e+02 2.762379721305659928e+02
1.857783145636909126e+02 2.752979761301598955e+02
1.861810213603166346e+02 2.743634796652771684e+02
1.865965086008234266e+02 2.734346255726046593e+02
1.870245738353453078e+02 2.725115544302548756e+02
1.874650355820002972e+02 2.715943970348253629e+02
1.879177174163112340e+02 2.706832908818889223e+02
1.883824445604650180e+02 2.697783760341278594e+02
1.888590695513745743e+02 2.688797794337577329e+02
1.893474315911218184e+02 2.679876472819413493e+02
1.898474050346400475e+02 2.671021058644616915e+02
1.903588406843467737e+02 2.662233082339972725e+02
1.908816176542423477e+02 2.653513864781330085e+02
1.914156147109418384e+02 2.644864839043389679e+02
1.919607063587637299e+02 2.636287391023222995e+02
1.925166789799805827e+02 2.627782312435626295e+02
1.930832797982445186e+02 2.619349987946384886e+02
1.936602535027902547e+02 2.610990833549192303e+02
1.942473514075699370e+02 2.602705192998226948e+02
1.948443551201960986e+02 2.594493279172375537e+02
1.954510189391895665e+02 2.586355510014321908e+02
1.960671329055808769e+02 2.578292051393025304e+02
1.966924896075773859e+02 2.570303148251311995e+02
1.973268715668205573e+02 2.562389087909825207e+02
1.979700831774495384e+02 2.554550020245930000e+02
1.986219298134799942e+02 2.546786140218478636e+02
1.992822221139623480e+02 2.539097626528212857e+02
1.999507757128794765e+02 2.531484642981278057e+02
2.006274110379789022e+02 2.523947340171881137e+02
2.013119532784017167e+02 2.516485855731824017e+02
2.020042401751266823e+02 2.509100306957397777e+02
2.027040924170532605e+02 2.501790864347912304e+02
2.034113504411131714e+02 2.494557589037534058e+02
2.041258690361638912e+02 2.487400580510238512e+02
2.048474734836083258e+02 2.480319999550700345e+02
2.055760293332356810e+02 2.473315867712968554e+02
2.063113713860110749e+02 2.466388308973351968e+02
2.070533718434067225e+02 2.459537369400843829e+02
2.078018714278586003e+02 2.452763163668104482e+02
2.085567378617492409e+02 2.446065719609754581e+02
2.093178370983948184e+02 2.439445122806266966e+02
2.100850254838810827e+02 2.432901426311012187e+02
2.108581731705260722e+02 2.426434662455714886e+02
2.116371502891772707e+02 2.420044888805624907e+02
2.124218303869878071e+02 2.413732166255007883e+02
2.132120859503709482e+02 2.407496535233514976e+02
2.140077912128160165e+02 2.401338019492609135e+02
2.148088244692903857e+02 2.395256652602294878e+02
2.156150658579455808e+02 2.389252472562025673e+02
2.164263972807647463e+02 2.383325513869077952e+02
2.172427018726853305e+02 2.377475801847566856e+02
2.180638647247051836e+02 2.371703361818927362e+02
2.188897729403601033e+02 2.366008220769034551e+02
2.197203155729693265e+02 2.360390407571256617e+02
2.205553841358377269e+02 2.354849975138472473e+02
2.213948710952531371e+02 2.349386936841210058e+02
2.222386701428565630e+02 2.344001314833139986e+02
2.230866768956935005e+02 2.338693142502966396e+02
2.239387889234735098e+02 2.333462454047021879e+02
2.247949055144216572e+02 2.328309287036235844e+02
2.256549272497096297e+02 2.323233742490785971e+02
2.265187595339705240e+02 2.318235809096899231e+02
2.273863050296952792e+02 2.313315528728041670e+02
2.282574675153374528e+02 2.308472941867443069e+02
2.291321154210435509e+02 2.303707593501330280e+02
2.300100826544230586e+02 2.299018188065948038e+02
2.308912014407317201e+02 2.294403385794928170e+02
2.317753076889480894e+02 2.289861881148171676e+02
2.326622436984812907e+02 2.285392405971268772e+02
2.335518756074004614e+02 2.280993463937008130e+02
2.344440589751636992e+02 2.276663783679770461e+02
2.353386562012694014e+02 2.272402171956194366e+02
2.362355620749523837e+02 2.268207075708253058e+02
2.371346503995526973e+02 2.264077167375049555e+02
2.380358031073334928e+02 2.260011261404591778e+02
2.389389444789431138e+02 2.256007814364523654e+02
2.398439707968451273e+02 2.252065547557750165e+02
2.407507854068973643e+02 2.248183270923621819e+02
2.416593390474142495e+02 2.244359365386257537e+02
2.425695429417044977e+02 2.240592597679039386e+02
2.434813332848484890e+02 2.236881683290562250e+02
2.443946783419486906e+02 2.233225064851940829e+02
2.453095093996113008e+02 2.229621532285578951e+02
2.462257999614921289e+02 2.226069640240267233e+02
2.471435273116828171e+02 2.222567860630053644e+02
2.480626421451925125e+02 2.219114943771391495e+02
2.489831610022850157e+02 2.215709212794948542e+02
2.499050684189334959e+02 2.212349201999819854e+02
2.508284751387244569e+02 2.209032296342238624e+02
2.517535273500870687e+02 2.205754695592906387e+02
2.526801673554946603e+02 2.202513478658859469e+02
2.536083857292735217e+02 2.199305503597357472e+02
2.545381730132915834e+02 2.196127624240213265e+02
2.554694912179553512e+02 2.192976970245722157e+02
2.564023769825775503e+02 2.189850041631905810e+02
2.573368035045419333e+02 2.186743663309055989e+02
2.582727887946330156e+02 2.183654533627581600e+02
2.592103680252556615e+02 2.180579254057608125e+02
2.601495422848734052e+02 2.177514711075967568e+02
2.610903791409890005e+02 2.174457287845073381e+02
2.620329003167294104e+02 2.171403613049229193e+02
2.629771619347702085e+02 2.168350257490588433e+02
2.639232378497313789e+02 2.165293702566816876e+02
2.648711781964391889e+02 2.162230729014432882e+02
2.658210901882513326e+02 2.159157927908644865e+02
2.667730497993676408e+02 2.156072164696873017e+02
2.677271611161414739e+02 2.152970274662170596e+02
2.686835389633783393e+02 2.149849037443164548e+02
2.696422939440732875e+02 2.146705683984377515e+02
2.706035769272108382e+02 2.143538021601927710e+02
2.715675289887271333e+02 2.140344206148175203e+02
2.725343038642260467e+02 2.137122433980821086e+02
2.735040572712734388e+02 2.133870845500629798e+02
2.744769821433183665e+02 2.130590364609023482e+02
2.754533396722742964e+02 2.127289140060647696e+02
2.764333755858718291e+02 2.123976666576158436e+02
2.774173171724322629e+02 2.120662618720712942e+02
2.784053320095118806e+02 2.117356602495788138e+02
2.793975829485101485e+02 2.114068885395781194e+02
2.803942189055198924e+02 2.110811125994884776e+02
2.813953089921491824e+02 2.107595079322450999e+02
2.824009262713232715e+02 2.104432594012117761e+02
2.834111095310937571e+02 2.101335609601139254e+02
2.844258281305948799e+02 2.098315745230606808e+02
2.854450339243832673e+02 2.095384096540079781e+02
2.864686534540054481e+02 2.092551739793208299e+02
2.874965904478252128e+02 2.089829806243752728e+02
2.885286746201152823e+02 2.087229341035482264e+02
2.895647373068511570e+02 2.084760024879761886e+02
2.906045856966157430e+02 2.082429413500601356e+02
2.916480019765847942e+02 2.080244872073904503e+02
2.926947485905747612e+02 2.078213755555092064e+02
2.937445765532767723e+02 2.076343374290356394e+02
2.947972026603277413e+02 2.074639071134764094e+02
2.958523618937660444e+02 2.073103728153608643e+02
2.969097849661047803e+02 2.071740061237836414e+02
2.979691928589019199e+02 2.070550770965548963e+02
2.990303009855186360e+02 2.069538483129901465e+02
3.000928323456089970e+02 2.068704237232666969e+02
3.011565305157380976e+02 2.068047399656883272e+02
3.022211415316971852e+02 2.067567255116487104e+02
3.032863911170161373e+02 2.067263028584924882e+02
3.043520396868404987e+02 2.067133948449628917e+02
3.054178501774940742e+02 2.067178472662730542e+02
3.064836181376041395e+02 2.067394438645267201e+02
3.075491312503821746e+02 2.067779654683415060e+02
3.086141309261431616e+02 2.068331786935426067e+02
3.096784890595289426e+02 2.069048796482699117e+02
3.107419711198006098e+02 2.069928470285551612e+02
3.118043947973325203e+02 2.070968710910813115e+02
3.128655979677967025e+02 2.072167493114002639e+02
3.139253981438502592e+02 2.073522757734274364e+02
3.149835978114581962e+02 2.075032445629819904e+02
3.160400972624704536e+02 2.076695444580738297e+02
3.170946394999667177e+02 2.078510629875011375e+02
3.181470698955087641e+02 2.080477140498479969e+02
3.191972218972161954e+02 2.082594132002816707e+02
3.202449148458860009e+02 2.084860894822638784e+02
3.212899393989163741e+02 2.087277888168715947e+02
3.223320672322944915e+02 2.089846162574484936e+02
3.233710637417752309e+02 2.092566783383245763e+02
3.244066877406839922e+02 2.095440825600569212e+02
3.254387244009266738e+02 2.098469358442010844e+02
3.264669349338350344e+02 2.101652368181328256e+02
3.274910682484952531e+02 2.104989349463044164e+02
3.285110188157265725e+02 2.108480438509332942e+02
3.295264381950421466e+02 2.112124871622267790e+02
3.305371760090737894e+02 2.115922894058910231e+02
3.315429817089162157e+02 2.119875773041247840e+02
3.325434850848096744e+02 2.123984725130562765e+02
3.335384181580065501e+02 2.128251432257508213e+02
3.345274540323229644e+02 2.132677417785060356e+02
3.355102615309135672e+02 2.137264396617712237e+02
3.364864713495765614e+02 2.142014604118491548e+02
3.374556241875304181e+02 2.146930037310054331e+02
3.384173866607180798e+02 2.152013419310415827e+02
3.393712277027178175e+02 2.157266560222818725e+02
3.403167730740667025e+02 2.162692117845061262e+02
3.412534776593479933e+02 2.168291777584122997e+02
3.421808520688669546e+02 2.174067521741797577e+02
3.430983705754450739e+02 2.180021242102872918e+02
3.440055144344655105e+02 2.186155025675105037e+02
3.449016309967254870e+02 2.192469748297708634e+02
3.457862470031558360e+02 2.198966155652605607e+02
3.466587566678888379e+02 2.205644051052907173e+02
3.475186072450557049e+02 2.212503680229454801e+02
3.483651669955175976e+02 2.219544899068102950e+02
3.491978196192271753e+02 2.226766672548908730e+02
3.500160323367642263e+02 2.234166084734459901e+02
3.508192978128018922e+02 2.241740153409567142e+02
3.516070562167494700e+02 2.249485610500625512e+02
3.523787580479076951e+02 2.257399395845822596e+02
3.531338337464393931e+02 2.265476726140254868e+02
3.538719306585526851e+02 2.273711625676227470e+02
3.545926018510013478e+02 2.282096958940956313e+02
3.552955001797280943e+02 2.290626596237886190e+02
3.559801832639093959e+02 2.299293577121430303e+02
3.566463246067219757e+02 2.308090638946573279e+02
3.572936788992196853e+02 2.317008994553299317e+02
3.579220510885250519e+02 2.326040270713105542e+02
3.585312053015424567e+02 2.335175571682680413e+02
3.591209795311101516e+02 2.344406908571718873e+02
3.596912032184148984e+02 2.353725831540350555e+02
3.602417573628553100e+02 2.363123866289856494e+02
3.607725741612262027e+02 2.372593282970090343e+02
3.612835761130187961e+02 2.382126031638449888e+02
3.617747495767951023e+02 2.391714962523871293e+02
3.622460533634587705e+02 2.401353421667312773e+02
3.626974434371702500e+02 2.411036027405645825e+02
3.631288901411153915e+02 2.420757144281140256e+02
3.635404388330424581e+02 2.430512421765382953e+02
3.639321395954188461e+02 2.440297971147431610e+02
3.643035400424344630e+02 2.450113629774226638e+02
3.646536850800000593e+02 2.459962063978640003e+02
3.649815984801819013e+02 2.469845107404727855e+02
3.652863154024878440e+02 2.479764315223669371e+02
3.655668799820291497e+02 2.489720506420836159e+02
3.658223191035531272e+02 2.499713960363495744e+02
3.660516649304079806e+02 2.509744305629617145e+02
3.662540200777842188e+02 2.519810176679204972e+02
3.664289111116656841e+02 2.529906506401541435e+02
3.665763948093044746e+02 2.540027506858280333e+02
3.666966683751909954e+02 2.550169681134946416e+02
3.667899910209214340e+02 2.560329406525143554e+02
3.668566830702721404e+02 2.570502924338507569e+02
3.668971183977669739e+02 2.580686374127305953e+02
3.669117161933392595e+02 2.590875824339943847e+02
3.669009288584019828e+02 2.601067298992011274e+02
3.668652230777745444e+02 2.611256866277932431e+02
3.668050982120744266e+02 2.621440473268706910e+02
3.667210535177011366e+02 2.631614213554225898e+02
3.666136000935298966e+02 2.641774112751577377e+02
3.664832518055855530e+02 2.651916228874901549e+02
3.663305143576729392e+02 2.662036710891855478e+02
3.661558821110008921e+02 2.672131765509882371e+02
3.659598366762345449e+02 2.682197640031931201e+02
3.657428536371226073e+02 2.692230579336010123e+02
3.655053981118347224e+02 2.702226889448611473e+02
3.652478908721402604e+02 2.712183123628189492e+02
3.649707671457252900e+02 2.722095532398334967e+02
3.646744240917997217e+02 2.731960691640180698e+02
3.643592320113773440e+02 2.741775195746077998e+02
3.640255798944939443e+02 2.751535431293814895e+02
3.636738001006701779e+02 2.761238241484530249e+02
3.633042288275283340e+02 2.770880158659983863e+02
3.629171736777125830e+02 2.780457877301296321e+02
3.625129422020086736e+02 2.789968000206451393e+02
3.620918031677614977e+02 2.799407517002692316e+02
3.616540506492881377e+02 2.808773011339591221e+02
3.611999341350563100e+02 2.818061413251283511e+02
3.607296989591027341e+02 2.827269485903636905e+02
3.602435577843792203e+02 2.836394187384628367e+02
3.597417686426808245e+02 2.845432151245041723e+02
3.592245223885897758e+02 2.854380576250363220e+02
3.586920327590534612e+02 2.863236224424288139e+02
3.581444884458873616e+02 2.871996013371620506e+02
3.575820656690750639e+02 2.880656857047642347e+02
3.570049535262252789e+02 2.889215544974240402e+02
3.564132906347747962e+02 2.897669180260784856e+02
3.558072569548242541e+02 2.906014386706925734e+02
3.551869842745898609e+02 2.914248164449418823e+02
3.545527464452835602e+02 2.922368362236683765e+02
3.539050683407482438e+02 2.930375028919989973e+02
3.532444857532595961e+02 2.938268617224915715e+02
3.525715036090727494e+02 2.946049781302152724e+02
3.518866149251154525e+02 2.953719214187493094e+02
3.511902895258822923e+02 2.961277659007125180e+02
3.504829693225953520e+02 2.968725872474394691e+02
3.497650689420904655e+02 2.976064741931174922e+02
3.490369956224370753e+02 2.983295151728826227e+02
3.482991422657578369e+02 2.990418060391091331e+02
3.475518861340460717e+02 2.997434474750778008e+02
3.467955888199612104e+02 3.004345435716666088e+02
3.460305861568062937e+02 3.011152084579490520e+02
3.452572240278401523e+02 3.017855468114446467e+02
3.444758193329688538e+02 3.024456795928124961e+02
3.436866956318378925e+02 3.030957245235072151e+02
3.428901423069577845e+02 3.037358172898643716e+02
3.420864701591497692e+02 3.043660786816826658e+02
3.412759627011279235e+02 3.049866454159683826e+02
3.404588959476205901e+02 3.055976540747389549e+02
3.396355442822019768e+02 3.061992478126970241e+02
3.388061781394927721e+02 3.067915778359778187e+02
3.379710527889330933e+02 3.073747988146938610e+02
3.371304284201964947e+02 3.079490624324819805e+02
3.362845533857158671e+02 3.085145277951497178e+02
3.354336601594511080e+02 3.090713645466041726e+02
3.345780009447396424e+02 3.096197425030254067e+02
3.337178013668059293e+02 3.101598404358916241e+02
3.328532962336806236e+02 3.106918344130532432e+02
3.319846909002167763e+02 3.112159049395283432e+02
3.311122176949435811e+02 3.117322362339411370e+02
3.302360836718343648e+02 3.122410247612640433e+02
3.293564954062023276e+02 3.127424638476568930e+02
3.284736506903063287e+02 3.132367471344761043e+02
3.275877468951669016e+02 3.137240717671780317e+02
3.266989717350955971e+02 3.142046392282282454e+02
3.258075085146894594e+02 3.146786524924188484e+02
3.249135343451831091e+02 3.151463155921017005e+02
3.240172198198525848e+02 3.156078332038760550e+02
3.231187284942625411e+02 3.160634090001237269e+02
3.222182182286302918e+02 3.165132489264887568e+02
3.213158393378732285e+02 3.169575570479942712e+02
3.204117362733355208e+02 3.173965381453255077e+02
3.195060473473288880e+02 3.178303941746412420e+02
3.185989039144529897e+02 3.182593294776752941e+02
3.176904276389465736e+02 3.186835462015043845e+02
3.167807357729190585e+02 3.191032332913038090e+02
3.158699354972249580e+02 3.195185891977282608e+02
3.149581310359109807e+02 3.199298122037639587e+02
3.140454114068534750e+02 3.203370651717941087e+02
3.131317876233842981e+02 3.207404163767847081e+02
3.122172687314816812e+02 3.211398721342952740e+02
3.113018414144281678e+02 3.215354653146510486e+02
3.103855141999475222e+02 3.219271996611406053e+02
3.094682748324703425e+02 3.223150967163064706e+02
3.085501211524017435e+02 3.226991629636966650e+02
3.076310505287219144e+02 3.230793969832664061e+02
3.067110446152005352e+02 3.234558140745650689e+02
3.057901076529060447e+02 3.238284046834381797e+02
3.048682252374261452e+02 3.241971703931317279e+02
3.039453839636375960e+02 3.245621122106759344e+02
3.030215819030721036e+02 3.249232165775619023e+02
3.020968066765511253e+02 3.252804734765689432e+02
3.011710388976400736e+02 3.256338801507673111e+02
3.002442739430744609e+02 3.259834207845036644e+02
2.993165061861353706e+02 3.263290742692926187e+02
2.983877120183173020e+02 3.266708328803745189e+02
2.974578817094681540e+02 3.270086793308238384e+02
2.965270050416849017e+02 3.273425928146759816e+02
2.955950738529858768e+02 3.276725474171533392e+02
2.946620679299574022e+02 3.279985264713558308e+02
2.937279725053842867e+02 3.283205104466541115e+02
2.927927780500204449e+02 3.286384734389055211e+02
2.918564705141805007e+02 3.289523891087661127e+02
2.909190439822673397e+02 3.292622228329226459e+02
2.899804663662144435e+02 3.295679603865978606e+02
2.890407334049460246e+02 3.298695706993790964e+02
2.880998241369397874e+02 3.301670299120277718e+02
2.871576468199286296e+02 3.304603799631655079e+02
2.862141432959263625e+02 3.307496826591855665e+02
2.852693081084781852e+02 3.310349897865552293e+02
2.843231545474825452e+02 3.313163415690208353e+02
2.833756873502683220e+02 3.315937787205276095e+02
2.824269181084697493e+02 3.318673334467934524e+02
2.814768355574425414e+02 3.321370524083919236e+02
2.805254471617284935e+02 3.324029755068351619e+02
2.795727571299400438e+02 3.326651404301429125e+02
2.786187743614451620e+02 3.329235768379055003e+02
2.776634840710469803e+02 3.331783260647794691e+02
2.767068886114130351e+02 3.334294234780392117e+02
2.757489919199882138e+02 3.336769007822502999e+02
2.747897946177255903e+02 3.339207859922281045e+02
2.738292762637093460e+02 3.341611189911616862e+02
2.728674436982602174e+02 3.343979248071183292e+02
2.719042968559871269e+02 3.346312250207854504e+02
2.709398084753617013e+02 3.348610576882200576e+02
2.699739879805283636e+02 3.350874403852025125e+02
2.690068187856176678e+02 3.353103972101152976e+02
2.680382825528277522e+02 3.355299460544882209e+02
2.670683669195884704e+02 3.357459911670238739e+02
2.660970111384484653e+02 3.359583940926621040e+02
2.651242080406670425e+02 3.361669843657433034e+02
2.641498997942407527e+02 3.363716178039624651e+02
2.631740843324374737e+02 3.365721183291701664e+02
2.621967149260910332e+02 3.367683251302982512e+02
2.612177844951635848e+02 3.369600528483508697e+02
2.602372684787394519e+02 3.371471212430175228e+02
2.592551502645271171e+02 3.373293491561749420e+02
2.582714252065836718e+02 3.375065431456069973e+02
2.572860802200778494e+02 3.376785071234160682e+02
2.562991109691583915e+02 3.378450393570086590e+02
2.553105191729515582e+02 3.380059324426646299e+02
2.543203086088699933e+02 3.381609762983259202e+02
2.533284877259947336e+02 3.383099558833182527e+02
2.523350675859863941e+02 3.384526520645486016e+02
2.513400653639776863e+02 3.385888406646983526e+02
2.503435027404165965e+02 3.387182937663950497e+02
2.493454058827582571e+02 3.388407805652165621e+02
2.483458057203146723e+02 3.389560653422736323e+02
2.473447382714731759e+02 3.390639119776515713e+02
2.463422451102019863e+02 3.391640818657747900e+02
2.453383729163326166e+02 3.392563327756231502e+02
2.443331729492021225e+02 3.393404171614932352e+02
2.433267017730302086e+02 3.394160838605796471e+02
2.423190274066589609e+02 3.394830917714079419e+02
2.413102106553790520e+02 3.395411822306923000e+02
2.403003377032109995e+02 3.395901111098701790e+02
2.392894771839889643e+02 3.396296119022308631e+02
2.382777290659325615e+02 3.396594333793314036e+02
2.372651820928624318e+02 3.396793200976585467e+02
2.362519366756278032e+02 3.396890140284930339e+02
2.352380992305305085e+02 3.396882518856722868e+02
2.342237915246602427e+02 3.396767729003989871e+02
2.332091334128298854e+02 3.396543113993354268e+02
2.321942519225263197e+02 3.396206015579134601e+02
2.311792920931885931e+02 3.395753804732445928e+02
2.301644011759734099e+02 3.395183803325012946e+02
2.291497326812520043e+02 3.394493265073916746e+02
2.281354483734288578e+02 3.393679389384054161e+02
2.271217375098945581e+02 3.392739491552649156e+02
2.261087751442227045e+02 3.391670742415008135e+02
2.250967582563105793e+02 3.390470277480926597e+02
2.240859068643725891e+02 3.389135272072581415e+02
2.230764360914099882e+02 3.387662785103424312e+02
2.220685833478821962e+02 3.386049853108598882e+02
2.210626006042598704e+02 3.384293479877218260e+02
2.200587445795802353e+02 3.382390549417149259e+02
2.190573130402022457e+02 3.380338074707492524e+02
2.180585670450542750e+02 3.378134083138011761e+02
2.170627571198267560e+02 3.375778296185156933e+02
2.160701151268128797e+02 3.373270342355453408e+02
2.150809191763241017e+02 3.370610006758292343e+02
2.140954214629707906e+02 3.367796850368077344e+02
2.131138925640821356e+02 3.364830316062772226e+02
2.121366221027989241e+02 3.361709767230190664e+02
2.111639163834261979e+02 3.358434567863191091e+02
2.101960607649654378e+02 3.355003740462904034e+02
2.092334023645513241e+02 3.351416528167396791e+02
2.082762690683073004e+02 3.347671910239267277e+02
2.073250163031535465e+02 3.343768814224625885e+02
2.063800147794212307e+02 3.339706062909642696e+02
2.054416546601453035e+02 3.335482381589396823e+02
2.045103578590968709e+02 3.331096538919793488e+02
2.035865498502884350e+02 3.326547107535807299e+02
2.026706878240885032e+02 3.321832621336286593e+02
2.017632596298298040e+02 3.316951608447957938e+02
2.008647787183683420e+02 3.311902570739510452e+02
1.999757690902002025e+02 3.306683695447349010e+02
1.990968261562314581e+02 3.301293609714741137e+02
1.982285377090830423e+02 3.295730599331755002e+02
1.973715460189091004e+02 3.289993098341940936e+02
1.965265202831953104e+02 3.284079415023481943e+02
1.956941874141623430e+02 3.277988220641834118e+02
1.948752846676505328e+02 3.271717936107769447e+02
1.940706102213210329e+02 3.265267305515110365e+02
1.932809999992061591e+02 3.258635278440178809e+02
1.925073260230126948e+02 3.251821005261087407e+02
1.917504959416218355e+02 3.244823678458295717e+02
1.910114708567332684e+02 3.237643104225174397e+02
1.902912359921218126e+02 3.230279318831552473e+02
1.895908136144352625e+02 3.222732820359382231e+02
1.889112536665989808e+02 3.215004750047449420e+02
1.882536216544046397e+02 3.207096604544879028e+02
1.876190038318707423e+02 3.199010636587573231e+02
1.870084867026910445e+02 3.190749850528088700e+02
1.864231457666818699e+02 3.182317963193508490e+02
1.858640319696392282e+02 3.173719588881390905e+02
1.853321635561093785e+02 3.164959938902898671e+02
1.848285021314329981e+02 3.156045406466870418e+02
1.843539458236961934e+02 3.146982815546667780e+02
1.839093008617185774e+02 3.137780185920889835e+02
1.834952684923850370e+02 3.128446038611717199e+02
