1.829670062451521346e+02 3.119623278424297155e+02
1.825529887679674061e+02 3.110241840117759011e+02
1.821684465431692104e+02 3.100722020619567729e+02
1.818134018920005133e+02 3.091075317619373095e+02
1.814877501406471936e+02 3.081312540195763177e+02
1.811912802232445188e+02 3.071444721899388242e+02
1.809237001975650116e+02 3.061482487075418817e+02
1.806846488530022441e+02 3.051436254816001110e+02
1.804737007352925957e+02 3.041316159242713297e+02
1.802903754776240248e+02 3.031131949660426130e+02
1.801341607150837376e+02 3.020892764194244933e+02
1.800045052300952193e+02 3.010607515929389137e+02
1.799008462948453371e+02 3.000284350646651319e+02
1.798226049030054128e+02 2.989931126428207904e+02
1.797691906989703341e+02 2.979555229701231269e+02
1.797400233073994968e+02 2.969163375750554792e+02
1.797345182702071611e+02 2.958762073294143420e+02
1.797521052564254376e+02 2.948357185356024388e+02
1.797922207626270961e+02 2.937954359754980374e+02
1.798543158654081537e+02 2.927558820169026603e+02
1.799378737343245120e+02 2.917175237422665646e+02
1.800423757128843363e+02 2.906808364280942101e+02
1.801673252343493914e+02 2.896462364998338330e+02
1.803122506477287459e+02 2.886141142667996178e+02
1.804766995020764853e+02 2.875848449322038505e+02
1.806602340007702310e+02 2.865587896386218176e+02
1.808624416901743643e+02 2.855362702202257310e+02
1.810829235076745931e+02 2.845175963266345889e+02
1.813212949402608274e+02 2.835030702400557630e+02
1.815771891608681301e+02 2.824929785031675351e+02
1.818502860534315460e+02 2.814875588398875834e+02
1.821402304047925895e+02 2.804871161970519324e+02
1.824467197678565924e+02 2.794918630224967160e+02
1.827694537743188903e+02 2.785020409681854971e+02
1.831081460955153375e+02 2.775178835427870467e+02
1.834625240184234372e+02 2.765396165516481233e+02
1.838323532539785390e+02 2.755674272632356860e+02
1.842173558694105395e+02 2.746015736808088832e+02
1.846173231883725521e+02 2.736422200972093606e+02
1.850320319329303516e+02 2.726895798768939017e+02
1.854612649817077568e+02 2.717438632314670599e+02
1.859048355239097248e+02 2.708052542566216516e+02
1.863625581115836667e+02 2.698739541061449358e+02
1.868342449504170872e+02 2.689501723645418565e+02
1.873197480836657292e+02 2.680340803623496981e+02
1.878188897514406506e+02 2.671258996203842457e+02
1.883315551984136391e+02 2.662257995413186791e+02
1.888575871738349861e+02 2.653340219548039158e+02
1.893968753908661995e+02 2.644507539711150343e+02
1.899493009159501469e+02 2.635762072034814878e+02
1.905147303219333423e+02 2.627105826147694643e+02
1.910928473780945183e+02 2.618539604059322983e+02
1.916832487021885072e+02 2.610063337496058011e+02
1.922855228462405250e+02 2.601677051058981078e+02
1.928992694616679842e+02 2.593380618077705435e+02
1.935241363777776940e+02 2.585173519647692046e+02
1.941597210185047402e+02 2.577055790617365574e+02
1.948056845581359369e+02 2.569026820343994473e+02
1.954616865369233096e+02 2.561086139700677791e+02
1.961273686760503381e+02 2.553233422978844658e+02
1.968024103496972259e+02 2.545467974606601445e+02
1.974864834841014556e+02 2.537789133857469324e+02
1.981792661869254744e+02 2.530196165280236755e+02
1.988804448232847335e+02 2.522688279160571483e+02
1.995897138268921651e+02 2.515264634679018911e+02
2.003067740905720484e+02 2.507924324586184923e+02
2.010313386380880445e+02 2.500666249520832025e+02
2.017630889536015957e+02 2.493489478592963735e+02
2.025017445991941543e+02 2.486392763398253578e+02
2.032470471896963033e+02 2.479374817938954720e+02
2.039986862518490511e+02 2.472434632747899173e+02
2.047564189485547388e+02 2.465570602008844219e+02
2.055199446324819235e+02 2.458781480598090639e+02
2.062890330176271618e+02 2.452065606103510049e+02
2.070633966390234946e+02 2.445421661796731314e+02
2.078428021534148797e+02 2.438847946413322063e+02
2.086270072881747524e+02 2.432342808915307444e+02
2.094157548058219902e+02 2.425904609264102589e+02
2.102088182766804039e+02 2.419531533079207009e+02
2.110059717606209233e+02 2.413221801283756633e+02
2.118069987507555823e+02 2.406973591202814191e+02
2.126116839325039507e+02 2.400785040570709725e+02
2.134198195927989445e+02 2.394654230272714130e+02
2.142312098174796802e+02 2.388579198784269124e+02
2.150456650285012188e+02 2.382557967730541577e+02
2.158630042027166951e+02 2.376588534053739750e+02
2.166830555452148701e+02 2.370668878710578724e+02
2.175056555407955443e+02 2.364796955938759027e+02
2.183306488896920996e+02 2.358970692258988322e+02
2.191578886230483931e+02 2.353187987441083067e+02
2.199872398429857014e+02 2.347446741174527745e+02
2.208185735467958750e+02 2.341744850507990066e+02
2.216517714310006681e+02 2.336080179262474132e+02
2.224867245294338431e+02 2.330450573882774847e+02
2.233233323573502105e+02 2.324853862096684338e+02
2.241615044381255188e+02 2.319287865484771771e+02
2.250011649475228523e+02 2.313750437429636975e+02
2.258422393021716914e+02 2.308239378345482749e+02
2.266846661424737306e+02 2.302752463962773675e+02
2.275283974224713290e+02 2.297287514780666697e+02
2.283735109793614129e+02 2.291844134389970122e+02
2.292202202989489592e+02 2.286424133677956547e+02
2.300687447355313395e+02 2.281029522428684970e+02
2.309193020927120017e+02 2.275662411158945417e+02
2.317721086513955413e+02 2.270325028998084917e+02
2.326273628612046593e+02 2.265019618264223311e+02
2.334852694392207866e+02 2.259748534159551525e+02
2.343460333259963022e+02 2.254514277837862437e+02
2.352098339181555957e+02 2.249319338766060810e+02
2.360768583648913648e+02 2.244166287713518102e+02
2.369472960295786379e+02 2.239057868296080187e+02
2.378213062615425883e+02 2.233996839503914487e+02
2.386990596783674619e+02 2.228986029895562524e+02
2.395807266074564552e+02 2.224028415483227832e+02
2.404664393628522987e+02 2.219126970639746048e+02
2.413563521697432179e+02 2.214284753664398693e+02
2.422506061380685765e+02 2.209504959792617740e+02
2.431493117129106452e+02 2.204790795647825234e+02
2.440526026142152602e+02 2.200145543690234433e+02
2.449605806541389370e+02 2.195572578844538327e+02
2.458733343744175670e+02 2.191075270418833441e+02
2.467909731990037301e+02 2.186657077788394758e+02
2.477135481750176780e+02 2.182321519105573202e+02
2.486411284932524666e+02 2.178072100446969728e+02
2.495736410810287964e+02 2.173912134588385356e+02
2.505108988157534213e+02 2.169844192719993998e+02
2.514528674658690761e+02 2.165870370116950596e+02
2.523994695007465339e+02 2.161992818692009735e+02
2.533506239931378445e+02 2.158213642524537192e+02
2.543062884336467846e+02 2.154534980930695554e+02
2.552663279440924100e+02 2.150958891807575810e+02
2.562306803111657700e+02 2.147487323153946193e+02
2.571992408475583147e+02 2.144122313017238355e+02
2.581718826126601130e+02 2.140865854120154381e+02
2.591485363934309589e+02 2.137719938694948212e+02
2.601290341061275058e+02 2.134686474337691493e+02
2.611132821973446312e+02 2.131767266305807311e+02
2.621011490504678250e+02 2.128964193167465737e+02
2.630924760706789129e+02 2.126279085741848860e+02
2.640871720844428410e+02 2.123713783114109219e+02
2.650850387187819024e+02 2.121270058332588917e+02
2.660859635456656065e+02 2.118949614526983396e+02
2.670897898643181065e+02 2.116754216959547819e+02
2.680963373726542613e+02 2.114685574786892630e+02
2.691054942180607554e+02 2.112745444444631175e+02
2.701170431109903234e+02 2.110935575013290304e+02
2.711308494705484122e+02 2.109257690253556632e+02
2.721467463009004177e+02 2.107713570425982255e+02
2.731645271733257232e+02 2.106304929815414937e+02
2.741840456907772818e+02 2.105032674035704474e+02
2.752050550466867094e+02 2.103895306403350389e+02
2.762273453502676830e+02 2.102890866645198855e+02
2.772507480894041691e+02 2.102017468516301051e+02
2.782750175304632876e+02 2.101273128926443121e+02
2.792999872865425459e+02 2.100655906165649753e+02
2.803255034675144657e+02 2.100164047942768377e+02
2.813513453904237167e+02 2.099795701202203873e+02
2.823773690803388376e+02 2.099549037071720079e+02
2.834034294649433150e+02 2.099422287575283406e+02
2.844293500809254738e+02 2.099413635504982381e+02
2.854549846916591491e+02 2.099521278829612925e+02
2.864801981521958396e+02 2.099743444550920231e+02
2.875048654319102184e+02 2.100078407617540108e+02
2.885288351371810336e+02 2.100524377562195184e+02
2.895519871766124993e+02 2.101079565461678555e+02
2.905742050744964899e+02 2.101742174731089392e+02
2.915953738417886143e+02 2.102510416078615947e+02
2.926153835567802730e+02 2.103382511110714290e+02
2.936341329654997026e+02 2.104356709622590813e+02
2.946515147114494653e+02 2.105431194646876634e+02
2.956674358361885311e+02 2.106604114949374491e+02
2.966818081957048321e+02 2.107873639118444657e+02
2.976945466047595232e+02 2.109237951852291530e+02
2.987055705243565740e+02 2.110695253603897754e+02
2.997148044283866284e+02 2.112243706929932046e+02
3.007221796822195756e+02 2.113881444971195265e+02
3.017276312703595522e+02 2.115606624580384789e+02
3.027310923538803991e+02 2.117417387831546023e+02
3.037325094535329981e+02 2.119311923123836436e+02
3.047318309596720951e+02 2.121288390994609188e+02
3.057290140205965940e+02 2.123344964899951606e+02
3.067240159810631326e+02 2.125479842737536558e+02
3.077167887954313414e+02 2.127691164809148177e+02
3.087073129575283019e+02 2.129977235694415754e+02
3.096955513916137193e+02 2.132336273023759077e+02
3.106814809982827796e+02 2.134766527146762485e+02
3.116650844877062809e+02 2.137266312769144747e+02
3.126463443480056981e+02 2.139833964649296263e+02
3.136252455072008729e+02 2.142467815862164571e+02
3.146017894796955829e+02 2.145166364915556869e+02
3.155759630426362605e+02 2.147928013992358558e+02
3.165477699292747502e+02 2.150751270774560453e+02
3.175172153136048792e+02 2.153634702451702481e+02
3.184843067178030651e+02 2.156576925476072972e+02
3.194490551397224181e+02 2.159576624342943205e+02
3.204114751636874416e+02 2.162632546526183432e+02
3.213715851157210750e+02 2.165743497579212260e+02
3.223294070529471469e+02 2.168908343908560710e+02
3.232849613065531571e+02 2.172126274839347673e+02
3.242382242374561656e+02 2.175397972796735075e+02
3.251891515441251386e+02 2.178724723897283297e+02
3.261376982938544415e+02 2.182108030994726278e+02
3.270838058513742794e+02 2.185549243740025815e+02
3.280274185757068608e+02 2.189049903081864841e+02
3.289684700081327833e+02 2.192611644124822021e+02
3.299068862858219973e+02 2.196236058186404421e+02
3.308425906636140326e+02 2.199924866813929611e+02
3.317754977452274261e+02 2.203679841036156688e+02
3.327055150308078737e+02 2.207502833244662384e+02
3.336325416307607838e+02 2.211395780503840740e+02
3.345564692633080313e+02 2.215360603072529102e+02
3.354771818879434591e+02 2.219399434222792991e+02
3.363945527896486283e+02 2.223514335139934701e+02
3.373084470931697183e+02 2.227707597736498997e+02
3.382187175041805745e+02 2.231981484900636588e+02
3.391252080133505729e+02 2.236338376285339677e+02
3.400277503837205586e+02 2.240780743002086695e+02
3.409261625905592155e+02 2.245311216558400815e+02
3.418202497019902921e+02 2.249932370157236790e+02
3.427098042099462987e+02 2.254647022856633214e+02
3.435946010836208870e+02 2.259457997722470566e+02
3.444744000173520249e+02 2.264368305064635081e+02
3.453489411593866976e+02 2.269381032133859719e+02
3.462179462848681055e+02 2.274499358970717537e+02
3.470811173579008369e+02 2.279726561196740988e+02
3.479381345402867964e+02 2.285066081208103128e+02
3.487886528504192256e+02 2.290521444994564035e+02
3.496323016696875925e+02 2.296096370211841986e+02
3.504686808325057541e+02 2.301794552438638277e+02
3.512973632974028533e+02 2.307619985552154560e+02
3.521178851426734582e+02 2.313576554188882710e+02
3.529297539008984472e+02 2.319668483298395927e+02
3.537324326261814349e+02 2.325899912005309034e+02
3.545253487725672699e+02 2.332275187831974392e+02
3.553078827257199919e+02 2.338798658090047695e+02
3.560793702667062348e+02 2.345474864466511349e+02
3.568390921761671279e+02 2.352308147595842343e+02
3.575862843373235478e+02 2.359303110976323410e+02
3.583201172200090241e+02 2.366464185195315508e+02
3.590397040665274062e+02 2.373795681313805801e+02
3.597440985706663241e+02 2.381302028920342764e+02
3.604322789501150055e+02 2.388987149698209009e+02
3.611031653117051974e+02 2.396854955813930417e+02
3.617556013957427012e+02 2.404908849641887230e+02
3.623883636799893111e+02 2.413152118901144547e+02
3.630001473809353456e+02 2.421586909231099298e+02
3.635895982931101003e+02 2.430215251681125608e+02
3.641552853303633128e+02 2.439038083351655359e+02
3.646957153936066334e+02 2.448055458996614959e+02
3.652093380682126167e+02 2.457266603969937648e+02
3.656945613570239288e+02 2.466668935416353463e+02
3.661497860484187754e+02 2.476258886547858538e+02
3.665734062199715595e+02 2.486031163255635477e+02
3.669638423425992642e+02 2.495978721859914629e+02
3.673195691368199505e+02 2.506092749583613113e+02
3.676391528908230271e+02 2.516362180268338875e+02
3.679215094146866818e+02 2.526765477230776469e+02
3.681662116445291986e+02 2.537277892417069722e+02
3.683732556294949063e+02 2.547882026220830198e+02
3.685428316809337730e+02 2.558560703385001034e+02
3.686753081809696369e+02 2.569297131577667983e+02
3.687712152645203219e+02 2.580075124503267148e+02
3.688312262645995361e+02 2.590879279400990072e+02
3.688561400309462215e+02 2.601695116971019388e+02
3.688468425174945082e+02 2.612509525452007892e+02
3.688043094200824044e+02 2.623309935062532645e+02
3.687295552011268569e+02 2.634085508635995438e+02
3.686236392475147454e+02 2.644826073824207811e+02
3.684876515093343983e+02 2.655522522016568132e+02
3.683226842371627754e+02 2.666166969819666974e+02
3.681298185321809910e+02 2.676752519660090002e+02
3.679101177722054672e+02 2.687273108532616561e+02
3.676646340029592466e+02 2.697723267216229601e+02
3.673943995818868871e+02 2.708098288872103581e+02
3.671003722640915612e+02 2.718394795959410999e+02
3.667835294947094553e+02 2.728608879990230207e+02
3.664447727776098418e+02 2.738738001425422794e+02
3.660849550633550393e+02 2.748780015105533039e+02
3.657049417253255115e+02 2.758732437936572524e+02
3.653054925194140310e+02 2.768594226973048649e+02
3.648873716941972702e+02 2.778363805473700836e+02
3.644512871804721499e+02 2.788040197422664619e+02
3.639979327956697830e+02 2.797622361455671012e+02
3.635279140251834633e+02 2.807110124735459067e+02
3.630418673718531295e+02 2.816502552677372364e+02
3.625403507338323834e+02 2.825799538394684305e+02
3.620239118215397411e+02 2.835000757168862719e+02
3.614930369568847937e+02 2.844106311183121534e+02
3.609482522912392710e+02 2.853115609751164357e+02
3.603899742578610699e+02 2.862029129715855902e+02
3.598186512761699873e+02 2.870846640877460914e+02
3.592346886086364179e+02 2.879568236882198562e+02
3.586384657976206540e+02 2.888194033632198625e+02
3.580303661391209289e+02 2.896723909976496429e+02
3.574106967187257169e+02 2.905158300818833936e+02
3.567798184727723765e+02 2.913496903123499351e+02
3.561380179689359124e+02 2.921740039454230100e+02
3.554856053435588024e+02 2.929887838362304819e+02
3.548229049877278953e+02 2.937940675944203122e+02
3.541502300992854657e+02 2.945898976224588068e+02
3.534678656087835407e+02 2.953763276755360607e+02
3.527760939957768187e+02 2.961533993641402276e+02
3.520751853074478390e+02 2.969211516585016852e+02
3.513653942344391226e+02 2.976796215303209010e+02
3.506469505792867380e+02 2.984288543705259258e+02
3.499200854414964965e+02 2.991688828835809204e+02
3.491850206278042492e+02 2.998997393920960235e+02
3.484419670785326844e+02 3.006214535946380124e+02
3.476911246857538913e+02 3.013340515461871973e+02
3.469326670824336247e+02 3.020375680754772247e+02
3.461667925349399297e+02 3.027320126971089849e+02
3.453936662380868938e+02 3.034174138356500521e+02
3.446134682166582479e+02 3.040937799489569215e+02
3.438263316313355631e+02 3.047611396405437176e+02
3.430324322506335193e+02 3.054194857893283483e+02
3.422319126777243810e+02 3.060688322183214609e+02
3.414249133693531348e+02 3.067091866565554028e+02
3.406115726078308512e+02 3.073405504717870258e+02
3.397920233836704256e+02 3.079629219059932552e+02
3.389663835521267288e+02 3.085763019872566133e+02
3.381347901852952873e+02 3.091806767706180494e+02
3.372973688039707554e+02 3.097760388845022135e+02
3.364542158770670426e+02 3.103623887496028146e+02
3.356054679326697396e+02 3.109397005117011759e+02
3.347512209158398377e+02 3.115079684707483807e+02
3.338916022477351930e+02 3.120671672997677888e+02
3.330266891852229492e+02 3.126172915889796968e+02
3.321566227217406890e+02 3.131583042447448975e+02
3.312814912053545982e+02 3.136901962866343183e+02
3.304013983809879278e+02 3.142129443296218483e+02
3.295164412816332060e+02 3.147265244955742673e+02
3.286267323290845752e+02 3.152309062975232337e+02
3.277323693864502729e+02 3.157260699373961756e+02
3.268334548642552022e+02 3.162119928214310676e+02
3.259300907131939198e+02 3.166886505061900152e+02
3.250223768889746339e+02 3.171560171945164939e+02
3.241104106119572634e+02 3.176140663270504092e+02
3.231943044856499796e+02 3.180627758311280218e+02
3.222741621800298049e+02 3.185021303160914385e+02
3.213500894855778256e+02 3.189321113061889719e+02
3.204221863903303529e+02 3.193526985124024691e+02
3.194905616490928537e+02 3.197638704434724559e+02
3.185553335861683877e+02 3.201656203110423462e+02
3.176166067998990457e+02 3.205579445883632275e+02
3.166745009101519486e+02 3.209408360655200454e+02
3.157291301810320761e+02 3.213142904732368379e+02
3.147806174773828616e+02 3.216783298987271564e+02
3.138291809980639187e+02 3.220331293628512412e+02
3.128750377153402269e+02 3.223789022362106493e+02
3.119184154134907203e+02 3.227158720648008057e+02
3.109595231255154317e+02 3.230442563141666028e+02
3.099985725370182763e+02 3.233642846096781227e+02
3.090357730842779347e+02 3.236761992457822998e+02
3.080713294271267273e+02 3.239802425650025839e+02
3.071054378812636401e+02 3.242766712105718625e+02
3.061382927777355576e+02 3.245657300735872468e+02
3.051700761330484966e+02 3.248476719584032821e+02
3.042009614635214234e+02 3.251227512316878574e+02
3.032311217078569143e+02 3.253912134999364412e+02
3.022607180303295991e+02 3.256533092927908797e+02
3.012898994539023079e+02 3.259092994854010499e+02
3.003188158556504845e+02 3.261594290823435358e+02
2.993476031943062594e+02 3.264039200981180215e+02
2.983763739123371579e+02 3.266430072341914865e+02
2.974052467744491537e+02 3.268769193062245222e+02
2.964343348046538154e+02 3.271058840923529374e+02
2.954637425156369090e+02 3.273301113100051793e+02
2.944935431229794176e+02 3.275497920225916459e+02
2.935238089846757248e+02 3.277651127954541153e+02
2.925546146064296522e+02 3.279762552635488646e+02
2.915860243034188670e+02 3.281834026789768473e+02
2.906181031067259823e+02 3.283867112786306279e+02
2.896508619755650784e+02 3.285863312709420825e+02
2.886843469448853057e+02 3.287823901129230535e+02
2.877185756314043488e+02 3.289750265002423362e+02
2.867534371785641270e+02 3.291644624846443890e+02
2.857888443613163076e+02 3.293509216938215900e+02
2.848247767827297707e+02 3.295345845799861308e+02
2.838612436235210339e+02 3.297156138915804036e+02
2.828982386533900240e+02 3.298941742071133376e+02
2.819357682005388597e+02 3.300704189241532731e+02
2.809737898427422351e+02 3.302445107782870650e+02
2.800122910428973455e+02 3.304165884611066986e+02
2.790512533245267832e+02 3.305867877461706712e+02
2.780906695556904538e+02 3.307552340909345503e+02
2.771304814037837900e+02 3.309220708052595228e+02
2.761706652770913593e+02 3.310874322264000398e+02
2.752112026673877381e+02 3.312514497375903488e+02
2.742520694943827380e+02 3.314142510974478455e+02
2.732931893431352819e+02 3.315759818924201454e+02
2.723345513225928585e+02 3.317367651510244286e+02
2.713761353729624943e+02 3.318967416512272166e+02
2.704178503646419927e+02 3.320560931945400966e+02
2.694597018009044973e+02 3.322149691960071323e+02
2.685016263580130271e+02 3.323735330695375865e+02
2.675435528422920015e+02 3.325319345033845480e+02
2.665854464690225427e+02 3.326901133071227719e+02
2.656271291931755627e+02 3.328479213023272791e+02
2.646685896706791823e+02 3.330051587248031524e+02
2.637096411925923007e+02 3.331616701356072667e+02
2.627502845735126584e+02 3.333172515934823537e+02
2.617903570293520374e+02 3.334717591989541461e+02
2.608298382923550207e+02 3.336250261124022813e+02
2.598686309928593232e+02 3.337768977953904255e+02
2.589066539049853759e+02 3.339272168047584159e+02
2.579438721465481876e+02 3.340758101702680847e+02
2.569801978289685280e+02 3.342225133328176412e+02
2.560155676090327574e+02 3.343671567877793223e+02
2.550499352011046597e+02 3.345095638095705226e+02
2.540832465421173652e+02 3.346495552372998645e+02
2.531154559585531274e+02 3.347869438704802292e+02
2.521465042125346940e+02 3.349215257718765884e+02
2.511763489241629372e+02 3.350530857105062523e+02
2.502049528201343094e+02 3.351814040240798818e+02
2.492322794565795903e+02 3.353062576448743357e+02
2.482583035052783487e+02 3.354274117572652472e+02
2.472829882429576571e+02 3.355446023767310635e+02
2.463063093303466928e+02 3.356575534186947607e+02
2.453282516472162058e+02 3.357659843474164632e+02
2.443488106533991697e+02 3.358696086322955239e+02
2.433679847618369365e+02 3.359681264478086291e+02
2.423857484169820395e+02 3.360612113656873703e+02
2.414021537530813362e+02 3.361485113735747063e+02
2.404171693065734985e+02 3.362296859868108641e+02
2.394308686741205747e+02 3.363043749459553737e+02
2.384432450687630762e+02 3.363722188823151669e+02
2.374543602385918462e+02 3.364328253063244460e+02
2.364642687906839456e+02 3.364857917628150972e+02
2.354730373988816154e+02 3.365307102801480141e+02
2.344807288550153430e+02 3.365671732028384326e+02
2.334874355583809518e+02 3.365947622447602612e+02
2.324932611349192939e+02 3.366130403507816595e+02
2.314983082538354893e+02 3.366215679940580685e+02
2.305027021756039005e+02 3.366199019357127895e+02
2.295065844282542855e+02 3.366075927687512035e+02
2.285101108691160618e+02 3.365841847157071243e+02
2.275134364780633689e+02 3.365492263184883086e+02
2.265167524868199678e+02 3.365022575634273494e+02
2.255202574892335292e+02 3.364428128024936200e+02
2.245241606797425504e+02 3.363704278827839858e+02
2.235286988347693580e+02 3.362846374235113558e+02
2.225341209436610654e+02 3.361849815794894312e+02
2.215406954116207316e+02 3.360709987999877626e+02
2.205487154686911140e+02 3.359422195198311556e+02
2.195584866601871283e+02 3.357981823607216256e+02
2.185703036020917409e+02 3.356385982179745611e+02
2.175844099190010184e+02 3.354634323363059707e+02
2.166010562546560720e+02 3.352726542767230740e+02
2.156204921557662715e+02 3.350662374693660013e+02
2.146429797005072544e+02 3.348441428133092472e+02
2.136687872934472807e+02 3.346063244115075577e+02
2.126981900491526574e+02 3.343527342576933847e+02
2.117314712221267143e+02 3.340833219473850590e+02
2.107689276055426717e+02 3.337980138423154699e+02
2.098108650189379603e+02 3.334967412527358306e+02
2.088576018333018851e+02 3.331794207255682636e+02
2.079094702174196527e+02 3.328459603125994022e+02
2.069668173544716296e+02 3.324962571015498725e+02
2.060300071166140015e+02 3.321301968789620105e+02
2.050994203014628567e+02 3.317476627368970981e+02
2.041754561519022104e+02 3.313485217426971303e+02
2.032585359888061589e+02 3.309326307760205168e+02
2.023491032822100522e+02 3.304998407583521498e+02
2.014476241467299928e+02 3.300499966229070878e+02
2.005545924491443941e+02 3.295829186029848188e+02
1.996705303947555876e+02 3.290984429797704820e+02
1.987959860782204657e+02 3.285963842469077463e+02
1.979315415561552527e+02 3.280765573807314581e+02
1.970778129722201868e+02 3.275387652457775971e+02
1.962354497762988217e+02 3.269828268831277001e+02
1.954051373738314510e+02 3.264085434137943480e+02
1.945876025490079826e+02 3.258157274871439313e+02
1.937836080633311440e+02 3.252042033518175685e+02
1.929939537379741239e+02 3.245738073662933516e+02
1.922194833861700545e+02 3.239243770702670986e+02
1.914610793825164592e+02 3.232557858656306280e+02
1.907196602055296353e+02 3.225679259452064684e+02
1.899961815993550260e+02 3.218607217138858232e+02
1.892916272424976967e+02 3.211341454631909755e+02
1.886070112069922970e+02 3.203882011318868308e+02
1.879433714617928501e+02 3.196229499778616514e+02
1.873017569491628365e+02 3.188385167294510438e+02
1.866832206205813236e+02 3.180350900832701200e+02
1.860888046928540120e+02 3.172129388690196947e+02
1.855195406326655245e+02 3.163723926450828117e+02
1.849764172133218096e+02 3.155138892563227841e+02
1.844603871229147671e+02 3.146379208984325828e+02
1.839723288520448534e+02 3.137450982561333035e+02
1.835130418956514973e+02 3.128360986633118728e+02
