1.803818050322147712e+02 3.130887895380698751e+02
1.799220764804142050e+02 3.120608718977829881e+02
1.795011665423180887e+02 3.110165495834330045e+02
1.791191743061731927e+02 3.099583446195505303e+02
1.787758277510089897e+02 3.088882976920742180e+02
1.784706811685236119e+02 3.078084596416214822e+02
1.782031091157109017e+02 3.067206678415174110e+02
1.779723635239365933e+02 3.056266651754420991e+02
1.777775870574616306e+02 3.045280834576945495e+02
1.776178313360271659e+02 3.034264232049412158e+02
1.774920876091229047e+02 3.023229968139705761e+02
1.773993026769470873e+02 3.012190676556634230e+02
1.773384057266937930e+02 3.001156842549964949e+02
1.773083149910944201e+02 2.990138412263148666e+02
1.773079421159960134e+02 2.979144228688444969e+02
1.773362192296811486e+02 2.968181557584710504e+02
1.773920905864885356e+02 2.957257398895463325e+02
1.774745386268695029e+02 2.946377341816238413e+02
1.775825684546092873e+02 2.935546692688718622e+02
1.777152170010256214e+02 2.924769941769669686e+02
1.778715744113623032e+02 2.914050507342388414e+02
1.780507452775893285e+02 2.903392174128127863e+02
1.782518875994035170e+02 2.892797624525197193e+02
1.784742016552384598e+02 2.882269155605339392e+02
1.787169206424273966e+02 2.871808884656512646e+02
1.789793053965196350e+02 2.861418748643177992e+02
1.792606667004129406e+02 2.851100060102147609e+02
1.795603505276481826e+02 2.840854041749993257e+02
1.798777282410775911e+02 2.830681861500761443e+02
1.802122001833485569e+02 2.820584473888982302e+02
1.805632313917609224e+02 2.810562087093466062e+02
1.809302526367367250e+02 2.800616065758982245e+02
1.813127800168734325e+02 2.790746397001678929e+02
1.817103333086907924e+02 2.780953567831010673e+02
1.821224539841704768e+02 2.771237971197311367e+02
1.825487045998618783e+02 2.761599911699665881e+02
1.829887023485936197e+02 2.752039202091658581e+02
1.834420192537864693e+02 2.742556668223054430e+02
1.839083159322139522e+02 2.733151887835524008e+02
1.843872362061334798e+02 2.723825108801349870e+02
1.848784353021445668e+02 2.714576541344278553e+02
1.853816060250037481e+02 2.705406069261310904e+02
1.858964445101977105e+02 2.696313790348134489e+02
1.864226481554784982e+02 2.687299901776031561e+02
1.869599621336701887e+02 2.678364149297550512e+02
1.875081009533677161e+02 2.669506858885616793e+02
1.880668427741335051e+02 2.660727704182040725e+02
1.886359170875297195e+02 2.652027129088109518e+02
1.892151082139160962e+02 2.643404954890146428e+02
1.898041946112079472e+02 2.634861262884648454e+02
1.904029557357347926e+02 2.626396087128182444e+02
1.910111046548591958e+02 2.618008976594847468e+02
1.916283331130447323e+02 2.609699072815017189e+02
1.922543243457865287e+02 2.601465681620272790e+02
1.928887721467449694e+02 2.593308008990579197e+02
1.935314165282041188e+02 2.585224912079186765e+02
1.941819369109264244e+02 2.577215785892170175e+02
1.948400715415421587e+02 2.569279389818585742e+02
1.955055564329339006e+02 2.561414664398321293e+02
1.961781097644210945e+02 2.553620723757300937e+02
1.968574864521835650e+02 2.545896351172818299e+02
1.975434333393139639e+02 2.538240390950251424e+02
1.982357029403482613e+02 2.530651640935464854e+02
1.989340556915186653e+02 2.523128872538109420e+02
1.996382597814003077e+02 2.515670832384246012e+02
2.003480905854177365e+02 2.508276234436421532e+02
2.010633403583731251e+02 2.500943671579157410e+02
2.017837715953581892e+02 2.493671937631980597e+02
2.025091838281126684e+02 2.486459539582191098e+02
2.032393984619410219e+02 2.479304966611085490e+02
2.039741861815306834e+02 2.472207023243507535e+02
2.047133925672149530e+02 2.465164005457614280e+02
2.054568058230881320e+02 2.458174619527580660e+02
2.062042854682815971e+02 2.451237159860322947e+02
2.069556307312713272e+02 2.444350313626970888e+02
2.077106984931166380e+02 2.437512400022631027e+02
2.084693420233727466e+02 2.430721876836582567e+02
2.092313978617927148e+02 2.423977269772043712e+02
2.099967349094477527e+02 2.417276927875661272e+02
2.107652208023486651e+02 2.410619265257979009e+02
2.115367335193035387e+02 2.404002683814312036e+02
2.123111539524754221e+02 2.397425615890326469e+02
2.130883700643179566e+02 2.390886465452132654e+02
2.138682816219638028e+02 2.384383605308203755e+02
2.146507930828398116e+02 2.377915417155707303e+02
2.154358172280483927e+02 2.371480288784403854e+02
2.162232768405953038e+02 2.365076635629997668e+02
2.170131020012035776e+02 2.358702870136891647e+02
2.178052297432790851e+02 2.352357397377131747e+02
2.185996041662728828e+02 2.346038615935310929e+02
2.193961833892462607e+02 2.339744949098140125e+02
2.201949284673208922e+02 2.333474904624316082e+02
2.209958122734223878e+02 2.327226962666433394e+02
2.217988160549272720e+02 2.320999602231672156e+02
2.226039274095285805e+02 2.314791310190122431e+02
2.234111475891902501e+02 2.308600663170786049e+02
2.242205037277815336e+02 2.302426369841995211e+02
2.250320089662873499e+02 2.296267213930193805e+02
2.258456968231282076e+02 2.290121910813969635e+02
2.266616115534797586e+02 2.283989245886740207e+02
2.274799261249664823e+02 2.277869779904069105e+02
2.283009306399085574e+02 2.271766410235339890e+02
2.291249259331927703e+02 2.265682205511994027e+02
2.299522151462703619e+02 2.259620317353306973e+02
2.307831006762066579e+02 2.253584023191782535e+02
2.316178359501291482e+02 2.247576887326873987e+02
2.324567150685740557e+02 2.241602472722312882e+02
2.333000339047899843e+02 2.235664493735085614e+02
2.341480106859804096e+02 2.229766947856695936e+02
2.350009118515232274e+02 2.223913685266217328e+02
2.358590079016278764e+02 2.218108689897247245e+02
2.367224755691549092e+02 2.212356263537868699e+02
2.375915525115435116e+02 2.206660514137012967e+02
2.384664773407802727e+02 2.201025699744507165e+02
2.393473779722879158e+02 2.195456414667833656e+02
2.402344650962748176e+02 2.189956815459648567e+02
2.411279045100874612e+02 2.184531193576157762e+02
2.420277852749289877e+02 2.179184051486280396e+02
2.429342861209131001e+02 2.173919665537962089e+02
2.438474968711221891e+02 2.168742618005364307e+02
2.447674779102772220e+02 2.163657164526524923e+02
2.456943571998078539e+02 2.158667234013892937e+02
2.466281106055210444e+02 2.153777181563478393e+02
2.475687907268307129e+02 2.148991105558079084e+02
2.485160940289217422e+02 2.144313620502375670e+02
2.494694822896902338e+02 2.139748480189824988e+02
2.504288821337613626e+02 2.135297560661885825e+02
2.513941154520495616e+02 2.130962993835531734e+02
2.523650134563903578e+02 2.126746798432336902e+02
2.533415142969512885e+02 2.122650740663588635e+02
2.543233277776318175e+02 2.118676517089763820e+02
2.553103608432411704e+02 2.114825161922209134e+02
2.563024223476735415e+02 2.111097959627628597e+02
2.572992823906837998e+02 2.107496178262845774e+02
2.583008608251559508e+02 2.104020780097746979e+02
2.593068488478984364e+02 2.100672696362276213e+02
2.603171288775370158e+02 2.097452360607848334e+02
2.613315017028335774e+02 2.094360387123926444e+02
2.623497189084396837e+02 2.091397382214497327e+02
2.633716981684596590e+02 2.088563712606566298e+02
2.643971204840141809e+02 2.085859822175247587e+02
2.654258763125780547e+02 2.083285793143906801e+02
2.664577636570726895e+02 2.080841869915829534e+02
2.674925393554262314e+02 2.078528266349516400e+02
2.685301240606856368e+02 2.076345074955574432e+02
2.695702109855313324e+02 2.074292561580596441e+02
2.706126904414904288e+02 2.072370778405864655e+02
2.716573891356354693e+02 2.070579891549056413e+02
2.727040566648998947e+02 2.068920052046058800e+02
2.737526030626786451e+02 2.067390799515022195e+02
2.748027594509730420e+02 2.065990276138529680e+02
2.758543396929392202e+02 2.064716262609629496e+02
2.769072416588553551e+02 2.063566581488955194e+02
2.779611792728849196e+02 2.062539065316145468e+02
2.790160383369488386e+02 2.061631616698962546e+02
2.800717257571552636e+02 2.060842591680340092e+02
2.811279848809201098e+02 2.060170351995635087e+02
2.821847276134937488e+02 2.059613224137136456e+02
2.832418554149722922e+02 2.059169614933851449e+02
2.842991864293633739e+02 2.058837990275889638e+02
2.853566014811481182e+02 2.058616968154061908e+02
2.864139992590526731e+02 2.058505216671677829e+02
2.874712951356334543e+02 2.058501459431772105e+02
2.885283290176818696e+02 2.058604366150586600e+02
2.895850094555170813e+02 2.058812670096363036e+02
2.906412452094454011e+02 2.059125202832110801e+02
2.916969392864648398e+02 2.059540816518334907e+02
2.927519982280310842e+02 2.060058378282544140e+02
2.938063426246385461e+02 2.060676790978116628e+02
2.948598651995177420e+02 2.061394923892819691e+02
2.959124873435570180e+02 2.062211667561105912e+02
2.969641338496272169e+02 2.063125939667309297e+02
2.980147275097054944e+02 2.064136675576728805e+02
2.990641940652537301e+02 2.065242829133280793e+02
3.001124625675228117e+02 2.066443321006037763e+02
3.011594715633760870e+02 2.067737051200504084e+02
3.022051598682359099e+02 2.069122945232395523e+02
3.032494459853504623e+02 2.070599897904619695e+02
3.042922817577801879e+02 2.072166871043974368e+02
3.053336123019972774e+02 2.073822753821581273e+02
3.063734025638898402e+02 2.075566431365413393e+02
3.074116056105312396e+02 2.077396802222341421e+02
3.084481319536300248e+02 2.079312655211654430e+02
3.094830013893463843e+02 2.081313058962820151e+02
3.105161413724752606e+02 2.083396811854302371e+02
3.115475234383653174e+02 2.085562735643198380e+02
3.125771331020410457e+02 2.087809735024735858e+02
3.136049374441682858e+02 2.090136707697741940e+02
3.146308920466319705e+02 2.092542515557622949e+02
3.156550385664101555e+02 2.095026238321774485e+02
3.166773054012310809e+02 2.097586609684510677e+02
3.176977023078029561e+02 2.100222602304902182e+02
3.187162315089801723e+02 2.102933237750404771e+02
3.197328895000323996e+02 2.105717566340197493e+02
3.207476774046032801e+02 2.108574640894125309e+02
3.217606004478836326e+02 2.111503547016324660e+02
3.227716672876915140e+02 2.114503433487437860e+02
3.237808899660518591e+02 2.117573515581420338e+02
3.247882978431152878e+02 2.120713408735414305e+02
3.257938433115948555e+02 2.123924235375359899e+02
3.267974415218035347e+02 2.127207714842258213e+02
3.277991068685818163e+02 2.130566103823729520e+02
3.287986777496225272e+02 2.134001006152131197e+02
3.297961344777945101e+02 2.137514682183050638e+02
3.307914079000626657e+02 2.141109460056119929e+02
3.317843523168868956e+02 2.144787417777562837e+02
3.327748960569372798e+02 2.148551043956402680e+02
3.337629262319291570e+02 2.152402777059600965e+02
3.347483312675548177e+02 2.156345190734066080e+02
3.357309877794167505e+02 2.160380977506005422e+02
3.367107137344621037e+02 2.164512624332207338e+02
3.376874245503120733e+02 2.168743287281778578e+02
3.386608928647966081e+02 2.173075509413669408e+02
3.396310132621615026e+02 2.177512653765833761e+02
3.405975501883973493e+02 2.182057553628920630e+02
3.415603147234123185e+02 2.186713428815914995e+02
3.425190955937943045e+02 2.191483571069300353e+02
3.434736946316566559e+02 2.196371602203290081e+02
3.444237962654911485e+02 2.201380569077720963e+02
3.453691955922878378e+02 2.206514413750253425e+02
3.463095712273091067e+02 2.211776587786231687e+02
3.472446507337351704e+02 2.217171119276142406e+02
3.481740963111121232e+02 2.222701898765848512e+02
3.490975456614169730e+02 2.228372896991149332e+02
3.500146107175264660e+02 2.234188153397535075e+02
3.509249051493029015e+02 2.240152067139036376e+02
3.518279817293561109e+02 2.246268944327458996e+02
3.527233954866334784e+02 2.252543529123269082e+02
3.536105894279663175e+02 2.258980014473941367e+02
3.544890705264568282e+02 2.265583580144984808e+02
3.553581814732136195e+02 2.272358415310406485e+02
3.562173498737669775e+02 2.279309974949872526e+02
3.570658414070660456e+02 2.286442781467588929e+02
3.579029370353353556e+02 2.293762043485741060e+02
3.587278141571518404e+02 2.301272573487758564e+02
3.595396370120571987e+02 2.308979733200132785e+02
3.603374123862539591e+02 2.316887799116146596e+02
3.611201788246463593e+02 2.325002092915667049e+02
3.618868209291724156e+02 2.333326998116880304e+02
3.626361400808792155e+02 2.341866564686548600e+02
3.633669138073099703e+02 2.350625386897699798e+02
3.640777305387387059e+02 2.359606253319593918e+02
3.647671654442134468e+02 2.368812404678003816e+02
3.654336421102141799e+02 2.378245670148994009e+02
3.660755431038423922e+02 2.387908120095276274e+02
3.666910390450448745e+02 2.397798600415205215e+02
3.672783386719186183e+02 2.407916729938502840e+02
3.678355059419734516e+02 2.418259442722541053e+02
3.683606376378778009e+02 2.428821624328440123e+02
3.688518911128927016e+02 2.439596661992126201e+02
3.693073505127134695e+02 2.450574353091071202e+02
3.697251775350001708e+02 2.461743882588691861e+02
3.701035517408825513e+02 2.473091691080165901e+02
3.704407338923703037e+02 2.484601801316157719e+02
3.707351116056502178e+02 2.496256009008601779e+02
3.709852302911197626e+02 2.508032825308222868e+02
3.711898263487510690e+02 2.519887619465278590e+02
3.713486177771285384e+02 2.531773868515627441e+02
3.714622241944864527e+02 2.543667217776406630e+02
3.715315269174229797e+02 2.555544961697636097e+02
3.715576277890287429e+02 2.567386083447198644e+02
3.715418144582080231e+02 2.579171474459586193e+02
3.714855253981049259e+02 2.590884057060497412e+02
3.713903235763094131e+02 2.602508842881666169e+02
3.712578393819169378e+02 2.614033610894625781e+02
3.710897623726311849e+02 2.625447061424800950e+02
3.708877769781282154e+02 2.636741021900875808e+02
3.706535714659516429e+02 2.647908239710610587e+02
3.703888270948563104e+02 2.658943095499167271e+02
3.700951799709475267e+02 2.669841790127082959e+02
3.697742054463922159e+02 2.680601836981995234e+02
3.694274144188455580e+02 2.691221765652929321e+02
3.690562667381435631e+02 2.701700727072801556e+02
3.686621703893367794e+02 2.712038777487910011e+02
3.682464134299352168e+02 2.722237658959947453e+02
3.678102840729604850e+02 2.732298061566329466e+02
3.673549505904489934e+02 2.742222375462417858e+02
3.668815067869641098e+02 2.752013269090261360e+02
3.663910504765698306e+02 2.761672798465020833e+02
3.658845403447824083e+02 2.771204686733501603e+02
3.653629279448574039e+02 2.780611799066018648e+02
3.648270865923459496e+02 2.789897577230041179e+02
3.642778627951312842e+02 2.799065256346398769e+02
3.637160023785433509e+02 2.808118940174424552e+02
3.631422753166298207e+02 2.817061781678705188e+02
3.625573582837155868e+02 2.825897721712840394e+02
3.619619085473590872e+02 2.834630366682154090e+02
3.613565145267811545e+02 2.843263657775686966e+02
3.607417979062730069e+02 2.851800810580706980e+02
3.601182667565379916e+02 2.860245984992646981e+02
3.594864517195806570e+02 2.868602600918243297e+02
3.588468351371738549e+02 2.876874315824745736e+02
3.581998691608862373e+02 2.885064745580131671e+02
3.575460033336996730e+02 2.893177266712230562e+02
3.568856134359256771e+02 2.901215661936656147e+02
3.562191145465029649e+02 2.909183061525077960e+02
3.555468510135565907e+02 2.917083055203296453e+02
3.548691047604178266e+02 2.924918425062039091e+02
3.541860177555661835e+02 2.932690870318529051e+02
3.534977071250983158e+02 2.940401857119811666e+02
3.528042691392170127e+02 2.948052806708195135e+02
3.521058000189198651e+02 2.955644929164004679e+02
3.514023865715809052e+02 2.963179292836012451e+02
3.506941029731559070e+02 2.970656825374582581e+02
3.499810055373693558e+02 2.978078413245377192e+02
3.492631535258657891e+02 2.985444759136365747e+02
3.485406011243587159e+02 2.992756480845218903e+02
3.478133960866756524e+02 3.000014097875583730e+02
3.470815795360664424e+02 3.007218027866258581e+02
3.463451736019557075e+02 3.014368677984183478e+02
3.456042219145817853e+02 3.021466209467461681e+02
3.448587441713158910e+02 3.028510861761761817e+02
3.441087745976489032e+02 3.035502677509350633e+02
3.433543119707948676e+02 3.042441797742965264e+02
3.425953915450368754e+02 3.049328047798558714e+02
3.418320240245196828e+02 3.056161367494124192e+02
3.410642199695544150e+02 3.062941605329029358e+02
3.402919909698761671e+02 3.069668529431226034e+02
3.395153470239922626e+02 3.076341855093463664e+02
3.387342865400748906e+02 3.082961284945496345e+02
3.379488268708266219e+02 3.089526363449210749e+02
3.371589776738113073e+02 3.096036659701315443e+02
3.363647238264758812e+02 3.102491794448143310e+02
3.355660902253694076e+02 3.108891130760707142e+02
3.347630650200329114e+02 3.115234194740948510e+02
3.339556691257801049e+02 3.121520298384910461e+02
3.331438740522738158e+02 3.127748938715993745e+02
3.323277190231608529e+02 3.133919252595444505e+02
3.315071896568805982e+02 3.140030654393659120e+02
3.306822893013718385e+02 3.146082390373151725e+02
3.298530152003338571e+02 3.152073690760554427e+02
3.290193845996813025e+02 3.158003676012516507e+02
3.281813965174914642e+02 3.163871549181101841e+02
3.273390557913861585e+02 3.169676447054540631e+02
3.264923685248482457e+02 3.175417470265812199e+02
3.256413398975582254e+02 3.181093693124344668e+02
3.247859716697120120e+02 3.186704166285249471e+02
3.239262838990745763e+02 3.192247856295310839e+02
3.230622814450685496e+02 3.197723786033095621e+02
3.221939748097965435e+02 3.203130919836252133e+02
3.213213657011748978e+02 3.208468216761082772e+02
3.204444723155478982e+02 3.213734540534571806e+02
3.195633205015951717e+02 3.218928732162926281e+02
3.186779011314963554e+02 3.224049721845435670e+02
3.177882453346156240e+02 3.229096250462090438e+02
3.168943740102646416e+02 3.234067114187314473e+02
3.159962922821329698e+02 3.238961322270707797e+02
3.150941121387152180e+02 3.243778503931466162e+02
3.141878770990961698e+02 3.248518791557235090e+02
3.132777166977898560e+02 3.253182010859944171e+02
3.123636773084663218e+02 3.257768266664268708e+02
3.114458679866197599e+02 3.262277419673678764e+02
3.105243608729810489e+02 3.266709454480960630e+02
3.095992217871360026e+02 3.271064316394047751e+02
3.086705594028481983e+02 3.275341841557977887e+02
3.077384221097815384e+02 3.279542033307875499e+02
3.068028982428298264e+02 3.283664733057801186e+02
3.058640735632540100e+02 3.287709813765597460e+02
3.049220054246536051e+02 3.291677197172956539e+02
3.039767693841134815e+02 3.295566716433424403e+02
3.030284560799225915e+02 3.299378193259527166e+02
3.020771270554378134e+02 3.303111519272818555e+02
3.011228419580548916e+02 3.306766532146163513e+02
3.001656924804174764e+02 3.310343002306747735e+02
2.992057471032954936e+02 3.313840772904489995e+02
2.982430730338053309e+02 3.317259663210806480e+02
2.972777324048599894e+02 3.320599469197736653e+02
2.963098070286691836e+02 3.323859950549232849e+02
2.953393711832121653e+02 3.327040900288754983e+02
2.943664901395678157e+02 3.330142110952150460e+02
2.933912342384724639e+02 3.333163344330124573e+02
2.924136613336680739e+02 3.336104349461580796e+02
2.914338673074847748e+02 3.338964848879303986e+02
2.904519114328118690e+02 3.341744630784768901e+02
2.894678735918258212e+02 3.344443440366439404e+02
2.884819344610284588e+02 3.347061161482242824e+02
2.874942499142066481e+02 3.349598111674926031e+02
2.865049186755241521e+02 3.352054867137771907e+02
2.855140144369777886e+02 3.354432030182372841e+02
2.845216168920202335e+02 3.356730170427817370e+02
2.835277939293306417e+02 3.358949830873322071e+02
2.825326378495387303e+02 3.361091562004747857e+02
2.815362193239608928e+02 3.363155951864264352e+02
2.805386089370113041e+02 3.365143562454622383e+02
2.795398682722596959e+02 3.367054914863425665e+02
2.785400816227170253e+02 3.368890539052114832e+02
2.775393145574390132e+02 3.370650994332759183e+02
2.765376280758650864e+02 3.372336813963639202e+02
2.755350828786538955e+02 3.373948491363740345e+02
2.745317590322511023e+02 3.375486559678876120e+02
2.735277076856301619e+02 3.376951532265717333e+02
2.725229828355754762e+02 3.378343865093416980e+02
2.715176635119543676e+02 3.379664081499682311e+02
2.705117916359654373e+02 3.380912650394381558e+02
2.695054299805887013e+02 3.382090022932205784e+02
2.684986407315738575e+02 3.383196696310881180e+02
2.674914664723894475e+02 3.384233276816055422e+02
2.664839878973614304e+02 3.385200602541314083e+02
2.654762370200909345e+02 3.386099373430918149e+02
2.644682933210749525e+02 3.386930410657772086e+02
2.634601862748891108e+02 3.387694383509279987e+02
2.624519864654550361e+02 3.388392076372276165e+02
2.614437295920591851e+02 3.389024173657715551e+02
2.604354680977286307e+02 3.389591371904280095e+02
2.594272496391689060e+02 3.390094380124753002e+02
2.584191113851011892e+02 3.390533821297613599e+02
2.574110999059006417e+02 3.390910345210840546e+02
2.564032559444123649e+02 3.391224594805061656e+02
2.553956162374603025e+02 3.391477168164616955e+02
2.543882178180929543e+02 3.391668640422808494e+02
2.533810953991524855e+02 3.391799550704254784e+02
2.523742843513601031e+02 3.391870436316367545e+02
2.513678166602967110e+02 3.391881804961544162e+02
2.503617227745169487e+02 3.391834131369640772e+02
2.493560321098221948e+02 3.391727864844611986e+02
2.483507720710700255e+02 3.391563406311909148e+02
2.473459700459226553e+02 3.391341143038762311e+02
2.463416513440344602e+02 3.391061435667958790e+02
2.453378397269156324e+02 3.390724608893929712e+02
2.443345575944838117e+02 3.390330933629917354e+02
2.433318265392821615e+02 3.389880631116478185e+02
2.423296675470305672e+02 3.389373972791427150e+02
2.413280991060534006e+02 3.388811041302309945e+02
2.403271397076079836e+02 3.388192055814701575e+02
2.393268065826815700e+02 3.387517012445764522e+02
2.383271153452951125e+02 3.386786019751290269e+02
2.373280811448550764e+02 3.385999065962380996e+02
2.363297182391011404e+02 3.385156086964211113e+02
2.353320402477344260e+02 3.384256955613063838e+02
2.343350587142179791e+02 3.383301549585103203e+02
2.333387853892843964e+02 3.382289663156138886e+02
2.323432316265263182e+02 3.381221006427928160e+02
2.313484065221858827e+02 3.380095277911430571e+02
2.303543190920190966e+02 3.378912111032564098e+02
2.293609782490562452e+02 3.377671050745125854e+02
2.283683928106391363e+02 3.376371543837657327e+02
2.273765681194218189e+02 3.375013052687244226e+02
2.263855122682730041e+02 3.373594892934823974e+02
2.253952320260956412e+02 3.372116292592247646e+02
2.244057320571940579e+02 3.370576455165818857e+02
2.234170186626061820e+02 3.368974451506433638e+02
2.224290972347361617e+02 3.367309262460106538e+02
2.214419729586570327e+02 3.365579775606299791e+02
2.204556522649113219e+02 3.363784716884105706e+02
2.194701400825995279e+02 3.361922769805576650e+02
2.184854620264812581e+02 3.359991632638874535e+02
2.175016754785361570e+02 3.357987769876544917e+02
2.165188504351482663e+02 3.355907347177344491e+02
2.155370670671972277e+02 3.353746541312705745e+02
2.145564158909769219e+02 3.351501338420017646e+02
2.135770007039144787e+02 3.349167554605763257e+02
2.125989395472281274e+02 3.346740871384548655e+02
2.116223647968863020e+02 3.344216892858733559e+02
2.106474203000148862e+02 3.341590911237554451e+02
2.096742737139456096e+02 3.338858237594876641e+02
2.087031048095445556e+02 3.336013920994146247e+02
2.077341160627996146e+02 3.333052837433392028e+02
2.067675305217196922e+02 3.329969678905295041e+02
2.058035942905457034e+02 3.326758948362855222e+02
2.048425824252109066e+02 3.323415062593940661e+02
2.038847904815706613e+02 3.319932156496697644e+02
2.029305475428441241e+02 3.316304174836651555e+02
2.019802176627157166e+02 3.312524927479918233e+02
2.010341993686845399e+02 3.308588078461708051e+02
2.000929160157537012e+02 3.304486872553104604e+02
1.991568626972996015e+02 3.300214782922280961e+02
1.982265486988342786e+02 3.295764833599670851e+02
1.973025484068042488e+02 3.291130030899759049e+02
1.963854786444054525e+02 3.286303098487175021e+02
1.954760375346359353e+02 3.281277000037814560e+02
1.945749487696724316e+02 3.276044259831676868e+02
1.936830271242440915e+02 3.270597612271334924e+02
1.928011573749120657e+02 3.264929884857796196e+02
1.919302947661952032e+02 3.259033996953300516e+02
1.910714571060970002e+02 3.252902730698949654e+02
1.902257763471693011e+02 3.246529611695833069e+02
1.893944451286924675e+02 3.239908305928110508e+02
1.885787512587875767e+02 3.233033011467611573e+02
1.877800829198570511e+02 3.225898810185410639e+02
1.869998873621618998e+02 3.218501145888985775e+02
1.862397105062989340e+02 3.210836734768260499e+02
1.855011738059937727e+02 3.202903546913785249e+02
1.847859574947977137e+02 3.194700749837015223e+02
1.840958055150981352e+02 3.186229265348663944e+02
1.834324733819656501e+02 3.177491037975808581e+02
1.827977796824606003e+02 3.168490913111123177e+02
1.821934804983339689e+02 3.159234366943305190e+02
1.816213568676945727e+02 3.149730413834091678e+02
1.810830778308670972e+02 3.139989218353006208e+02
