1.827623965089215972e+02 3.120514833902707323e+02
1.823672066857165248e+02 3.110973898100147039e+02
1.819942263806128153e+02 3.101338845169854608e+02
1.816434910635355209e+02 3.091611880745169287e+02
1.813149825594381070e+02 3.081794827611756205e+02
1.810086547873178233e+02 3.071890436226910879e+02
1.807244478866819577e+02 3.061901718896029365e+02
1.804622926128312770e+02 3.051832256258124403e+02
1.802221058052199965e+02 3.041686133336045827e+02
1.800037904650687040e+02 3.031467833799363802e+02
1.798072497533169098e+02 3.021181952857469923e+02
1.796323840966657031e+02 3.010833650947681122e+02
1.794791276229871642e+02 3.000427942709329727e+02
1.793474153034278800e+02 2.989970302528162165e+02
1.792371773996275408e+02 2.979466389424650288e+02
1.791483565789961290e+02 2.968921713317473632e+02
1.790808875109181315e+02 2.958342209117960806e+02
1.790347097176750992e+02 2.947733567629791764e+02
1.790097620891196186e+02 2.937101782192402197e+02
1.790059900210860633e+02 2.926452804144129800e+02
1.790233630056709160e+02 2.915792282324725875e+02
1.790618143786684016e+02 2.905126433780777688e+02
1.791212528137313029e+02 2.894460950873578895e+02
1.792015980946355569e+02 2.883801470366412332e+02
1.793027781225040371e+02 2.873153717936316411e+02
1.794247230529214505e+02 2.862523502296725155e+02
1.795673404209127284e+02 2.851916179919447814e+02
1.797304822893462983e+02 2.841336971718634459e+02
1.799140009814342704e+02 2.830791135548784609e+02
1.801177586788528799e+02 2.820283828441600349e+02
1.803416639135448918e+02 2.809819514431260359e+02
1.805855219162148444e+02 2.799403760523613869e+02
1.808491490090819411e+02 2.789040506814500304e+02
1.811323480012711116e+02 2.778734202882762361e+02
1.814349312328652672e+02 2.768489208386764631e+02
1.817567194043042207e+02 2.758309790303220552e+02
1.820975517475942240e+02 2.748199467817277650e+02
1.824571706738126409e+02 2.738162887876100058e+02
1.828354114849442169e+02 2.728203090093733749e+02
1.832320774485948789e+02 2.718323933374261401e+02
1.836469753723917506e+02 2.708529233753514518e+02
1.840799569302606358e+02 2.698822381627501841e+02
1.845308737242086750e+02 2.689207080099076279e+02
1.849995683957542099e+02 2.679687189103401579e+02
1.854859362729062298e+02 2.670265890890650553e+02
1.859898255636806255e+02 2.660947261544561684e+02
1.865112317601951588e+02 2.651734783278617442e+02
1.870501187610573481e+02 2.642633454512661615e+02
1.876065163426159188e+02 2.633647368233162069e+02
1.881804314727532130e+02 2.624781062059319652e+02
1.887718394107218103e+02 2.616038930456023195e+02
1.893804077014218876e+02 2.607423415513900977e+02
1.900056510219128540e+02 2.598935539480079910e+02
1.906470652895896478e+02 2.590576522217651245e+02
1.913041589568854306e+02 2.582347366387353418e+02
1.919765086376208103e+02 2.574248422231206632e+02
1.926636316415696797e+02 2.566281196176072967e+02
1.933651478887357200e+02 2.558446200769972165e+02
1.940806654766587371e+02 2.550744206677794352e+02
1.948097609636324989e+02 2.543176277791285429e+02
1.955520556402407237e+02 2.535742837336350703e+02
1.963071131265930092e+02 2.528444083955994586e+02
1.970744863479666833e+02 2.521279984059418098e+02
1.978537363551908470e+02 2.514250420073300631e+02
1.986444320996073998e+02 2.507355195626751936e+02
1.994461307024553776e+02 2.500593865239370643e+02
2.002583135551134035e+02 2.493964915725472622e+02
2.010803917810018504e+02 2.487466830639283444e+02
2.019118306346682346e+02 2.481097563608893211e+02
2.027521220495197554e+02 2.474854957990567641e+02
2.036006702189891939e+02 2.468737001239010453e+02
2.044568679449461399e+02 2.462739864187252579e+02
2.053200181036743857e+02 2.456859879154218618e+02
2.061895125142254130e+02 2.451092747445059672e+02
2.070646869939895396e+02 2.445434489781574143e+02
2.079449274040024989e+02 2.439880415986933997e+02
2.088295594353373872e+02 2.434425216054018790e+02
2.097178963789514796e+02 2.429063315268649603e+02
2.106092918415875204e+02 2.423788867329901393e+02
2.115031128920663832e+02 2.418595934428512635e+02
2.123987518778518790e+02 2.413478474306031671e+02
2.132956286099959300e+02 2.408430403037926339e+02
2.141931851325331877e+02 2.403445491758028538e+02
2.150908852539365625e+02 2.398517386826135294e+02
2.159882132259621130e+02 2.393639605015766847e+02
2.168847022011352976e+02 2.388805863412071631e+02
2.177799667679663003e+02 2.384010501830159683e+02
2.186736478387794591e+02 2.379247862708672301e+02
2.195654045203392002e+02 2.374512194977816364e+02
2.204549148333535697e+02 2.369797660373324106e+02
2.213419090097657431e+02 2.365098828701572415e+02
2.222262031304486527e+02 2.360410949005660370e+02
2.231076315889807233e+02 2.355729337541974360e+02
2.239860434769678648e+02 2.351049274719057394e+02
2.248613050317720763e+02 2.346365988075391158e+02
2.257333181195162979e+02 2.341674934832842894e+02
2.266020224310610729e+02 2.336972057619475720e+02
2.274673944065188209e+02 2.332253073276262398e+02
2.283294086500784204e+02 2.327513807648862496e+02
2.291880605299622005e+02 2.322750142940975877e+02
2.300435255064274429e+02 2.317960708415418765e+02
2.308962195991574049e+02 2.313147304107304194e+02
2.317465525459682567e+02 2.308312140795973448e+02
2.325949189829810564e+02 2.303457640362392738e+02
2.334417041004114139e+02 2.298586385637613887e+02
2.342872986408155214e+02 2.293700194145241937e+02
2.351320118606330141e+02 2.288800852639773495e+02
2.359761480296480158e+02 2.283890307693748696e+02
2.368200640973278723e+02 2.278970083789540126e+02
2.376640553269242275e+02 2.274042186448473615e+02
2.385083984936982802e+02 2.269108562758107439e+02
2.393534161929381980e+02 2.264170497364393100e+02
2.401993675629159668e+02 2.259229759527777901e+02
2.410465116106515495e+02 2.254288283513614886e+02
2.418951640843275470e+02 2.249347572273655658e+02
2.427455699566162934e+02 2.244409714786825703e+02
2.435979973637776936e+02 2.239476799713681601e+02
2.444527392834079365e+02 2.234550714986770288e+02
2.453100331776036285e+02 2.229633815514778803e+02
2.461701532299343000e+02 2.224728321957398691e+02
2.470333772618089085e+02 2.219836850024772730e+02
2.478999567000617503e+02 2.214962587616698784e+02
2.487701835242648940e+02 2.210108429118103857e+02
2.496443069583500574e+02 2.205277547023280817e+02
2.505226302405843910e+02 2.200472341957516846e+02
2.514054270386938867e+02 2.195695006082355860e+02
2.522928259160792663e+02 2.190948746577275017e+02
2.531849611104175608e+02 2.186236682936566638e+02
2.540819450786428888e+02 2.181561979135127842e+02
2.549838750161182190e+02 2.176928132421349744e+02
2.558908609395865597e+02 2.172338960339113783e+02
2.568029940757477334e+02 2.167798753157783267e+02
2.577203560465387113e+02 2.163311806197892508e+02
2.586430059430711594e+02 2.158882389560661466e+02
2.595710030591178565e+02 2.154515009476553189e+02
2.605043745545405045e+02 2.150214296747218441e+02
2.614431551953055077e+02 2.145985081562879202e+02
2.623873561525859941e+02 2.141832236019071161e+02
2.633369588682064659e+02 2.137760599343392300e+02
2.642919681189524113e+02 2.133775079398803314e+02
2.652523105438117454e+02 2.129880289210937292e+02
2.662179522229578765e+02 2.126080824427107530e+02
2.671888221283298321e+02 2.122381327027047462e+02
2.681648178219462011e+02 2.118786397671914017e+02
2.691458814338045613e+02 2.115300511920524116e+02
2.701318445796322294e+02 2.111927415816011830e+02
2.711226038705866586e+02 2.108670699191229971e+02
2.721180234195857679e+02 2.105534004401682182e+02
2.731179193744617351e+02 2.102520915786842863e+02
2.741221715232413771e+02 2.099634367288122405e+02
2.751305506228808326e+02 2.096875362687052871e+02
2.761428615334705228e+02 2.094244519893400991e+02
2.771589553977439095e+02 2.091742521373896579e+02
2.781785736182000051e+02 2.089369976451477839e+02
2.792015503139761563e+02 2.087127302107943478e+02
2.802277301745594968e+02 2.085014615563064808e+02
2.812568509724619616e+02 2.083031885977538877e+02
2.822887564906826583e+02 2.081179078297459455e+02
2.833232857374691775e+02 2.079456214886882890e+02
2.843602176543390101e+02 2.077863127499607856e+02
2.853993717927570515e+02 2.076399373349574091e+02
2.864405815427213042e+02 2.075064500663143292e+02
2.874836944815719448e+02 2.073858099700111097e+02
2.885285001628710120e+02 2.072779690935985570e+02
2.895748402655235623e+02 2.071828733907370577e+02
2.906225579111311390e+02 2.071004595195128957e+02
2.916714925716905782e+02 2.070306635025407047e+02
2.927214872518414950e+02 2.069734217436957238e+02
2.937723976256152127e+02 2.069286730763950573e+02
2.948240556058329958e+02 2.068963521296719250e+02
2.958763180005213371e+02 2.068763945794458436e+02
2.969290451930179984e+02 2.068687377808967085e+02
2.979820960843073863e+02 2.068733198696660054e+02
2.990353323402512729e+02 2.068900802540392192e+02
3.000886177873085785e+02 2.069189650148087196e+02
3.011418238878760008e+02 2.069599288581309224e+02
3.021948216912917928e+02 2.070129286013346359e+02
3.032474611249996315e+02 2.070779169687126569e+02
3.042996235333307027e+02 2.071548533216143255e+02
3.053511801294731640e+02 2.072437087523473167e+02
3.064020182464136610e+02 2.073444706264448598e+02
3.074520108478380394e+02 2.074571269987436324e+02
3.085009832211616185e+02 2.075816532324808747e+02
3.095488721709140236e+02 2.077180539739679546e+02
3.105955099627115032e+02 2.078663319939298617e+02
3.116407676245884204e+02 2.080265111317297624e+02
3.126845268226086318e+02 2.081986223199782842e+02
3.137266444566246264e+02 2.083826934870184573e+02
3.147669586160627091e+02 2.085787493714580023e+02
3.158053910656064431e+02 2.087868678501895658e+02
3.168417265316070939e+02 2.090071062374070436e+02
3.178758328327847948e+02 2.092395447935483901e+02
3.189075621167491477e+02 2.094842653074824739e+02
3.199367511914205124e+02 2.097413531458472846e+02
3.209632242176755312e+02 2.100109273180932803e+02
3.219867951766974556e+02 2.102931244418390122e+02
3.230072711543951414e+02 2.105880827277708249e+02
3.240244520092031735e+02 2.108959417847788131e+02
3.250381573570730325e+02 2.112168420022986481e+02
3.260481849912305279e+02 2.115508346774786332e+02
3.270543211562108468e+02 2.118979304147989922e+02
3.280564688427340343e+02 2.122581955715842241e+02
3.290543305643720373e+02 2.126316203544903942e+02
3.300477735802043071e+02 2.130182652932811607e+02
3.310366091243826077e+02 2.134181962062523610e+02
3.320205628750751430e+02 2.138314484649657459e+02
3.329994457044207934e+02 2.142580986711621165e+02
3.339730230396220918e+02 2.146982130469584433e+02
3.349410631209237295e+02 2.151518663962988285e+02
3.359033239600391880e+02 2.156191355432794978e+02
3.368595016219152853e+02 2.161000690826358834e+02
3.378093975843634098e+02 2.165947809644438564e+02
3.387526612061949436e+02 2.171033147179626610e+02
3.396890726120387853e+02 2.176257883997389229e+02
3.406182840774479246e+02 2.181622416992861986e+02
3.415399990535309485e+02 2.187127441083429176e+02
3.424538983214618497e+02 2.192773653684397743e+02
3.433596742899546257e+02 2.198562001170414248e+02
3.442569108888213236e+02 2.204492703012541028e+02
3.451453125316381261e+02 2.210566497213915795e+02
3.460244769412379355e+02 2.216783529595975608e+02
3.468940473432254521e+02 2.223144402943971443e+02
3.477536072848449180e+02 2.229649504218569973e+02
3.486027279945599275e+02 2.236299064944572876e+02
3.494409805201818813e+02 2.243092965050475414e+02
3.502679412420351923e+02 2.250031261103520421e+02
3.510831377612836377e+02 2.257113841180328109e+02
3.518860990505547761e+02 2.264340854207564178e+02
3.526762821952593185e+02 2.271711744653240430e+02
3.534532158806862299e+02 2.279226311983337041e+02
3.542163172295994968e+02 2.286883481592170142e+02
3.549650642794018722e+02 2.294683025358746420e+02
3.556988277075951714e+02 2.302623946614864394e+02
3.564170042866438735e+02 2.310705477080056767e+02
3.571189505154626431e+02 2.318926247060476840e+02
3.578040192281928853e+02 2.327285142439316701e+02
3.584714799663329927e+02 2.335780288249245018e+02
3.591206235432713356e+02 2.344410363894262446e+02
3.597506734703314919e+02 2.353173311055315935e+02
3.603608361337406905e+02 2.362066686362767882e+02
3.609503112577089610e+02 2.371088271831847294e+02
3.615182247152005175e+02 2.380234856814566911e+02
3.620637080135161909e+02 2.389503409181933762e+02
3.625858494340212133e+02 2.398890141806179201e+02
3.630837363468380090e+02 2.408391301822919104e+02
3.635564088331474295e+02 2.418001727000942651e+02
3.640029417147782738e+02 2.427716581043260078e+02
3.644223851803740786e+02 2.437530029248063386e+02
3.648137048203117274e+02 2.447436240095208007e+02
3.651757893017240235e+02 2.457429348273179812e+02
3.655075498996254169e+02 2.467502051097109756e+02
3.658079615115247520e+02 2.477646590390914128e+02
3.660760604043111357e+02 2.487854145425974934e+02
3.663109595452748408e+02 2.498115054156513111e+02
3.665118728723721802e+02 2.508418909685349263e+02
3.666781599323820728e+02 2.518754369840617073e+02
3.668096556806365811e+02 2.529105266178148952e+02
3.669068433493283123e+02 2.539455990657423001e+02
3.669704657454375365e+02 2.549796092526355551e+02
3.670013812857858966e+02 2.560116103266158802e+02
3.670005493301898127e+02 2.570407537502750301e+02
3.669690095799617779e+02 2.580662926322196427e+02
3.669078612555696282e+02 2.590875817401170593e+02
3.668182379381233886e+02 2.601040746951402411e+02
3.667012801780531959e+02 2.611153231557135541e+02
3.665581470831208435e+02 2.621209549342974583e+02
3.663899779395837299e+02 2.631206852457818854e+02
3.661978993626563010e+02 2.641142929798760406e+02
3.659830136341275306e+02 2.651016206048338972e+02
3.657463863111063915e+02 2.660825669552381783e+02
3.654890421483574983e+02 2.670570771198289322e+02
3.652119635632845984e+02 2.680251353194034323e+02
3.649160962526147500e+02 2.689867603656533674e+02
3.646023461465007927e+02 2.699420020913723874e+02
3.642715552182657461e+02 2.708909310895977001e+02
3.639245432949243195e+02 2.718336396732804019e+02
3.635620775021930626e+02 2.727702368132078732e+02
3.631848758888937709e+02 2.737008409735865371e+02
3.627936348976859904e+02 2.746255856539428351e+02
3.623889925495438433e+02 2.755446080172106349e+02
3.619715595122014520e+02 2.764580520967544999e+02
3.615419083892992944e+02 2.773660660765623334e+02
3.611005858680297251e+02 2.782688031135235747e+02
3.606480892786758545e+02 2.791664130265865538e+02
3.601849023010241240e+02 2.800590487880548380e+02
3.597114711520971468e+02 2.809468627363690416e+02
3.592282190052574720e+02 2.818300058107487871e+02
3.587355326386985439e+02 2.827086247828174805e+02
3.582337927071484955e+02 2.835828647258280739e+02
3.577233357082852763e+02 2.844528683702304761e+02
3.572044891188275528e+02 2.853187724046927656e+02
3.566775577211052450e+02 2.861807125402117435e+02
3.561428231288821280e+02 2.870388186228400969e+02
3.556005526463624733e+02 2.878932119275270338e+02
3.550509775082491046e+02 2.887440119694049940e+02
3.544943362143422405e+02 2.895913276583791003e+02
3.539308355502229233e+02 2.904352711442487021e+02
3.533605965073247717e+02 2.912758824274172866e+02
3.527835777828708501e+02 2.921130680560389123e+02
3.521997175865868144e+02 2.929467064978830990e+02
3.516089454460457091e+02 2.937766645675750965e+02
3.510111924332579747e+02 2.946027932932532281e+02
3.504063895441858563e+02 2.954249316303209980e+02
3.497944669767212531e+02 2.962429076118048101e+02
3.491753467754549547e+02 2.970565411867320904e+02
3.485489553326953569e+02 2.978656379410452928e+02
3.479152196648714153e+02 2.986699942663223055e+02
3.472740723566661245e+02 2.994694025152922450e+02
3.466254532360243275e+02 3.002636533590613226e+02
3.459692904152641972e+02 3.010525347940695724e+02
3.453055327084852024e+02 3.018358151726017127e+02
3.446341133850848450e+02 3.026132671828788716e+02
3.439549930861730900e+02 3.033846581133861946e+02
3.432681155288071295e+02 3.041497767126317626e+02
3.425734617667075099e+02 3.049083841560600376e+02
3.418709931539293621e+02 3.056602519003919269e+02
3.411606740838059864e+02 3.064051439253644844e+02
3.404424862980833382e+02 3.071428321783080264e+02
3.397164249275785437e+02 3.078730986768723596e+02
3.389824750124298021e+02 3.085957266261005429e+02
3.382406447328606873e+02 3.093104825667653017e+02
3.374909370543248883e+02 3.100171375980161201e+02
3.367333394068753591e+02 3.107154858185709827e+02
3.359678962784280429e+02 3.114053020377594407e+02
3.351946105205961430e+02 3.120863840398121170e+02
3.344135260924063573e+02 3.127585039752952412e+02
3.336246286271135091e+02 3.134214621553840630e+02
3.328279928719510394e+02 3.140750170812960960e+02
3.320236305467362286e+02 3.147189694367241941e+02
3.312115774577636103e+02 3.153531004475040049e+02
3.303918633363944650e+02 3.159771916663719935e+02
3.295645442071088951e+02 3.165910094083498052e+02
3.287296466023648804e+02 3.171943219504107674e+02
3.278872027744138222e+02 3.177868843037608713e+02
3.270372488855060169e+02 3.183684478674682055e+02
3.261798222726290533e+02 3.189387618700124563e+02
3.253149556633312045e+02 3.194975696959205038e+02
3.244426882423742313e+02 3.200445722189443813e+02
3.235630342361896510e+02 3.205794650475292542e+02
3.226760192140614549e+02 3.211019361415353046e+02
3.217816618142738321e+02 3.216116736655284285e+02
3.208799998244139147e+02 3.221083425127437749e+02
3.199710494997585783e+02 3.225915440877635660e+02
3.190547775687958847e+02 3.230608705148349031e+02
3.181312079679751150e+02 3.235158871639039262e+02
3.172003580985665963e+02 3.239561651032643681e+02
3.162622685182957980e+02 3.243813629100964704e+02
3.153172685989744082e+02 3.247915010881136482e+02
3.143656516497661642e+02 3.251867505544059327e+02
3.134078047706175880e+02 3.255672496016848640e+02
3.124440177689983784e+02 3.259331741410862264e+02
3.114746519611886129e+02 3.262846907291327057e+02
3.105000500931452621e+02 3.266220369348454255e+02
3.095205500839680326e+02 3.269454630886445443e+02
3.085365242859443242e+02 3.272552146812823253e+02
3.075482816856816157e+02 3.275515572888258475e+02
3.065561753317588227e+02 3.278347749004825573e+02
3.055605866753892883e+02 3.281052475315233892e+02
3.045618723461918762e+02 3.283633800714778204e+02
3.035603938712542345e+02 3.286095761517053688e+02
3.025565116313343879e+02 3.288442469071308096e+02
3.015505692449657431e+02 3.290678440923650783e+02
3.005429326885156911e+02 3.292808986878887936e+02
2.995339760422556878e+02 3.294839603302515911e+02
2.985240461391174449e+02 3.296775883249526942e+02
2.975134752851377584e+02 3.298623458488578422e+02
2.965025853504148472e+02 3.300388120927806312e+02
2.954916989523397888e+02 3.302076019551514037e+02
2.944811204405824583e+02 3.303693416617679190e+02
2.934711359113359208e+02 3.305246609174965329e+02
2.924620150977792719e+02 3.306741938480838030e+02
2.914540039934785227e+02 3.308185540227518686e+02
2.904473171106531595e+02 3.309583371425136420e+02
2.894421547291481147e+02 3.310941331324962675e+02
2.884386963874334810e+02 3.312265406324190167e+02
2.874370676929420938e+02 3.313562180534680692e+02
2.864373581117637855e+02 3.314838113998806648e+02
2.854396395415566872e+02 3.316099012814945013e+02
2.844439801637518599e+02 3.317350562996606982e+02
2.834504304409920792e+02 3.318598464575874232e+02
2.824590343364662886e+02 3.319848334515120314e+02
2.814697894325489642e+02 3.321105437148431179e+02
2.804826833103396666e+02 3.322374399956972866e+02
2.794976912007917349e+02 3.323659796690882899e+02
2.785147860524684233e+02 3.324966117864944408e+02
2.775339033543825735e+02 3.326297975273751604e+02
2.765549851452298640e+02 3.327659749368737607e+02
2.755779648335699221e+02 3.329055617801922153e+02
2.746027647660199023e+02 3.330489709526934803e+02
2.736292673344241848e+02 3.331966289367858849e+02
2.726573877739128307e+02 3.333489468578716242e+02
2.716870347110119042e+02 3.335063801743436329e+02
2.707180683241605834e+02 3.336694424260592200e+02
2.697504000500380243e+02 3.338386222873586462e+02
2.687838874180898756e+02 3.340144174936204990e+02
2.678183679128187009e+02 3.341972857816903115e+02
2.668536319297631962e+02 3.343871671611565830e+02
2.658893432582698892e+02 3.345836971135159388e+02
2.649252751648866138e+02 3.347864626201314309e+02
2.639611017143345748e+02 3.349950814816382376e+02
2.629966164282870409e+02 3.352091294040775438e+02
2.620315237349307722e+02 3.354282166758863468e+02
2.610656172455321098e+02 3.356519285718848096e+02
2.600986540383517536e+02 3.358798555549962543e+02
2.591304088155014256e+02 3.361115834387628638e+02
2.581606852245851087e+02 3.363466721070346352e+02
2.571892616110808376e+02 3.365846078953679807e+02
2.562159362828277835e+02 3.368248363388096891e+02
2.552405252791733687e+02 3.370667938879037706e+02
2.542628517787187548e+02 3.373099117384974761e+02
2.532827516121838869e+02 3.375535950817754838e+02
2.523000626896607628e+02 3.377971339354171505e+02
2.513146417007875186e+02 3.380397703136688961e+02
2.503263625230590321e+02 3.382807398592580626e+02
2.493351156661814798e+02 3.385192729601901078e+02
2.483408093029388795e+02 3.387545775733309483e+02
2.473433674660466295e+02 3.389857858809575646e+02
2.463427362248571058e+02 3.392120036728414902e+02
2.453388832751326731e+02 3.394323314587128948e+02
2.443317967649039133e+02 3.396458630338389639e+02
2.433214861583086872e+02 3.398516922785029806e+02
2.423079942779105806e+02 3.400489412226538661e+02
2.412913612813960640e+02 3.402367180934713247e+02
2.402716885647879224e+02 3.404141457181449368e+02
2.392490522249021296e+02 3.405803237717103684e+02
2.382236028433635227e+02 3.407344019651776534e+02
2.371954712463511044e+02 3.408756311156462289e+02
2.361648178186125335e+02 3.410032808904698527e+02
2.351318211886993765e+02 3.411166163834066083e+02
2.340966998865742994e+02 3.412149071948913956e+02
2.330596688810277897e+02 3.412974682675968552e+02
2.320209502873249505e+02 3.413637427507646862e+02
2.309808049028129062e+02 3.414131994059955559e+02
2.299394970113988563e+02 3.414453029933242192e+02
2.288973027832523144e+02 3.414595129890700491e+02
2.278545094768222441e+02 3.414553238481607877e+02
2.268114546059786392e+02 3.414323283772311584e+02
2.257684330397474923e+02 3.413901126839847961e+02
2.247257821737962331e+02 3.413282631871176704e+02
2.236838857489636894e+02 3.412463754134002443e+02
2.226431060411723308e+02 3.411440327530213494e+02
2.216038473018961383e+02 3.410208223465497781e+02
2.205665374260608189e+02 3.408763316724609354e+02
2.195316027005000592e+02 3.407101367286896334e+02
2.184995553947099438e+02 3.405218414530849032e+02
2.174708055070467765e+02 3.403113141390123246e+02
2.164457217246950052e+02 3.400788378840879886e+02
2.154246102615375378e+02 3.398246977033028315e+02
2.144078718878052143e+02 3.395492089785046232e+02
2.133958276467949702e+02 3.392526518879668629e+02
2.123888361534199305e+02 3.389352419274321164e+02
2.113873011781146261e+02 3.385971250355509028e+02
2.103916520242356967e+02 3.382384489717271094e+02
2.094022461059959426e+02 3.378593140111171351e+02
2.084195701315494489e+02 3.374598668883419350e+02
2.074440466340572868e+02 3.370402059687183964e+02
2.064761432526240412e+02 3.366004231610467627e+02
2.055163394307902536e+02 3.361406019663613165e+02
2.045651338205886987e+02 3.356608200298681481e+02
2.036230740080605983e+02 3.351611728316436256e+02
2.026906743699537401e+02 3.346417547100243723e+02
2.017684804018768716e+02 3.341026844623971215e+02
2.008570730944013292e+02 3.335440892465314278e+02
1.999570552505450678e+02 3.329660986958931517e+02
1.990690024930901814e+02 3.323688030907754865e+02
1.981935966764252726e+02 3.317524194375660045e+02
1.973314303500555127e+02 3.311171351181408227e+02
1.964831657578126851e+02 3.304631698313036736e+02
1.956494629851234777e+02 3.297907230888124559e+02
1.948310571271007916e+02 3.291000582190221735e+02
1.940286063247682478e+02 3.283914295670480215e+02
1.932428207024659628e+02 3.276651630833634385e+02
1.924744228236379513e+02 3.269216009722866261e+02
1.917241405167008566e+02 3.261610961149518744e+02
1.909926910088093734e+02 3.253839872113383080e+02
1.902808192811020547e+02 3.245907054916262382e+02
1.895892322786556008e+02 3.237816845109254587e+02
1.889186381709953082e+02 3.229573837108058001e+02
1.882697376908607509e+02 3.221183051280295331e+02
1.876431897092622023e+02 3.212649373101354513e+02
1.870396415793070162e+02 3.203978104169685821e+02
1.864596974119471327e+02 3.195174823228871901e+02
1.859039022132220680e+02 3.186245234264848705e+02
1.853727365849721878e+02 3.177195357664435846e+02
1.848665990616346164e+02 3.168030984320987500e+02
1.843858085678294287e+02 3.158758502828209203e+02
1.839305749918443098e+02 3.149383663847901857e+02
1.835010073558622139e+02 3.139912755801624371e+02
1.830970853733844876e+02 3.130351484721718407e+02
