1.844433167715055788e+02 3.113190482205243370e+02
1.840259431783342166e+02 3.104437792597466341e+02
1.836234551738867538e+02 3.095570578724805273e+02
1.832360799965784111e+02 3.086582628026308157e+02
1.828641405889850375e+02 3.077470292778278349e+02
1.825079649460162159e+02 3.068231230619864505e+02
1.821679148905754460e+02 3.058864628398298464e+02
1.818443611347938713e+02 3.049370885588293731e+02
1.815376723415476761e+02 3.039751573142976895e+02
1.812482087810551548e+02 3.030009347290188089e+02
1.809763308507530724e+02 3.020147772180437755e+02
1.807224271207385868e+02 3.010171240573628211e+02
1.804870206195539311e+02 3.000084762660652586e+02
1.802706365350581450e+02 2.989894189315073163e+02
1.800737778074429229e+02 2.979606092345065349e+02
1.798969394998526354e+02 2.969227467150387838e+02
1.797406055596942736e+02 2.958765983506062298e+02
1.796052815403796217e+02 2.948229554409061848e+02
1.794914552382366253e+02 2.937626641568226091e+02
1.793995982327573131e+02 2.926965976049186224e+02
1.793301830976752456e+02 2.916256266395216130e+02
1.792835983050846664e+02 2.905506853788450030e+02
1.792601376151849877e+02 2.894726674353010480e+02
1.792600825314806912e+02 2.883924672187341116e+02
1.792837055923053811e+02 2.873109937026771945e+02
1.793312638888552328e+02 2.862291698838834577e+02
1.794029048376340825e+02 2.851478584099485261e+02
1.794986024662431703e+02 2.840678765898733218e+02
1.796183125910958722e+02 2.829900354564278473e+02
1.797619920208086342e+02 2.819151279498818781e+02
1.799296360474767198e+02 2.808438623012210087e+02
1.801210495476732660e+02 2.797770363061344483e+02
1.803359564811820235e+02 2.787152259301357731e+02
1.805740576601946259e+02 2.776590463244358489e+02
1.808350619092207694e+02 2.766090889953096053e+02
1.811186836119280770e+02 2.755659216499606714e+02
1.814246156137065498e+02 2.745299962464467285e+02
1.817524019859838518e+02 2.735018649388379117e+02
1.821016905121376510e+02 2.724818784340720299e+02
1.824720936988765914e+02 2.714704687186970773e+02
1.828632298482611986e+02 2.704680509046528982e+02
1.832747681851147377e+02 2.694749770041392480e+02
1.837063780342956534e+02 2.684916235545334757e+02
1.841577209565389239e+02 2.675183757285794286e+02
1.846285215039854108e+02 2.665555277226779936e+02
1.851184547019583420e+02 2.656034724753322962e+02
1.856273994189336065e+02 2.646625386221361396e+02
1.861552207721113064e+02 2.637332414433320764e+02
1.867018632400618117e+02 2.628159816542660110e+02
1.872672459758106527e+02 2.619112074396058460e+02
1.878512659196186974e+02 2.610193532596053956e+02
1.884535911315034014e+02 2.601407047242024646e+02
1.890737836958635114e+02 2.592754300972249553e+02
1.897113807001337307e+02 2.584237271176645550e+02
1.903659308689262559e+02 2.575857717797883311e+02
1.910370699146170637e+02 2.567616685606612918e+02
1.917244336565931064e+02 2.559517243738329455e+02
1.924278117087195881e+02 2.551561546082322138e+02
1.931469720209897503e+02 2.543752137215375058e+02
1.938816375486596257e+02 2.536092020581507143e+02
1.946315872179442010e+02 2.528583523509591657e+02
1.953965719635071423e+02 2.521229172582131639e+02
1.961763405340016106e+02 2.514031453123535016e+02
1.969706425362430195e+02 2.506992837773472047e+02
1.977792280766976774e+02 2.500115789331829319e+02
1.986018215480531808e+02 2.493402531386179533e+02
1.994380354949071261e+02 2.486853947132707674e+02
2.002873823016589370e+02 2.480471024724595850e+02
2.011494343995593397e+02 2.474254124351098483e+02
2.020237876255953040e+02 2.468203508459122872e+02
2.029098930427614107e+02 2.462319572689491167e+02
2.038070876363709090e+02 2.456599481838166241e+02
2.047145612766896079e+02 2.451040507808777136e+02
2.056316141965181714e+02 2.445639034990196876e+02
2.065574665082415322e+02 2.440391988396805516e+02
2.074913581899411383e+02 2.435294905446192217e+02
2.084323081799043962e+02 2.430341137648710799e+02
2.093792912669205748e+02 2.425523405187874459e+02
2.103313365947859097e+02 2.420833994658984238e+02
2.112874906133197328e+02 2.416265041324594733e+02
2.122468026555238225e+02 2.411808163016391688e+02
2.132082773978690682e+02 2.407453961959227513e+02
2.141709402410712073e+02 2.403192622128458709e+02
2.151338504086914440e+02 2.399014081007560151e+02
2.160960993606026932e+02 2.394908033532645106e+02
2.170568601939518771e+02 2.390864505890734790e+02
2.180154441394544733e+02 2.386874589897108763e+02
2.189712047607703482e+02 2.382929365870854781e+02
2.199235237854423133e+02 2.379019735898563965e+02
2.208718126753110198e+02 2.375136439764252145e+02
2.218156053555950677e+02 2.371271353745229931e+02
2.227546434026139934e+02 2.367418416229230047e+02
2.236886998351335762e+02 2.363571781664966807e+02
2.246175644769813573e+02 2.359725555488071791e+02
2.255410488257735437e+02 2.355873786473240443e+02
2.264590719047127720e+02 2.352011719981857425e+02
2.273716878291291437e+02 2.348136622692248636e+02
2.282790034322063377e+02 2.344245609554057523e+02
2.291811082473894317e+02 2.340336013160553250e+02
2.300781060744710942e+02 2.336405262852530029e+02
2.309702657538420567e+02 2.332453564544333631e+02
2.318581029979000903e+02 2.328484168504899685e+02
2.327421128716447640e+02 2.324500820010651978e+02
2.336227616614814053e+02 2.320507553740513629e+02
2.345004949113592545e+02 2.316508610289394028e+02
2.353757771209504028e+02 2.312507060066092492e+02
2.362489348374601548e+02 2.308505939251213022e+02
2.371202776041785398e+02 2.304508479203470870e+02
2.379902147371493584e+02 2.300517213329891888e+02
2.388590385893277528e+02 2.296535424396590770e+02
2.397269872594548588e+02 2.292565984366407292e+02
2.405943873655978962e+02 2.288610414377686482e+02
2.414614384484700338e+02 2.284671024639088159e+02
2.423283297500113633e+02 2.280750314201222864e+02
2.431953793657487211e+02 2.276849922773741923e+02
2.440627175759850616e+02 2.272971846081799470e+02
2.449305010472072013e+02 2.269117475956737735e+02
2.457989623917947313e+02 2.265287744051246079e+02
2.466681967340878714e+02 2.261484398204511876e+02
2.475383957639763253e+02 2.257708672733281787e+02
2.484097234651378869e+02 2.253961356387979436e+02
2.492822325328031354e+02 2.250243565315429919e+02
2.501561375576356170e+02 2.246555610290125458e+02
2.510315427611943448e+02 2.242898340168352433e+02
2.519088849903784819e+02 2.239270692023197853e+02
2.527887028442361554e+02 2.235670049642411072e+02
2.536709802158731009e+02 2.232095868011670348e+02
2.545558045281323984e+02 2.228547181623549989e+02
2.554432424307991880e+02 2.225023092776206681e+02
2.563332616621074749e+02 2.221523200217541216e+02
2.572260139801882701e+02 2.218046174712262939e+02
2.581214670352176199e+02 2.214591391891164847e+02
2.590196791659258793e+02 2.211157948831483395e+02
2.599207338650887777e+02 2.207744818789699082e+02
2.608246007473976533e+02 2.204351514025568974e+02
2.617314180986198835e+02 2.200977049127845646e+02
2.626411803107541232e+02 2.197621013785505966e+02
2.635539466710100669e+02 2.194282844932187402e+02
2.644698052843864957e+02 2.190961853858509016e+02
2.653887436990308970e+02 2.187657880867163271e+02
2.663109011869586880e+02 2.184370696316431406e+02
2.672362911926327911e+02 2.181100611663463837e+02
2.681649844823866715e+02 2.177847826403216800e+02
2.690970682034588322e+02 2.174612458081918760e+02
2.700325532476816193e+02 2.171395151565893968e+02
2.709715669189089908e+02 2.168196891447170458e+02
2.719141430225691352e+02 2.165019104383079593e+02
2.728603440940065639e+02 2.161863204225952870e+02
2.738102542558568189e+02 2.158730498035442054e+02
2.747639013086475757e+02 2.155623067720663357e+02
2.757213792589577110e+02 2.152544322453042867e+02
2.766827456678540216e+02 2.149498006402929775e+02
2.776480321006550298e+02 2.146488026490931702e+02
2.786173026309682541e+02 2.143518115111742190e+02
2.795905741103036917e+02 2.140592466388490891e+02
2.805678616955019038e+02 2.137716118406941348e+02
2.815491881467652320e+02 2.134894064495888699e+02
2.825345392174535846e+02 2.132131415608980944e+02
2.835238937482391179e+02 2.129433352850666950e+02
2.845172199028976934e+02 2.126805112925153196e+02
2.855144675339964238e+02 2.124252171938186109e+02
2.865155730988878418e+02 2.121780068482775903e+02
2.875204616571054430e+02 2.119394395820052921e+02
2.885290352704856787e+02 2.117100681037948107e+02
2.895411862251262960e+02 2.114904252959222504e+02
2.905567942639098646e+02 2.112810112259477364e+02
2.915757251806651311e+02 2.110823234508779933e+02
2.925978319263164167e+02 2.108948598285722653e+02
2.936229579398907390e+02 2.107191185992205931e+02
2.946509270820276924e+02 2.105555394059894638e+02
2.956815629048625169e+02 2.104044917662265277e+02
2.967146809643159031e+02 2.102663412029621952e+02
2.977500862860562165e+02 2.101414529306707095e+02
2.987875750479975636e+02 2.100301891228086220e+02
2.998269403940302027e+02 2.099328416138754108e+02
3.008679786599916497e+02 2.098496285237868619e+02
3.019104808403138804e+02 2.097807647060562886e+02
3.029542198435339628e+02 2.097264603390450191e+02
3.039989803713672245e+02 2.096869252767078535e+02
3.050445442007722363e+02 2.096623064575698550e+02
3.060907076579039199e+02 2.096526996518637418e+02
3.071372566723912314e+02 2.096581982659239998e+02
3.081839426012182912e+02 2.096788838557223187e+02
3.092305894625976066e+02 2.097148564700188160e+02
3.102769566530626548e+02 2.097661635409339738e+02
3.113228349778013921e+02 2.098328304228717798e+02
3.123680235769726323e+02 2.099148869058930416e+02
3.134123038005774333e+02 2.100123597569336482e+02
3.144554426560737284e+02 2.101252696688285937e+02
3.154972755805758879e+02 2.102536575792104259e+02
3.165375365358145814e+02 2.103975323338056285e+02
3.175760241966115132e+02 2.105569206205450712e+02
3.186125263092183673e+02 2.107318504225824256e+02
3.196468192109995243e+02 2.109223525098524021e+02
3.206786691929270319e+02 2.111284863693260831e+02
3.217078345549072083e+02 2.113503262941696335e+02
3.227340683691080585e+02 2.115879474863127427e+02
3.237571181017781328e+02 2.118414258907084786e+02
3.247767534637912945e+02 2.121108216959655408e+02
3.257927603844080409e+02 2.123960068254107512e+02
3.268049336887319214e+02 2.126967724519089415e+02
3.278131766122659201e+02 2.130129617750821467e+02
3.288172241171769770e+02 2.133443511121707274e+02
3.298169595446121889e+02 2.136907900496169930e+02
3.308122083054731206e+02 2.140521800809528941e+02
3.318027190127767767e+02 2.144284110917837722e+02
3.327883208478125994e+02 2.148194121685879452e+02
3.337688069628995322e+02 2.152251050031326542e+02
3.347439756136529354e+02 2.156454268085813908e+02
3.357136105938449191e+02 2.160803429947385155e+02
3.366774398522217098e+02 2.165298008572214883e+02
3.376352917544433581e+02 2.169938109286137546e+02
3.385868580953202240e+02 2.174723199835883634e+02
3.395319536932177584e+02 2.179653513982982815e+02
3.404702714664583709e+02 2.184728718443744810e+02
3.414015535969584789e+02 2.189948815802409854e+02
3.423255242671027645e+02 2.195313838723331230e+02
3.432419221807887766e+02 2.200824089622733197e+02
3.441503850944880583e+02 2.206479231407619750e+02
3.450506647111132565e+02 2.212279538242153478e+02
3.459424133241172967e+02 2.218224764217975178e+02
3.468253303768715909e+02 2.224315144425470976e+02
3.476990614075421604e+02 2.230550748272276564e+02
3.485632424193080396e+02 2.236931559138185719e+02
3.494175099110839255e+02 2.243457313640149664e+02
3.502615091442015114e+02 2.250127984746013396e+02
3.510948412805681755e+02 2.256943438431702589e+02
3.519171134193772446e+02 2.263903868481222901e+02
3.527278634063273444e+02 2.271008851601950482e+02
3.535267035587065152e+02 2.278258441936368683e+02
3.543131364579701312e+02 2.285651894109422528e+02
3.550867325900266565e+02 2.293189425910814236e+02
3.558469561991294654e+02 2.300870568733237747e+02
3.565933025246754369e+02 2.308695226285387321e+02
3.573252265223919721e+02 2.316662830076057276e+02
3.580421849464223669e+02 2.324773229402088361e+02
3.587435480945060249e+02 2.333025609623108494e+02
3.594287155678733825e+02 2.341419932194014848e+02
3.600970151906324759e+02 2.349955552779180721e+02
3.607477556302118273e+02 2.358631619624784435e+02
3.613802429383963499e+02 2.367447771447163802e+02
3.619936956785431335e+02 2.376402749113944992e+02
3.625873398927789140e+02 2.385495774569602645e+02
3.631603453558829528e+02 2.394725454933011690e+02
3.637118797922101976e+02 2.404090764593211986e+02
3.642410320108844530e+02 2.413589235642040762e+02
3.647469255665861283e+02 2.423219181282896386e+02
3.652286233700695561e+02 2.432977983223348986e+02
3.656849814459264394e+02 2.442863703640031474e+02
3.661146587343047258e+02 2.452874914008270366e+02
3.665162761309263146e+02 2.463008285567566986e+02
3.668884862144021213e+02 2.473259988140753762e+02
3.672299535370454464e+02 2.483624640439271900e+02
3.675393758701268894e+02 2.494095488195816017e+02
3.678155137266459747e+02 2.504664432320917911e+02
3.680572333890264645e+02 2.515321456921314507e+02
3.682637372959368349e+02 2.526045291661839087e+02
3.684349301791445441e+02 2.536813139278828544e+02
3.685711551559881514e+02 2.547611998029263418e+02
3.686729052925912811e+02 2.558429452661169421e+02
3.687408092687387580e+02 2.569253702760483975e+02
3.687756128947352181e+02 2.580073690185829491e+02
3.687781590751350222e+02 2.590879183881627341e+02
3.687493640371183687e+02 2.601660831217340615e+02
3.686901851075855348e+02 2.612410496174348964e+02
3.686016306053720086e+02 2.623120410164411851e+02
3.684847132493256368e+02 2.633784250879385240e+02
3.683404593855674989e+02 2.644396105127576675e+02
3.681698944170847767e+02 2.654950817071515417e+02
3.679740224208537711e+02 2.665444107982218611e+02
3.677538189980589891e+02 2.675872348754315908e+02
3.675102282229203183e+02 2.686232424286974378e+02
3.672441709362482811e+02 2.696521531351060617e+02
3.669565375008825754e+02 2.706737324780367544e+02
3.666481410171737707e+02 2.716878390809001189e+02
3.663198056424110973e+02 2.726942696533604362e+02
3.659722824714317539e+02 2.736929197769306938e+02
3.656062743614598389e+02 2.746837019765816876e+02
3.652224923708538427e+02 2.756664872064120004e+02
3.648215515482669389e+02 2.766412527333972093e+02
3.644040684133914851e+02 2.776079191031371920e+02
3.639706088111358326e+02 2.785664455819993464e+02
3.635217261695864863e+02 2.795167761702061284e+02
3.630578977442626751e+02 2.804589183527309046e+02
3.625796281915302188e+02 2.813928079554116835e+02
3.620873534858564540e+02 2.823184419037273756e+02
3.615815005404771796e+02 2.832357913998342838e+02
3.610624436054729358e+02 2.841448572418067329e+02
3.605305972233890088e+02 2.850455784740246372e+02
3.599862802523220466e+02 2.859379792350260345e+02
3.594298400533177755e+02 2.868220183667129959e+02
3.588615868413995713e+02 2.876976777010659703e+02
3.582818106882834854e+02 2.885649379891423791e+02
3.576908113180724627e+02 2.894237592271169888e+02
3.570888211343149123e+02 2.902741466697673900e+02
3.564761221674366425e+02 2.911160379882150551e+02
3.558529303602976483e+02 2.919494229718953875e+02
3.552194959186606411e+02 2.927742815710943205e+02
3.545761066721826182e+02 2.935906339063309929e+02
3.539230429847020218e+02 2.943985059508488575e+02
3.532605588507383914e+02 2.951979332616590455e+02
3.525889058647265415e+02 2.959889397372869553e+02
3.519083254394444680e+02 2.967715473259031000e+02
3.512190468151433151e+02 2.975457774116908922e+02
3.505212758086260578e+02 2.983116590057145459e+02
3.498152194805239219e+02 2.990692088756917997e+02
3.491010762770656015e+02 2.998184430636394495e+02
3.483790354252444672e+02 3.005593756712273716e+02
3.476492770340836955e+02 3.012920182811554355e+02
3.469119556378034304e+02 3.020163910395763196e+02
3.461672503510471870e+02 3.027324890848951213e+02
3.454153078775735821e+02 3.034403260686630688e+02
3.446562904282895943e+02 3.041398958368764056e+02
3.438903134861719195e+02 3.048312131012139048e+02
3.431175361996346851e+02 3.055142560825289024e+02
3.423380843703574783e+02 3.061890242862788796e+02
3.415520818402192731e+02 3.068555110349438451e+02
3.407596499871771130e+02 3.075137023182665530e+02
3.399609045677301538e+02 3.081635801478967096e+02
3.391559456211732595e+02 3.088051298661681017e+02
3.383448943602554095e+02 3.094383203044275206e+02
3.375278600857255924e+02 3.100631270376761108e+02
3.367049187341234529e+02 3.106795330765943390e+02
3.358761898516626161e+02 3.112874893645757197e+02
3.350417481760284772e+02 3.118869703434307894e+02
3.342017048643135126e+02 3.124779270575494934e+02
3.333561135948600054e+02 3.130603354752429368e+02
3.325050995849626929e+02 3.136341270284307825e+02
3.316487245905397572e+02 3.141992649014200083e+02
3.307870694930052764e+02 3.147556950503723101e+02
3.299202078044128257e+02 3.153033634408134276e+02
3.290482324643681977e+02 3.158422054915799322e+02
3.281712134707356086e+02 3.163721628189632611e+02
3.272892247621500132e+02 3.168931691475495427e+02
3.264023408503867358e+02 3.174051556579905764e+02
3.255106347504199107e+02 3.179080519039317778e+02
3.246141757212431571e+02 3.184017855405217574e+02
3.237130480089442131e+02 3.188862758447497754e+02
3.228073209363013234e+02 3.193614469538289313e+02
3.218970686323436325e+02 3.198272182726993833e+02
3.209823577812282451e+02 3.202835084639790466e+02
3.200632687595133916e+02 3.207302292553309258e+02
3.191398879426030817e+02 3.211672932444662933e+02
3.182122751201030155e+02 3.215946181979652465e+02
3.172805204705628057e+02 3.220121093364892317e+02
3.163447062831303924e+02 3.224196765712046044e+02
3.154049207657958505e+02 3.228172704124442021e+02
3.144613963771847693e+02 3.232050261147467722e+02
3.135143403798858799e+02 3.235831475944519298e+02
3.125640061051682892e+02 3.239518301354438563e+02
3.116105944177544984e+02 3.243112810696968609e+02
3.106543375365485531e+02 3.246617080993584068e+02
3.096954546793459713e+02 3.250033490226103368e+02
3.087341592229954017e+02 3.253364449522049995e+02
3.077706758474076310e+02 3.256612418375069069e+02
3.068051992854313994e+02 3.259779877087190698e+02
3.058379339736375186e+02 3.262869341139333415e+02
3.048690815704468946e+02 3.265883505228435411e+02
3.038988300022473368e+02 3.268825073719507941e+02
3.029273645436085189e+02 3.271696758603308126e+02
3.019548655466500691e+02 3.274501345999067325e+02
3.009815010145657652e+02 3.277241606916302885e+02
3.000074309510057446e+02 3.279920264220704667e+02
2.990328096597378931e+02 3.282540125362236836e+02
2.980577828228101680e+02 3.285104002966162966e+02
2.970824883940829864e+02 3.287614707503585123e+02
2.961070543276159697e+02 3.290074961369880384e+02
2.951315934161711425e+02 3.292487415822052981e+02
2.941562111589283290e+02 3.294854724413630720e+02
2.931810071212394178e+02 3.297179520662162986e+02
2.922060717873891349e+02 3.299464449477345624e+02
2.912314877729044156e+02 3.301711992166639789e+02
2.902573110885566621e+02 3.303924604469015662e+02
2.892836036908501001e+02 3.306104626508211481e+02
2.883104111445632611e+02 3.308254467396882319e+02
2.873377232178438589e+02 3.310377144145154489e+02
2.863655323624180937e+02 3.312475844867215073e+02
2.853938521427941168e+02 3.314553572763381339e+02
2.844227033674103495e+02 3.316613226964389582e+02
2.834520947693633275e+02 3.318657710732165924e+02
2.824820353983216137e+02 3.320689848305851228e+02
2.815125075787203173e+02 3.322712564843344580e+02
2.805435029916717440e+02 3.324728682068984540e+02
2.795750052112251751e+02 3.326740997238705404e+02
2.786069976087238729e+02 3.328752227307892326e+02
2.776394343569403986e+02 3.330765211446998819e+02
2.766722832591205474e+02 3.332782822890206376e+02
2.757055106750261757e+02 3.334807986279093370e+02
2.747390741432129744e+02 3.336843591753902274e+02
2.737729012248168488e+02 3.338892653068226082e+02
2.728069446051646878e+02 3.340958042418267269e+02
2.718411491009846372e+02 3.343042862124302133e+02
2.708754239735203555e+02 3.345150601112131312e+02
2.699097150658290047e+02 3.347284533016791670e+02
2.689439296668738848e+02 3.349448002858960081e+02
2.679779610814027251e+02 3.351644040943826326e+02
2.670116596135066516e+02 3.353871523542398450e+02
2.660447876056085761e+02 3.356126904972213083e+02
2.650771795228097858e+02 3.358406235703687912e+02
2.641086114401452392e+02 3.360705823319401588e+02
2.631389342419692525e+02 3.363021586186891341e+02
2.621679455836685975e+02 3.365349347252932830e+02
2.611954965342674200e+02 3.367684516806108945e+02
2.602214227703955203e+02 3.370022537787726833e+02
2.592455759867268625e+02 3.372358820098075398e+02
2.582678270805119496e+02 3.374688570077876193e+02
2.572880401492004125e+02 3.377006512646756278e+02
2.563060954769200066e+02 3.379307098441892094e+02
2.553218877907881108e+02 3.381584701391454928e+02
2.543353224568048745e+02 3.383833650700418616e+02
2.533463174869916372e+02 3.386048154853976371e+02
2.523548017862480322e+02 3.388222039670899903e+02
2.513607190485748788e+02 3.390348946328851980e+02
2.503640274437594826e+02 3.392422465234201923e+02
2.493647002716984673e+02 3.394436146000824124e+02
2.483627247345916658e+02 3.396383491034167150e+02
2.473581064872340392e+02 3.398258045824875353e+02
2.463508664738717187e+02 3.400053341519989658e+02
2.453410405875987124e+02 3.401762867955737306e+02
2.443286783203241157e+02 3.403380058131738224e+02
2.433138454756794431e+02 3.404898424965850836e+02
2.422966411099400830e+02 3.406312043333742281e+02
2.412771396394639680e+02 3.407614921257718379e+02
2.402554879974724145e+02 3.408801223190649239e+02
2.392317818157507077e+02 3.409864882636958328e+02
2.382062004299432090e+02 3.410800209065492936e+02
2.371788883983053324e+02 3.411602101276587860e+02
2.361500175187088928e+02 3.412265568192077581e+02
2.351197718920573720e+02 3.412785575261826807e+02
2.340883705542345012e+02 3.413157134470965843e+02
2.330560239392147537e+02 3.413375393874960650e+02
2.320229531110496737e+02 3.413435975020917112e+02
2.309894165511267374e+02 3.413334630246030770e+02
2.299556734431829170e+02 3.413067073695617069e+02
2.289219929450883626e+02 3.412628967009578673e+02
2.278886583790685734e+02 3.412015964216823818e+02
2.268560098441651860e+02 3.411223947678767559e+02
2.258243516157101851e+02 3.410248650629015401e+02
2.247940310677213347e+02 3.409085816959525914e+02
2.237654407080895282e+02 3.407731282808331912e+02
2.227389631395648451e+02 3.406180488701388072e+02
2.217150337335320955e+02 3.404428420032293729e+02
2.206941175673042608e+02 3.402470035186302653e+02
2.196766879469141145e+02 3.400300209492374393e+02
2.186633004658357606e+02 3.397914107638894166e+02
2.176544202100517964e+02 3.395309768651827085e+02
2.166504634407934020e+02 3.392489653543927375e+02
2.156517990521269326e+02 3.389456320710135060e+02
2.146588766651948674e+02 3.386212620396104285e+02
2.136720867338511596e+02 3.382761144331964829e+02
2.126918455511849970e+02 3.379104350825028860e+02
2.117185961442135635e+02 3.375244595107093915e+02
2.107528016554872181e+02 3.371184302445686285e+02
2.097948765347045423e+02 3.366925534843083483e+02
2.088453319090658056e+02 3.362470776871226690e+02
2.079046204655256247e+02 3.357822595844071998e+02
2.069732135018063843e+02 3.352983952012995132e+02
2.060515899877652259e+02 3.347957779005469661e+02
2.051402425605844826e+02 3.342746986245376775e+02
2.042396934345844102e+02 3.337354662433842805e+02
2.033504266342554274e+02 3.331784299753849723e+02
2.024729289110918842e+02 3.326039889686930451e+02
2.016077028735749082e+02 3.320125494766910492e+02
2.007552580299540068e+02 3.314045199016118772e+02
1.999160900824004443e+02 3.307802838865077319e+02
1.990907273724363620e+02 3.301403201827187104e+02
1.982796415016027822e+02 3.294851015666619674e+02
1.974833285016974855e+02 3.288151162944485009e+02
1.967022785285912505e+02 3.281308384374320326e+02
1.959369952352202517e+02 3.274327703566088985e+02
1.951879546748312464e+02 3.267213940152150826e+02
1.944556394286204579e+02 3.259972121590708412e+02
1.937405175323463311e+02 3.252607297875994732e+02
1.930430390738174253e+02 3.245124498374828477e+02
1.923636449847874985e+02 3.237528568235014745e+02
1.917027712926684728e+02 3.229824230077998664e+02
1.910608360459955577e+02 3.222015999823235575e+02
1.904382264838067726e+02 3.214108337437563137e+02
1.898352803909859006e+02 3.206105649064199383e+02
1.892523060383899463e+02 3.198012113981491780e+02
1.886895869701050117e+02 3.189831427880753267e+02
1.881473551593209663e+02 3.181566978494382170e+02
1.876257798581635825e+02 3.173221904040893264e+02
1.871249468754242287e+02 3.164798990796443263e+02
1.866448896920078653e+02 3.156300684099963405e+02
1.861855201146185550e+02 3.147728771992941006e+02
1.857467127401198184e+02 3.139084722825722338e+02
1.853282068873508308e+02 3.130369055911584724e+02
1.849296848138974667e+02 3.121581852588943775e+02
