1.799047805242130096e+02 3.132966456358685718e+02
1.794555909896232890e+02 3.122446864094217176e+02
1.790466153194786045e+02 3.111774829389620436e+02
1.786779048781711481e+02 3.100976935390667109e+02
1.783491070995584380e+02 3.090074184199900174e+02
1.780596949667722413e+02 3.079087646388992425e+02
1.778089560403985843e+02 3.068035986294365784e+02
1.775960567148308940e+02 3.056936828759447735e+02
1.774200563506340984e+02 3.045806588808395077e+02
1.772799263113383859e+02 3.034660264407310137e+02
1.771745812696710800e+02 3.023510837381211900e+02
1.771028984051205271e+02 3.012370799047430978e+02
1.770637451077073479e+02 3.001250362442368669e+02
1.770559843320925495e+02 2.990159215182924868e+02
1.770784778599264939e+02 2.979105910721582404e+02
1.771301134112562750e+02 2.968097375001573823e+02
1.772097966173994337e+02 2.957140301121120842e+02
1.773164776509337059e+02 2.946239942541926098e+02
1.774491338618075815e+02 2.935401300550134920e+02
1.776067785214493995e+02 2.924628563669580217e+02
1.777884819611481078e+02 2.913924852034010087e+02
1.779933324667494503e+02 2.903293695476887706e+02
1.782204758516750474e+02 2.892737525516420760e+02
1.784691027887770076e+02 2.882258414463479994e+02
1.787384390084494044e+02 2.871858279971478396e+02
1.790277398354066634e+02 2.861538878868257711e+02
1.793363122760294459e+02 2.851301368037014186e+02
1.796635000809353926e+02 2.841146838403817014e+02
1.800086736643650625e+02 2.831076343316361772e+02
1.803712334554249992e+02 2.821090741016844845e+02
1.807506443766630184e+02 2.811190192627054785e+02
1.811463392909152219e+02 2.801375971872824380e+02
1.815578343394399212e+02 2.791648053183355387e+02
1.819846505890492381e+02 2.782006899375793978e+02
1.824263311625931578e+02 2.772452892864175169e+02
1.828824404654879459e+02 2.762986341040033267e+02
1.833525943120777129e+02 2.753607117147536201e+02
1.838363669148580755e+02 2.744316001625484205e+02
1.843334153856485216e+02 2.735112669357631034e+02
1.848433831127176745e+02 2.725997402555145754e+02
1.853659250536420871e+02 2.716970448286295436e+02
1.859007289498826481e+02 2.708031771683534998e+02
1.864474851699214355e+02 2.699181518879153145e+02
1.870058866242573288e+02 2.690419914447210203e+02
1.875756691142820216e+02 2.681746826877808303e+02
1.881565436125494841e+02 2.673162590974181967e+02
1.887482725451047259e+02 2.664667020615695492e+02
1.893505771079354361e+02 2.656260507035170804e+02
1.899632247381472610e+02 2.647942968506245620e+02
1.905859800813796028e+02 2.639714528952231376e+02
1.912186088441008565e+02 2.631575268345324616e+02
1.918608121551814349e+02 2.623524796457415960e+02
1.925122679931715766e+02 2.615562367048776764e+02
1.931726502907761756e+02 2.607687328068616353e+02
1.938416428228658219e+02 2.599898939190383658e+02
1.945189640859447309e+02 2.592196261190979385e+02
1.952042861890280960e+02 2.584578580534466141e+02
1.958973196356224946e+02 2.577044787337749199e+02
1.965977771208085585e+02 2.569593883039667617e+02
1.973053628774435992e+02 2.562224914605570802e+02
1.980198054363319216e+02 2.554936755137525779e+02
1.987408275615674995e+02 2.547728257664433329e+02
1.994681566819641887e+02 2.540598220805061374e+02
2.002015279816141344e+02 2.533545415221059613e+02
2.009406842180937645e+02 2.526568585302627241e+02
2.016853751756278541e+02 2.519666446060666942e+02
2.024353613314162885e+02 2.512837684745218780e+02
2.031903946571230222e+02 2.506080946845065966e+02
2.039502442050009279e+02 2.499394820085826723e+02
2.047146924394561722e+02 2.492777958018813251e+02
2.054835119810328763e+02 2.486228897169836216e+02
2.062565016582277622e+02 2.479746287653802028e+02
2.070334552148826504e+02 2.473328645188022392e+02
2.078141828909058688e+02 2.466974647044187634e+02
2.085984941221076667e+02 2.460682739378784163e+02
2.093862082130324325e+02 2.454451529142513948e+02
2.101771602003671546e+02 2.448279690037834939e+02
2.109711919723575875e+02 2.442165756867004234e+02
2.117681478152022692e+02 2.436108375183649457e+02
2.125678804793580525e+02 2.430106152393556727e+02
2.133702513554986240e+02 2.424157742817781980e+02
2.141751373040115425e+02 2.418261845521659268e+02
2.149824210068707089e+02 2.412417159861156790e+02
2.157919886790801058e+02 2.406622419702950140e+02
2.166037333748652998e+02 2.400876339487561211e+02
2.174175567231385457e+02 2.395177667218545423e+02
2.182333727311983864e+02 2.389525233885175055e+02
2.190511013161417395e+02 2.383917880670911700e+02
2.198706673484657017e+02 2.378354447611075386e+02
2.206920007163453192e+02 2.372833774017024666e+02
2.215150362768138450e+02 2.367354772622193764e+02
2.223397242467577257e+02 2.361916314027253634e+02
2.231660151886903236e+02 2.356517317476264566e+02
2.239938639829264559e+02 2.351156718343974035e+02
2.248232317408189544e+02 2.345833444523071307e+02
2.256540845216200353e+02 2.340546424455435215e+02
2.264863873189287062e+02 2.335294684910062415e+02
2.273201285130270435e+02 2.330077035905699177e+02
2.281552861732684789e+02 2.324892420731561344e+02
2.289918468057358609e+02 2.319739822908329074e+02
2.298298660485944254e+02 2.314619388351253519e+02
2.306695052900080043e+02 2.309532430806690400e+02
2.315109158587825675e+02 2.304480482742036429e+02
2.323542387021732907e+02 2.299465222042518349e+02
2.331996102053576578e+02 2.294488445677128254e+02
2.340471917400860775e+02 2.289551597391973985e+02
2.348970980549533181e+02 2.284656433567752174e+02
2.357494407773229455e+02 2.279804853462872245e+02
2.366043734013877327e+02 2.274998359801268748e+02
2.374619984204014713e+02 2.270238857799053278e+02
2.383224123125577023e+02 2.265528391672561668e+02
2.391857562018870453e+02 2.260868570326911993e+02
2.400521161912372179e+02 2.256261415017367540e+02
2.409215757157279825e+02 2.251709089645207200e+02
2.417942648870134406e+02 2.247213337174774779e+02
2.426702491688572252e+02 2.242776395789335027e+02
2.435496110759909243e+02 2.238400478268025324e+02
2.444324545347962498e+02 2.234087572656380303e+02
2.453188290451193438e+02 2.229840089276359265e+02
2.462088157924881671e+02 2.225660250941622564e+02
2.471024869417662728e+02 2.221550324227527824e+02
2.479998770080241570e+02 2.217512936883733516e+02
2.489010673985788173e+02 2.213550352994910781e+02
2.498060938069506847e+02 2.209665084853776875e+02
2.507150810281790996e+02 2.205858634072024813e+02
2.516281550257801598e+02 2.202131582902497939e+02
2.525452531064841821e+02 2.198485386167259890e+02
2.534663397848907209e+02 2.194921315975609843e+02
2.543913665690395476e+02 2.191440645640884384e+02
2.553202543368461761e+02 2.188044930307030711e+02
2.562529724250268828e+02 2.184735372427230118e+02
2.571894343811434851e+02 2.181513529386240293e+02
2.581295754472411659e+02 2.178380859863063677e+02
2.590733309643762254e+02 2.175338730176432307e+02
2.600206035766465220e+02 2.172388780660514556e+02
2.609713332796650320e+02 2.169532364349502132e+02
2.619254191757644890e+02 2.166771081695330281e+02
2.628827731811960007e+02 2.164106482557286029e+02
2.638433083775041723e+02 2.161540017923881010e+02
2.648069108158084646e+02 2.159073377069045137e+02
2.657734948526498329e+02 2.156707982568547948e+02
2.667429418049279661e+02 2.154445461312720056e+02
2.677151430345097651e+02 2.152287395513471608e+02
2.686899889398579830e+02 2.150235282151382421e+02
2.696673496482249561e+02 2.148290814664580921e+02
2.706471144110680598e+02 2.146455451890913650e+02
2.716291485019529546e+02 2.144730800658722956e+02
2.726133211393586180e+02 2.143118467816174473e+02
2.735995031676141025e+02 2.141619948001201124e+02
2.745875403351471391e+02 2.140236183804943551e+02
2.755772691210739254e+02 2.138966000452617209e+02
2.765685210175182647e+02 2.137807886663457566e+02
2.775611293717527701e+02 2.136760444372450820e+02
2.785549464931100374e+02 2.135822091596542975e+02
2.795498190030019146e+02 2.134991321862809457e+02
2.805455994180365451e+02 2.134266701322919459e+02
2.815421565770416805e+02 2.133646626413011234e+02
2.825393541340923207e+02 2.133129578742444892e+02
2.835370626224706712e+02 2.132714092447115490e+02
2.845351634686357443e+02 2.132398623469721599e+02
2.855335395142094512e+02 2.132181636729775107e+02
2.865320778769996650e+02 2.132061627109448523e+02
2.875306697323945855e+02 2.132037138495709030e+02
2.885292164444039145e+02 2.132106648467578793e+02
2.895276197585715181e+02 2.132268663937802842e+02
2.905257862290077355e+02 2.132521715660564325e+02
2.915236275259960053e+02 2.132864346683289511e+02
2.925210596756357972e+02 2.133295113601768094e+02
2.935180020398179863e+02 2.133812603161019013e+02
2.945143806860788800e+02 2.134415389149139060e+02
2.955101237896887483e+02 2.135102069615211633e+02
2.965051633862593121e+02 2.135871267859766363e+02
2.974994357680772623e+02 2.136721626280182420e+02
2.984928809953273685e+02 2.137651807347433532e+02
2.994854427937802939e+02 2.138660496496783878e+02
3.004770677803297190e+02 2.139746412070007864e+02
3.014677061890878917e+02 2.140908301141882077e+02
3.024573143407241673e+02 2.142144907028825571e+02
3.034458487805934510e+02 2.143455011755488329e+02
3.044332703272913818e+02 2.144837427254154818e+02
3.054195408595351182e+02 2.146291018112268603e+02
3.064046267824611505e+02 2.147814681889156248e+02
3.073885038840771813e+02 2.149407283373487019e+02
3.083711374102795162e+02 2.151067799344841376e+02
3.093525073394206402e+02 2.152795200701736178e+02
3.103325919497643781e+02 2.154588493376892586e+02
3.113113705017213988e+02 2.156446741281614834e+02
3.122888277259411893e+02 2.158369040170199753e+02
3.132649537272649809e+02 2.160354493343035074e+02
3.142397290727037671e+02 2.162402320654947232e+02
3.152131536428260574e+02 2.164511717088854823e+02
3.161852195662592067e+02 2.166681935427914425e+02
3.171559224248838404e+02 2.168912293125599717e+02
3.181252614117789221e+02 2.171202158520313219e+02
3.190932383818080211e+02 2.173550942271049280e+02
3.200598577352744201e+02 2.175958104601167804e+02
3.210251262779752892e+02 2.178423162677918867e+02
3.219890531915143583e+02 2.180945693359517179e+02
3.229516408706833772e+02 2.183525558048592075e+02
3.239128585907810702e+02 2.186163966953859301e+02
3.248726586743806024e+02 2.188862675549520134e+02
3.258309724684017397e+02 2.191623595316127933e+02
3.267877485936169251e+02 2.194448584780067506e+02
3.277429114894941335e+02 2.197339609482958451e+02
3.286963822868621605e+02 2.200298747435224982e+02
3.296480843402168261e+02 2.203328068383252116e+02
3.305979254570307262e+02 2.206429732466037592e+02
3.315458091729836383e+02 2.209605969041484741e+02
3.324916301061555828e+02 2.212859090120313112e+02
3.334352738303470005e+02 2.216191508991975638e+02
3.343766221396053879e+02 2.219605647144819613e+02
3.353155387918189945e+02 2.223104102750232300e+02
3.362518870205516919e+02 2.226689451682898095e+02
3.371855112624557478e+02 2.230364468062545313e+02
3.381162494913783121e+02 2.234131953936408479e+02
3.390439259926596378e+02 2.237994819508271860e+02
3.399683523703656647e+02 2.241956073528334912e+02
3.408893250226323630e+02 2.246018888273234779e+02
3.418066277543615001e+02 2.250186396761123717e+02
3.427200277173688505e+02 2.254461986502174682e+02
3.436292738131630813e+02 2.258849061143644974e+02
3.445340982109581205e+02 2.263351217795890875e+02
3.454342116446716773e+02 2.267972135226890771e+02
3.463293041091838518e+02 2.272715589154936708e+02
3.472190430988882213e+02 2.277585455740175746e+02
3.481030732111314592e+02 2.282585791037680281e+02
3.489810101118258672e+02 2.287720731357513841e+02
3.498524432074497099e+02 2.292994623717256388e+02
3.507169245320939694e+02 2.298411755333759174e+02
3.515739836706822530e+02 2.303976754729099810e+02
3.524231002101880676e+02 2.309694070688207717e+02
3.532637317876954626e+02 2.315568572772967855e+02
3.540952773507623306e+02 2.321604965719449467e+02
3.549171025558061388e+02 2.327808192796381661e+02
3.557285178999806590e+02 2.334183129547302826e+02
3.565287892242389489e+02 2.340734881957708637e+02
3.573171101096633606e+02 2.347468235647484676e+02
3.580926344336335774e+02 2.354388328188990158e+02
3.588544360897835190e+02 2.361499986935233437e+02
3.596015253101846838e+02 2.368807838921832740e+02
3.603328532574737437e+02 2.376316674827850477e+02
3.610472720977568315e+02 2.384030548436293770e+02
3.617435769785652724e+02 2.391953543077443101e+02
3.624204715837977915e+02 2.400089013609665756e+02
3.630765951965585714e+02 2.408440193175468664e+02
3.637104758542757281e+02 2.417008743675914673e+02
3.643206017728143138e+02 2.425796318573292467e+02
3.649053649888121527e+02 2.434803110150062935e+02
3.654631073086603124e+02 2.444028118650469992e+02
3.659921302298861860e+02 2.453469296996561013e+02
3.664906804991216518e+02 2.463122311320384199e+02
3.669570097272034559e+02 2.472981803482279020e+02
3.673893631680240901e+02 2.483040336910612211e+02
3.677860217269283112e+02 2.493288425256087066e+02
3.681453350479364985e+02 2.503714549014459294e+02
3.684657578708584538e+02 2.514304521264424466e+02
3.687460526953583440e+02 2.525030305422054653e+02
3.689857172300652906e+02 2.535860543988799805e+02
3.691847980741560491e+02 2.546774699980113041e+02
3.693435641791996318e+02 2.557752724590118873e+02
3.694624859309824956e+02 2.568775213549110958e+02
3.695422146218095918e+02 2.579823657743123704e+02
3.695835592242005987e+02 2.590880633577944536e+02
3.695874623865854574e+02 2.601929944456545059e+02
3.695549584739398483e+02 2.612957153251458067e+02
3.694871747340506545e+02 2.623948482210366819e+02
3.693852756092542791e+02 2.634892318325523775e+02
3.692504676820795453e+02 2.645777824429521274e+02
3.690839790602839798e+02 2.656595427761442920e+02
3.688870313981440177e+02 2.667337000510335088e+02
3.686608278915988990e+02 2.677995550425924876e+02
3.684065465796176113e+02 2.688565029363956000e+02
3.681253462881990117e+02 2.699040040365955520e+02
3.678183519111491933e+02 2.709416018636258059e+02
3.674866008513204747e+02 2.719689883423846481e+02
3.671311486350063547e+02 2.729857893293942084e+02
3.667529644023368860e+02 2.739917831213042518e+02
3.663529613551008879e+02 2.749867869647850966e+02
3.659320548710422827e+02 2.759705745051437589e+02
3.654910436091601014e+02 2.769430727227551756e+02
3.650307296669870993e+02 2.779041470426672618e+02
3.645518540129368716e+02 2.788537246640971148e+02
3.640551384251705258e+02 2.797917226995935494e+02
3.635412041840580173e+02 2.807181406753826991e+02
3.630107005511947023e+02 2.816328966911522116e+02
3.624641959738783612e+02 2.825359902640152541e+02
3.619022473475615129e+02 2.834273967102894858e+02
3.613253473857871541e+02 2.843071285741738734e+02
3.607340175206624053e+02 2.851751261405239575e+02
3.601286714579410386e+02 2.860314268305817222e+02
3.595097518057433490e+02 2.868759995241520073e+02
3.588776592349865382e+02 2.877088411333189697e+02
3.582327664086566301e+02 2.885299460021082041e+02
3.575754405585146287e+02 2.893392814508097786e+02
3.569059791117090299e+02 2.901368579593407730e+02
3.562247248673112949e+02 2.909226225188019725e+02
3.555319557102290560e+02 2.916965715774260843e+02
3.548280084681053950e+02 2.924587161041868058e+02
3.541133088441900441e+02 2.932091537135661383e+02
3.533882769722893045e+02 2.939479972975587998e+02
3.526533045647777840e+02 2.946753705944320245e+02
3.519087754522300315e+02 2.953913912002984148e+02
3.511550655467780189e+02 2.960961845507545149e+02
3.503925453340818876e+02 2.967898886996698025e+02
3.496215621316302418e+02 2.974726499345459843e+02
3.488424575694548935e+02 2.981446087719128855e+02
3.480555608154965626e+02 2.988059083591326726e+02
3.472611973602251965e+02 2.994567021808626350e+02
3.464596921645967882e+02 3.000971570619173008e+02
3.456513483756637584e+02 3.007274454481907355e+02
3.448364762159992551e+02 3.013477310259738715e+02
3.440153613555427796e+02 3.019581878536590693e+02
3.431883006334831521e+02 3.025589954054124746e+02
3.423555721076855320e+02 3.031503515522741736e+02
3.415174668112798031e+02 3.037324463444921889e+02
3.406742541407412546e+02 3.043054789544850678e+02
3.398261956586584347e+02 3.048696475503382430e+02
3.389735526657380547e+02 3.054251588110496414e+02
3.381165844495209285e+02 3.059722286691190902e+02
3.372555382457808264e+02 3.065110728801574282e+02
3.363906592468426311e+02 3.070419089022755657e+02
3.355221829425709643e+02 3.075649581589775607e+02
3.346503339552405123e+02 3.080804406107299656e+02
3.337753384637612157e+02 3.085885845364172724e+02
3.328974103423998372e+02 3.090896147559336669e+02
3.320167590221408886e+02 3.095837630714473221e+02
3.311335839515041926e+02 3.100712486264192762e+02
3.302480747503445855e+02 3.105523045231242349e+02
3.293604152064244204e+02 3.110271500138115357e+02
3.284707802351493342e+02 3.114960066137869603e+02
3.275793389585319915e+02 3.119590933247438329e+02
3.266862502729060225e+02 3.124166364605153490e+02
3.257916631961104486e+02 3.128688445589712046e+02
3.248957150377384551e+02 3.133159206979825626e+02
3.239985373030203846e+02 3.137580680449670467e+02
3.231002565011146999e+02 3.141954888313548508e+02
3.222009935002913608e+02 3.146283801061001668e+02
3.213008469512619172e+02 3.150569314488039936e+02
3.203999138530808182e+02 3.154813175625660620e+02
3.194982840025282940e+02 3.159017142639968370e+02
3.185960471325086587e+02 3.163182904334383352e+02
3.176932780385219530e+02 3.167312193328398280e+02
3.167900341082881823e+02 3.171406617474538052e+02
3.158863864858558372e+02 3.175467491335642762e+02
3.149823768655411413e+02 3.179496335061062382e+02
3.140780527455335687e+02 3.183494612057470476e+02
3.131734613737724544e+02 3.187463331717474944e+02
3.122685385031245460e+02 3.191402673239163050e+02
3.113632626552889064e+02 3.195311930059266956e+02
3.104575438846772499e+02 3.199190907922612723e+02
3.095513613025570976e+02 3.203038868481054351e+02
3.086446400123469971e+02 3.206855447223572924e+02
3.077373405633617836e+02 3.210640080868301425e+02
3.068294274751295916e+02 3.214392125713787891e+02
3.059208270917583263e+02 3.218111214569904064e+02
3.050115235836108241e+02 3.221796558951663201e+02
3.041014610819667041e+02 3.225447609070106409e+02
3.031905905936253589e+02 3.229063850194236238e+02
3.022788922210364717e+02 3.232644554375056600e+02
3.013663256047341292e+02 3.236189076340118618e+02
3.004528363064993073e+02 3.239696873688679943e+02
2.995384039606804549e+02 3.243167212083332061e+02
2.986230107894957087e+02 3.246599349918782877e+02
2.977066034556085583e+02 3.249992762807709710e+02
2.967891581714304152e+02 3.253346765075992266e+02
2.958706523558722097e+02 3.256660631042803971e+02
2.949510702005185294e+02 3.259933586706463302e+02
2.940303742517036198e+02 3.263165028002884469e+02
2.931085390052188586e+02 3.266354302233482372e+02
2.921855511141245074e+02 3.269500669082740387e+02
2.912613905512380938e+02 3.272603394592130144e+02
2.903360552751249202e+02 3.275661642692369355e+02
2.894094940797732534e+02 3.278674884374864291e+02
2.884817102410961525e+02 3.281642333781653065e+02
2.875526773212631042e+02 3.284563323969824751e+02
2.866222301687387244e+02 3.287438058749621632e+02
2.856902591380775220e+02 3.290266858427382886e+02
2.847567510774377979e+02 3.293049806882270332e+02
2.838217301044839473e+02 3.295786818982575141e+02
2.828852066590230265e+02 3.298477833873462259e+02
2.819472069123619917e+02 3.301122684431358039e+02
2.810077143734737319e+02 3.303721405042044807e+02
2.800667491276500414e+02 3.306273914314274975e+02
2.791243276599731189e+02 3.308780113952177544e+02
2.781804787276814181e+02 3.311239810983013285e+02
2.772351865372217503e+02 3.313652984334272560e+02
2.762884697098360789e+02 3.316019509599825028e+02
2.753403527358760812e+02 3.318339217134029013e+02
2.743908569469770100e+02 3.320611905424983092e+02
2.734399619675830877e+02 3.322837539755990974e+02
2.724877055820446685e+02 3.325015873834717013e+02
2.715341157812256938e+02 3.327146634668011416e+02
2.705791633318838763e+02 3.329229772149068936e+02
2.696229010095492526e+02 3.331264948086036952e+02
2.686653289233306054e+02 3.333251945900422584e+02
2.677064471875713707e+02 3.335190576099150803e+02
2.667463112334305038e+02 3.337080512954941014e+02
2.657848795988908250e+02 3.338921800774896269e+02
2.648222357985924873e+02 3.340714069247614475e+02
2.638583254648627872e+02 3.342457346633842690e+02
2.628932329174662073e+02 3.344151234064267442e+02
2.619269132599680461e+02 3.345795674172119334e+02
2.609594247754045568e+02 3.347390320814234315e+02
2.599907650744075340e+02 3.348934938040829365e+02
2.590209414217501944e+02 3.350429279090580508e+02
2.580499925424948060e+02 3.351872964793582241e+02
2.570779153088666931e+02 3.353265683996563666e+02
2.561047222624797541e+02 3.354607088111858388e+02
2.551304359226681129e+02 3.355896770483894329e+02
2.541550706082688009e+02 3.357134307954079304e+02
2.531786444542674133e+02 3.358319233688338841e+02
2.522011638269863454e+02 3.359451073837479385e+02
2.512226448676495068e+02 3.360529310023220546e+02
2.502431045866451313e+02 3.361553388437349668e+02
2.492625577506268257e+02 3.362522728944830419e+02
2.482810245209658433e+02 3.363436696305938085e+02
2.472985140629153875e+02 3.364294629760361204e+02
2.463150411455168296e+02 3.365095833012258595e+02
2.453306235945427431e+02 3.365839571261073502e+02
2.443452833170845793e+02 3.366525054572829276e+02
2.433590405963588239e+02 3.367151436225029784e+02
2.423718933301015852e+02 3.367717888897113880e+02
2.413838926643695402e+02 3.368223396982667737e+02
2.403950220681273606e+02 3.368667065731832508e+02
2.394053390327936199e+02 3.369047795865868693e+02
2.384148348719000978e+02 3.369364568375222575e+02
2.374235463922052531e+02 3.369616231302446749e+02
2.364314987846489942e+02 3.369801569837794659e+02
2.354387201081286491e+02 3.369919306689077416e+02
2.344452286882014675e+02 3.369968161349701177e+02
2.334510586434128072e+02 3.369946763712448501e+02
2.324562452197275491e+02 3.369853620919287778e+02
2.314608151628754342e+02 3.369687214415089898e+02
2.304648048480755165e+02 3.369445967644512621e+02
2.294682551643477950e+02 3.369128219383863438e+02
2.284712099923057735e+02 3.368732194638708961e+02
2.274737044856672696e+02 3.368256086320245686e+02
2.264757930191121318e+02 3.367697956379143420e+02
2.254775264966593795e+02 3.367055775983914714e+02
2.244789546989548796e+02 3.366327491568298456e+02
2.234801393324011656e+02 3.365510915102173044e+02
2.224811434992883221e+02 3.364603741884279771e+02
2.214820352485702415e+02 3.363603580353372422e+02
2.204828900877673448e+02 3.362507890081920436e+02
2.194837848457928828e+02 3.361314106978983318e+02
2.184848120613680464e+02 3.360019255263654827e+02
2.174860792862589278e+02 3.358619924953944178e+02
2.164877048410588429e+02 3.357112469194597679e+02
2.154898192618196333e+02 3.355493259316465355e+02
2.144925622561370062e+02 3.353758475613544192e+02
2.134960864935853238e+02 3.351904150804064670e+02
2.125005596235950804e+02 3.349926212642834003e+02
2.115061659134669583e+02 3.347820521777128420e+02
2.105130944369792587e+02 3.345582606818433646e+02
2.095215690595539968e+02 3.343208053985215429e+02
2.085318178382707117e+02 3.340692211671378686e+02
2.075440930157151627e+02 3.338030309344200646e+02
2.065586672958449981e+02 3.335217394932109869e+02
2.055758370790922527e+02 3.332248330179871232e+02
2.045959333507629196e+02 3.329117919093466753e+02
2.036192996447923349e+02 3.325820719966638990e+02
2.026463142672806157e+02 3.322351162283931103e+02
2.016773939607625152e+02 3.318703559818516169e+02
2.007129913727258099e+02 3.314872090594741962e+02
1.997535734807685515e+02 3.310850466359121356e+02
1.987997005296136308e+02 3.306632809492392653e+02
1.978519258467045177e+02 3.302212733551372139e+02
1.969108790966633649e+02 3.297583900490503197e+02
1.959772265999992840e+02 3.292739660965844450e+02
1.950517328455904646e+02 3.287673723803970915e+02
1.941351675717684486e+02 3.282379286189263325e+02
1.932284052567111985e+02 3.276849881862846701e+02
1.923323924246996910e+02 3.271079173634094559e+02
1.914481459842235154e+02 3.265060941105257939e+02
1.905767376427110662e+02 3.258788792261354956e+02
1.897193700554738882e+02 3.252257261869737022e+02
1.888772974752871221e+02 3.245461003089423571e+02
1.880518725608073396e+02 3.238395281143750140e+02
1.872445542251770689e+02 3.231056370900494130e+02
1.864568492744309083e+02 3.223440869051438540e+02
1.856903726216892494e+02 3.215546772609611139e+02
1.849468147301113845e+02 3.207373429651266861e+02
1.842279182539141686e+02 3.198921450032120788e+02
1.835354879199317395e+02 3.190193345750498679e+02
1.828713227413813343e+02 3.181192606983059363e+02
1.822372906977962828e+02 3.171925931710636632e+02
1.816351675326012014e+02 3.162400444137317095e+02
1.810667582081248668e+02 3.152627154488375254e+02
1.805337276808006095e+02 3.142618051813099100e+02
