1.879490882498658095e+02 3.097914621803052455e+02
1.876671283805875419e+02 3.090090022024716063e+02
1.874006059763154042e+02 3.082197618265546453e+02
1.871489046524239370e+02 3.074226279422754260e+02
1.869117192520571393e+02 3.066171319667823809e+02
1.866887434604441864e+02 3.058027652598958639e+02
1.864797680300985689e+02 3.049792382089701164e+02
1.862846107838537932e+02 3.041463100931275676e+02
1.861031122922766201e+02 3.033038025672258300e+02
1.859351339316165195e+02 3.024516164641078149e+02
1.857805709763090931e+02 3.015897893949945683e+02
1.856392854330235593e+02 3.007183305343660322e+02
1.855111099195033262e+02 2.998374097722618785e+02
1.853958594988693278e+02 2.989471650085894794e+02
1.852933476195204605e+02 2.980477702183223414e+02
1.852033969062533743e+02 2.971394855219231772e+02
1.851258566441532594e+02 2.962225236269155744e+02
1.850606535837642070e+02 2.952971801225054946e+02
1.850077208790184216e+02 2.943637239282568316e+02
1.849669895387230270e+02 2.934224536002869286e+02
1.849383964772323168e+02 2.924737202747938909e+02
1.849219422371197936e+02 2.915178153582552341e+02
1.849177397510709966e+02 2.905551168531281405e+02
1.849259164992770934e+02 2.895860173314949861e+02
1.849466010248575003e+02 2.886109088692036266e+02
1.849799208267387769e+02 2.876301862782878516e+02
1.850260798715000021e+02 2.866442972224444361e+02
1.850853966951248424e+02 2.856537241322892555e+02
1.851581953249851153e+02 2.846589620551672510e+02
1.852447941270182810e+02 2.836605252737919614e+02
1.853455173798280100e+02 2.826589686749251200e+02
1.854607230572806884e+02 2.816548249003896558e+02
1.855908168631999899e+02 2.806487063509947006e+02
1.857362071170757361e+02 2.796412236246456473e+02
1.858972947748690387e+02 2.786330041912802926e+02
1.860744725562900328e+02 2.776246908458460894e+02
1.862681172403850383e+02 2.766169340977055526e+02
1.864785581908404311e+02 2.756103811789777751e+02
1.867061367862475834e+02 2.746056904269754000e+02
1.869511846053550528e+02 2.736035317864020158e+02
1.872140180353593735e+02 2.726045844445567923e+02
1.874948817372503527e+02 2.716094930975069701e+02
1.877939500054264386e+02 2.706188797846057241e+02
1.881113838821746924e+02 2.696333731243069565e+02
1.884473618991086425e+02 2.686535883576785295e+02
1.888020283362323823e+02 2.676801647078270321e+02
1.891754710908421941e+02 2.667136637182724144e+02
1.895676771508589979e+02 2.657546526271977996e+02
1.899786613951924323e+02 2.648036606004668556e+02
1.904084288637594398e+02 2.638612304195426077e+02
1.908569437768213390e+02 2.629278790952989766e+02
1.913237772690023917e+02 2.620038670124583291e+02
1.918082952777452590e+02 2.610892793242060179e+02
1.923098591441171550e+02 2.601841929163618943e+02
1.928278439868152248e+02 2.592886573784981010e+02
1.933616824232534555e+02 2.584026715908770484e+02
1.939107933265782151e+02 2.575263053520862400e+02
1.944746809123283526e+02 2.566595626658822766e+02
1.950528506243852860e+02 2.558024525546866528e+02
1.956447889485262408e+02 2.549549948498130902e+02
1.962500323367054875e+02 2.541171632168104111e+02
1.968681461215970216e+02 2.532889575824861481e+02
1.974987169392758517e+02 2.524703758370046671e+02
1.981413407104922157e+02 2.516614056001446329e+02
1.987956224229526185e+02 2.508620247741137348e+02
1.994611806085063392e+02 2.500722051577641878e+02
2.001376816087253587e+02 2.492919160604539854e+02
2.008247560119665991e+02 2.485211651764871590e+02
2.015220846067891785e+02 2.477599116023595229e+02
2.022293757614547758e+02 2.470081023876511779e+02
2.029462621333232732e+02 2.462657447257620902e+02
2.036724976886386571e+02 2.455327615441919704e+02
2.044077459423297114e+02 2.448091540540527831e+02
2.051517773394015478e+02 2.440948409188144694e+02
2.059042612454163361e+02 2.433898188294317606e+02
2.066649558944455123e+02 2.426940113455447090e+02
2.074336047751481544e+02 2.420073623190570800e+02
2.082099193478924235e+02 2.413298334457207943e+02
2.089936600790921943e+02 2.406613490371933324e+02
2.097845781660677460e+02 2.400018444361355705e+02
2.105824324617795469e+02 2.393512470006856176e+02
2.113869716549907025e+02 2.387094796918292730e+02
2.121979498607762196e+02 2.380764580730151749e+02
2.130151351520189849e+02 2.374520894701383611e+02
2.138382970944153101e+02 2.368362817231718225e+02
2.146672072420304573e+02 2.362289352361098338e+02
2.155016349300755110e+02 2.356299376178408238e+02
2.163413544969147040e+02 2.350391718963928724e+02
2.171861463966427550e+02 2.344565179001186834e+02
2.180357971794942102e+02 2.338818523100715936e+02
2.188901017283664032e+02 2.333150425510571040e+02
2.197488417908672318e+02 2.327559500502462697e+02
2.206118121753731316e+02 2.322044267979340191e+02
2.214788160048785528e+02 2.316603215919479908e+02
2.223496617196184388e+02 2.311234812962064780e+02
2.232241619867918132e+02 2.305937459702369665e+02
2.241021426977088993e+02 2.300709455679499058e+02
2.249834125884391085e+02 2.295549141797098684e+02
2.258678042574277640e+02 2.290454734812971083e+02
2.267551596056751464e+02 2.285424464430444402e+02
2.276453917678311143e+02 2.280457419496722764e+02
2.285384669451674711e+02 2.275553836141664874e+02
2.294343658931773291e+02 2.270713969152222376e+02
2.303330778228368274e+02 2.265938089304450216e+02
2.312345967290370368e+02 2.261226527834388946e+02
2.321388877705733762e+02 2.256579685180714421e+02
2.330459488470615952e+02 2.251997909901397463e+02
2.339557835008487814e+02 2.247481649711076557e+02
2.348683571276926330e+02 2.243031392249831697e+02
2.357836679520873417e+02 2.238647547889461293e+02
2.367017218399336116e+02 2.234330648199771758e+02
2.376224870449998150e+02 2.230081256886036556e+02
2.385459643606340876e+02 2.225899881082261231e+02
2.394721593529898485e+02 2.221787138088917288e+02
2.404010398150723518e+02 2.217743629502865303e+02
2.413326118452579010e+02 2.213769948600058513e+02
2.422668725653214779e+02 2.209866795868442750e+02
2.432037980517714288e+02 2.206034830288701585e+02
2.441433954021522368e+02 2.202274744688163821e+02
2.450856501931214950e+02 2.198587276286253598e+02
2.460305471510420148e+02 2.194973133022967602e+02
2.469780940749593015e+02 2.191433119801993712e+02
2.479282635910988972e+02 2.187968006277522477e+02
2.488810482851405936e+02 2.184578545020794991e+02
2.498363600384008407e+02 2.181265084743128284e+02
2.507940569355008904e+02 2.178027129286899708e+02
2.517540935150890391e+02 2.174863981955850818e+02
2.527164063170959309e+02 2.171774938647300814e+02
2.536809355668025319e+02 2.168759250959949156e+02
2.546476457331069980e+02 2.165816293041941947e+02
2.556164638601359798e+02 2.162945335973654153e+02
2.565873551603370970e+02 2.160145722586929082e+02
2.575602703751544027e+02 2.157416827687651733e+02
2.585351543151198825e+02 2.154757964910315593e+02
2.595119803911474605e+02 2.152168576096607921e+02
2.604906862417143998e+02 2.149648011681090907e+02
2.614712431007976647e+02 2.147195694901087109e+02
2.624536107519035681e+02 2.144811082514579255e+02
2.634377408880916391e+02 2.142493570921781441e+02
2.644236153596155532e+02 2.140242694343333199e+02
2.654111776793731678e+02 2.138057893035860104e+02
2.664004075177608684e+02 2.135938692778559869e+02
2.673912706038825604e+02 2.133884647346956740e+02
2.683837252307868653e+02 2.131895256056403980e+02
2.693777603273130126e+02 2.129970159437396831e+02
2.703733248265384645e+02 2.128108915620339019e+02
2.713704035724978780e+02 2.126311163310711265e+02
2.723689714949740051e+02 2.124576589057012370e+02
2.733689883563035892e+02 2.122904812314594665e+02
2.743704500840139531e+02 2.121295811526867112e+02
2.753733269124356298e+02 2.119750190801516680e+02
2.763776026331341313e+02 2.118268682408022698e+02
2.773832757488765424e+02 2.116852142947955144e+02
2.783902998411427347e+02 2.115501325289294812e+02
2.793986609921866489e+02 2.114217045438452089e+02
2.804083472357660298e+02 2.113000232827983780e+02
2.814193027835397061e+02 2.111851706264929192e+02
2.824315078653847877e+02 2.110772354810682430e+02
2.834449376201382051e+02 2.109763144806425146e+02
2.844595410108364604e+02 2.108824991490334639e+02
2.854752786975221284e+02 2.107958819303824214e+02
2.864921127796862379e+02 2.107165594683899599e+02
2.875100070689470044e+02 2.106446345955242521e+02
2.885288988569187154e+02 2.105802048418656511e+02
2.895487416361185637e+02 2.105233697914459015e+02
2.905694856181194723e+02 2.104742302042176902e+02
2.915910756023133104e+02 2.104328885240606439e+02
2.926134537931862383e+02 2.103994490289143755e+02
2.936365635972937866e+02 2.103740194848963938e+02
2.946603346864470723e+02 2.103567033873175376e+02
2.956847031975011646e+02 2.103476036135103300e+02
2.967096029904198531e+02 2.103468254404252491e+02
2.977349634589089646e+02 2.103544758794786560e+02
2.987607113182810394e+02 2.103706636055728723e+02
2.997867708530640130e+02 2.103954954105843740e+02
3.008130666412051255e+02 2.104290771545112761e+02
3.018395196089106207e+02 2.104715168707131738e+02
3.028660374394100359e+02 2.105229202394215520e+02
3.038925385921417615e+02 2.105833975006785863e+02
3.049189344848840619e+02 2.106530558843832068e+02
3.059451419753205528e+02 2.107320041986584158e+02
3.069710680900308830e+02 2.108203525504465574e+02
3.079965935007064672e+02 2.109182022462185273e+02
3.090216501172444055e+02 2.110256741658068620e+02
3.100461174407626004e+02 2.111428738262443119e+02
3.110698928304005335e+02 2.112699092664893783e+02
3.120928765020195215e+02 2.114068942934038660e+02
3.131149534021911904e+02 2.115539418121774702e+02
3.141359961788482451e+02 2.117111610015560927e+02
3.151559216026551553e+02 2.118786797968537883e+02
3.161745740071795581e+02 2.120566025820367031e+02
3.171918397055786727e+02 2.122450486479885967e+02
3.182075945822400058e+02 2.124441401932309930e+02
3.192217045656922778e+02 2.126540004812426332e+02
3.202340313002654852e+02 2.128747535522872738e+02
3.212444317470792612e+02 2.131065250854789497e+02
3.222527577255621054e+02 2.133494432554244611e+02
3.232588556280687158e+02 2.136036387503153833e+02
3.242625841879886366e+02 2.138692380910097199e+02
3.252638047937819579e+02 2.141462631466460493e+02
3.262623797033278947e+02 2.144346903004829983e+02
3.272582416667501093e+02 2.147345380917992941e+02
3.282512056533537930e+02 2.150457758239580244e+02
3.292411872668844808e+02 2.153684224769100695e+02
3.302280705891856769e+02 2.157025033486237362e+02
3.312116890474966908e+02 2.160480243178775481e+02
3.321919305583473374e+02 2.164050232832080383e+02
3.331686564075326373e+02 2.167735359846259371e+02
3.341417310930676194e+02 2.171536099399790203e+02
3.351110127038617748e+02 2.175453037545888435e+02
3.360763202500143052e+02 2.179486610266551168e+02
3.370375436965418317e+02 2.183637787593095254e+02
3.379944737683462108e+02 2.187907086119703592e+02
3.389469894098214695e+02 2.192295672394625399e+02
3.398948783710776524e+02 2.196804340886045281e+02
3.408379634793375317e+02 2.201434197476100678e+02
3.417760530881744785e+02 2.206186428788413707e+02
3.427089655816860159e+02 2.211062504687716626e+02
3.436364382306629750e+02 2.216063483230765030e+02
3.445582868243050143e+02 2.221191138285581701e+02
3.454742458578663218e+02 2.226446911680266965e+02
3.463840848252490332e+02 2.231832712476302731e+02
3.472875276511625202e+02 2.237350388669991332e+02
3.481842817234942231e+02 2.243001888319932959e+02
3.490740367081031081e+02 2.248789257799530503e+02
3.499564830324400759e+02 2.254714860964003265e+02
3.508312685155720487e+02 2.260781046806253300e+02
3.516980412880882909e+02 2.266990547270671357e+02
3.525563723616854190e+02 2.273345746396419145e+02
3.534058747492760517e+02 2.279849818730534139e+02
3.542460484806252907e+02 2.286505285677722270e+02
3.550764488977817450e+02 2.293315668454833087e+02
3.558965189405586784e+02 2.300283900944518507e+02
3.567057097331345403e+02 2.307413496628559528e+02
3.575033999139017169e+02 2.314707776327838928e+02
3.582889547416555729e+02 2.322170569915875831e+02
3.590616302663174224e+02 2.329805040694554066e+02
3.598206985470822588e+02 2.337615230243363555e+02
3.605653234211687845e+02 2.345604639804328713e+02
3.612946097675165333e+02 2.353776655026937306e+02
3.620076384463386603e+02 2.362135221359295940e+02
3.627033567276954500e+02 2.370683162049847965e+02
3.633806949405220621e+02 2.379423804402927942e+02
3.640384754526043025e+02 2.388359636225548854e+02
3.646754847402557971e+02 2.397493515215970490e+02
3.652903581676447970e+02 2.406826182987762195e+02
3.658817454518451768e+02 2.416359168572112139e+02
3.664481778528945597e+02 2.426092340485980969e+02
3.669880537945268770e+02 2.436025065207025477e+02
3.674996557866580247e+02 2.446156324806044609e+02
3.679811811852391656e+02 2.456482293050613634e+02
3.684308510551761628e+02 2.466998455143783815e+02
3.688468703199840775e+02 2.477697958494022714e+02
3.692274770635976324e+02 2.488571763088772286e+02
3.695709799604007344e+02 2.499608700738826883e+02
3.698757902766856773e+02 2.510794542561493188e+02
3.701405258850790005e+02 2.522095771088270908e+02
3.703646378663700034e+02 2.533475678002441782e+02
3.705482957568810320e+02 2.544914246749143558e+02
3.706918939701739077e+02 2.556392192974411728e+02
3.707960256744835874e+02 2.567891044206266997e+02
3.708614592766028863e+02 2.579393376996400775e+02
3.708891129076222342e+02 2.590882983535750554e+02
3.708800308492059230e+02 2.602344987972727495e+02
3.708353376184865624e+02 2.613766531000567284e+02
3.707562383636679328e+02 2.625135183225247602e+02
3.706439596354717878e+02 2.636441024841013245e+02
3.704997584870617402e+02 2.647674696387284712e+02
3.703249055465078641e+02 2.658828088576654523e+02
3.701206529189726098e+02 2.669894601823555718e+02
3.698882216725889407e+02 2.680868735624087549e+02
3.696287969001319311e+02 2.691745849305522142e+02
3.693435382954417037e+02 2.702521784998646694e+02
3.690335692801007781e+02 2.713193160513909561e+02
3.686999105090691842e+02 2.723758308652292612e+02
3.683436094672643435e+02 2.734214326913870536e+02
3.679656098883372124e+02 2.744560122409219503e+02
3.675667955603940982e+02 2.754794899700942779e+02
3.671480674663208674e+02 2.764917040535963224e+02
3.667101886470650243e+02 2.774926869211303710e+02
3.662539371438332410e+02 2.784823672986745464e+02
3.657800213233121553e+02 2.794607434859192381e+02
3.652891361944017490e+02 2.804277849579503936e+02
3.647818637778135553e+02 2.813835707939006738e+02
3.642588345616762808e+02 2.823280535711814991e+02
3.637205815237931574e+02 2.832612922800063302e+02
3.631676328098371300e+02 2.841833031417481266e+02
3.626004428012646486e+02 2.850941519928463208e+02
3.620195182224738346e+02 2.859937937879273022e+02
3.614252295040737977e+02 2.868823237057277993e+02
3.608179966631667526e+02 2.877597315094202486e+02
3.601981897723072734e+02 2.886260444802641132e+02
3.595661495811607438e+02 2.894812848134612864e+02
3.589222190963496359e+02 2.903254312906010455e+02
3.582666508813653650e+02 2.911585315872501383e+02
3.575997705411778043e+02 2.919805300792360185e+02
3.569218157229850021e+02 2.927914494510131931e+02
3.562330733239795109e+02 2.935912937810712151e+02
3.555338794932490032e+02 2.943801176469746110e+02
3.548245625660108544e+02 2.951579827370748603e+02
3.541054194266175728e+02 2.959249641055303073e+02
3.533767466792860432e+02 2.966811204095081393e+02
3.526388283916063529e+02 2.974265065316559458e+02
3.518919327829036661e+02 2.981611748660961325e+02
3.511363008170488911e+02 2.988851876451649332e+02
3.503721768152122991e+02 2.995985910437162261e+02
3.495997955717571699e+02 3.003014302716186990e+02
3.488193826702756155e+02 3.009937491720462504e+02
3.480311549273082505e+02 3.016755899764605715e+02
3.472353010168446303e+02 3.023470051914435999e+02
3.464320377920562350e+02 3.030080178415651631e+02
3.456215460193959643e+02 3.036586725744588193e+02
3.448040277385825334e+02 3.042989963826783537e+02
3.439796399877789668e+02 3.049290442302610131e+02
3.431485857603753402e+02 3.055488323390914047e+02
3.423110322906809984e+02 3.061583998767189883e+02
3.414671450617497044e+02 3.067577798817167150e+02
3.406170942053625481e+02 3.073470070609861864e+02
3.397610504072644062e+02 3.079261209857087351e+02
3.388991688935039974e+02 3.084951645115908718e+02
3.380316228930433340e+02 3.090541662633690407e+02
3.371585736761720682e+02 3.096031627713326202e+02
3.362801636691081058e+02 3.101422090875013282e+02
3.353965785024368529e+02 3.106713461221171997e+02
3.345079650649154246e+02 3.111906336258824126e+02
3.336144967677414002e+02 3.117001153184004920e+02
3.327163028024386335e+02 3.121998520026920119e+02
3.318135754365028447e+02 3.126898952012044788e+02
3.309064675578672450e+02 3.131703286045552090e+02
3.299951426272103845e+02 3.136412250685694971e+02
3.290797566400000278e+02 3.141026572508415029e+02
3.281604756686121505e+02 3.145546969753635267e+02
3.272374632123388096e+02 3.149974390464096246e+02
3.263108887180701458e+02 3.154309853673266844e+02
3.253809183046552107e+02 3.158554377044241619e+02
3.244477138123876330e+02 3.162708976420457248e+02
3.235114337662357116e+02 3.166774679777359438e+02
3.225722500256071044e+02 3.170752707668416406e+02
3.216303305611447740e+02 3.174644371046391029e+02
3.206858406074006780e+02 3.178450976570056241e+02
3.197389399433882886e+02 3.182173806391107860e+02
3.187897881645541247e+02 3.185814185067337689e+02
3.178385497138448272e+02 3.189373632702422015e+02
3.168853871277198664e+02 3.192853636716704386e+02
3.159304579154935482e+02 3.196255759242649219e+02
3.149739160938352143e+02 3.199581573320521102e+02
3.140159301248440897e+02 3.202832813345150385e+02
3.130567199007499539e+02 3.206012681952745993e+02
3.120965360649881859e+02 3.209124497234780620e+02
3.111355943441176350e+02 3.212171918157920345e+02
3.101741300547403739e+02 3.215158331209526636e+02
3.092123391878654957e+02 3.218087309947526933e+02
3.082504096958616060e+02 3.220962023905446472e+02
3.072885203305912114e+02 3.223785530029727511e+02
3.063268166663972352e+02 3.226561141791363525e+02
3.053654736741734155e+02 3.229291893186437505e+02
3.044046221766923850e+02 3.231980860072788460e+02
3.034443638966047843e+02 3.234630663243351023e+02
3.024848117976918047e+02 3.237243667571250967e+02
3.015260558838979250e+02 3.239822331000921167e+02
3.005681655973733086e+02 3.242369241844707517e+02
2.996112230318152569e+02 3.244886615344905749e+02
2.986552834972091546e+02 3.247376105529477286e+02
2.977003588881307792e+02 3.249839510469525976e+02
2.967464833171288205e+02 3.252278493622722522e+02
2.957936869141673242e+02 3.254694693331554163e+02
2.948419935388097315e+02 3.257089498755312320e+02
2.938913819247929951e+02 3.259464050899445624e+02
2.929418364871497147e+02 3.261819398707945084e+02
2.919933510264511369e+02 3.264156507550499100e+02
2.910459077326415809e+02 3.266476358724744955e+02
2.900995013270363074e+02 3.268779702364641935e+02
2.891540562184683267e+02 3.271067423764166051e+02
2.882095564735271864e+02 3.273340102193465668e+02
2.872659465347157379e+02 3.275598460609943459e+02
2.863229887125987716e+02 3.277844219473527687e+02
2.853805000381948958e+02 3.280079225627895312e+02
2.844384118559074750e+02 3.282305056225269482e+02
2.834967003151897984e+02 3.284523084943689923e+02
2.825553218410835825e+02 3.286734714054672395e+02
2.816142516158823810e+02 3.288941226225354626e+02
2.806734117434388622e+02 3.291144384188751815e+02
2.797327761500449697e+02 3.293346082568857014e+02
2.787923105736056755e+02 3.295548214291740123e+02
2.778519937184616424e+02 3.297752562250018400e+02
2.769117395788338740e+02 3.299961141012256576e+02
2.759715156194325232e+02 3.302176327862210883e+02
2.750313025524293380e+02 3.304400930218316716e+02
2.740910703219345805e+02 3.306637746434868177e+02
2.731507233948054250e+02 3.308889776134487875e+02
2.722102405319758986e+02 3.311159815258266690e+02
2.712695974082388943e+02 3.313451560053090361e+02
2.703286935511196134e+02 3.315769710367197263e+02
2.693875300139226283e+02 3.318118641020112705e+02
2.684460226570720920e+02 3.320502888828597179e+02
2.675040702095200231e+02 3.322926737785937235e+02
2.665615809102704930e+02 3.325390941640752089e+02
2.656182952295654900e+02 3.327894432022077922e+02
2.646741231569171191e+02 3.330435591050848529e+02
2.637287953193890075e+02 3.333013238400898786e+02
2.627822249418747447e+02 3.335625599975533078e+02
2.618341530672095132e+02 3.338270532082188424e+02
2.608844512888437635e+02 3.340945133817754709e+02
2.599329208551894226e+02 3.343646600544356602e+02
2.589793816651460361e+02 3.346372083410084315e+02
2.580236927027655156e+02 3.349118365969333126e+02
2.570656577058476273e+02 3.351880766095019339e+02
2.561051034899696219e+02 3.354653848665212195e+02
2.551418786192509458e+02 3.357432086916702474e+02
2.541758345224743039e+02 3.360209909489544771e+02
2.532068358870277223e+02 3.362981390767841958e+02
2.522347409323425040e+02 3.365738880286023118e+02
2.512594314064183436e+02 3.368474033646989483e+02
2.502808086429495802e+02 3.371178445580302991e+02
2.492987916856406514e+02 3.373843662357717221e+02
2.483133216263722147e+02 3.376460971946310110e+02
2.473243525739735844e+02 3.379020731468599479e+02
2.463318658522695443e+02 3.381512984130095560e+02
2.453358687750486240e+02 3.383927725349008142e+02
2.443363940533815821e+02 3.386254889521704285e+02
2.433334981948874258e+02 3.388484463469145567e+02
2.423272635553068426e+02 3.390606893596291798e+02
2.413177968471862584e+02 3.392612541827579093e+02
2.403052370316448787e+02 3.394491918219251829e+02
2.392897357042025135e+02 3.396235320386743979e+02
2.382714891166387758e+02 3.397833612861709298e+02
2.372506975413334089e+02 3.399278901473990118e+02
2.362275868525555325e+02 3.400563531632716945e+02
2.352024047422751210e+02 3.401679816483810441e+02
2.341754348690450627e+02 3.402620122716814990e+02
2.331469687292689059e+02 3.403377265582693667e+02
2.321173086606198979e+02 3.403945294506630148e+02
2.310867919389393990e+02 3.404318515353811563e+02
2.300557680581558486e+02 3.404491217299958521e+02
2.290246044420607632e+02 3.404457659026123793e+02
2.279936872572306470e+02 3.404212285266983145e+02
2.269634513519476968e+02 3.403750138614595357e+02
2.259343133277070592e+02 3.403066197745400245e+02
2.249067328481337995e+02 3.402155470027842057e+02
2.238812160098667050e+02 3.401013073373194402e+02
2.228582747570909532e+02 3.399633661297704066e+02
2.218384808574386113e+02 3.398011269125698277e+02
2.208224443101400709e+02 3.396139925235893884e+02
2.198107960501409366e+02 3.394013626989238332e+02
2.188042489715333261e+02 3.391626705309778913e+02
2.178034276099814974e+02 3.388977158771539280e+02
2.168088833645191187e+02 3.386068473465841748e+02
2.158211297359165428e+02 3.382904378414684174e+02
2.148407495638305420e+02 3.379488907751592137e+02
2.138682818542500570e+02 3.375825919664630987e+02
2.129042935643360011e+02 3.371919155260977163e+02
2.119493806088819952e+02 3.367772264880231887e+02
2.110041600743127219e+02 3.363389025586676553e+02
2.100692208583505760e+02 3.358772979560064300e+02
2.091452303550158547e+02 3.353928121895659729e+02
2.082328034776728316e+02 3.348859068059464335e+02
2.073325570484217906e+02 3.343571291617051884e+02
2.064451172380526032e+02 3.338070355072065354e+02
2.055711249874352688e+02 3.332361900547619484e+02
2.047112407552596380e+02 3.326451857675440920e+02
2.038660725398694922e+02 3.320347318801624965e+02
2.030361998542932440e+02 3.314056449971073448e+02
2.022222041696174983e+02 3.307587580609762767e+02
2.014246635577114262e+02 3.300949159965807098e+02
2.006441548398649104e+02 3.294149648052488715e+02
1.998812116525021736e+02 3.287198592348003103e+02
1.991363270625085704e+02 3.280105992090549876e+02
1.984099771189086994e+02 3.272881982600042647e+02
1.977026266626855318e+02 3.265536746843676497e+02
1.970146945179408249e+02 3.258080547235912832e+02
1.963466241085902766e+02 3.250523364389529775e+02
1.956988235204170223e+02 3.242875007155868161e+02
1.950716549111363349e+02 3.235145352098274429e+02
1.944654331179494591e+02 3.227344323900461518e+02
1.938804646874641548e+02 3.219481786554102314e+02
1.933170453179778292e+02 3.211566169201943239e+02
1.927754853702674041e+02 3.203605535475505803e+02
1.922560218975412170e+02 3.195607856659236745e+02
1.917587827511055707e+02 3.187580814995594096e+02
1.912838814270756984e+02 3.179531973765744510e+02
1.908314615776364462e+02 3.171466937217473401e+02
1.904016244357459584e+02 3.163390457602598076e+02
1.899943877412919164e+02 3.155307063968680268e+02
1.896096369840036289e+02 3.147220546983470513e+02
1.892472167826787484e+02 3.139134717229595708e+02
1.889067511239143471e+02 3.131051407430454674e+02
1.885878848452762782e+02 3.122973024265052118e+02
1.882900193883338886e+02 3.114899125478250426e+02
1.880125455930510441e+02 3.106829280721864848e+02
