1.822062845950486007e+02 3.122938006096546815e+02
1.818199094623384724e+02 3.113130474753065755e+02
1.814681220380448394e+02 3.103201511750728514e+02
1.811507113715420871e+02 3.093168034724603785e+02
1.808672589798030401e+02 3.083044665381029290e+02
1.806172147570941036e+02 3.072845781953815845e+02
1.803999202573679952e+02 3.062584533104169964e+02
1.802146357118318178e+02 3.052273316467958466e+02
1.800605504228131792e+02 3.041923702932983247e+02
1.799367972082009146e+02 3.031546351416866401e+02
1.798424798407057210e+02 3.021150787974462446e+02
1.797766713813681179e+02 3.010745968725860848e+02
1.797384427392332498e+02 3.000339647846165576e+02
1.797268611255879591e+02 2.989939019841273762e+02
1.797409958488534016e+02 2.979550521476294875e+02
1.797799405630055389e+02 2.969179679694394736e+02
1.798428012298675185e+02 2.958831629591802539e+02
1.799287161991775861e+02 2.948510709748911722e+02
1.800368453930209967e+02 2.938220906063672828e+02
1.801663770541750580e+02 2.927965674065833923e+02
1.803165439916265882e+02 2.917747875825219239e+02
1.804865941206402908e+02 2.907570320175660754e+02
1.806758147414330153e+02 2.897435240357357884e+02
1.808835291350968930e+02 2.887344583338675079e+02
1.811090900182534824e+02 2.877300098982423151e+02
1.813518748046488724e+02 2.867303348600662503e+02
1.816112986016147488e+02 2.857355559512471359e+02
1.818868055861798325e+02 2.847457834347258654e+02
1.821778631593214470e+02 2.837611171253589646e+02
1.824839631991737576e+02 2.827816412980653240e+02
1.828046454097799938e+02 2.818074077516731109e+02
1.831394362077877531e+02 2.808385042092219805e+02
1.834879154773116454e+02 2.798749619770193817e+02
1.838496753032078175e+02 2.789168276014758590e+02
1.842243265641925234e+02 2.779641401003095780e+02
1.846114982842466645e+02 2.770169316374797859e+02
1.850108580510676859e+02 2.760752140791600482e+02
1.854220526093552053e+02 2.751390342577586239e+02
1.858447833006910628e+02 2.742083890461252622e+02
1.862787506906481099e+02 2.732833007442369535e+02
1.867236655323989396e+02 2.723637879442680401e+02
1.871792646677459686e+02 2.714498552806861653e+02
1.876452923893133686e+02 2.705415153143878229e+02
1.881214970468613501e+02 2.696387831244453537e+02
1.886076594440622785e+02 2.687416553974489943e+02
1.891035470723276148e+02 2.678501522469316001e+02
1.896089681926078754e+02 2.669642665433431716e+02
1.901237061699621052e+02 2.660840233657568774e+02
1.906475785774690621e+02 2.652094202893513852e+02
1.911804042898537546e+02 2.643404670238822405e+02
1.917220097221261597e+02 2.634771730597990427e+02
1.922722255195218111e+02 2.626195459015877987e+02
1.928308958334758643e+02 2.617675881087846506e+02
1.933978604761926192e+02 2.609213124173879237e+02
1.939729649151183537e+02 2.600807283591590817e+02
1.945560867316780502e+02 2.592458319378792453e+02
1.951470684487723588e+02 2.584166507595772373e+02
1.957457919881709927e+02 2.575931829627829757e+02
1.963521395459080168e+02 2.567754398168207217e+02
1.969659792822783686e+02 2.559634439414294889e+02
1.975872038875278633e+02 2.551572022383192859e+02
1.982157044930927157e+02 2.543567307503128916e+02
1.988513764897492138e+02 2.535620465262035736e+02
1.994941193330394356e+02 2.527731676775060521e+02
2.001438363561723293e+02 2.519901134302700996e+02
2.008004349554700525e+02 2.512129040443198562e+02
2.014638376597784486e+02 2.504415571987007070e+02
2.021339410243201371e+02 2.496761077706705123e+02
2.028106680337492378e+02 2.489165729294898313e+02
2.034939589158990145e+02 2.481629717380216675e+02
2.041837068354599296e+02 2.474153503052788494e+02
2.048798682131819078e+02 2.466737189662426033e+02
2.055823454665943473e+02 2.459381248591085125e+02
2.062911020908030650e+02 2.452085832244710559e+02
2.070060414077460109e+02 2.444851468278790207e+02
2.077271162924689918e+02 2.437678381287787772e+02
2.084542723728848443e+02 2.430566948102459151e+02
2.091874332762537847e+02 2.423517646824791427e+02
2.099265499720596040e+02 2.416530809369949679e+02
2.106715671259033513e+02 2.409606861948581695e+02
2.114224340350550619e+02 2.402746239615287891e+02
2.121790954239680786e+02 2.395949421469122456e+02
2.129414973007599201e+02 2.389216883859509437e+02
2.137095924266499196e+02 2.382549095449760443e+02
2.144833323150184583e+02 2.375946563474271329e+02
2.152626695615658718e+02 2.369409811919109075e+02
2.160475577558243003e+02 2.362939381716182936e+02
2.168379513881275500e+02 2.356535830863923877e+02
2.176338057603708194e+02 2.350199734572998693e+02
2.184350768980035866e+02 2.343931685410179000e+02
2.192417262069854473e+02 2.337732286695164419e+02
2.200537055423755248e+02 2.331602195313732580e+02
2.208709723140399603e+02 2.325542048007517906e+02
2.216934856864468486e+02 2.319552499363485367e+02
2.225212039812257956e+02 2.313634230587450702e+02
2.233540857253631202e+02 2.307787940952019312e+02
2.241920990654718366e+02 2.302014339235549016e+02
2.250351898273312372e+02 2.296314215121969653e+02
2.258833181823536904e+02 2.290688294549668456e+02
2.267364444231928644e+02 2.285137335235158673e+02
2.275945344237307779e+02 2.279662085342194473e+02
2.284575296885132047e+02 2.274263322414489039e+02
2.293253803962601296e+02 2.268941769916133069e+02
2.301980451086441235e+02 2.263698158886735712e+02
2.310754872363032177e+02 2.258533270541710749e+02
2.319576337709497977e+02 2.253447956138063830e+02
2.328444469687492528e+02 2.248442953967200992e+02
2.337358956372577552e+02 2.243519086566699912e+02
2.346318995840064758e+02 2.238677267959153880e+02
2.355324192809394503e+02 2.233918279855270725e+02
2.364374233763263931e+02 2.229242992162330097e+02
2.373468271956737681e+02 2.224652360558826842e+02
2.382605903200535806e+02 2.220147211636038094e+02
2.391786780527296798e+02 2.215728469596675438e+02
2.401009991204003029e+02 2.211397123299568648e+02
2.410275180434344406e+02 2.207154039269303212e+02
2.419581832683225571e+02 2.203000203583689824e+02
2.428929094319482829e+02 2.198936606759639005e+02
2.438316603791229511e+02 2.194964180300777059e+02
2.447743629817510111e+02 2.191083956394043923e+02
2.457209418078188321e+02 2.187296917925815762e+02
2.466713590668425695e+02 2.183604066638759491e+02
2.476255150346453888e+02 2.180006464104444035e+02
2.485833458151777506e+02 2.176505077612956995e+02
2.495446476547444377e+02 2.173100669666262661e+02
2.505091346023888832e+02 2.169793209029095635e+02
2.514767060750633618e+02 2.166582112007891965e+02
2.524472269449445321e+02 2.163466831882663826e+02
2.534205697751019670e+02 2.160446748740340297e+02
2.543966501983483113e+02 2.157521292552368664e+02
2.553753135583360461e+02 2.154689871464842668e+02
2.563564769074693004e+02 2.151951847543652718e+02
2.573400281105717795e+02 2.149306648896916840e+02
2.583258452632829858e+02 2.146753640549752333e+02
2.593138575116154811e+02 2.144292243937276226e+02
2.603039284220409399e+02 2.141921846622832675e+02
2.612959828675662948e+02 2.139641825280357637e+02
2.622899235682727408e+02 2.137451608631397164e+02
2.632856405599052323e+02 2.135350565342116909e+02
2.642830744089224595e+02 2.133338145881531318e+02
2.652821010497362977e+02 2.131413740131003749e+02
2.662826570980345195e+02 2.129576761011964550e+02
2.672846553175373288e+02 2.127826662536352273e+02
2.682879984926981365e+02 2.126162840420678037e+02
2.692926353748394490e+02 2.124584791977758016e+02
2.702984552809037950e+02 2.123091935749070558e+02
2.713054009554624031e+02 2.121683731055373983e+02
2.723134000808414612e+02 2.120359687387624206e+02
2.733223614274543252e+02 2.119119245152541851e+02
2.743322389739561231e+02 2.117962024560959264e+02
2.753429479775730329e+02 2.116887831736071348e+02
2.763544240290765401e+02 2.115896509185950833e+02
2.773666222898087312e+02 2.114988014022602272e+02
2.783794497168254338e+02 2.114162197903326614e+02
2.793928539674004696e+02 2.113418961781092094e+02
2.804067858916060914e+02 2.112758311163511848e+02
2.814211540754524208e+02 2.112180135353341655e+02
2.824359073087997558e+02 2.111684387677305494e+02
2.834509905249238386e+02 2.111271094844869367e+02
2.844663265436873871e+02 2.110940231577307600e+02
2.854818520397883503e+02 2.110691785963849725e+02
2.864975068266156200e+02 2.110525785857831806e+02
2.875132335195264091e+02 2.110442318092623282e+02
2.885289548701004492e+02 2.110441413667958557e+02
2.895446091036036478e+02 2.110523136596331142e+02
2.905601331845499544e+02 2.110687582416717589e+02
2.915754613270793811e+02 2.110934863842528557e+02
2.925905272310892542e+02 2.111265110731948198e+02
2.936052665929061618e+02 2.111678487116089684e+02
2.946196068178805376e+02 2.112175141605774797e+02
2.956334808521361879e+02 2.112755249701825733e+02
2.966468208953957628e+02 2.113419012615626684e+02
2.976595570244220994e+02 2.114166649051857974e+02
2.986716183612617783e+02 2.114998395904092661e+02
2.996829329854194839e+02 2.115914509169815574e+02
3.006934292943812466e+02 2.116915274947561159e+02
3.017030337271553435e+02 2.118001003296420492e+02
3.027116657996069193e+02 2.119171986340743388e+02
3.037192511838981090e+02 2.120428558955376275e+02
3.047257113808378222e+02 2.121771074135761239e+02
3.057309700198745190e+02 2.123199936286288789e+02
3.067349451459006673e+02 2.124715567866073229e+02
3.077375421989852953e+02 2.126318322632721447e+02
3.087386904690553706e+02 2.128008712375367395e+02
3.097382931871746337e+02 2.129787179697065085e+02
3.107362612860414970e+02 2.131654211014622149e+02
3.117325056754201000e+02 2.133610344041839824e+02
3.127269293700505273e+02 2.135656118425449392e+02
3.137194295376316404e+02 2.137792051745472293e+02
3.147099192258444305e+02 2.140018827425286929e+02
3.156982803269762030e+02 2.142336996978673938e+02
3.166844105368360829e+02 2.144747206459235542e+02
3.176682010739866087e+02 2.147250135479279152e+02
3.186495371722160144e+02 2.149846482656600415e+02
3.196283000639581928e+02 2.152536974010137101e+02
3.206043667925587215e+02 2.155322361094522421e+02
3.215776100229003873e+02 2.158203419104023340e+02
3.225478977948944816e+02 2.161180946894327803e+02
3.235150997753501656e+02 2.164255729559657766e+02
3.244790915644116467e+02 2.167427935820966525e+02
3.254397516291721786e+02 2.170697460760822537e+02
3.263969760056969562e+02 2.174064450900021370e+02
3.273506242498168035e+02 2.177528808971815408e+02
3.283005832354385234e+02 2.181090681895238674e+02
3.292467265516784209e+02 2.184750257410853749e+02
3.301889126954566791e+02 2.188507622574249467e+02
3.311270115764278898e+02 2.192363024031538430e+02
3.320608818699087692e+02 2.196316728291675986e+02
3.329903788750454510e+02 2.200369072289782366e+02
3.339153519146275357e+02 2.204520449952010495e+02
3.348356386750238016e+02 2.208771192955919958e+02
3.357510854015933432e+02 2.213121889738043819e+02
3.366615129269458748e+02 2.217572969151373741e+02
3.375667524396583303e+02 2.222125142189086660e+02
3.384666113766026001e+02 2.226779001879621092e+02
3.393608975779149546e+02 2.231535267570526457e+02
3.402494078046330515e+02 2.236394725382079969e+02
3.411319294538561735e+02 2.241358312031839546e+02
3.420082308090018728e+02 2.246426836036094699e+02
3.428780804786008503e+02 2.251601372669597367e+02
3.437412246649606686e+02 2.256882934750071001e+02
3.445974010622175570e+02 2.262272717422561357e+02
3.454463276245703014e+02 2.267771946773089837e+02
3.462877069922807891e+02 2.273381906784713919e+02
3.471212255606433246e+02 2.279103937086620419e+02
3.479465515818133099e+02 2.284939508675080333e+02
3.487633308855034215e+02 2.290890131738896116e+02
3.495711870074826493e+02 2.296957462539936614e+02
3.503697192866584942e+02 2.303143093534914385e+02
3.511585030593736860e+02 2.309448845419874772e+02
3.519370859058216183e+02 2.315876408058248046e+02
3.527049872167093554e+02 2.322427717758827725e+02
3.534616937983785192e+02 2.329104612650338311e+02
3.542066605230854179e+02 2.335909048918312578e+02
3.549393071761115266e+02 2.342842948899454996e+02
3.556590136270796734e+02 2.349908329245628522e+02
3.563651253115440340e+02 2.357107042638203893e+02
3.570569436772696008e+02 2.364441046929387085e+02
3.577337273010285799e+02 2.371912160140988988e+02
3.583946951505167249e+02 2.379522062882320199e+02
3.590390142656196986e+02 2.387272418633547488e+02
3.596658125951893226e+02 2.395164565034636155e+02
3.602741695835387077e+02 2.403199703155044347e+02
3.608631225055274285e+02 2.411378686897847672e+02
3.614316550944315054e+02 2.419702152847186483e+02
3.619787263064540070e+02 2.428170109758792705e+02
3.625032501370718023e+02 2.436782251656684650e+02
3.630041096529079709e+02 2.445537657216157470e+02
3.634801176193579977e+02 2.454435023160478408e+02
3.639300150391313764e+02 2.463472570888596067e+02
3.643525465416220754e+02 2.472647465299343708e+02
3.647464568774524878e+02 2.481955976936152410e+02
3.651105120681150424e+02 2.491393287298816688e+02
3.654435203130825585e+02 2.500953447899866831e+02
3.657443513159444137e+02 2.510629366883644593e+02
3.660119750888223962e+02 2.520412696701366428e+02
3.662458331851872799e+02 2.530291776240337356e+02
3.664459143938020702e+02 2.540253174889220134e+02
3.666123956960400960e+02 2.550284668773132353e+02
3.667455944987771090e+02 2.560374204817378541e+02
3.668459578915077373e+02 2.570510035393357384e+02
3.669140496237473599e+02 2.580680851891129919e+02
3.669505356348625469e+02 2.590875894213784250e+02
3.669561681337609684e+02 2.601085036314048011e+02
3.669317564732567121e+02 2.611298924640179848e+02
3.668781752834664758e+02 2.621508807615986143e+02
3.667963237417799860e+02 2.631706827334988361e+02
3.666871310076538748e+02 2.641885759078016918e+02
3.665515434741323588e+02 2.652039098467953409e+02
3.663905062154154848e+02 2.662161088791846737e+02
3.662049537518712441e+02 2.672246636478256505e+02
3.659958048182982111e+02 2.682291244575629321e+02
3.657639659749913790e+02 2.692290921029783703e+02
3.655103243127010160e+02 2.702242201079324673e+02
3.652357120284099778e+02 2.712142285978238192e+02
3.649409641119174807e+02 2.721988448577561712e+02
3.646268648839846946e+02 2.731778623843543983e+02
3.642941571160998819e+02 2.741511052617357223e+02
3.639435802361959986e+02 2.751184016801333883e+02
3.635758026947413555e+02 2.760796450196145315e+02
3.631914829647247984e+02 2.770347199673973364e+02
3.627912385617544828e+02 2.779835445934908762e+02
3.623756697943303493e+02 2.789260431685542585e+02
3.619453133441710406e+02 2.798621816064545555e+02
3.615007144869301214e+02 2.807918994965345405e+02
3.610423650592535409e+02 2.817151778717955608e+02
3.605707416065291682e+02 2.826319918449922852e+02
3.600862746050541432e+02 2.835423393011207054e+02
3.595894139508615694e+02 2.844461884508144749e+02
3.590805347959807250e+02 2.853435623627715358e+02
3.585600244648278476e+02 2.862344495698844185e+02
3.580282382924852413e+02 2.871188572522887057e+02
3.574855096840731221e+02 2.879967951878483063e+02
3.569321726005904338e+02 2.888682622180044177e+02
3.563685041414790931e+02 2.897332896521332373e+02
3.557948145022476751e+02 2.905918659234731081e+02
3.552113588650829570e+02 2.914440178030382071e+02
3.546183803048240293e+02 2.922897415709571760e+02
3.540160825895857215e+02 2.931290109641735171e+02
3.534046559171564468e+02 2.939617955873213191e+02
3.527842690600723472e+02 2.947880699323459908e+02
3.521550891273623165e+02 2.956077973093493370e+02
3.515172787642831622e+02 2.964209400915066226e+02
3.508709962820909141e+02 2.972274628349168211e+02
3.502163805524776876e+02 2.980273353456375958e+02
3.495535721106546703e+02 2.988205157652998309e+02
3.488827050253960920e+02 2.996069603272195536e+02
3.482039100964440763e+02 3.003866260900469456e+02
3.475173161004893245e+02 3.011594720408234025e+02
3.468230286079939901e+02 3.019254649387435165e+02
3.461211776563033027e+02 3.026845474142069747e+02
3.454118633063249604e+02 3.034366792645876671e+02
3.446952065623852945e+02 3.041818052107701646e+02
3.439712874107512448e+02 3.049198964182861573e+02
3.432402312057700442e+02 3.056508871301144836e+02
3.425021303130669139e+02 3.063747331188809540e+02
3.417570759342486895e+02 3.070913842288092610e+02
3.410051621221948039e+02 3.078007878927083425e+02
3.402464819864833316e+02 3.085028924466195122e+02
3.394811119912001800e+02 3.091976510657987660e+02
3.387091529676314963e+02 3.098849981243361071e+02
3.379306935988340115e+02 3.105648758606004662e+02
3.371457884407091683e+02 3.112372424223424332e+02
3.363545468099059121e+02 3.119020211261372992e+02
3.355570253315713671e+02 3.125591654647229802e+02
3.347533251802098562e+02 3.132085994712336969e+02
3.339434771436858682e+02 3.138502824910328854e+02
3.331276047182298612e+02 3.144841178215963851e+02
3.323057528064196617e+02 3.151100547621089163e+02
3.314779910364564444e+02 3.157280213512162845e+02
3.306443793669484990e+02 3.163379473816255540e+02
3.298050042277635043e+02 3.169397471773902453e+02
3.289599211757953299e+02 3.175333461460805893e+02
3.281091914815071391e+02 3.181186601683717186e+02
3.272528772153446539e+02 3.186956024769340843e+02
3.263910381727629897e+02 3.192640852301133805e+02
3.255237278363787823e+02 3.198240191639688987e+02
3.246510191438728725e+02 3.203752953846670266e+02
3.237729602661747208e+02 3.209178125437269955e+02
3.228896068642665682e+02 3.214514628004392875e+02
3.220010019636465586e+02 3.219761406788994691e+02
3.211072098558657899e+02 3.224917259421461608e+02
3.202082970482919677e+02 3.229980836084618545e+02
3.193042792063028514e+02 3.234950916314915617e+02
3.183952277969073634e+02 3.239826004586847148e+02
3.174811991392390382e+02 3.244604695768135230e+02
3.165622304840827042e+02 3.249285950675264871e+02
3.156385124460256861e+02 3.253869700269574423e+02
3.147101450825805955e+02 3.258356679458361782e+02
3.137773432959518232e+02 3.262747166217151289e+02
3.128402096130135988e+02 3.267041878231365786e+02
3.118989298621020225e+02 3.271241196635705819e+02
3.109536413030240283e+02 3.275345733425039043e+02
3.100044732352753840e+02 3.279356082769209593e+02
3.090516086275141561e+02 3.283272681208441668e+02
3.080951517073353330e+02 3.287096227066810457e+02
3.071352585748913384e+02 3.290827240089441261e+02
3.061720840931644148e+02 3.294466383574317092e+02
3.052057471376654689e+02 3.298014429784928438e+02
3.042363880400845346e+02 3.301472050705523884e+02
3.032641629979393088e+02 3.304839907773590539e+02
3.022891932393681600e+02 3.308118824126298705e+02
3.013116022302918964e+02 3.311309708437353265e+02
3.003315493417076709e+02 3.314413412609279135e+02
2.993491637185099421e+02 3.317430893561387961e+02
2.983645708487769639e+02 3.320363096790815689e+02
2.973778908749603147e+02 3.323211022334360223e+02
2.963892678947767649e+02 3.325975771275599300e+02
2.953988344633197016e+02 3.328658513758084041e+02
2.944067101281040664e+02 3.331260435705091822e+02
2.934130166327519760e+02 3.333782704666588756e+02
2.924178617538765934e+02 3.336226550090485716e+02
2.914213913749718472e+02 3.338593290157785987e+02
2.904237102542389835e+02 3.340884335086262809e+02
2.894249393088792317e+02 3.343101066271542550e+02
2.884252878975644876e+02 3.345245042711712244e+02
2.874249320154949032e+02 3.347318322965652442e+02
2.864239889076197301e+02 3.349323283600305103e+02
2.854225486526261761e+02 3.351262332196130274e+02
2.844207023748697907e+02 3.353137852133949650e+02
2.834185268829861570e+02 3.354952201244324783e+02
2.824161147089727706e+02 3.356707767690488708e+02
2.814135360320852897e+02 3.358406977960102608e+02
2.804108565324075357e+02 3.360052237132811683e+02
2.794081306707836916e+02 3.361645907606700803e+02
2.784054248229707582e+02 3.363190377846212300e+02
2.774027862060416396e+02 3.364688027335477045e+02
2.764002538285595847e+02 3.366141180450599677e+02
2.753978620241873045e+02 3.367552121823223956e+02
2.743956526848925250e+02 3.368923191791554927e+02
2.733936445910061366e+02 3.370256685143206710e+02
2.723918529134157893e+02 3.371554793892246380e+02
2.713903018343635836e+02 3.372819758628542104e+02
2.703889898030474797e+02 3.374053731352553314e+02
2.693879219647238301e+02 3.375258861989031516e+02
2.683870956826889369e+02 3.376437180197257817e+02
2.673864645257557981e+02 3.377588846587677835e+02
2.663859828637516785e+02 3.378712973181945358e+02
2.653855850069179496e+02 3.379808453693402726e+02
2.643852314036059283e+02 3.380874324364158952e+02
2.633848630746522872e+02 3.381909411391825984e+02
2.623844430628279838e+02 3.382912638621115207e+02
2.613839223540972512e+02 3.383882771675628760e+02
2.603832630266568344e+02 3.384818586678949259e+02
2.593824290875496104e+02 3.385718855259219140e+02
2.583813832585756813e+02 3.386582243872118170e+02
2.573800963791558729e+02 3.387407430396812629e+02
2.563785406324719816e+02 3.388193067191350565e+02
2.553766899796497967e+02 3.388937749731416602e+02
2.543745223949593139e+02 3.389640040997776396e+02
2.533720184956805497e+02 3.390298458151015097e+02
2.523691636445003326e+02 3.390911508699691126e+02
2.513659453524778939e+02 3.391477661926266478e+02
2.503623542994098727e+02 3.391995346468958132e+02
2.493583848607218272e+02 3.392462958514722118e+02
2.483540340359178060e+02 3.392878840892568633e+02
2.473493041145354141e+02 3.393241323485812586e+02
2.463442003613816098e+02 3.393548706537233670e+02
2.453387313075670306e+02 3.393799250116776420e+02
2.443329084833701756e+02 3.393991156925292216e+02
2.433267475828686486e+02 3.394122578204451202e+02
2.423202737386802141e+02 3.394191718891724463e+02
2.413135039874313463e+02 3.394196593327701521e+02
2.403064766904469991e+02 3.394135355400390495e+02
2.392992152296409358e+02 3.394005931030539500e+02
2.382917668700980585e+02 3.393806369332478994e+02
2.372841704261848861e+02 3.393534604430466857e+02
2.362764735909438798e+02 3.393188524377664521e+02
2.352687286684901835e+02 3.392765958087128411e+02
2.342609983535417086e+02 3.392264749865962585e+02
2.332533449379974115e+02 3.391682665139074402e+02
2.322458367205269951e+02 3.391017398275243409e+02
2.312385541798834083e+02 3.390266650386822107e+02
2.302315802785536221e+02 3.389428065749390839e+02
2.292250032272816327e+02 3.388499211465516510e+02
2.282189179388977891e+02 3.387477574203306858e+02
2.272134373265612339e+02 3.386360700570177187e+02
2.262086676331708190e+02 3.385145988641463077e+02
2.252047301925180989e+02 3.383830781866350890e+02
2.242017618254391778e+02 3.382412440168044441e+02
2.231998982876796447e+02 3.380888208523064691e+02
2.221992906210370791e+02 3.379255297918639371e+02
2.212001006884588321e+02 3.377510866745024032e+02
2.202024955228533543e+02 3.375651939720600581e+02
2.192066694855334390e+02 3.373675612714043268e+02
2.182127999420293918e+02 3.371579396808938327e+02
2.172210660874437167e+02 3.369361613452722963e+02
2.162316400449875573e+02 3.367020429938676784e+02
2.152447277983364984e+02 3.364554117665595641e+02
2.142605231045391747e+02 3.361960736937252818e+02
2.132792360997190997e+02 3.359238239106236392e+02
2.123010938058914689e+02 3.356384508962708537e+02
2.113263395002292100e+02 3.353397405512715750e+02
2.103552074703368930e+02 3.350274456122670586e+02
2.093879807859359801e+02 3.347013337225964165e+02
2.084249344855247443e+02 3.343611472774450704e+02
2.074663695006696571e+02 3.340066202457609279e+02
2.065126043393266571e+02 3.336374732774382323e+02
2.055639787052660381e+02 3.332534139534691349e+02
2.046208637186487067e+02 3.328541495643059989e+02
2.036836406899456620e+02 3.324393641229364107e+02
2.027527241702711365e+02 3.320087319859520676e+02
2.018285617100796969e+02 3.315619224152384845e+02
2.009116304129703963e+02 3.310985978932840794e+02
2.000024234260610854e+02 3.306183854286572910e+02
1.991015083662771303e+02 3.301209472728244236e+02
1.982094539844943029e+02 3.296059062868228011e+02
1.973268890526460666e+02 3.290728949298647876e+02
1.964544758285013017e+02 3.285215278616165619e+02
1.955929451924449438e+02 3.279514526012757756e+02
1.947430462761070373e+02 3.273622823583417016e+02
1.939056036724063858e+02 3.267536587971271160e+02
1.930814934984484523e+02 3.261252417552972815e+02
1.922716424591304474e+02 3.254767091054861794e+02
1.914770246163933223e+02 3.248077379141165579e+02
1.906986949833450353e+02 3.241180719801804457e+02
1.899377490597420035e+02 3.234074764625537455e+02
1.891953432189064586e+02 3.226757691582841971e+02
1.884726906889081306e+02 3.219228454971757856e+02
1.877710382994555403e+02 3.211486403769122830e+02
1.870916877367128563e+02 3.203531859012113614e+02
1.864359716856790783e+02 3.195366127419410986e+02
1.858052387648513104e+02 3.186991470022622934e+02
1.852008463957764377e+02 3.178411429649568731e+02
1.846241354465904578e+02 3.169630369117018063e+02
1.840764338287469286e+02 3.160654540060064051e+02
1.835590045435334048e+02 3.151490762902679990e+02
1.830730594625609626e+02 3.142147983094461665e+02
1.826196995565188104e+02 3.132635943565678645e+02
