1.824061859378103634e+02 3.122066966719027050e+02
1.819801392357105669e+02 3.112499103400176068e+02
1.815812621460859475e+02 3.102800940454973784e+02
1.812096694603302467e+02 3.092981850378985769e+02
1.808653404437773418e+02 3.083050021048891836e+02
1.805481728567879145e+02 3.073014285119925830e+02
1.802579955342523306e+02 3.062883146253486757e+02
1.799945844029927002e+02 3.052665212983092715e+02
1.797576638498431123e+02 3.042369102151420748e+02
1.795469127533223741e+02 3.032003304846651872e+02
1.793619841079380421e+02 3.021575839241919539e+02
1.792025003414862567e+02 3.011094887846389838e+02
1.790680773436908169e+02 3.000567902263903761e+02
1.789583184323404339e+02 2.990002380877367045e+02
1.788728160418269511e+02 2.979405545149061254e+02
1.788111724837813483e+02 2.968783992663371691e+02
1.787729801558715792e+02 2.958144422728428253e+02
1.787578344879239012e+02 2.947492885479010738e+02
1.787653336902880881e+02 2.936835449700276399e+02
1.787950880756159506e+02 2.926177837946962654e+02
1.788467390830928991e+02 2.915525185453695372e+02
1.789199095713636041e+02 2.904883028279053292e+02
1.790142251653350058e+02 2.894256178581510426e+02
1.791293321395222620e+02 2.883649236751088552e+02
1.792648924363973890e+02 2.873066751509775827e+02
1.794205784282174818e+02 2.862513222530715780e+02
1.795960725645795719e+02 2.851992641873220009e+02
1.797910453269664686e+02 2.841508883803519439e+02
1.800051766195106211e+02 2.831065808235647978e+02
1.802381622118124653e+02 2.820667121509900426e+02
1.804897500078311339e+02 2.810315817797418845e+02
1.807596200447081287e+02 2.800016006720647965e+02
1.810475010133509102e+02 2.789770325855943156e+02
1.813531146062982202e+02 2.779581908972608062e+02
1.816761956062468357e+02 2.769453799792361224e+02
1.820164912224927036e+02 2.759388952921422629e+02
1.823737855119685207e+02 2.749389686677725422e+02
1.827477889110189153e+02 2.739459445260725943e+02
1.831383033011206010e+02 2.729600185929914460e+02
1.835451029005589305e+02 2.719814644424288304e+02
1.839679671958877520e+02 2.710105522387761994e+02
1.844067144451435070e+02 2.700475107710650491e+02
1.848611604055030568e+02 2.690925959682006123e+02
1.853311145121914194e+02 2.681460782821474140e+02
1.858164380996201430e+02 2.672081659031444474e+02
1.863169474637187477e+02 2.662791480165759594e+02
1.868325595928485541e+02 2.653592365770145989e+02
1.873631373118356862e+02 2.644487659018370209e+02
1.879086084445395386e+02 2.635479834202623692e+02
1.884688835097356616e+02 2.626571750856471112e+02
1.890438559227898736e+02 2.617766163265663977e+02
1.896332220379029252e+02 2.609064543005626433e+02
1.902365870685513300e+02 2.600467378556764402e+02
1.908535389999066183e+02 2.591975378945459738e+02
1.914836773001991617e+02 2.583589080399565887e+02
1.921266664497223076e+02 2.575308424376740959e+02
1.927821094447840551e+02 2.567134454209723913e+02
1.934497060688347290e+02 2.559067273426090026e+02
1.941291451699674724e+02 2.551107252365941065e+02
1.948200841992570815e+02 2.543255073838472526e+02
1.955222313257038991e+02 2.535510866719798457e+02
1.962352806796107814e+02 2.527874900749616529e+02
1.969589310140513305e+02 2.520347388928796590e+02
1.976928871611149532e+02 2.512928503603249908e+02
1.984368597852341622e+02 2.505618379477571978e+02
1.991905609564653332e+02 2.498417070925810322e+02
1.999537033611457559e+02 2.491324258090675983e+02
2.007259445528256379e+02 2.484339952487241305e+02
2.015069945506839701e+02 2.477463664302302107e+02
2.022965876731673802e+02 2.470694830699288786e+02
2.030943710205469586e+02 2.464033402100971557e+02
2.039000644130312878e+02 2.457478106429810509e+02
2.047132907779523521e+02 2.451028296361789387e+02
2.055337723111071568e+02 2.444682585594066495e+02
2.063611425094298113e+02 2.438440245390188750e+02
2.071951030474508002e+02 2.432299814429158289e+02
2.080353081128283463e+02 2.426259641671853728e+02
2.088813831140221282e+02 2.420318078903301284e+02
2.097329953788827765e+02 2.414473178926596972e+02
2.105898090251535848e+02 2.408723050710082418e+02
2.114514903529896230e+02 2.403065642999773104e+02
2.123176836881586382e+02 2.397498607460779851e+02
2.131880394719610479e+02 2.392019461143895569e+02
2.140622226440355576e+02 2.386625640225852294e+02
2.149399054469136559e+02 2.381314541319300417e+02
2.158207671589743484e+02 2.376083469078256485e+02
2.167044910419849941e+02 2.370929596545674372e+02
2.175907698594073452e+02 2.365850027166340794e+02
2.184793068258136088e+02 2.360841805587864144e+02
2.193698158007561858e+02 2.355901919572301040e+02
2.202620284237289638e+02 2.351027388167654522e+02
2.211556937603574511e+02 2.346215287322458494e+02
2.220505735293914995e+02 2.341462650587433529e+02
2.229464402113256085e+02 2.336766472055482211e+02
2.238430771577376106e+02 2.332123702327697856e+02
2.247402902892017664e+02 2.327531411866338544e+02
2.256379131635291060e+02 2.322986940604156985e+02
2.265357932915466961e+02 2.318487504123955318e+02
2.274337847997934716e+02 2.314030329312389824e+02
2.283317543256328008e+02 2.309612653547017374e+02
2.292296448673875773e+02 2.305232810775685266e+02
2.301274977797839938e+02 2.300890327514701141e+02
2.310253566656783164e+02 2.296584866761596970e+02
2.319232636116180970e+02 2.292316182490263827e+02
2.328212620658128174e+02 2.288084120778014778e+02
2.337194210972084818e+02 2.283888335650109980e+02
2.346177903917887875e+02 2.279728804887813283e+02
2.355164207764330797e+02 2.275605638224935490e+02
2.364153988757819604e+02 2.271518586817787195e+02
2.373147776686147381e+02 2.267467713210652107e+02
2.382146089822442718e+02 2.263453214023627140e+02
2.391149891106346672e+02 2.259474870073767931e+02
2.400159723546700263e+02 2.255532814953162699e+02
2.409176144950724847e+02 2.251627313658951834e+02
2.418200234016062780e+02 2.247758185175576102e+02
2.427232460305085340e+02 2.243925624090283577e+02
2.436273494209424086e+02 2.240129717100932680e+02
2.445324330911946049e+02 2.236370287738818092e+02
2.454385453831198447e+02 2.232647582604090246e+02
2.463457778645436917e+02 2.228961608023424787e+02
2.472542159645381048e+02 2.225312225114483056e+02
2.481639053294838106e+02 2.221699568389763613e+02
2.490749613957363522e+02 2.218123337283367960e+02
2.499874561702504536e+02 2.214583495941504054e+02
2.509015971800258740e+02 2.211078828234267064e+02
2.518176209266750334e+02 2.207606924559651134e+02
2.527355276609925454e+02 2.204166353967020768e+02
2.536553640852047522e+02 2.200755470560220601e+02
2.545771698602477500e+02 2.197372647154950869e+02
2.555009479958120835e+02 2.194016566380262816e+02
2.564267769045237060e+02 2.190685340978995725e+02
2.573546619565508422e+02 2.187377460223272578e+02
2.582846495596562022e+02 2.184091293234622810e+02
2.592167973955964726e+02 2.180825123814269091e+02
2.601511232493917305e+02 2.177577561977930714e+02
2.610877102369792055e+02 2.174346875371097951e+02
2.620265901086785334e+02 2.171131637553036171e+02
2.629678229432199146e+02 2.167930370833094287e+02
2.639114797864123716e+02 2.164741514988426445e+02
2.648576039102331379e+02 2.161563846397788495e+02
2.658062903215827077e+02 2.158396112408856879e+02
2.667575989943166519e+02 2.155237373893563699e+02
2.677116103538718903e+02 2.152086665145636175e+02
2.686684082979867867e+02 2.148942966008981728e+02
2.696280675964359830e+02 2.145805664572803835e+02
2.705906918399955998e+02 2.142674596792138004e+02
2.715563713251765421e+02 2.139549909940374164e+02
2.725252023486132771e+02 2.136431787593990919e+02
2.734972768039409061e+02 2.133320350001336010e+02
2.744727072796537755e+02 2.130217397565028250e+02
2.754516388722301485e+02 2.127128887555186907e+02
2.764342051673916671e+02 2.124061568629017813e+02
2.774205308524792599e+02 2.121022346625167927e+02
2.784106912000468128e+02 2.118018036282356036e+02
2.794047638068960850e+02 2.115055780739725719e+02
2.804028171635969784e+02 2.112143378651874457e+02
2.814048550842714462e+02 2.109288607129769844e+02
2.824108957223052698e+02 2.106499325209705660e+02
2.834209352427959629e+02 2.103783472712134426e+02
2.844349161535077428e+02 2.101148735770752580e+02
2.854527746375330821e+02 2.098602415335376179e+02
2.864744325672821788e+02 2.096151805880883217e+02
2.874997995207174881e+02 2.093804256045067120e+02
2.885287269911385692e+02 2.091567039733772617e+02
2.895610757055905538e+02 2.089446694682243901e+02
2.905966900781634763e+02 2.087448606107545004e+02
2.916353961467386284e+02 2.085578058595565665e+02
2.926770062108511752e+02 2.083840334375614418e+02
2.937213261259554429e+02 2.082240701878850189e+02
2.947681321592309018e+02 2.080783316195703492e+02
2.958172140060153765e+02 2.079470964064694556e+02
2.968683564567493818e+02 2.078306345454617201e+02
2.979213347471948623e+02 2.077292153367762637e+02
2.989759181441983173e+02 2.076431036757099946e+02
3.000318781488557534e+02 2.075724653666348729e+02
3.010889981732037768e+02 2.075173621616274602e+02
3.021470600265242297e+02 2.074778511044171694e+02
3.032058237721806790e+02 2.074539838519824571e+02
3.042650766970926952e+02 2.074458131246053085e+02
3.053246038021541153e+02 2.074533301249614397e+02
3.063842145203295217e+02 2.074764773066696364e+02
3.074437071362273741e+02 2.075151947305261046e+02
3.085028342196377480e+02 2.075694088371461135e+02
3.095614615603676043e+02 2.076390722271503080e+02
3.106193578414952867e+02 2.077241047714519198e+02
3.116763371439416233e+02 2.078244245903394187e+02
3.127322285104091293e+02 2.079399560390183126e+02
3.137868392267381523e+02 2.080706199941624561e+02
3.148399599686738952e+02 2.082163343171773420e+02
3.158914718458548236e+02 2.083770786300146654e+02
3.169411139155691330e+02 2.085528151225609008e+02
3.179887160315970505e+02 2.087435297377865027e+02
3.190340950051823370e+02 2.089492097510028259e+02
3.200770533762179753e+02 2.091698508549523012e+02
3.211173728629445918e+02 2.094055252033071781e+02
3.221548205567392529e+02 2.096563437310750260e+02
3.231891570653939425e+02 2.099224185315150066e+02
3.242201361696215827e+02 2.102038624850003430e+02
3.252475373271543617e+02 2.105007798229508182e+02
3.262711344328795349e+02 2.108131193068929576e+02
3.272906987915704349e+02 2.111407616858857637e+02
3.283061372407610747e+02 2.114836485646795268e+02
3.293171363481129106e+02 2.118416386075396929e+02
3.303235683619379870e+02 2.122146797664812254e+02
3.313252260503015236e+02 2.126027870741132233e+02
3.323217996185575771e+02 2.130059623769661528e+02
3.333130772091391805e+02 2.134242527676308043e+02
3.342987970589030056e+02 2.138576929809363492e+02
3.352787000446291472e+02 2.143063322395504144e+02
3.362525068701364148e+02 2.147702456453790489e+02
3.372198643481286240e+02 2.152494824158642359e+02
3.381805412757622094e+02 2.157441635328004281e+02
3.391341312036587397e+02 2.162543292134099602e+02
3.400803799863790005e+02 2.167801009014645501e+02
3.410188877009073281e+02 2.173215054887286897e+02
3.419493146863258630e+02 2.178786013296328861e+02
3.428712960000191288e+02 2.184514450968939343e+02
3.437844818288036777e+02 2.190401194243934810e+02
3.446884021630618236e+02 2.196446110411446568e+02
3.455827475435823999e+02 2.202649314139937076e+02
3.464670903509540381e+02 2.209010172868273685e+02
3.473410607095031537e+02 2.215528567751373714e+02
3.482042232985509713e+02 2.222204120205341553e+02
3.490561464104833931e+02 2.229036045132422714e+02
3.498964367157105357e+02 2.236022640552005214e+02
3.507247218295406697e+02 2.243162354039895661e+02
3.515405824051397872e+02 2.250453466402298659e+02
3.523436125846250206e+02 2.257894587796626809e+02
3.531333520412584903e+02 2.265483290298354575e+02
3.539094784677899383e+02 2.273217101956482225e+02
3.546715591899584865e+02 2.281092583343596232e+02
3.554192545296717753e+02 2.289107388583847467e+02
3.561521177249530865e+02 2.297258411043919466e+02
3.568697722193435311e+02 2.305542764697489133e+02
3.575718451859943912e+02 2.313956742828286792e+02
3.582579904518832450e+02 2.322497147576782766e+02
3.589277892749740886e+02 2.331160175236149428e+02
3.595808793181313376e+02 2.339942986132241458e+02
3.602168510369269825e+02 2.348842193447661089e+02
3.608353089655429926e+02 2.357854322143684271e+02
3.614358829798197235e+02 2.366976632423675255e+02
3.620181402679955909e+02 2.376205735401854611e+02
3.625816842561883959e+02 2.385539060178925581e+02
3.631260773790285157e+02 2.394973873395083785e+02
3.636508929655689712e+02 2.404508306351268345e+02
3.641556519419038978e+02 2.414139522031473746e+02
3.646399332070285482e+02 2.423865952595292299e+02
3.651032688647215991e+02 2.433685738679543533e+02
3.655448086772447596e+02 2.443599342673579145e+02
3.659633265813788512e+02 2.453609022840393834e+02
3.663575411585392203e+02 2.463715432586363363e+02
3.667261836152054002e+02 2.473918887418990948e+02
3.670679752412424364e+02 2.484218359207848721e+02
3.673816198375993167e+02 2.494611690044988563e+02
3.676658339992338824e+02 2.505095508983359593e+02
3.679194061851474089e+02 2.515664548717149103e+02
3.681414338684450058e+02 2.526302667429089297e+02
3.683316657295026744e+02 2.536991736847874108e+02
3.684902279097801170e+02 2.547722420920764250e+02
3.686173616905287531e+02 2.558485498909766704e+02
3.687134215580140335e+02 2.569271861480020789e+02
3.687788627550001479e+02 2.580072630221480949e+02
3.688142265326400207e+02 2.590879248801978179e+02
3.688201181373472082e+02 2.601683550347036658e+02
3.687971811737346002e+02 2.612478132573733092e+02
3.687461136445494390e+02 2.623255516210494420e+02
3.686676243113446390e+02 2.634009307802015201e+02
3.685624451725828408e+02 2.644733159248788752e+02
3.684313216123841812e+02 2.655421173906876220e+02
3.682749908330412723e+02 2.666068089643734424e+02
3.680941738735242552e+02 2.676669079685705128e+02
3.678895729117236328e+02 2.687219641987489922e+02
3.676618823629053736e+02 2.697715402685899448e+02
3.674117901002391022e+02 2.708152342127776819e+02
3.671399185551208575e+02 2.718527401125031702e+02
3.668469179083607514e+02 2.728836637794026387e+02
3.665333710620392935e+02 2.739077176427970244e+02
3.661998254326663300e+02 2.749246281222716561e+02
3.658468689890090673e+02 2.759340675804533021e+02
3.654749966102002645e+02 2.769358384247878462e+02
3.650847186615175133e+02 2.779296680853602197e+02
3.646764979481057480e+02 2.789153296376493927e+02
3.642507992870244493e+02 2.798925757908762080e+02
3.638080252830039285e+02 2.808612506762147518e+02
3.633486263648600811e+02 2.818211068130912622e+02
3.628729785768854299e+02 2.827719774146818850e+02
3.623814567641314852e+02 2.837136632202186775e+02
3.618743841171314557e+02 2.846460089120955104e+02
3.613521527542400804e+02 2.855687838932868203e+02
3.608150451884826566e+02 2.864818758206922666e+02
3.602633876279010678e+02 2.873850877712836791e+02
3.596974658510706604e+02 2.882782557366690526e+02
3.591175469841724066e+02 2.891612169813562332e+02
3.585239156454568388e+02 2.900337820897475467e+02
3.579167779161632552e+02 2.908958260695515605e+02
3.572964079168718285e+02 2.917471344765256163e+02
3.566630014199625975e+02 2.925875655697975617e+02
3.560168580230962903e+02 2.934170095676717551e+02
3.553584351169912452e+02 2.942355003855569748e+02
3.546881916321246422e+02 2.950430983122105886e+02
3.540065517201022089e+02 2.958398851301920445e+02
3.533139346445286151e+02 2.966259350527222409e+02
3.526107365240894183e+02 2.974013197378413906e+02
3.518973230964853656e+02 2.981661046542259896e+02
3.511740287065577490e+02 2.989203699952205966e+02
3.504411879253105440e+02 2.996641853878539905e+02
3.496991228246267838e+02 3.003976242489730453e+02
3.489481384989931598e+02 3.011207583010960320e+02
3.481885220209723570e+02 3.018336550647333070e+02
3.474205284304999850e+02 3.025363964994308503e+02
3.466444403712425810e+02 3.032290367023302338e+02
3.458605003001204068e+02 3.039116560031306449e+02
3.450689671041873225e+02 3.045843135959711390e+02
3.442700441258768933e+02 3.052470972626638854e+02
3.434639833114704857e+02 3.059000536248582875e+02
3.426509960641343469e+02 3.065432571578700163e+02
3.418312902737765171e+02 3.071767777782084181e+02
3.410050732991563791e+02 3.078006840289501724e+02
3.401725478665604783e+02 3.084150467188493963e+02
3.393338976990509650e+02 3.090199428650632285e+02
3.384893271267505952e+02 3.096154332454947848e+02
3.376390253640238939e+02 3.102015888233052010e+02
3.367831519605145445e+02 3.107784997346672071e+02
3.359219151260081162e+02 3.113462313414764822e+02
3.350554738917645068e+02 3.119048759677239673e+02
3.341840215568306007e+02 3.124545038720936532e+02
3.333076919961495150e+02 3.129952131204804573e+02
3.324266964425917763e+02 3.135270725711915816e+02
3.315411863652556121e+02 3.140501925741469336e+02
3.306513287889010826e+02 3.145646686481034067e+02
3.297572803790403100e+02 3.150705980209480117e+02
3.288592132633133360e+02 3.155680720439398215e+02
3.279572844807428282e+02 3.160572035827683521e+02
3.270516558976275974e+02 3.165381077731959749e+02
3.261424857726637470e+02 3.170108995482585215e+02
3.252299269120614440e+02 3.174756942209942281e+02
3.243141259215847185e+02 3.179326085613454325e+02
3.233952451064573665e+02 3.183817670021815047e+02
3.224734332309174647e+02 3.188233046894520726e+02
3.215488382589182379e+02 3.192573548052406522e+02
3.206215977468666551e+02 3.196840508058921841e+02
3.196918556731023386e+02 3.201035244312379859e+02
3.187597597570660923e+02 3.205159182089498131e+02
3.178254352017533506e+02 3.209213798858179985e+02
3.168890234150827041e+02 3.213200519201994894e+02
3.159506553237441153e+02 3.217120817654418943e+02
3.150104442152993443e+02 3.220976116609839437e+02
3.140685168977310582e+02 3.224767708380427962e+02
3.131249636779701291e+02 3.228496842258570041e+02
3.121799017185068124e+02 3.232164773449163704e+02
3.112334189075237987e+02 3.235772743421101154e+02
3.102856173045324795e+02 3.239321993721761146e+02
3.093365854265460939e+02 3.242813745847534506e+02
3.083864071640073234e+02 3.246249166300116258e+02
3.074351707006852052e+02 3.249629495045691669e+02
3.064829523191285716e+02 3.252955896014767632e+02
3.055298284583167856e+02 3.256229535762186629e+02
3.045758692841479842e+02 3.259451552133424457e+02
3.036211400389344135e+02 3.262623003982056389e+02
3.026657028771223281e+02 3.265744953633761156e+02
3.017096164726001462e+02 3.268818524134651966e+02
3.007529366622050020e+02 3.271844747456216851e+02
2.997957128003972684e+02 3.274824526272990965e+02
2.988379867832917967e+02 3.277758839636184689e+02
2.978798013824576856e+02 3.280648627662552030e+02
2.969211963819701623e+02 3.283494805868356821e+02
2.959622080682026990e+02 3.286298209361588647e+02
2.950028619377085306e+02 3.289059656427908180e+02
2.940431827778247680e+02 3.291779948999981116e+02
2.930831953607596461e+02 3.294459845275514454e+02
2.921229195503724441e+02 3.297100099772005706e+02
2.911623760018562166e+02 3.299701359547145216e+02
2.902015649619482929e+02 3.302264371094818785e+02
2.892405010198584705e+02 3.304789750878019277e+02
2.882791855570604866e+02 3.307278174865949154e+02
2.873175668780722845e+02 3.309730921236545669e+02
2.863556094836385455e+02 3.312149492403774502e+02
2.853933108796698548e+02 3.314535303769438883e+02
2.844306804280776646e+02 3.316889667748367287e+02
2.834677189913139159e+02 3.319213896104948276e+02
2.825044312205970414e+02 3.321509218881785728e+02
2.815408006410256689e+02 3.323776996895765592e+02
2.805768244047849862e+02 3.326018527808412273e+02
2.796124951115663180e+02 3.328235084802151960e+02
2.786478080340012866e+02 3.330427860414934571e+02
2.776827347154033419e+02 3.332598160276744466e+02
2.767172612488981827e+02 3.334747266655204498e+02
2.757513743369260624e+02 3.336876455779536741e+02
2.747850557994811993e+02 3.338986966146371742e+02
2.738182640330385311e+02 3.341080154272535196e+02
2.728509829521754568e+02 3.343157230804841333e+02
2.718831894666840867e+02 3.345219444183957762e+02
2.709148303253177232e+02 3.347268269471850317e+02
2.699458889346714159e+02 3.349304972222985270e+02
2.689763185492802222e+02 3.351330884353118904e+02
2.680060664103627346e+02 3.353347195193011316e+02
2.670350713670821392e+02 3.355352998583038584e+02
2.660632088204665138e+02 3.357346332280645242e+02
2.650904171784791856e+02 3.359324880821589545e+02
2.641165769935814183e+02 3.361286595837729010e+02
2.631416360004355965e+02 3.363229086629602875e+02
2.621654896914695314e+02 3.365150113754103813e+02
2.611880826216916489e+02 3.367047170790626751e+02
2.602093390731083105e+02 3.368917800437588994e+02
2.592291936839318396e+02 3.370759527571668741e+02
2.582475972722393180e+02 3.372569735641763486e+02
2.572644900041958067e+02 3.374345713683847521e+02
2.562798236900194979e+02 3.376084656918899896e+02
2.552935589423899501e+02 3.377783696431366138e+02
2.543056596992452398e+02 3.379439930817275126e+02
2.533160966727595849e+02 3.381050388893722243e+02
2.523248438188308853e+02 3.382611969990596208e+02
2.513318839730966943e+02 3.384121486148811755e+02
2.503372067644614560e+02 3.385575706658096351e+02
2.493408083975954526e+02 3.386971367038065068e+02
2.483426923396621646e+02 3.388305137571351224e+02
2.473428687491529843e+02 3.389573625879793326e+02
2.463413561519485881e+02 3.390773394208823106e+02
2.453381808451540280e+02 3.391900964836630124e+02
2.443333763127559166e+02 3.392952803595538853e+02
2.433269837421186423e+02 3.393925337873710646e+02
2.423190582571059224e+02 3.394815095630547148e+02
2.413096507443477776e+02 3.395618427684143512e+02
2.402988402318461851e+02 3.396331828494555225e+02
2.392866901709984404e+02 3.396951567139104213e+02
2.382732993952690776e+02 3.397474084232728728e+02
2.372587568632175703e+02 3.397895837567865556e+02
2.362431660351467997e+02 3.398213270837536015e+02
2.352266388894418583e+02 3.398422775344416777e+02
2.342093066537676407e+02 3.398520769330383473e+02
2.331912999692770541e+02 3.398503655728928834e+02
2.321727584266313613e+02 3.398367922362606919e+02
2.311538437163124513e+02 3.398110103329964886e+02
2.301347214790359317e+02 3.397726685565692719e+02
2.291155658150483418e+02 3.397214090661860268e+02
2.280965611625438783e+02 3.396568721483105264e+02
2.270779248364819694e+02 3.395787173611798835e+02
2.260598579275443285e+02 3.394865905509596473e+02
2.250425881524569434e+02 3.393801348309241916e+02
2.240263716141051873e+02 3.392589983690086797e+02
2.230114589808977428e+02 3.391228187505421374e+02
2.219981278771832933e+02 3.389712339308055107e+02
2.209866738977574698e+02 3.388038797413623797e+02
2.199773985262861800e+02 3.386203806506264300e+02
2.189706532350181476e+02 3.384203777704899494e+02
2.179667356922278714e+02 3.382036789530466194e+02
2.169659151103681438e+02 3.379703559922400586e+02
2.159684323482563286e+02 3.377204772209711336e+02
2.149745801241512027e+02 3.374541286432525453e+02
2.139846146747210867e+02 3.371713716239231644e+02
2.129988099881511232e+02 3.368722519156672206e+02
2.120174588906609756e+02 3.365568028977867812e+02
2.110408692712357492e+02 3.362250578127370773e+02
2.100693168670343596e+02 3.358770126517246126e+02
2.091031466508476626e+02 3.355126882908455173e+02
2.081426731377686679e+02 3.351320761005364375e+02
2.071882368232174088e+02 3.347351621835612718e+02
2.062401888779502883e+02 3.343219207078703334e+02
2.052988956287895519e+02 3.338923145664168146e+02
2.043647535139748186e+02 3.334463106127868173e+02
2.034381525440055896e+02 3.329838546771220535e+02
2.025195100559977277e+02 3.325048888200678903e+02
2.016092698366736613e+02 3.320093523396066644e+02
2.007078954086633473e+02 3.314971786431710825e+02
1.998158489831651821e+02 3.309682631618525193e+02
1.989336672251066034e+02 3.304225494583440650e+02
1.980618612825184925e+02 3.298599385676969860e+02
1.972009940440491960e+02 3.292803428831694532e+02
1.963516443913242426e+02 3.286836534355678623e+02
1.955144474407289579e+02 3.280697940778031807e+02
1.946900306697226881e+02 3.274386510765609160e+02
1.938790789110511810e+02 3.267901374556973906e+02
1.930823061961367841e+02 3.261241756532409681e+02
1.923004533033810901e+02 3.254406950459754739e+02
1.915342841402554939e+02 3.247396118128752391e+02
1.907846144855860757e+02 3.240208937144236643e+02
1.900522722708586514e+02 3.232845110570095812e+02
1.893381168079047256e+02 3.225304623751909503e+02
1.886430323067572772e+02 3.217587931793279949e+02
1.879679092934526921e+02 3.209695575038994093e+02
1.873136619479097646e+02 3.201628646137428404e+02
1.866812060348050295e+02 3.193388765035560937e+02
1.860714472299036402e+02 3.184978016419241840e+02
1.854852741899946409e+02 3.176399187566643150e+02
1.849235441927908425e+02 3.167655351973170355e+02
1.843870792767424120e+02 3.158750715148397603e+02
1.838766382853793004e+02 3.149689527739195682e+02
1.833929185260805923e+02 3.140477317763864562e+02
1.829365209575927054e+02 3.131119841859115240e+02
