1.825359624241287406e+02 3.121501485625714736e+02
1.821126829367775883e+02 3.111976826584211153e+02
1.817162024688432496e+02 3.102323185741174143e+02
1.813466252877074396e+02 3.092549356184840690e+02
1.810039314374270418e+02 3.082663138905034543e+02
1.806880220378784827e+02 3.072672970212787504e+02
1.803987336591694373e+02 3.062587029736308750e+02
1.801358521972917117e+02 3.052413624585011576e+02
1.798991139715421639e+02 3.042161097639914260e+02
1.796882114446000855e+02 3.031837699573613349e+02
1.795028125819560216e+02 3.021451260983897100e+02
1.793425559039939401e+02 3.011009777208093965e+02
1.792070759901796748e+02 3.000520574261396973e+02
1.790959950922373594e+02 2.989991030387806177e+02
1.790089245386107280e+02 2.979428273747226399e+02
1.789454852178695603e+02 2.968838851827417216e+02
1.789052883488113537e+02 2.958229411798543538e+02
1.788879489884618010e+02 2.947605991436034856e+02
1.788930846097760821e+02 2.936974648831479158e+02
1.789203240902830316e+02 2.926341116055301654e+02
1.789693265003566296e+02 2.915710566432109658e+02
1.790397323390294559e+02 2.905088557051726070e+02
1.791311844974382268e+02 2.894479952819966115e+02
1.792433458356332778e+02 2.883889415091334740e+02
1.793758942744603360e+02 2.873321555742926421e+02
1.795285175916423555e+02 2.862780940218689238e+02
1.797009124542224754e+02 2.852271641689185913e+02
1.798927625900003591e+02 2.841797614809164543e+02
1.801037606630940786e+02 2.831362799237896297e+02
1.803336146540585503e+02 2.820970985180391608e+02
1.805820836151954438e+02 2.810625269406398274e+02
1.808488584614059675e+02 2.800329829055933146e+02
1.811336761488377931e+02 2.790087399812463786e+02
1.814362666826028772e+02 2.779901198755852647e+02
1.817563728013678599e+02 2.769774353682082619e+02
1.820937492768053119e+02 2.759709903841929304e+02
1.824481857596868224e+02 2.749710257836928236e+02
1.828193978391742860e+02 2.739778919652620743e+02
1.832071910975633386e+02 2.729917932559020528e+02
1.836113439099946731e+02 2.720130101854702502e+02
1.840316396746075043e+02 2.710418197656020425e+02
1.844678989621353367e+02 2.700784576483399064e+02
1.849199389953694492e+02 2.691231855510559967e+02
1.853875706693275447e+02 2.681762792951223560e+02
1.858706562030750149e+02 2.672379531832592079e+02
1.863690132309484397e+02 2.663085011896410492e+02
1.868825584584153034e+02 2.653881407078849293e+02
1.874111546036230322e+02 2.644772095447337961e+02
1.879547286822597982e+02 2.635759595790522667e+02
1.885131906205951395e+02 2.626846806106141798e+02
1.890864331566856151e+02 2.618036517424569070e+02
1.896741514470120080e+02 2.609330233549303557e+02
1.902759490887745812e+02 2.600728473702337737e+02
1.908914126724894800e+02 2.592231972589357838e+02
1.915201402230391636e+02 2.583841291518390335e+02
1.921617945659817508e+02 2.575556402674256447e+02
1.928159792237680108e+02 2.567378378896306685e+02
1.934823944936376279e+02 2.559307367131901572e+02
1.941607298759080891e+02 2.551343778022778395e+02
1.948506436857837798e+02 2.543488330816220753e+02
1.955518447782982889e+02 2.535741197272679415e+02
1.962640295462566655e+02 2.528102699923731791e+02
1.969868994734656837e+02 2.520573109786303121e+02
1.977201619911827493e+02 2.513152657956596840e+02
1.984635302285982164e+02 2.505841538605899359e+02
1.992167188297587757e+02 2.498639868462425682e+02
1.999794440383611516e+02 2.491547403333874513e+02
2.007513675806477806e+02 2.484564230472612678e+02
2.015322030671928530e+02 2.477689941589050591e+02
2.023216880802659716e+02 2.470924057940993919e+02
2.031194735950511756e+02 2.464266608963956742e+02
2.039252827227289799e+02 2.457716417843218721e+02
2.047387424430540932e+02 2.451272926009991693e+02
2.055595778697980904e+02 2.444934846790006020e+02
2.063874261365803591e+02 2.438701542459268978e+02
2.072219913721833962e+02 2.432571650992711909e+02
2.080629297323944229e+02 2.426543615248895094e+02
2.089098686258263058e+02 2.420615877568498320e+02
2.097624766613569420e+02 2.414786587062938565e+02
2.106204191495855582e+02 2.409053948465005135e+02
2.114833628226977567e+02 2.403416003108015673e+02
2.123509511191842307e+02 2.397870481936762985e+02
2.132228331665569669e+02 2.392414979758984259e+02
2.140986722509274216e+02 2.387047012097120842e+02
2.149781387972334699e+02 2.381764054799443215e+02
2.158609094808648194e+02 2.376563485647245955e+02
2.167466635292270212e+02 2.371442536352587069e+02
2.176350893353330207e+02 2.366398366924915138e+02
2.185258855696341129e+02 2.361428078414452898e+02
2.194187613653823519e+02 2.356528714785432044e+02
2.203134430327086477e+02 2.351697348922748176e+02
2.212096740222110327e+02 2.346931101266972348e+02
2.221072100141850285e+02 2.342227050415261829e+02
2.230058172310008615e+02 2.337582235417142158e+02
2.239052726542595337e+02 2.332993651045734111e+02
2.248053760787332465e+02 2.328458417465708408e+02
2.257059549010848514e+02 2.323973936262935922e+02
2.266068514501599509e+02 2.319537477101129923e+02
2.275079135827064363e+02 2.315146326656808640e+02
2.284090011643200739e+02 2.310797778119092243e+02
2.293100411811463744e+02 2.306490091024224967e+02
2.302110501112245515e+02 2.302222537613224347e+02
2.311120461573047464e+02 2.297994513505273630e+02
2.320130462450847233e+02 2.293805501970263663e+02
2.329140692515950661e+02 2.289655074374976778e+02
2.338151651683548096e+02 2.285542613563387988e+02
2.347163639154427415e+02 2.281467868244459112e+02
2.356176968330764794e+02 2.277430717439899865e+02
2.365192364728209782e+02 2.273430650169647436e+02
2.374210183128133451e+02 2.269467486901970688e+02
2.383230778203323155e+02 2.265541202472145130e+02
2.392255024296312627e+02 2.261651339926287960e+02
2.401283329815169623e+02 2.257797819659638208e+02
2.410316118886905201e+02 2.253980691595805013e+02
2.419354413075442665e+02 2.250199522197567603e+02
2.428398559092884170e+02 2.246454290292176950e+02
2.437449135515651335e+02 2.242744854587544125e+02
2.446507098063091519e+02 2.239070787238104572e+02
2.455572825401726504e+02 2.235432112950967962e+02
2.464647190370949374e+02 2.231828586278256807e+02
2.473731003631499163e+02 2.228259791218928854e+02
2.482824621413912212e+02 2.224725592673673873e+02
2.491929207151675030e+02 2.221225377165440307e+02
2.501045435977430884e+02 2.217758819041266634e+02
2.510175577331143586e+02 2.214324319824615088e+02
2.519322302279293524e+02 2.210918998544949545e+02
2.528485576229060428e+02 2.207541054150647426e+02
2.537665910914149663e+02 2.204188444771133959e+02
2.546863748081769074e+02 2.200859151146602244e+02
2.556079095400029360e+02 2.197551474131835505e+02
2.565312843880355445e+02 2.194263017700102409e+02
2.574565021240908891e+02 2.190991770349256456e+02
2.583836147916308619e+02 2.187735578889340502e+02
2.593126895543504133e+02 2.184492198580338425e+02
2.602437450080616941e+02 2.181259719930557139e+02
2.611768785812897136e+02 2.178035766938365612e+02
2.621121251316264988e+02 2.174818271990534981e+02
2.630495551966719745e+02 2.171605101935136020e+02
2.639892551030748677e+02 2.168394035186802000e+02
2.649312752859161719e+02 2.165183201334143632e+02
2.658757330588288710e+02 2.161970641474987360e+02
2.668227002848665279e+02 2.158754728390965454e+02
2.677722769051986234e+02 2.155533797907245912e+02
2.687245704334940228e+02 2.152306129845392775e+02
2.696796733767719161e+02 2.149070466279880804e+02
2.706377225912406743e+02 2.145826109604553551e+02
2.715988334566596905e+02 2.142572721110396117e+02
2.725631321241964429e+02 2.139309996408238419e+02
2.735307448530290912e+02 2.136037568371340569e+02
2.745018176191528028e+02 2.132757173830310364e+02
2.754765477902755038e+02 2.129475851584707016e+02
2.764551159419268060e+02 2.126201644851114452e+02
2.774376871831548215e+02 2.122942765208181868e+02
2.784243785613770683e+02 2.119707336779094078e+02
2.794153013121685376e+02 2.116503994077356765e+02
2.804105556918191837e+02 2.113342420910533690e+02
2.814101747134627090e+02 2.110232337804558824e+02
2.824141962936730010e+02 2.107183554845610161e+02
2.834226311289867226e+02 2.104205966000417618e+02
2.844354308577397319e+02 2.101309183453834635e+02
2.854525340289678752e+02 2.098502378678198284e+02
2.864738593296317504e+02 2.095794710713045390e+02
2.874993079083085945e+02 2.093195392081393891e+02
2.885287166866154962e+02 2.090713554095267739e+02
2.895619268307996776e+02 2.088357296210951972e+02
2.905987594692884954e+02 2.086133107809543787e+02
2.916390142554492400e+02 2.084047334411226018e+02
2.926824741231781672e+02 2.082106314465596029e+02
2.937289129260711320e+02 2.080316356789950589e+02
2.947780730404054452e+02 2.078682244395993450e+02
2.958297121015501148e+02 2.077206864347706130e+02
2.968835830636217565e+02 2.075892977705289866e+02
2.979394292111019240e+02 2.074743333612663037e+02
2.989969879562003712e+02 2.073760620765337990e+02
3.000560015617417093e+02 2.072946232929435553e+02
3.011162284327170369e+02 2.072300200289234624e+02
3.021774273677395968e+02 2.071822487555771204e+02
3.032393362839715678e+02 2.071513002036117825e+02
3.043017236696202872e+02 2.071371655878706690e+02
3.053643583977847129e+02 2.071397648680409134e+02
3.064270379330922651e+02 2.071589608200650900e+02
3.074895504028551159e+02 2.071946134488804319e+02
3.085516382941414122e+02 2.072465688187084822e+02
3.096131651724256812e+02 2.073147005320668939e+02
3.106738937991331113e+02 2.073988558111423117e+02
3.117336356773018338e+02 2.074988856838801894e+02
3.127922199081500025e+02 2.076146478065693373e+02
3.138494547497016924e+02 2.077459963612224669e+02
3.149051327877779727e+02 2.078927840002532150e+02
3.159591402896294312e+02 2.080549416939317950e+02
3.170112145307643914e+02 2.082323912884793913e+02
3.180611889869583706e+02 2.084250795399449032e+02
3.191088847574102374e+02 2.086329546414196443e+02
3.201541087869370585e+02 2.088559758870364931e+02
3.211966428450657531e+02 2.090942009310021774e+02
3.222362516242157540e+02 2.093477371800106823e+02
3.232726933581033109e+02 2.096166932620907346e+02
3.243057194945432116e+02 2.099011785709940625e+02
3.253351075572963396e+02 2.102012968790135972e+02
3.263606221503953293e+02 2.105170142159730062e+02
3.273820213998435520e+02 2.108482356052268187e+02
3.283992036514044912e+02 2.111949283646987965e+02
3.294118367783719918e+02 2.115569735964880351e+02
3.304197800488150847e+02 2.119343469820920234e+02
3.314228037693559372e+02 2.123271075970453410e+02
3.324205679887286351e+02 2.127353051039919194e+02
3.334128326674522782e+02 2.131590348956445098e+02
3.343993038509587450e+02 2.135983783318405642e+02
3.353796874820417315e+02 2.140534323884389210e+02
3.363536628556220194e+02 2.145243278421079367e+02
3.373208288937805719e+02 2.150111694880801281e+02
3.382809083174707894e+02 2.155141341473673720e+02
3.392334390954380297e+02 2.160333132457877525e+02
3.401781143381986681e+02 2.165688789186812642e+02
3.411144740602916272e+02 2.171209009288502330e+02
3.420421177539906807e+02 2.176894783093217711e+02
3.429606154715384037e+02 2.182747053449468240e+02
3.438695493827043492e+02 2.188766995649032197e+02
3.447683778664807619e+02 2.194954696930302021e+02
3.456567320329654081e+02 2.201310260952409692e+02
3.465341209164978977e+02 2.207832954812529351e+02
3.474001102129790866e+02 2.214522532315740477e+02
3.482541958979083461e+02 2.221378438957809180e+02
3.490958846545433403e+02 2.228399503598661511e+02
3.499247438903788066e+02 2.235583211003117299e+02
3.507403655947303491e+02 2.242927108558471616e+02
3.515422944648199177e+02 2.250428538885351202e+02
3.523300889273135681e+02 2.258085133193403067e+02
3.531032687809208710e+02 2.265893232488807882e+02
3.538615235614975063e+02 2.273848692430640597e+02
3.546044418973619941e+02 2.281946347816096647e+02
3.553317089316610691e+02 2.290182097817387898e+02
3.560429107485174995e+02 2.298551079962762742e+02
3.567377212329257077e+02 2.307048483661826026e+02
3.574158480245283727e+02 2.315668462140869508e+02
3.580770359053282164e+02 2.324405659381153271e+02
3.587209729544225638e+02 2.333254181989476876e+02
3.593474114217247575e+02 2.342209094121586759e+02
3.599560732339664355e+02 2.351265002726829891e+02
3.605467092702705827e+02 2.360416506843251057e+02
3.611191069209231728e+02 2.369658973400334503e+02
3.616730150926360352e+02 2.378987307662074500e+02
3.622082306488173913e+02 2.388397300217915245e+02
3.627245182738772087e+02 2.397884891333392261e+02
3.632216500879046635e+02 2.407447085685163870e+02
3.636993750347427863e+02 2.417080289997831528e+02
3.641575059713575229e+02 2.426782236502298531e+02
3.645958294710234782e+02 2.436550757360610078e+02
3.650136851641686917e+02 2.446386725640531097e+02
3.654099687611503100e+02 2.456293349041404781e+02
3.657835298279136964e+02 2.466272590565496330e+02
3.661332243014718415e+02 2.476326122212374798e+02
3.664578997441491879e+02 2.486454543204461345e+02
3.667563778516946513e+02 2.496657577382120508e+02
3.670274813357788730e+02 2.506933960591875064e+02
3.672700961791832128e+02 2.517280869223767183e+02
3.674834530442797131e+02 2.527687324612689395e+02
3.676673760245112135e+02 2.538140636850391729e+02
3.678219655690159016e+02 2.548634245595467860e+02
3.679474114033445744e+02 2.559161511968862328e+02
3.680439943601698474e+02 2.569715708023391016e+02
3.681120771042671436e+02 2.580290106962174264e+02
3.681520925654384655e+02 2.590878056980527617e+02
3.681645231747681350e+02 2.601473038914699032e+02
3.681498804536539637e+02 2.612068948464442428e+02
3.681087247315456921e+02 2.622659494031399277e+02
3.680416258900298203e+02 2.633239068557230098e+02
3.679491758853736769e+02 2.643801996297116261e+02
3.678319776977139099e+02 2.654342841154714847e+02
3.676906287556033135e+02 2.664856563100611311e+02
3.675257155479286553e+02 2.675338385272738151e+02
3.673378113575659540e+02 2.685783721599499927e+02
3.671274863370462072e+02 2.696188032219089905e+02
3.668953080644066631e+02 2.706547011282085577e+02
3.666417885296651207e+02 2.716857089882004743e+02
3.663674675023163445e+02 2.727113948027553647e+02
3.660728287558762304e+02 2.737314112516835394e+02
3.657583271030517835e+02 2.747454211491187266e+02
3.654244608759836979e+02 2.757530420301766867e+02
3.650716482846135591e+02 2.767540011866079794e+02
3.647003228298860336e+02 2.777479610075494065e+02
3.643108772608218828e+02 2.787346224677435202e+02
3.639037105444301687e+02 2.797136694306140612e+02
3.634791743231137957e+02 2.806848708422007803e+02
3.630376670936932442e+02 2.816479158937306124e+02
3.625795203553731767e+02 2.826025661701109470e+02
3.621050652614064234e+02 2.835485545472182594e+02
3.616145887648660846e+02 2.844856561856930171e+02
3.611084525158933047e+02 2.854135840551864476e+02
3.605869176923454233e+02 2.863321617572324271e+02
3.600502865971700430e+02 2.872411359751944246e+02
3.594988241183714308e+02 2.881402847795987441e+02
3.589327808134650581e+02 2.890293904870343340e+02
3.583524316796738276e+02 2.899082166158162863e+02
3.577579777123662552e+02 2.907765893925335376e+02
3.571496851314739160e+02 2.916342515760442780e+02
3.565277453188589334e+02 2.924810160532944678e+02
3.558924650395577487e+02 2.933167403767317296e+02
3.552443331549066556e+02 2.941414471384194940e+02
3.545838421206271960e+02 2.949551900368060160e+02
3.539114491038473034e+02 2.957580461412225077e+02
3.532276050149881712e+02 2.965500876227546314e+02
3.525327345697104420e+02 2.973313842256904422e+02
3.518272278863902329e+02 2.981019980805637033e+02
3.511114429633436771e+02 2.988620069763791776e+02
3.503857370401104845e+02 2.996114798967906268e+02
3.496504541803036545e+02 3.003504908557236490e+02
3.489059191169765199e+02 3.010791116665912455e+02
3.481524356850705999e+02 3.017974086695249412e+02
3.473902752306796629e+02 3.025054632106065924e+02
3.466197358438794254e+02 3.032033300159309306e+02
3.458410752266619284e+02 3.038910904720556800e+02
3.450545652757475636e+02 3.045688040489192190e+02
3.442604204119287488e+02 3.052365572909395723e+02
3.434589029919201266e+02 3.058943962684254529e+02
3.426502347010184053e+02 3.065423952538624235e+02
3.418346333205878409e+02 3.071806244018507073e+02
3.410123145805436025e+02 3.078091515021632176e+02
3.401834882124962860e+02 3.084280456245209621e+02
3.393483446597673492e+02 3.090373823633451025e+02
3.385070949148494606e+02 3.096372212738128269e+02
3.376599346171612979e+02 3.102276323197088459e+02
3.368070284872507045e+02 3.108087040374483649e+02
3.359485895586831816e+02 3.113804992366497117e+02
3.350847811454874545e+02 3.119431081943210415e+02
3.342158011880558774e+02 3.124965989494216956e+02
3.333417873296846778e+02 3.130410680378179791e+02
3.324629551966683607e+02 3.135765815719848320e+02
3.315794593889552857e+02 3.141032476501407018e+02
3.306914703354086669e+02 3.146211594056949821e+02
3.297991479317481094e+02 3.151304118826259355e+02
3.289026679136146072e+02 3.156310940704673271e+02
3.280021905042790991e+02 3.161233169546587760e+02
3.270978808600883667e+02 3.166071938410767643e+02
3.261899005084698615e+02 3.170828379126987784e+02
3.252784054490617223e+02 3.175503628446144830e+02
3.243635454002824758e+02 3.180098840061359056e+02
3.234454866070960293e+02 3.184615248682607103e+02
3.225243814446189958e+02 3.189054202829441351e+02
3.216003815719294039e+02 3.193417031370301515e+02
3.206736279135642462e+02 3.197705068401189692e+02
3.197442683333749187e+02 3.201919630679962552e+02
3.188124551819734052e+02 3.206062153391720244e+02
3.178783173380542166e+02 3.210134135113492562e+02
3.169420010225028363e+02 3.214137015290514228e+02
3.160036414789053083e+02 3.218072286678317937e+02
3.150633552538065487e+02 3.221941393046743087e+02
3.141212736956155140e+02 3.225745627015801347e+02
3.131774887768690974e+02 3.229486250093828517e+02
3.122321222183867917e+02 3.233164514447782381e+02
3.112852636440664469e+02 3.236781673862767548e+02
3.103370191573984016e+02 3.240338973453358449e+02
3.093874804838839623e+02 3.243837654419374985e+02
3.084367346330725468e+02 3.247278906274293035e+02
3.074848743508555344e+02 3.250663985221834196e+02
3.065319783050657634e+02 3.253994082359639606e+02
3.055781268584794930e+02 3.257270386902985138e+02
3.046233942372444403e+02 3.260494067346608063e+02
3.036678487255059622e+02 3.263666219689261538e+02
3.027115561489168840e+02 3.266787940688769254e+02
3.017545792943558922e+02 3.269860386198959645e+02
3.007969770053183538e+02 3.272884627647077309e+02
2.998388016790533470e+02 3.275861610875616066e+02
2.988800993650206692e+02 3.278792354229441912e+02
2.979209159829743498e+02 3.281677841581694111e+02
2.969612943372185327e+02 3.284519032854138345e+02
2.960012734611445353e+02 3.287316808680932354e+02
2.950408822276297656e+02 3.290072030460290762e+02
2.940801483715168274e+02 3.292785545094745885e+02
2.931190991610629339e+02 3.295458157559160668e+02
2.921577570514020863e+02 3.298090668856487468e+02
2.911961446507756364e+02 3.300683773193964043e+02
2.902342654117408642e+02 3.303238257199557779e+02
2.892721355365292197e+02 3.305754782837439052e+02
2.883097587327057454e+02 3.308234069227479495e+02
2.873470893194732980e+02 3.310677426314728677e+02
2.863840962804326864e+02 3.313086391514995626e+02
2.854207789444205332e+02 3.315462420149750642e+02
2.844571474271903071e+02 3.317806867490150466e+02
2.834932035826590777e+02 3.320121087322684161e+02
2.825289525482110662e+02 3.322406352913425280e+02
2.815643792241207279e+02 3.324664062400594275e+02
2.805994810762127258e+02 3.326895549770575826e+02
2.796342510116783160e+02 3.329102124177909445e+02
2.786686842271458318e+02 3.331285014932298054e+02
2.777027531619290812e+02 3.333445561763364253e+02
2.767364438619880502e+02 3.335585080102785014e+02
2.757697427097654668e+02 3.337704876743262616e+02
2.748026312023893070e+02 3.339806220422704541e+02
2.738350683071487310e+02 3.341890495856192729e+02
2.728670371240061172e+02 3.343958944553029937e+02
2.718985138365580951e+02 3.346012842338052451e+02
2.709294456597775138e+02 3.348053686795213935e+02
2.699598145868783376e+02 3.350082769417230111e+02
2.689895735644018941e+02 3.352101445756386511e+02
2.680186694313584326e+02 3.354110925402035264e+02
2.670470387459079120e+02 3.356110283720825578e+02
2.660745564362352980e+02 3.358097509261143045e+02
2.651011577998130520e+02 3.360070240845898866e+02
2.641267234551852425e+02 3.362026379470471511e+02
2.631511982707251605e+02 3.363963488073392227e+02
2.621744778841569996e+02 3.365879278119692231e+02
2.611965048476742481e+02 3.367771197694994498e+02
2.602172029086024168e+02 3.369636742047861162e+02
2.592365060980505973e+02 3.371473388705624643e+02
2.582543640377699035e+02 3.373278474727874823e+02
2.572707168017300319e+02 3.375049244656500491e+02
2.562855158963903932e+02 3.376782850849766078e+02
2.552987215174486550e+02 3.378476381609709165e+02
2.543102974953974353e+02 3.380126892477092042e+02
2.533202144737326762e+02 3.381731370067038824e+02
2.523284467749485600e+02 3.383286676474975820e+02
2.513349774948365223e+02 3.384789588559900153e+02
2.503397966114162330e+02 3.386236840429222070e+02
2.493429008480077016e+02 3.387625132404088504e+02
2.483442941753643822e+02 3.388951101023917545e+02
2.473439876631784671e+02 3.390211326779227647e+02
2.463420007184022325e+02 3.391402346916909778e+02
2.453383605432509853e+02 3.392520658832531808e+02
2.443331015227311411e+02 3.393562703584528322e+02
2.433262658933519731e+02 3.394524885544038284e+02
2.423179105441099921e+02 3.395403716305369244e+02
2.413080867628941917e+02 3.396195531831299377e+02
2.402968759575724107e+02 3.396896812319845367e+02
2.392843419846876429e+02 3.397503812249019006e+02
2.382705860793052182e+02 3.398012959714181420e+02
2.372556983901199033e+02 3.398420703531782578e+02
2.362397840126391486e+02 3.398723479563930709e+02
2.352229565940309044e+02 3.398917671556705500e+02
2.342053494625811538e+02 3.398999690805113119e+02
2.331870950102475888e+02 3.398965933115188136e+02
2.321683347057666538e+02 3.398812878929578005e+02
2.311492325674530548e+02 3.398537055651649439e+02
2.301299564212668258e+02 3.398134943803719921e+02
2.291106825869109684e+02 3.397602958987936290e+02
2.280915978647543056e+02 3.396937496082626922e+02
2.270729225833578369e+02 3.396135138616311338e+02
2.260548604083241173e+02 3.395192332278352865e+02
2.250376420718145027e+02 3.394105496608218004e+02
2.240215270703058081e+02 3.392871102887033885e+02
2.230067694272602239e+02 3.391485511133260502e+02
2.219936507019769181e+02 3.389945076272882147e+02
2.209824707135379640e+02 3.388246132359273020e+02
2.199735353379754486e+02 3.386384901096793669e+02
2.189672010185899467e+02 3.384357773474516762e+02
2.179637697991774985e+02 3.382162835912347987e+02
2.169635147093725891e+02 3.379800854547277709e+02
2.159666802852334797e+02 3.377272565096190533e+02
2.149735631793213884e+02 3.374578882164832407e+02
2.139844234596112358e+02 3.371720475427450765e+02
2.129995390335583352e+02 3.368697862141771111e+02
2.120192066584835970e+02 3.365511439820754731e+02
2.110437381480312240e+02 3.362161606813024264e+02
2.100734133956603387e+02 3.358648391991640665e+02
2.091085813301858423e+02 3.354972075202326778e+02
2.081495604720091421e+02 3.351132650074752064e+02
2.071966950891711576e+02 3.347130065651534210e+02
2.062503401430706163e+02 3.342964155207119461e+02
2.053108657551103136e+02 3.338634642861761677e+02
2.043786718557770712e+02 3.334141295449327345e+02
2.034541519372590415e+02 3.329483681632382854e+02
2.025377263429768959e+02 3.324661341533313248e+02
2.016298415139163751e+02 3.319673791289724818e+02
2.007309633600748953e+02 3.314520492290910170e+02
1.998415570436134203e+02 3.309200535690761740e+02
1.989621599061485142e+02 3.303713495271852025e+02
1.980932846566690557e+02 3.298058535668712921e+02
1.972354944639696157e+02 3.292234935959704671e+02
1.963893685121837791e+02 3.286241770252981951e+02
1.955555400919159297e+02 3.280078437045811484e+02
1.947346357244984176e+02 3.273743977162461647e+02
1.939273370067961082e+02 3.267237696352914895e+02
1.931343535009193317e+02 3.260558996639651923e+02
1.923564203678014906e+02 3.253707352360115692e+02
1.915942955521510953e+02 3.246682115767804362e+02
1.908487854629000253e+02 3.239483138678855880e+02
1.901207080448579347e+02 3.232110304706595230e+02
1.894109103577656583e+02 3.224563772685935419e+02
1.887202613992830891e+02 3.216844155152309099e+02
1.880496357481714540e+02 3.208952153775402394e+02
1.873999282761633651e+02 3.200888996311898040e+02
1.867720327928254278e+02 3.192656414875819451e+02
1.861668309763128661e+02 3.184256586513269554e+02
1.855851844299652385e+02 3.175692352322441252e+02
1.850279228987560600e+02 3.166966829221747730e+02
1.844958361658862600e+02 3.158084186550590857e+02
1.839896526314428513e+02 3.149048646789568693e+02
1.835100345930164565e+02 3.139865605372373807e+02
1.830575499084076796e+02 3.130540675810823927e+02
