1.821583849789739986e+02 3.123146721311725855e+02
1.817192517845277848e+02 3.113527107494163033e+02
1.813075865269267695e+02 3.103769885944607267e+02
1.809235794483492157e+02 3.093885296924884756e+02
1.805672652204942779e+02 3.083882109616680509e+02
1.802385929433061733e+02 3.073769843633732535e+02
1.799374339218505270e+02 3.063557615863347223e+02
1.796636013611467035e+02 3.053254671420547197e+02
1.794168516801375972e+02 3.042870271524933514e+02
1.791968906575007736e+02 3.032413538686921584e+02
1.790033931390080966e+02 3.021893052352146469e+02
1.788359986263146197e+02 3.011317607989427074e+02
1.786943313918652905e+02 3.000695159973182058e+02
1.785780001186640789e+02 2.990033735495154019e+02
1.784866001899498258e+02 2.979341051417150652e+02
1.784197351378571739e+02 2.968624112621324684e+02
1.783769939024772100e+02 2.957890058257817714e+02
1.783579606856717419e+02 2.947145283106440843e+02
1.783622206704454243e+02 2.936396212297027546e+02
1.783893708016125572e+02 2.925648878691944219e+02
1.784390396912122014e+02 2.914908648178885073e+02
1.785108321540683392e+02 2.904181348780720668e+02
1.786043497783197154e+02 2.893471978202268247e+02
1.787192146119834604e+02 2.882785293642234024e+02
1.788550645852000400e+02 2.872125993472157575e+02
1.790115481739299526e+02 2.861498719263184967e+02
1.791883222390097217e+02 2.850907537089328798e+02
1.793850274191075300e+02 2.840356375808815983e+02
1.796013137461509928e+02 2.829849144410852659e+02
1.798368479593018492e+02 2.819389576180321910e+02
1.800913519730109158e+02 2.808980606097055670e+02
1.803644747948533507e+02 2.798626410068499695e+02
1.806559181589662728e+02 2.788329530616763350e+02
1.809653754441137323e+02 2.778093056756870851e+02
1.812925539113933269e+02 2.767919974153302292e+02
1.816371741209164270e+02 2.757813166759087835e+02
1.819989980130069682e+02 2.747774825616353951e+02
1.823777109787966140e+02 2.737808388257137722e+02
1.827730964723504314e+02 2.727915660589281401e+02
1.831849076000166576e+02 2.718099297920299477e+02
1.836129034492576011e+02 2.708361917388261304e+02
1.840568882554582899e+02 2.698705701218290187e+02
1.845166664377500751e+02 2.689133142468509732e+02
1.849920357403542539e+02 2.679646893441243947e+02
1.854828489640448197e+02 2.670248929298858229e+02
1.859889110815672666e+02 2.660942105959007904e+02
1.865101396943097427e+02 2.651728470092325551e+02
1.870463982642950214e+02 2.642611415685112775e+02
1.875976194396191374e+02 2.633593400347635338e+02
1.881637169010566026e+02 2.624677299241072888e+02
1.887445875924268535e+02 2.615865888627336062e+02
1.893399356297377096e+02 2.607160693745774438e+02
1.899493771481741078e+02 2.598562265060411960e+02
1.905725091422677338e+02 2.590071405279903729e+02
1.912089400708814537e+02 2.581688744974099450e+02
1.918583462489518752e+02 2.573414283908613243e+02
1.925203380346202664e+02 2.565249218725585933e+02
1.931946278401372297e+02 2.557193745485570844e+02
1.938809152700264633e+02 2.549248354574060045e+02
1.945788659486462393e+02 2.541413883212902647e+02
1.952881981280920911e+02 2.533690579280276722e+02
1.960086117284577085e+02 2.526078829951198657e+02
1.967398098773356026e+02 2.518578960781057674e+02
1.974815014509254070e+02 2.511191259886001319e+02
1.982334008207084821e+02 2.503915980887708486e+02
1.989952220769764040e+02 2.496753288069034511e+02
1.997666736406055463e+02 2.489702902439227046e+02
2.005474035301616880e+02 2.482764891438283996e+02
2.013371150014470174e+02 2.475938787443251954e+02
2.021355362162524898e+02 2.469224042552460503e+02
2.029423011825263359e+02 2.462620649402100526e+02
2.037571127699055467e+02 2.456127222546999462e+02
2.045795695516848696e+02 2.449743029704059722e+02
2.054093747124331060e+02 2.443466541896297599e+02
2.062461380380954381e+02 2.437296935484038158e+02
2.070895390942453105e+02 2.431232580134723094e+02
2.079392000100367568e+02 2.425271569206838080e+02
2.087947117645667845e+02 2.419411982767270786e+02
2.096557098559864016e+02 2.413651575873256832e+02
2.105218267783124304e+02 2.407988157491849392e+02
2.113926962795210613e+02 2.402419345485551787e+02
2.122679256771672271e+02 2.396942395763845184e+02
2.131471288431433209e+02 2.391554408051939902e+02
2.140299355700541923e+02 2.386252388881285640e+02
2.149159841119690100e+02 2.381033295693931677e+02
2.158049212138990640e+02 2.375893985365575816e+02
2.166963992627057962e+02 2.370831177031614629e+02
2.175900815317041861e+02 2.365841510877763767e+02
2.184856431145750548e+02 2.360921558574259791e+02
2.193827711761447574e+02 2.356067825662871371e+02
2.202811743964437312e+02 2.351276870767863443e+02
2.211805846186704514e+02 2.346545356552572343e+02
2.220807479621363711e+02 2.341869902754990846e+02
2.229814224942706176e+02 2.337247083323778440e+02
2.238823784921271169e+02 2.332673422924545434e+02
2.247834134892423776e+02 2.328145608116982146e+02
2.256843585658312463e+02 2.323660665469058983e+02
2.265850609014598547e+02 2.319215494548536185e+02
2.274853746876077594e+02 2.314807007082307848e+02
2.283851679882274084e+02 2.310432128429111458e+02
2.292843998819350304e+02 2.306089098770500243e+02
2.301831463163184139e+02 2.301777622232406770e+02
2.310814853667889395e+02 2.297497568396627230e+02
2.319794923952271404e+02 2.293248908781888815e+02
2.328772431124656066e+02 2.289031715792987427e+02
2.337748391904311518e+02 2.284845856324931788e+02
2.346723594925903456e+02 2.280691529157894593e+02
2.355698830252668472e+02 2.276569072647301653e+02
2.364675262893513548e+02 2.272478459926906567e+02
2.373653688932521675e+02 2.268419994710869219e+02
2.382634869913572402e+02 2.264394099168276568e+02
2.391620020527209647e+02 2.260400751696527664e+02
2.400609902845235410e+02 2.256440302085046881e+02
2.409605285555980743e+02 2.252513237450859265e+02
2.418607476177009232e+02 2.248619589960522092e+02
2.427617124522291192e+02 2.244759762171297268e+02
2.436635075431738926e+02 2.240934030971091602e+02
2.445662505057226213e+02 2.237142408531246360e+02
2.454700048364015856e+02 2.233385344940106449e+02
2.463748781300280655e+02 2.229663045772557268e+02
2.472809703320167500e+02 2.225975560822505201e+02
2.481883391648434838e+02 2.222323213526283894e+02
2.490971136560421826e+02 2.218705887227518474e+02
2.500073772195637218e+02 2.215123739837970902e+02
2.509193516927318797e+02 2.211575739642011627e+02
2.518332873558098015e+02 2.208059665932401003e+02
2.527491912232773359e+02 2.204574302668151802e+02
2.536671169518733961e+02 2.201118217788187508e+02
2.545871100836116909e+02 2.197690001167689786e+02
2.555091781362783934e+02 2.194288559343256395e+02
2.564334050068483748e+02 2.190912245374692588e+02
2.573597997749964748e+02 2.187559801530067887e+02
2.582884122420978201e+02 2.184229849870844475e+02
2.592193026405473120e+02 2.180920928525115414e+02
2.601524903251968794e+02 2.177631909780435535e+02
2.610880602488002182e+02 2.174361355348997620e+02
2.620260450479281076e+02 2.171108144957094055e+02
2.629665048308659721e+02 2.167871107711639809e+02
2.639095096191896346e+02 2.164648991089017898e+02
2.648551010612295613e+02 2.161440885494560860e+02
2.658033717470751185e+02 2.158245880292112417e+02
2.667543787050568653e+02 2.155063385039961474e+02
2.677081981991221937e+02 2.151892783176609498e+02
2.686649087778216654e+02 2.148733403826958011e+02
2.696245792779332646e+02 2.145584978670405008e+02
2.705873053953488920e+02 2.142447672420103970e+02
2.715531692018052468e+02 2.139321955903297123e+02
2.725222576410004649e+02 2.136208335615267799e+02
2.734946520912407095e+02 2.133107253697270949e+02
2.744704526590214186e+02 2.130020689726238743e+02
2.754497868378247745e+02 2.126954385470316993e+02
2.764327711059148101e+02 2.123914802144469718e+02
2.774195142759959936e+02 2.120908554672421928e+02
2.784100764532732342e+02 2.117942163949851135e+02
2.794045211410751222e+02 2.115022430162957505e+02
2.804029031481697984e+02 2.112156701487107284e+02
2.814052140376099373e+02 2.109352287372163914e+02
2.824114613181756681e+02 2.106616576865059187e+02
2.834216319322316053e+02 2.103957037785178841e+02
2.844356608275776921e+02 2.101380871474614196e+02
2.854534780555489419e+02 2.098894872035128571e+02
2.864750008650656810e+02 2.096505823786405927e+02
2.875001356588437034e+02 2.094220564478628148e+02
2.885287327721247834e+02 2.092045857502154149e+02
2.895606529657164856e+02 2.089987780961424733e+02
2.905957419270275182e+02 2.088051339535029456e+02
2.916338281294120520e+02 2.086241444423713460e+02
2.926747274020469263e+02 2.084563005040627388e+02
2.937182500868777879e+02 2.083020920232044659e+02
2.947641779167153686e+02 2.081619071828702374e+02
2.958123058903204310e+02 2.080360096598916186e+02
2.968624244233589593e+02 2.079246553486018172e+02
2.979143148048743228e+02 2.078280995466540730e+02
2.989677526992741718e+02 2.077465936105188291e+02
3.000225155591741668e+02 2.076802992516888651e+02
3.010783917737286401e+02 2.076292841741229438e+02
3.021351678742010449e+02 2.075936119191218268e+02
3.031926088228216827e+02 2.075733407390453351e+02
3.042505059941561854e+02 2.075685302621929793e+02
3.053086476561826430e+02 2.075791845810728375e+02
3.063668450381838966e+02 2.076052642619640380e+02
3.074248978671776058e+02 2.076467276692181372e+02
3.084825605413309404e+02 2.077035196618043926e+02
3.095396977916497008e+02 2.077756110543123214e+02
3.105960782842674348e+02 2.078629425605505219e+02
3.116515142489589607e+02 2.079654546937975965e+02
3.127058318497105347e+02 2.080830940781002880e+02
3.137588352254965685e+02 2.082158038110442249e+02
3.148103115249802499e+02 2.083635239506049857e+02
3.158601354434597965e+02 2.085262561800262517e+02
3.169080416865064649e+02 2.087039854141249009e+02
3.179538530257987645e+02 2.088967197248439902e+02
3.189973786027598521e+02 2.091044683195327707e+02
3.200384126492394330e+02 2.093272487174442631e+02
3.210767274853861295e+02 2.095651555230366512e+02
3.221120797777988400e+02 2.098183222582802614e+02
3.231442187685802310e+02 2.100868832504441173e+02
3.241728859124533528e+02 2.103709732252126514e+02
3.251978471040254703e+02 2.106707162760516496e+02
3.262188654624450237e+02 2.109860716256295916e+02
3.272357025749481068e+02 2.113169264714062479e+02
3.282482515845723583e+02 2.116632274064471630e+02
3.292561903424257821e+02 2.120248394159733607e+02
3.302593772119699906e+02 2.124017140487787287e+02
3.312575930798973332e+02 2.127938657557452871e+02
3.322505188007165771e+02 2.132012948679124236e+02
3.332379298788681012e+02 2.136240454943344673e+02
3.342195526112165567e+02 2.140621492741310306e+02
3.351951154896609637e+02 2.145156505671390335e+02
3.361643282930748455e+02 2.149846143934312579e+02
3.371268292594518812e+02 2.154690789507275781e+02
3.380823738173648394e+02 2.159691517335110689e+02
3.390305475139476812e+02 2.164848612386214484e+02
3.399710828852741997e+02 2.170163121207338577e+02
3.409035747686199898e+02 2.175635096845028613e+02
3.418276764116371851e+02 2.181264875091895021e+02
3.427430162433695386e+02 2.187052770104112369e+02
3.436492363645854198e+02 2.192999340510731088e+02
3.445458654142357204e+02 2.199104183046882213e+02
3.454325898661952010e+02 2.205367034005464006e+02
3.463089844946716198e+02 2.211786892223455538e+02
3.471746787149676265e+02 2.218363243277857464e+02
3.480292396134072987e+02 2.225095319568696368e+02
3.488722399391443219e+02 2.231981925356978422e+02
3.497032945000852351e+02 2.239020905044245069e+02
3.505220388342866045e+02 2.246210230188443120e+02
3.513280648662378098e+02 2.253547712831898764e+02
3.521209771354477311e+02 2.261031472961853410e+02
3.529003322275005416e+02 2.268658632724636561e+02
3.536658183894755325e+02 2.276426228952946644e+02
3.544170240938668144e+02 2.284330393059105404e+02
3.551536234531156424e+02 2.292368274078686454e+02
3.558751939939454019e+02 2.300536321591831097e+02
3.565813775417112197e+02 2.308831201589212583e+02
3.572718201407521406e+02 2.317248845449727810e+02
3.579461922622293173e+02 2.325785655861679402e+02
3.586041020235407473e+02 2.334437495365720849e+02
3.592452082221036562e+02 2.343201108401762838e+02
3.598691261998941400e+02 2.352072801851429631e+02
3.604754814405615093e+02 2.361048866677490423e+02
3.610639214140018680e+02 2.370126263595964531e+02
3.616340432880180629e+02 2.379301404976311858e+02
3.621854770653208675e+02 2.388571445552426837e+02
3.627178157026398821e+02 2.397933480208241406e+02
3.632306554388155746e+02 2.407385431222088528e+02
3.637235560459561725e+02 2.416924440025907757e+02
3.641961275716446380e+02 2.426548768026532628e+02
3.646479445535746322e+02 2.436256513975234839e+02
3.650782061308115658e+02 2.446048113925922394e+02
3.654857401436200348e+02 2.455925783788298986e+02
3.658693307789752680e+02 2.465890356670591927e+02
3.662277716960571183e+02 2.475942288494617003e+02
3.665598521850311045e+02 2.486080844510115924e+02
3.668643526237432297e+02 2.496304267425585408e+02
3.671400710370052707e+02 2.506609702968821409e+02
3.673858779818523317e+02 2.516992654811193120e+02
3.676009906561417324e+02 2.527439978044779423e+02
3.677852395717109744e+02 2.537936789901301324e+02
3.679387634456425076e+02 2.548474878264159997e+02
3.680618064873723370e+02 2.559046081656825038e+02
3.681547158606327912e+02 2.569642296970754387e+02
3.682179304664239226e+02 2.580255582157736853e+02
3.682519677216794776e+02 2.590878236752838575e+02
3.682574035151064322e+02 2.601502862776376901e+02
3.682348483359103284e+02 2.612122659986986264e+02
3.681849637846612495e+02 2.622730785146828225e+02
3.681084215773269079e+02 2.633321255121903164e+02
3.680059152099092330e+02 2.643888146962105452e+02
3.678781489559461306e+02 2.654425911957206949e+02
3.677258195793625077e+02 2.664929522347463262e+02
3.675496098230432267e+02 2.675394318974410339e+02
3.673501857631604821e+02 2.685815925114131346e+02
3.671282062405048805e+02 2.696190089792927438e+02
3.668843214394496499e+02 2.706512862624998093e+02
3.666191214560319622e+02 2.716781083486081911e+02
3.663332202194509932e+02 2.726990895793207983e+02
3.660271720988917536e+02 2.737139328130785998e+02
3.657014977035782977e+02 2.747223537353085021e+02
3.653567509573070993e+02 2.757240245352241459e+02
3.649934018418952633e+02 2.767187261745681894e+02
3.646119321681312044e+02 2.777061780132201534e+02
3.642127807629317999e+02 2.786861385030010183e+02
3.637963874243316127e+02 2.796583498928921472e+02
3.633631353623738960e+02 2.806226331262418512e+02
3.629134492076439642e+02 2.815787318819300822e+02
3.624476864605707647e+02 2.825264594450036384e+02
3.619662021539212446e+02 2.834656015505467508e+02
3.614693045084959522e+02 2.843959828085168624e+02
3.609573658825170241e+02 2.853173649410887833e+02
3.604306593339690039e+02 2.862296135147881273e+02
3.598894959407501233e+02 2.871325203401286785e+02
3.593341496297131812e+02 2.880259065142840313e+02
3.587648784462321601e+02 2.889095959360300867e+02
3.581819607040975484e+02 2.897833928823434917e+02
3.575856025381640393e+02 2.906471598169988511e+02
3.569760714612627908e+02 2.915006798570811952e+02
3.563535626085756576e+02 2.923438016621325346e+02
3.557183708018382049e+02 2.931764086002368117e+02
3.550709456232603429e+02 2.939985253159849208e+02
3.544117381799563304e+02 2.948102026727293037e+02
3.537411661876491848e+02 2.956115119842327204e+02
3.530596417077375122e+02 2.964025185291347952e+02
3.523675550538866332e+02 2.971832864744487779e+02
3.516652684702746683e+02 2.979538757876791806e+02
3.509531140131323355e+02 2.987143606430484510e+02
3.502314230500634267e+02 2.994648060503041052e+02
3.495005145330444520e+02 3.002052810505969092e+02
3.487606906012701415e+02 3.009358533187806870e+02
3.480122355528528715e+02 3.016565866859775724e+02
3.472554026537539471e+02 3.023675587112051062e+02
3.464904708243456071e+02 3.030688212568396693e+02
3.457176803529433187e+02 3.037604510119078327e+02
3.449372856025743772e+02 3.044425037935785667e+02
3.441494860884182003e+02 3.051150610952545321e+02
3.433545275073893208e+02 3.057781655248696779e+02
3.425526165492203745e+02 3.064318862542994566e+02
3.417439560921279735e+02 3.070762880911440220e+02
3.409287462454394699e+02 3.077114322448776988e+02
3.401071806563747941e+02 3.083373798695374717e+02
3.392794343258849494e+02 3.089541979709363204e+02
3.384457024238691361e+02 3.095619377706242403e+02
3.376061653498241526e+02 3.101606600700870331e+02
3.367609714525772802e+02 3.107504409309316316e+02
3.359103151598519048e+02 3.113313291904506173e+02
3.350543424753219028e+02 3.119033999996848365e+02
3.341932338345613402e+02 3.124667063907664897e+02
3.333271102048522039e+02 3.130213287281775933e+02
3.324561675038099793e+02 3.135673134131727124e+02
3.315805399660538342e+02 3.141047455746457331e+02
3.307003779959854342e+02 3.146336950586064631e+02
3.298158220121148929e+02 3.151542332209215829e+02
3.289270287087207976e+02 3.156664243898869699e+02
3.280341369738886215e+02 3.161703504851199114e+02
3.271372898911951665e+02 3.166660930776196210e+02
3.262366276785496666e+02 3.171537330918728799e+02
3.253322857528578993e+02 3.176333514901810418e+02
3.244243935824039227e+02 3.181050300995797215e+02
3.235130964180227693e+02 3.185688547484788842e+02
3.225985250948716612e+02 3.190249210348219435e+02
3.216808107974068776e+02 3.194733219756305402e+02
3.207600744401387942e+02 3.199141508899976998e+02
3.198364453536356109e+02 3.203474981995827306e+02
3.189100578423274328e+02 3.207734640167853399e+02
3.179810214267429274e+02 3.211921549597871035e+02
3.170494662060467590e+02 3.216036699495630273e+02
3.161155116321370997e+02 3.220081131916761024e+02
3.151792603448484442e+02 3.224055894225637644e+02
3.142408471900448035e+02 3.227962083533029727e+02
3.133003656314119212e+02 3.231800863968050521e+02
3.123579456714120965e+02 3.235573355130393907e+02
3.114136788815699219e+02 3.239280713320407017e+02
3.104676792076680840e+02 3.242924067481008592e+02
3.095200449683622423e+02 3.246504591428168851e+02
3.085708697774241500e+02 3.250023417823279601e+02
3.076202570505982408e+02 3.253481727428362547e+02
3.066682905687719654e+02 3.256880664406144774e+02
3.057150603889132299e+02 3.260221362937085132e+02
3.047606517581012326e+02 3.263504970972891783e+02
3.038051413998110775e+02 3.266732584531271755e+02
3.028486055707006699e+02 3.269905292345968633e+02
3.018911191014190081e+02 3.273024236680137733e+02
3.009327501150988269e+02 3.276090501110614923e+02
2.999735612232804556e+02 3.279105070736572998e+02
2.990136124555591550e+02 3.282068993224193036e+02
2.980529608413091864e+02 3.284983295226910514e+02
2.970916600947971915e+02 3.287848981379117959e+02
2.961297597596699234e+02 3.290666987608295813e+02
2.951673020559795191e+02 3.293438237074299764e+02
2.942043269653878497e+02 3.296163646095646413e+02
2.932408727033815126e+02 3.298844095039113995e+02
2.922769731999663350e+02 3.301480459388197914e+02
2.913126607846112393e+02 3.304073516154305707e+02
2.903479535174553234e+02 3.306624120914941045e+02
2.893828769775360001e+02 3.309133024108396626e+02
2.884174469295796257e+02 3.311601025326164063e+02
2.874516430681770203e+02 3.314029474769898229e+02
2.864854548964748346e+02 3.316419963835204499e+02
2.855188932020266179e+02 3.318774023504203683e+02
2.845519758581550605e+02 3.321093096201773847e+02
2.835847134040647006e+02 3.323378620676521678e+02
2.826171179381219076e+02 3.325631960145897210e+02
2.816491845560988168e+02 3.327854580012278802e+02
2.806809171461189862e+02 3.330047876097411859e+02
2.797123151263286900e+02 3.332213218680410023e+02
2.787433789527500494e+02 3.334351901745974374e+02
2.777740899239710188e+02 3.336465320470778124e+02
2.768044395157620556e+02 3.338554835726897636e+02
2.758344185708933765e+02 3.340621783955119781e+02
2.748640132261663780e+02 3.342667462678840593e+02
2.738931903825242671e+02 3.344693278903918099e+02
2.729219363867240986e+02 3.346700505696804839e+02
2.719502310038861310e+02 3.348690427480559606e+02
2.709780291026509076e+02 3.350664525279028680e+02
2.700053142232888490e+02 3.352624085903776745e+02
2.690320448448812840e+02 3.354570453085650001e+02
2.680581734830993810e+02 3.356504830617603830e+02
2.670836396826908299e+02 3.358426358598905495e+02
2.661083286105547927e+02 3.360333122490123969e+02
2.651321771798852183e+02 3.362222872911211766e+02
2.641550764399781883e+02 3.364093609891098708e+02
2.631769726509344878e+02 3.365943011917132708e+02
2.621977709725516661e+02 3.367768922747097804e+02
2.612174171211848375e+02 3.369568946732424024e+02
2.602358412720355432e+02 3.371340731790460268e+02
2.592529829342651624e+02 3.373081909885256096e+02
2.582687953003387520e+02 3.374789979714739729e+02
2.572832241618509101e+02 3.376462381213918320e+02
2.562962255956564377e+02 3.378096479791126399e+02
2.553077634569553425e+02 3.379689578010449509e+02
2.543178051599087155e+02 3.381238946026828103e+02
2.533263243501530155e+02 3.382741790638785346e+02
2.523332984459634361e+02 3.384195223175772185e+02
2.513387127322296237e+02 3.385596281164053494e+02
2.503425587627019127e+02 3.386941959892961336e+02
2.493448343030622425e+02 3.388229221248449221e+02
2.483455436392064541e+02 3.389454965419105292e+02
2.473446977842279750e+02 3.390616044944937357e+02
2.463423152627026695e+02 3.391709271809527877e+02
2.453384216589936955e+02 3.392731418208717855e+02
2.443330490353763764e+02 3.393679199942483820e+02
2.433262366710852973e+02 3.394549291996649458e+02
2.423180377813082202e+02 3.395338460927287088e+02
2.413084993363286515e+02 3.396043293555395053e+02
2.402976974717447263e+02 3.396660520359091038e+02
2.392856906001857453e+02 3.397186645629590203e+02
2.382725730660761201e+02 3.397618336136587800e+02
2.372584281572167697e+02 3.397952246954655493e+02
2.362433533482760879e+02 3.398185012955481170e+02
2.352274540714582542e+02 3.398313215831336151e+02
2.342108543108725200e+02 3.398333463186174299e+02
2.331936770005582673e+02 3.398242333846826568e+02
2.321760538110895027e+02 3.398036458646838014e+02
2.311581378026785103e+02 3.397712508240454667e+02
2.301400855561477954e+02 3.397267104847799146e+02
2.291220616621818920e+02 3.396696803914197176e+02
2.281042406837358953e+02 3.395998130623527800e+02
2.270868290876444462e+02 3.395167779167126128e+02
2.260700175259140394e+02 3.394202303285859443e+02
2.250540223616054618e+02 3.393098226885617237e+02
2.240390872411065288e+02 3.391852121261893558e+02
2.230254504815316068e+02 3.390460450535059636e+02
2.220133763283609767e+02 3.388919679186032567e+02
2.210031462680404388e+02 3.387226247256650709e+02
2.199950474408857986e+02 3.385376478738205037e+02
2.189894150162797644e+02 3.383366855975088470e+02
2.179865326974515369e+02 3.381195443993676690e+02
2.169866573172258768e+02 3.378862823212533613e+02
2.159900186377578279e+02 3.376369530066813809e+02
2.149968963877454371e+02 3.373716269924665880e+02
2.140075353336656576e+02 3.370903502820158337e+02
2.130221971460532870e+02 3.367931543045753529e+02
2.120411612937270149e+02 3.364800593513205627e+02
2.110647217447284163e+02 3.361510851025664124e+02
2.100931415695435192e+02 3.358062139555001409e+02
2.091267506425563738e+02 3.354454519446966856e+02
2.081658494239094921e+02 3.350687756623424889e+02
2.072107634622218484e+02 3.346761558079610950e+02
2.062618286801903196e+02 3.342675504200628325e+02
2.053193957349913319e+02 3.338429054129095448e+02
2.043838445813992735e+02 3.334021695114313388e+02
2.034555492503271239e+02 3.329452689351109598e+02
2.025349107087193659e+02 3.324721243404329698e+02
2.016223558945270042e+02 3.319826523357047563e+02
2.007183312213664976e+02 3.314767623476648168e+02
1.998232818761439091e+02 3.309543244695744306e+02
1.989377272059832649e+02 3.304152538745734091e+02
1.980621619447624084e+02 3.298594210765571120e+02
1.971971323936451483e+02 3.292867060542087643e+02
1.963432009494626698e+02 3.286969654916424588e+02
1.955009868796818751e+02 3.280900869223034988e+02
1.946711026273013090e+02 3.274659168278500943e+02
1.938542194831383085e+02 3.268243258342823196e+02
1.930510392222726068e+02 3.261651918707215714e+02
1.922622918166051420e+02 3.254883975722815421e+02
1.914887314341052331e+02 3.247938094041523982e+02
1.907311680555751252e+02 3.240813436849645086e+02
1.899904259908749964e+02 3.233509163981228767e+02
1.892673643867180147e+02 3.226024701379069484e+02
1.885628719261798096e+02 3.218359939033750265e+02
1.878778465749481938e+02 3.210514826776066570e+02
1.872132166025976687e+02 3.202489867237705425e+02
1.865699180010481086e+02 3.194286097617672340e+02
1.859488822693955399e+02 3.185905029996119424e+02
1.853510311830169996e+02 3.177348916930193354e+02
1.847772594742112915e+02 3.168620303166961207e+02
1.842284370938794780e+02 3.159722971274230190e+02
1.837053725390642285e+02 3.150660740314945656e+02
1.832088239082600012e+02 3.141438867804554320e+02
1.827394547805601235e+02 3.132062872747471260e+02
