1.829265139764716537e+02 3.119799717261668093e+02
1.824939712505956209e+02 3.110474393462889111e+02
1.820856462052855989e+02 3.101015174296095438e+02
1.817017279307229103e+02 3.091427973952547745e+02
1.813423237892671978e+02 3.081718503506318712e+02
1.810074765465504925e+02 3.071893311832866971e+02
1.806971805071748634e+02 3.061959090141077127e+02
1.804113874996503455e+02 3.051922914825726139e+02
1.801500053352187365e+02 3.041792158151449712e+02
1.799129009694009937e+02 3.031574358351079468e+02
1.796999175846293895e+02 3.021276899953205088e+02
1.795108719577738441e+02 3.010907492896666895e+02
1.793455880480767917e+02 3.000473411938676804e+02
1.792038750419551150e+02 2.989982136431168556e+02
1.790855258715715479e+02 2.979441065313931745e+02
1.789903369238494975e+02 2.968857171215468611e+02
1.789180875702627702e+02 2.958237633465737417e+02
1.788685524754484959e+02 2.947589130431625222e+02
1.788415018276275248e+02 2.936918443533788263e+02
1.788367106285088255e+02 2.926232103900080119e+02
1.788539777843008096e+02 2.915536132070748749e+02
1.788930690697189334e+02 2.904836989488025552e+02
1.789537326381854996e+02 2.894140440324871975e+02
1.790357300589108718e+02 2.883452056998728494e+02
1.791388330542971232e+02 2.872777382750230686e+02
1.792628181565530952e+02 2.862121935310730692e+02
1.794074518400990428e+02 2.851490684578179753e+02
1.795724615872624952e+02 2.840888419773128817e+02
1.797575788035338178e+02 2.830319903311802250e+02
1.799625475823300178e+02 2.819789728842044951e+02
1.801871624173087412e+02 2.809301710156469767e+02
1.804311256874387652e+02 2.798860799466406775e+02
1.806941676276021269e+02 2.788470266227872685e+02
1.809760073457865985e+02 2.778133881444978215e+02
1.812763758976554698e+02 2.767855293351937007e+02
1.815950151672848563e+02 2.757638027026460463e+02
1.819316903909187033e+02 2.747484814721259454e+02
1.822860715461695804e+02 2.737399550242573696e+02
1.826579264500116153e+02 2.727384436072575795e+02
1.830469917084558062e+02 2.717442505502193626e+02
1.834530087503324296e+02 2.707576725435870912e+02
1.838757526161633962e+02 2.697789524597966988e+02
1.843149882049889072e+02 2.688083567610522664e+02
1.847704733897442395e+02 2.678461653820806987e+02
1.852420234741826732e+02 2.668925840539166074e+02
1.857294036736165879e+02 2.659479078280256772e+02
1.862324891262441042e+02 2.650123384003944693e+02
1.867510930297494554e+02 2.640862138221869486e+02
1.872851021226308035e+02 2.631697695876707712e+02
1.878343839648317442e+02 2.622632824861206586e+02
1.883987910352810502e+02 2.613670172071667253e+02
1.889779897621684484e+02 2.604811146160569137e+02
1.895715639942856114e+02 2.596056164513372551e+02
1.901790773623473569e+02 2.587405910038739876e+02
1.908001060405379405e+02 2.578860872708926308e+02
1.914343020085653109e+02 2.570420847880739075e+02
1.920812634959021636e+02 2.562087074700556286e+02
1.927407081359622794e+02 2.553859743783949625e+02
1.934123389349293234e+02 2.545739367482469504e+02
1.940958209246249453e+02 2.537726857178578825e+02
1.947908798755998987e+02 2.529822486301612798e+02
1.954972394717523230e+02 2.522026837948247646e+02
1.962146331932273426e+02 2.514340495954553205e+02
1.969427996048939917e+02 2.506764014559677207e+02
1.976814820830319945e+02 2.499297921010474397e+02
1.984304264586078261e+02 2.491942687793850268e+02
1.991893920190572089e+02 2.484698463482297939e+02
1.999580727647156948e+02 2.477565907363048723e+02
2.007362247475299455e+02 2.470545062023431626e+02
2.015236307582497659e+02 2.463635870226360396e+02
2.023199638107088276e+02 2.456839037393516207e+02
2.031249965672207907e+02 2.450153764868591395e+02
2.039383767795868323e+02 2.443580180961509427e+02
2.047598768790908252e+02 2.437117402078737030e+02
2.055891493263196139e+02 2.430765522455596681e+02
2.064259339488171179e+02 2.424523640694138180e+02
2.072699049083312559e+02 2.418390650306595546e+02
2.081206937947018503e+02 2.412365535677805042e+02
2.089779858242123112e+02 2.406446861290760921e+02
2.098414565854186264e+02 2.400633304366533878e+02
2.107107770991844973e+02 2.394923306426666727e+02
2.115855747005770127e+02 2.389314848218594136e+02
2.124654797594244258e+02 2.383805736785494389e+02
2.133501391690498394e+02 2.378393673630318688e+02
2.142392049542303027e+02 2.373076332677648281e+02
2.151323270211651959e+02 2.367851193082680652e+02
2.160291402460571248e+02 2.362715371359630865e+02
2.169292869251605964e+02 2.357665873701297699e+02
2.178324203071756244e+02 2.352699636936308991e+02
2.187382047114053591e+02 2.347813529737815372e+02
2.196463175303445325e+02 2.343004335124223303e+02
2.205564370029143220e+02 2.338268746705713852e+02
2.214682569567617918e+02 2.333603358304682445e+02
2.223814839350236809e+02 2.329004704394062344e+02
2.232958361680808821e+02 2.324469263919269792e+02
2.242110532263160394e+02 2.319993580271751341e+02
2.251269033583228349e+02 2.315574365948506852e+02
2.260431611994053753e+02 2.311208250136351410e+02
2.269596169920935722e+02 2.306891806414701875e+02
2.278760754389611520e+02 2.302621606990969383e+02
2.287924288177603671e+02 2.298395394010656503e+02
2.297086696817473808e+02 2.294212273029212952e+02
2.306247992087083389e+02 2.290071453148485716e+02
2.315408212351848078e+02 2.285972206387010885e+02
2.324567433043853271e+02 2.281913886710490544e+02
2.333725936287336538e+02 2.277895807716562047e+02
2.342884008311734476e+02 2.273917616510914286e+02
2.352041961823216809e+02 2.269979089996267021e+02
2.361200328314531305e+02 2.266079722621682322e+02
2.370359454868733451e+02 2.262219239186934487e+02
2.379519738299273115e+02 2.258397576165983196e+02
2.388681919145221570e+02 2.254614400205498725e+02
2.397846459971402737e+02 2.250869657553280092e+02
2.407013841617040839e+02 2.247163424795556352e+02
2.416184937782420832e+02 2.243495400068286472e+02
2.425360197502453445e+02 2.239865652739988491e+02
2.434540245630240918e+02 2.236274218566618686e+02
2.443725968143600369e+02 2.232720898379791663e+02
2.452917846848164913e+02 2.229205866225678392e+02
2.462116718594766667e+02 2.225729094066124674e+02
2.471323384609142693e+02 2.222290449315716785e+02
2.480538319682836175e+02 2.218890074286096308e+02
2.489762593483606565e+02 2.215527716277090917e+02
2.498996905891275162e+02 2.212203359294285860e+02
2.508243150879762595e+02 2.208915865285649431e+02
2.517503512234949596e+02 2.205662909270639318e+02
2.526778085339096549e+02 2.202443052061333333e+02
2.536067383676209772e+02 2.199254658481033289e+02
2.545371859496566174e+02 2.196096111004151226e+02
2.554691620733374577e+02 2.192966092543179570e+02
2.564027468954025153e+02 2.189862705112628021e+02
2.573379514642078902e+02 2.186784404426682045e+02
2.582748255548117982e+02 2.183729535077621051e+02
2.592134302365993221e+02 2.180696358084595090e+02
2.601537866473398708e+02 2.177683444786427458e+02
2.610959786442124937e+02 2.174688939115283972e+02
2.620400382268619524e+02 2.171711263230399425e+02
2.629860259544618089e+02 2.168748789128640055e+02
2.639340145984842252e+02 2.165799805199137893e+02
2.648840460635979071e+02 2.162862906411550910e+02
2.658362154802944701e+02 2.159936494511662488e+02
2.667905790436685720e+02 2.157019251394498554e+02
2.677472162732057654e+02 2.154109828294998579e+02
2.687062128294513172e+02 2.151206819260388556e+02
2.696676397678263015e+02 2.148309168867611163e+02
2.706316028073332518e+02 2.145416025204817174e+02
2.715981885139927954e+02 2.142526808674318772e+02
2.725674937971082272e+02 2.139640971354081387e+02
2.735396171546090045e+02 2.136757896609586282e+02
2.745146710149820137e+02 2.133878588084389492e+02
2.754928088598601903e+02 2.131007999441436880e+02
2.764741714448382481e+02 2.128151846581434938e+02
2.774588888759580527e+02 2.125316007227151829e+02
2.784470564970847590e+02 2.122506258143969546e+02
2.794387654376950536e+02 2.119728766797737478e+02
2.804340999597827135e+02 2.116990475350179679e+02
2.814330938521306962e+02 2.114298315605422260e+02
2.824357863517419673e+02 2.111659312502615649e+02
2.834421977909075281e+02 2.109080575735872287e+02
2.844523044324080843e+02 2.106569147900691519e+02
2.854660745163635056e+02 2.104132041506364033e+02
2.864834614638710946e+02 2.101776306191278536e+02
2.875044057184475719e+02 2.099509050628282125e+02
2.885287966583433104e+02 2.097337317352396155e+02
2.895565278959765010e+02 2.095267667657915069e+02
2.905874760536440817e+02 2.093305900761268390e+02
2.916214985586163948e+02 2.091457753194166287e+02
2.926584375033751826e+02 2.089728963625836684e+02
2.936981260214000713e+02 2.088125265407909978e+02
2.947403679810184371e+02 2.086651461167972172e+02
2.957849751304503343e+02 2.085311216192688732e+02
2.968317514114228857e+02 2.084108126284340301e+02
2.978804888494306056e+02 2.083045782304812406e+02
2.989309707170139632e+02 2.082127733449497953e+02
2.999829795235726806e+02 2.081356566328766178e+02
3.010363060646494091e+02 2.080733856119854579e+02
3.020907368537686466e+02 2.080261132009440530e+02
3.031460357281020492e+02 2.079939870431366842e+02
3.042019883342046001e+02 2.079771549097250727e+02
3.052583773160491774e+02 2.079756930065615563e+02
3.063150070787441450e+02 2.079896195875253682e+02
3.073716698913168557e+02 2.080189501126882590e+02
3.084281137010044063e+02 2.080636866993656326e+02
3.094841890357645298e+02 2.081238549877966193e+02
3.105396573206160724e+02 2.081994335760586239e+02
3.115943224113416363e+02 2.082903874134413229e+02
3.126480009258010000e+02 2.083966869655199048e+02
3.137004879478964199e+02 2.085182991721028714e+02
3.147515618593377553e+02 2.086551865363136073e+02
3.158010869436042185e+02 2.088073577062728248e+02
3.168487950230993988e+02 2.089747967756592857e+02
3.178945023191400878e+02 2.091575100318388252e+02
3.189380120816866793e+02 2.093555049263975434e+02
3.199791135555315691e+02 2.095687956894388435e+02
3.210175775705122305e+02 2.097974604096062308e+02
3.220531616472480891e+02 2.100416095321412513e+02
3.230856167274071709e+02 2.103013544011902525e+02
3.241146868086590302e+02 2.105768069263951361e+02
3.251401410393115725e+02 2.108680662443630354e+02
3.261617522562179943e+02 2.111750529919227120e+02
3.271792955131686540e+02 2.114976104993359911e+02
3.281926756110149199e+02 2.118356409129818587e+02
3.292015894428651563e+02 2.121889671357137672e+02
3.302059112857975833e+02 2.125574981581771397e+02
3.312054403949704806e+02 2.129412090739499490e+02
3.321998794701651718e+02 2.133400630088521552e+02
3.331890253860550501e+02 2.137540669060324774e+02
3.341726286247861140e+02 2.141832164858737428e+02
3.351504431892755065e+02 2.146275220870602425e+02
3.361222046773772831e+02 2.150870200690663694e+02
3.370875794796139644e+02 2.155617226593448663e+02
3.380463510069321842e+02 2.160517117532579618e+02
3.389981371247344555e+02 2.165569926010402071e+02
3.399427012215783748e+02 2.170776501371927623e+02
3.408796677254263159e+02 2.176136827626361026e+02
3.418087190855446238e+02 2.181651205722752422e+02
3.427295146338040581e+02 2.187319931461530018e+02
3.436417289544148161e+02 2.193143562350780940e+02
3.445449220031813411e+02 2.199121776089577054e+02
3.454388030348517873e+02 2.205254581201320434e+02
3.463229686499970512e+02 2.211541296799788086e+02
3.471970707548471751e+02 2.217981746664526099e+02
3.480606993705945911e+02 2.224575520080666706e+02
3.489134450564068857e+02 2.231321886918904909e+02
3.497549269894029180e+02 2.238219382400083646e+02
3.505847824025390196e+02 2.245266714305861626e+02
3.514026030002824541e+02 2.252462440734694553e+02
3.522079923235143042e+02 2.259805447844990454e+02
3.530004959933052078e+02 2.267293709072838794e+02
3.537797793518457183e+02 2.274925305193029885e+02
3.545453989004444679e+02 2.282697403336486275e+02
3.552969969731319679e+02 2.290608221611081206e+02
3.560341106530534603e+02 2.298655245559691593e+02
3.567563359956025124e+02 2.306836227760227871e+02
3.574632607947597194e+02 2.315148213222842344e+02
3.581544928202756637e+02 2.323588728061539541e+02
3.588295653844227786e+02 2.332154688094728670e+02
3.594880605071137438e+02 2.340843912779741629e+02
3.601295078854600433e+02 2.349653672781574869e+02
3.607534430016164038e+02 2.358581127208360328e+02
3.613594192311751385e+02 2.367624098797658405e+02
3.619469231859140450e+02 2.376779716884849734e+02
3.625154700688130447e+02 2.386045832741220067e+02
3.630645325331574327e+02 2.395420029759222871e+02
3.635935914769751207e+02 2.404900616717365267e+02
3.641020718741223163e+02 2.414484853001537203e+02
3.645894497970404586e+02 2.424171125987739970e+02
3.650551531547585569e+02 2.433957401482252294e+02
3.654982711795746582e+02 2.443843575559407952e+02
3.659175612941793929e+02 2.453831029207766505e+02
3.663117317369813009e+02 2.463919508571638062e+02
3.666795073675429535e+02 2.474108378813754712e+02
3.670196092890864179e+02 2.484395640820874576e+02
3.673307549859160872e+02 2.494778127613657546e+02
3.676116876829935904e+02 2.505251450029564921e+02
3.678612305657288744e+02 2.515809364669140678e+02
3.680785285596267613e+02 2.526435045584413501e+02
3.682633832827858100e+02 2.537109832465818329e+02
3.684159763600787301e+02 2.547823735017074682e+02
3.685366110471927641e+02 2.558566980312894259e+02
3.686257072191639850e+02 2.569330018223917591e+02
3.686837877029842048e+02 2.580103639605697481e+02
3.687114625462481854e+02 2.590879063829858637e+02
3.687094069593825907e+02 2.601648001006392974e+02
3.686783344141807675e+02 2.612403004887417524e+02
3.686190113063604485e+02 2.623136662852631389e+02
3.685322130733413815e+02 2.633842695481370697e+02
3.684187357302931218e+02 2.644514956721356498e+02
3.682793844110894952e+02 2.655147810222991893e+02
3.681149528580930337e+02 2.665736291496586432e+02
3.679262160529198127e+02 2.676275910083943472e+02
3.677139274555674433e+02 2.686762537120991396e+02
3.674788289917813700e+02 2.697192213329363426e+02
3.672216489860966249e+02 2.707561345008051035e+02
3.669430480408162225e+02 2.717867262172028973e+02
3.666437100196312144e+02 2.728106501483852071e+02
3.663242514195765693e+02 2.738276617413517897e+02
3.659852502312891716e+02 2.748375306866232677e+02
3.656273148236211341e+02 2.758399763156804170e+02
3.652509608647166601e+02 2.768348387710690872e+02
3.648567158157047174e+02 2.778218892609402246e+02
3.644450596746268616e+02 2.788009418120616942e+02
3.640164707230548515e+02 2.797717914918179645e+02
3.635713614324149603e+02 2.807343155725497468e+02
3.631101863265225802e+02 2.816883059826252520e+02
3.626333280890641504e+02 2.826336289738216578e+02
3.621411663858711449e+02 2.835701203648914657e+02
3.616340297372272516e+02 2.844976556802753862e+02
3.611123082758260239e+02 2.854160395854780177e+02
3.605762872227702474e+02 2.863251852602141980e+02
3.600262914240529994e+02 2.872249270049429697e+02
3.594626066430379296e+02 2.881151291405166148e+02
3.588855007539781354e+02 2.889956572312677281e+02
3.582952592846362450e+02 2.898663533497908134e+02
3.576920928063878478e+02 2.907271190702879267e+02
3.570762750377469956e+02 2.915777726570949540e+02
3.564480048659571025e+02 2.924181996137173201e+02
3.558075696905229961e+02 2.932483089610670959e+02
3.551553888654893285e+02 2.940681311403314453e+02
3.544918813974529712e+02 2.948777185808959871e+02
3.538174334838906816e+02 2.956771425490019851e+02
3.531324268832169082e+02 2.964664660814322019e+02
3.524372239345941580e+02 2.972457506638662608e+02
3.517321620055832341e+02 2.980150542240227196e+02
3.510175489276750795e+02 2.987744480677299066e+02
3.502936928078130450e+02 2.995239928089779937e+02
3.495608900188718735e+02 3.002637519933507519e+02
3.488194215432134229e+02 3.009937875176343596e+02
3.480695521696395645e+02 3.017141575280192569e+02
3.473115159643168113e+02 3.024249334435585297e+02
3.465455738318234467e+02 3.031261595621659808e+02
3.457719480559379690e+02 3.038179048040228167e+02
3.449908762483581199e+02 3.045002163712420611e+02
3.442025412282242769e+02 3.051731675265554031e+02
3.434071734708607551e+02 3.058367911638978285e+02
3.426049643158858657e+02 3.064911467424054763e+02
3.417961018184881254e+02 3.071362887418029572e+02
3.409807715389694636e+02 3.077722671656341618e+02
3.401591527896470097e+02 3.083991311945795815e+02
3.393314064539966353e+02 3.090169355845218320e+02
3.384977145441583275e+02 3.096257184473993220e+02
3.376582444972049757e+02 3.102255271927243712e+02
3.368131309306005505e+02 3.108164237551728206e+02
3.359625555691375212e+02 3.113984409783942056e+02
3.351066512128913359e+02 3.119716383793934256e+02
3.342455864493097693e+02 3.125360522982296061e+02
3.333794695220196331e+02 3.130917469324189710e+02
3.325084851188046855e+02 3.136387497575326506e+02
3.316327547383153274e+02 3.141771270706066730e+02
3.307524170986883405e+02 3.147069291163803655e+02
3.298676012933875086e+02 3.152282074221231483e+02
3.289784536582492933e+02 3.157410056950151898e+02
3.280851020531019913e+02 3.162453843663259931e+02
3.271876789051563037e+02 3.167414025782367162e+02
3.262863143602066884e+02 3.172291184874064811e+02
3.253811342918322680e+02 3.177085900059608434e+02
3.244722590701393301e+02 3.181798756251160398e+02
3.235598256473308538e+02 3.186430369199060237e+02
3.226439565994189138e+02 3.190981450929016319e+02
3.217247755899169874e+02 3.195452683967869234e+02
3.208023963938765064e+02 3.199844752520579050e+02
3.198769422577838100e+02 3.204158307546785522e+02
3.189485423770728403e+02 3.208394098375384260e+02
3.180173010522687491e+02 3.212552943430196706e+02
3.170833446952283907e+02 3.216635576533469134e+02
3.161467893636839790e+02 3.220642784156185030e+02
3.152077379829256074e+02 3.224575422735946972e+02
3.142663434394307842e+02 3.228434691015032740e+02
3.133227201642415594e+02 3.232221953131113992e+02
3.123770199886529895e+02 3.235938525456419370e+02
3.114293545629165010e+02 3.239585771715127862e+02
3.104798585666882218e+02 3.243165034694770270e+02
3.095286513164519988e+02 3.246677734244825047e+02
3.085758471613651182e+02 3.250125259050466866e+02
3.076215697728687815e+02 3.253509049331045162e+02
3.066659223249425850e+02 3.256830513891922010e+02
3.057090138493940117e+02 3.260091057429340253e+02
3.047509481216584390e+02 3.263292110402692288e+02
3.037918199278309430e+02 3.266435055959332772e+02
3.028317228195294888e+02 3.269521274145405414e+02
3.018707479364240385e+02 3.272552203493935963e+02
3.009089791981606368e+02 3.275529222430769209e+02
2.999464940748017057e+02 3.278453605119462395e+02
2.989833659863551816e+02 3.281326693274071431e+02
2.980196650849421189e+02 3.284149808935646888e+02
2.970554575372937052e+02 3.286924255015398444e+02
2.960908044345276267e+02 3.289651258220040404e+02
2.951257573638349641e+02 3.292332018063409578e+02
2.941603651029645334e+02 3.294967726518655127e+02
2.931946743515250091e+02 3.297559540709128214e+02
2.922287265941926080e+02 3.300108615981003481e+02
2.912625612343363173e+02 3.302615996133084195e+02
2.902961998460090172e+02 3.305082791000199904e+02
2.893296728805935913e+02 3.307509997764862533e+02
2.883629990271866177e+02 3.309898668871655332e+02
2.873961529237853370e+02 3.312250431406160942e+02
2.864291190042876565e+02 3.314567138903662453e+02
2.854619058522947057e+02 3.316850556893558633e+02
2.844945304396055690e+02 3.319102355852407982e+02
2.835270012613715380e+02 3.321324204802284612e+02
2.825593288091955060e+02 3.323517694758857033e+02
2.815915035365833319e+02 3.325684524140419853e+02
2.806235261110571173e+02 3.327826314190530752e+02
2.796553920874425785e+02 3.329944660916866042e+02
2.786870984103602495e+02 3.332041081913307607e+02
2.777186195731653697e+02 3.334117203314156086e+02
2.767499420849027842e+02 3.336174624010250795e+02
2.757810519813365886e+02 3.338214929415642018e+02
2.748119298958452532e+02 3.340239666780544212e+02
2.738425337829622208e+02 3.342250498642020489e+02
2.728728443668164800e+02 3.344248946830897466e+02
2.719028352476412351e+02 3.346236577447854756e+02
2.709324508974325454e+02 3.348215186056254993e+02
2.699616693311609197e+02 3.350186363480733576e+02
2.689904391264468586e+02 3.352151763971634750e+02
2.680187015521210583e+02 3.354112871887467122e+02
2.670463823483223109e+02 3.356068747462695683e+02
2.660733428014740412e+02 3.358017170402833926e+02
2.650995053181968046e+02 3.359955564636826466e+02
2.641247379392719949e+02 3.361881614503872129e+02
2.631489740610932699e+02 3.363792664334314395e+02
2.621720980335127820e+02 3.365686213468596293e+02
2.611940422745428236e+02 3.367559499599409492e+02
2.602147206689760992e+02 3.369409806304436756e+02
2.592340580017792604e+02 3.371234397757912689e+02
2.582519954680442424e+02 3.373030394912611314e+02
2.572684649257744809e+02 3.374794817806651963e+02
2.562834103543187325e+02 3.376524589535990231e+02
2.552967851280047284e+02 3.378216567805152408e+02
2.543085468085398020e+02 3.379867576476543150e+02
2.533186604137562199e+02 3.381474367459799169e+02
2.523270951004713822e+02 3.383033555564052222e+02
2.513338295323252112e+02 3.384541665129534636e+02
2.503388499477402149e+02 3.385995176988471371e+02
2.493421500005372309e+02 3.387390537563275075e+02
2.483437313358489575e+02 3.388724127835521358e+02
2.473436032994317486e+02 3.389992266957465858e+02
2.463417843593973657e+02 3.391191228914636326e+02
2.453383015583390829e+02 3.392317247687000190e+02
2.443331899217130854e+02 3.393366500908855414e+02
2.433264930895872169e+02 3.394335131127961063e+02
2.423182699420688664e+02 3.395219394031565230e+02
2.413085750063730757e+02 3.396015371551365547e+02
2.402974931467251736e+02 3.396719290324515441e+02
2.392850931559975152e+02 3.397327152211153134e+02
2.382714814404408799e+02 3.397835137385534949e+02
2.372567545209247442e+02 3.398239460442437121e+02
2.362410245932633757e+02 3.398536326740776872e+02
2.352244133066545260e+02 3.398721891077584019e+02
2.342070627638959763e+02 3.398792337469456015e+02
2.331891152132795924e+02 3.398743839589235449e+02
2.321707228849340652e+02 3.398572665761491294e+02
2.311520613509941597e+02 3.398275134872848184e+02
2.301333111167024015e+02 3.397847521884823436e+02
2.291146623072087607e+02 3.397286040112363708e+02
2.280963167360868340e+02 3.396586882446366644e+02
2.270785106018592501e+02 3.395746426802893438e+02
2.260614652677103606e+02 3.394760917647903398e+02
2.250454302772725441e+02 3.393626578124394086e+02
2.240306849753814049e+02 3.392339687953620455e+02
2.230175055066357288e+02 3.390896404555703612e+02
2.220061975074210636e+02 3.389292855780554419e+02
2.209970867087624242e+02 3.387525153592408174e+02
2.199905072811087621e+02 3.385589307704755129e+02
2.189868447419842425e+02 3.383481510249089297e+02
2.179864273864445749e+02 3.381199919566860217e+02
2.169895457217669161e+02 3.378745748508418387e+02
2.159964619524651539e+02 3.376120217743676903e+02
2.150074874025913232e+02 3.373324727583989215e+02
2.140228982271102893e+02 3.370360445901299613e+02
2.130429871884572606e+02 3.367228403871882847e+02
2.120680642831705427e+02 3.363929529589987624e+02
2.110984529752976471e+02 3.360464758031004067e+02
2.101344474105623874e+02 3.356834674200724749e+02
2.091764049535464096e+02 3.353040108493640901e+02
2.082246539616373298e+02 3.349081652442907284e+02
2.072795452377159791e+02 3.344959885278598790e+02
2.063414391032644062e+02 3.340675281847852602e+02
2.054107095467817601e+02 3.336228217655527715e+02
2.044877564647559609e+02 3.331619113386792606e+02
2.035729729423406980e+02 3.326848242163073337e+02
2.026667744586381161e+02 3.321915877146881257e+02
2.017695986855772787e+02 3.316822270174286018e+02
2.008818995885541483e+02 3.311567623423972009e+02
2.000041325132979466e+02 3.306151804260910581e+02
1.991368096385625677e+02 3.300575126417282377e+02
1.982804234323309345e+02 3.294837557301558491e+02
1.974355073694734983e+02 3.288939152564973938e+02
1.966026094967340612e+02 3.282879781161004757e+02
1.957823183482738614e+02 3.276659578146666263e+02
1.949752201677450500e+02 3.270278370182316507e+02
1.941819427652848731e+02 3.263736184535496818e+02
1.934031341775941542e+02 3.257033114430212777e+02
1.926394609374801519e+02 3.250169295706284629e+02
1.918916095029758822e+02 3.243144740856497492e+02
1.911602977196441202e+02 3.235959815093083876e+02
1.904462520268485548e+02 3.228614886845218734e+02
1.897502167787542362e+02 3.221110506233598016e+02
1.890729445556841597e+02 3.213447540161560596e+02
1.884151909051084317e+02 3.205626896640270616e+02
1.877777183356232626e+02 3.197649814150983616e+02
1.871612788688103421e+02 3.189517863724821041e+02
1.865666062051499239e+02 3.181232907777560399e+02
1.859944044496020581e+02 3.172797242345751556e+02
1.854453480507197867e+02 3.164213329726946995e+02
1.849200574504461088e+02 3.155484299590019077e+02
1.844191050410485957e+02 3.146613311120474918e+02
1.839429863189185426e+02 3.137604242413552811e+02
1.834921176904180413e+02 3.128461116306036729e+02
