1.828765962734910033e+02 3.120017225980373041e+02
1.824452836168046588e+02 3.110666242808791822e+02
1.820387977560382922e+02 3.101181040710260959e+02
1.816573193687970615e+02 3.091568212199952654e+02
1.813009393504692639e+02 3.081834029775254749e+02
1.809696797706824043e+02 3.071985558372638820e+02
1.806635100848330353e+02 3.062029933547593146e+02
1.803823544086964716e+02 3.051974620799339277e+02
1.801260906047805008e+02 3.041827325118878775e+02
1.798945540580741067e+02 3.031595861347549317e+02
1.796875553303541722e+02 3.021287835725346440e+02
1.795048761874601269e+02 3.010911136478038088e+02
1.793463003719981259e+02 3.000473169397694164e+02
1.792115962615245337e+02 2.989981499869952017e+02
1.791005164947071933e+02 2.979443568580498436e+02
1.790128179161289665e+02 2.968866353430779554e+02
1.789482409484717493e+02 2.958257002693885056e+02
1.789065216134322043e+02 2.947622136250894300e+02
1.788873925046677869e+02 2.936968446636701060e+02
1.788905922052070991e+02 2.926302352717411281e+02
1.789158843078446068e+02 2.915629749280091687e+02
1.789630024364017515e+02 2.904956944312164637e+02
1.790316668240335787e+02 2.894289549102891215e+02
1.791216124667632528e+02 2.883632974685619956e+02
1.792325855675726416e+02 2.872992591233873441e+02
1.793643382832126463e+02 2.862373732088931320e+02
1.795166177306311113e+02 2.851781196743653481e+02
1.796891391674936642e+02 2.841219616603160603e+02
1.798816230202144766e+02 2.830693594782511013e+02
1.800938029726616492e+02 2.820207567754695219e+02
1.803254630214891847e+02 2.809765217926914147e+02
1.805763027339258144e+02 2.799371339673688226e+02
1.808460551175379862e+02 2.789029123108198860e+02
1.811344432913112428e+02 2.778742248438958882e+02
1.814412024229792166e+02 2.768514281032186659e+02
1.817660788078883343e+02 2.758348671805251797e+02
1.821088467478889186e+02 2.748248135011926934e+02
1.824691932568656796e+02 2.738216525146044091e+02
1.828469003834051705e+02 2.728256082916071250e+02
1.832417201941300391e+02 2.718369854711429525e+02
1.836534096501233364e+02 2.708560830442636984e+02
1.840817627452787519e+02 2.698831515365658333e+02
1.845265674382248733e+02 2.689184669304227100e+02
1.849876047445843028e+02 2.679623189992846051e+02
1.854647107433324891e+02 2.670149278402438995e+02
1.859576735209781475e+02 2.660765997630850848e+02
1.864663919272949784e+02 2.651475566117655944e+02
1.869907087871173132e+02 2.642281532107137423e+02
1.875305367889922081e+02 2.633186482478441235e+02
1.880857697478446653e+02 2.624193409109851700e+02
1.886562841978963263e+02 2.615305185458707342e+02
1.892417560369963496e+02 2.606523367433441649e+02
1.898417693776736996e+02 2.597848483949983915e+02
1.904558892549263476e+02 2.589281307045346807e+02
1.910836928497813574e+02 2.580822419970426154e+02
1.917248288912885812e+02 2.572471750958722509e+02
1.923788908905892754e+02 2.564230539203286980e+02
1.930455831135609799e+02 2.556099024618746967e+02
1.937245966270388351e+02 2.548077744666274498e+02
1.944155873023663617e+02 2.540167596449256280e+02
1.951182669828831138e+02 2.532368871367194174e+02
1.958323380422915534e+02 2.524682079233282082e+02
1.965575095599284055e+02 2.517107696906304852e+02
1.972934961159827765e+02 2.509646164493103413e+02
1.980400175267729992e+02 2.502297888277896902e+02
1.987967943814944647e+02 2.495063196475819041e+02
1.995635488705427179e+02 2.487942019233395285e+02
2.003399411970658264e+02 2.480934691100515863e+02
2.011256891428874667e+02 2.474040981612176893e+02
2.019205359823971833e+02 2.467260571984871831e+02
2.027241248035709020e+02 2.460593756546744260e+02
2.035361763684869629e+02 2.454039387687066380e+02
2.043562994279322425e+02 2.447597060408561447e+02
2.051842143688353701e+02 2.441265496058291546e+02
2.060195389427460384e+02 2.435044214459962006e+02
2.068619657291173439e+02 2.428931850649045998e+02
2.077111234904152184e+02 2.422926749962582278e+02
2.085666053628127088e+02 2.417027269358145247e+02
2.094280522902689654e+02 2.411231405263036436e+02
2.102951001162463456e+02 2.405537225166321207e+02
2.111673828196637146e+02 2.399942573245841970e+02
2.120444988298849864e+02 2.394444855701622714e+02
2.129260517159247001e+02 2.389041305600453882e+02
2.138116615186012837e+02 2.383729054520425450e+02
2.147009560015058298e+02 2.378505187812870929e+02
2.155935674493413785e+02 2.373366645039255332e+02
2.164891255339444740e+02 2.368310127092142352e+02
2.173872699170540272e+02 2.363332237708561934e+02
2.182876523065233130e+02 2.358429507025544467e+02
2.191899366765092623e+02 2.353598393708797971e+02
2.200938064793129456e+02 2.348835363310500952e+02
2.209989621610618826e+02 2.344136922741233207e+02
2.219051193719148500e+02 2.339499514398147539e+02
2.228120064683389785e+02 2.334919526508213892e+02
2.237193644365169121e+02 2.330393292101086615e+02
2.246269615117637386e+02 2.325917289766706517e+02
2.255346002100659177e+02 2.321488309907369114e+02
2.264420971106725062e+02 2.317103026114641864e+02
2.273492786407605593e+02 2.312758102177911042e+02
2.282559858247336990e+02 2.308450209701667006e+02
2.291621535370386766e+02 2.304177345510823329e+02
2.300678336633227730e+02 2.299939005904655573e+02
2.309730822912357837e+02 2.295734839839900019e+02
2.318779542307581210e+02 2.291564587878522445e+02
2.327825055800833240e+02 2.287428087086774156e+02
2.336868185811644310e+02 2.283325025342085723e+02
2.345909593032661462e+02 2.279255442861794450e+02
2.354949944908556745e+02 2.275219518644876189e+02
2.363990252359460271e+02 2.271217082954450746e+02
2.373031197564266677e+02 2.267248275666148629e+02
2.382073452180776485e+02 2.263313389020059390e+02
2.391118129130155125e+02 2.259412317447292651e+02
2.400165921863795688e+02 2.255545309736956199e+02
2.409217530871576969e+02 2.251712751325496811e+02
2.418274174148041595e+02 2.247914584462276082e+02
2.427336453249422163e+02 2.244151131093919957e+02
2.436405164357212527e+02 2.240422608765699408e+02
2.445481428164708575e+02 2.236728972922130083e+02
2.454565839612617708e+02 2.233070609140159206e+02
2.463659426038390166e+02 2.229447662329381501e+02
2.472763145087263013e+02 2.225860126441884574e+02
2.481877537394019555e+02 2.222308271225002159e+02
2.491003854197886938e+02 2.218791926564430526e+02
2.500142894570170427e+02 2.215311194526545648e+02
2.509296861024597263e+02 2.211864977999104553e+02
2.518468276017001131e+02 2.208450963110527425e+02
2.527657214311128371e+02 2.205067839907955545e+02
2.536864226651361207e+02 2.201714080411954910e+02
2.546089785483668777e+02 2.198388179145025561e+02
2.555333967882571926e+02 2.195088947008376010e+02
2.564597635307166001e+02 2.191814594891467323e+02
2.573880870321898442e+02 2.188563717004480793e+02
2.583184181150045902e+02 2.185334783088395056e+02
2.592508192835430805e+02 2.182126177084986693e+02
2.601853091184488562e+02 2.178936613797111761e+02
2.611219753641781836e+02 2.175764422593188101e+02
2.620608493507281196e+02 2.172608240904385468e+02
2.630019924124476347e+02 2.169466650649299027e+02
2.639454778820967817e+02 2.166338149197353857e+02
2.648913465733587032e+02 2.163221568589304979e+02
2.658396959423194517e+02 2.160115649498420396e+02
2.667905826144614139e+02 2.157019444320691264e+02
2.677440861844421534e+02 2.153931973591082851e+02
2.687002909947438525e+02 2.150852201328690114e+02
2.696592671780715023e+02 2.147779483139651688e+02
2.706211192567930652e+02 2.144713526457246928e+02
2.715859327532702991e+02 2.141654340686604598e+02
2.725538015390459918e+02 2.138601967636402890e+02
2.735248180673732463e+02 2.135556381947338593e+02
2.744990897748535303e+02 2.132519178866118637e+02
2.754767607636591151e+02 2.129495918328256039e+02
2.764579620215898217e+02 2.126492921838618315e+02
2.774428142387946536e+02 2.123516669565300958e+02
2.784313969007056926e+02 2.120573543480891772e+02
2.794237874372853980e+02 2.117670277676870683e+02
2.804200551125136940e+02 2.114814303743856101e+02
2.814202121537855987e+02 2.112013033411037100e+02
2.824242799674603930e+02 2.109273965164128128e+02
2.834322595511291070e+02 2.106604678693577171e+02
2.844441031108045763e+02 2.104012566921280154e+02
2.854597553851997986e+02 2.101504766964525572e+02
2.864791466622918392e+02 2.099088424833606155e+02
2.875021947376328058e+02 2.096770741915842393e+02
2.885287631126043379e+02 2.094558847517114941e+02
2.895587220695160795e+02 2.092459233277038209e+02
2.905919255436657522e+02 2.090477389282817740e+02
2.916282090643789502e+02 2.088618719245321813e+02
2.926673939853106390e+02 2.086888625838593043e+02
2.937092942974226730e+02 2.085292501029281880e+02
2.947536950162341896e+02 2.083834703038190241e+02
2.958003922308382698e+02 2.082518322465156757e+02
2.968491760966425090e+02 2.081346370254005080e+02
2.978998264580670252e+02 2.080321850876836152e+02
2.989521162056800563e+02 2.079447726096703093e+02
3.000058192374155510e+02 2.078725995983424752e+02
3.010607197281182152e+02 2.078157650731566264e+02
3.021165992013894197e+02 2.077743634461989473e+02
3.031732173452820689e+02 2.077484837783261185e+02
3.042303585322122217e+02 2.077382158889057564e+02
3.052878043373844434e+02 2.077435867215138501e+02
3.063453590738682806e+02 2.077645730946954927e+02
3.074028155037211150e+02 2.078011493084114250e+02
3.084599216871984027e+02 2.078532761761914571e+02
3.095165329780941761e+02 2.079209395824403543e+02
3.105724113520657284e+02 2.080040906291960994e+02
3.116273616846975756e+02 2.081026763449769419e+02
3.126812023399126588e+02 2.082166495977272120e+02
3.137337299158331803e+02 2.083459596644700014e+02
3.147847241185820053e+02 2.084905525733225886e+02
3.158340504822557477e+02 2.086504341426244480e+02
3.168814370367955462e+02 2.088255929612346051e+02
3.179266980348357379e+02 2.090160402658853229e+02
3.189696341278755085e+02 2.092217882956455242e+02
3.200100309558589515e+02 2.094428577709301749e+02
3.210476513364106950e+02 2.096793489500943792e+02
3.220822417428849462e+02 2.099314021101189951e+02
3.231135408224170078e+02 2.101991580839559219e+02
3.241412790205089891e+02 2.104827578254492835e+02
3.251652108923183846e+02 2.107823294206687024e+02
3.261850921734844633e+02 2.110978237529152466e+02
3.272006789997952865e+02 2.114291145633131350e+02
3.282118570908824040e+02 2.117761341514663229e+02
3.292183006054448811e+02 2.121387341719624828e+02
3.302198612042694776e+02 2.125168521658432894e+02
3.312163131555137170e+02 2.129104910271469464e+02
3.322073319994694884e+02 2.133196406686356852e+02
3.331926862108460909e+02 2.137443339432730625e+02
3.341720957908266314e+02 2.141845912352653158e+02
3.351452828834414959e+02 2.146404448882575480e+02
3.361119516933957243e+02 2.151119458437064509e+02
3.370717364330451460e+02 2.155991179924141932e+02
3.380243859220204286e+02 2.161020531292437283e+02
3.389694825429132266e+02 2.166207651775651755e+02
3.399067529736382767e+02 2.171553409395167762e+02
3.408357918873615517e+02 2.177057638214918427e+02
3.417562517864954543e+02 2.182720434824055360e+02
3.426677610225266903e+02 2.188541873077769822e+02
3.435699611737348960e+02 2.194522264346649081e+02
3.444623852463621461e+02 2.200660948945178177e+02
3.453447245014375540e+02 2.206957318641245820e+02
3.462165632137165971e+02 2.213410032350537620e+02
3.470775391862434844e+02 2.220018224308089145e+02
3.479272304520918624e+02 2.226780784256501136e+02
3.487652233635342895e+02 2.233696155484356609e+02
3.495911510093446850e+02 2.240761776894734396e+02
3.504046683821050010e+02 2.247975206087383242e+02
3.512053899281251574e+02 2.255333854772077871e+02
3.519929433832703580e+02 2.262835440745679705e+02
3.527669138771777284e+02 2.270476713948685301e+02
3.535270165826557900e+02 2.278254319251959146e+02
3.542728744673495953e+02 2.286164046132458054e+02
3.550041934395702015e+02 2.294202676024352172e+02
3.557205903110743179e+02 2.302366345479582037e+02
3.564217439048977099e+02 2.310651433310433447e+02
3.571073382127268587e+02 2.319053666063935282e+02
3.577770818830516646e+02 2.327569248266770217e+02
3.584306283221686726e+02 2.336193909468965160e+02
3.590676799932767267e+02 2.344924249543954318e+02
3.596878979686379694e+02 2.353756539636432876e+02
3.602909505968946178e+02 2.362687129336760279e+02
3.608765273627781198e+02 2.371713046208673745e+02
3.614442746171494036e+02 2.380830865324132333e+02
3.619938703410679750e+02 2.390037914211960128e+02
3.625249560806243494e+02 2.399331575313197220e+02
3.630371709582097424e+02 2.408710108281677549e+02
3.635301242359178673e+02 2.418171134876572808e+02
3.640034705673449480e+02 2.427713384117142823e+02
3.644568311061250938e+02 2.437335546474378418e+02
3.648894272322546612e+02 2.447038842209273923e+02
3.653000831861254483e+02 2.456826401466742311e+02
3.656875763552336593e+02 2.466700052838796751e+02
3.660506847485189610e+02 2.476661207738643782e+02
3.663881762755387967e+02 2.486710109122839754e+02
3.666988056759932419e+02 2.496845962340095184e+02
3.669813395875321476e+02 2.507066848533197003e+02
3.672346094348652628e+02 2.517369205999771395e+02
3.674577954469354495e+02 2.527741318551679512e+02
3.676506715309756146e+02 2.538169527547509006e+02
3.678132975368775419e+02 2.548646072875119728e+02
3.679458359779334842e+02 2.559163101651219279e+02
3.680485504295245391e+02 2.569712687238396143e+02
3.681217958671596193e+02 2.580286937120598623e+02
3.681660069390061949e+02 2.590878082025986373e+02
3.681816798037918943e+02 2.601478547905396113e+02
3.681693488819183244e+02 2.612081255219605396e+02
3.681296035490684631e+02 2.622679017807328137e+02
3.680630477400932818e+02 2.633265426370689397e+02
3.679703119300136791e+02 2.643834088401064832e+02
3.678520437080732677e+02 2.654378943692249777e+02
3.677088884902483414e+02 2.664894420028784907e+02
3.675414820656428105e+02 2.675375292845535569e+02
3.673504476837714492e+02 2.685816606743981083e+02
3.671364058622750122e+02 2.696213525334219980e+02
3.668999756138617272e+02 2.706561518971790292e+02
3.666417200906215612e+02 2.716856860394726709e+02
3.663622292611284479e+02 2.727095126759754180e+02
3.660620358437033133e+02 2.737272794718896876e+02
3.657416419511768595e+02 2.747386485401108871e+02
3.654015900277601645e+02 2.757432405899171499e+02
3.650423407756936172e+02 2.767407887938896351e+02
3.646643685067618321e+02 2.777309651026723145e+02
3.642681054327478023e+02 2.787134825917141256e+02
3.638539870091752277e+02 2.796880395105961270e+02
3.634223958960390064e+02 2.806544176255023331e+02
3.629737585339519228e+02 2.816123215788383050e+02
3.625084339291535684e+02 2.825615285059558914e+02
3.620267793345720975e+02 2.835017886902118676e+02
3.615291052684115698e+02 2.844328934568783325e+02
3.610157883729152104e+02 2.853545711461903238e+02
3.604871049593534735e+02 2.862666572911146545e+02
3.599433704768879920e+02 2.871689131075119121e+02
3.593848629807236534e+02 2.880611305806475002e+02
3.588118431009781375e+02 2.889431041576298753e+02
3.582245882756063793e+02 2.898146060117728666e+02
3.576233027988457707e+02 2.906754674242872056e+02
3.570082535117053339e+02 2.915254394960666673e+02
3.563796346028480571e+02 2.923643401691671784e+02
3.557377534092590849e+02 2.931920322978853051e+02
3.550830970912276143e+02 2.940085416645115401e+02
3.544161562104212067e+02 2.948139246014022206e+02
3.537373868052225703e+02 2.956082596989759281e+02
3.530472382058682683e+02 2.963916210685018200e+02
3.523461348613785731e+02 2.971640814154813484e+02
3.516344688403428336e+02 2.979257075470488303e+02
3.509126010627707615e+02 2.986765811430561257e+02
3.501808909415866538e+02 2.994167758054825299e+02
3.494396847290687447e+02 3.001463701211484363e+02
3.486893110493551831e+02 3.008654421008111512e+02
3.479300798648035311e+02 3.015740666000989449e+02
3.471622699787964166e+02 3.022723324227283115e+02
3.463861843160981380e+02 3.029603042824492718e+02
3.456020874776750702e+02 3.036380716101799067e+02
3.448102584717383934e+02 3.043057063535305247e+02
3.440109245610087783e+02 3.049633073556019554e+02
3.432043563279204363e+02 3.056109374834500159e+02
3.423907860997435932e+02 3.062486854792273903e+02
3.415704417950092875e+02 3.068766366249080875e+02
3.407435510661642297e+02 3.074948773099363279e+02
3.399103374661785892e+02 3.081034982284573971e+02
3.390710061002156976e+02 3.087025960073943338e+02
3.382257794624825351e+02 3.092922537962423348e+02
3.373748654230158195e+02 3.098725647099889215e+02
3.365184458381170884e+02 3.104436409858520278e+02
3.356567462313430497e+02 3.110055763031380138e+02
3.347899471380918612e+02 3.115584880355764881e+02
3.339182581562289442e+02 3.121024755297890465e+02
3.330418353026411182e+02 3.126376616481691144e+02
3.321609030017476698e+02 3.131641486922902118e+02
3.312756333979163514e+02 3.136820760392968737e+02
3.303862106727812602e+02 3.141915708346442102e+02
3.294928086589547434e+02 3.146927618719539623e+02
3.285956132006785424e+02 3.151857744066365399e+02
3.276947970263628918e+02 3.156707536297018919e+02
3.267905360557189738e+02 3.161478480052526834e+02
3.258830016840241228e+02 3.166172063088541790e+02
3.249723592504378757e+02 3.170789779838189588e+02
3.240587674267160310e+02 3.175333137530639647e+02
3.231423962242484436e+02 3.179803719994621929e+02
3.222234032324228110e+02 3.184203197715216334e+02
3.213019437452099965e+02 3.188533229504246265e+02
3.203781631665407872e+02 3.192795472314379595e+02
3.194522099639644921e+02 3.196991576291925981e+02
3.185242327673431078e+02 3.201123269806930693e+02
3.175943611941747236e+02 3.205192293644679467e+02
3.166627348770788331e+02 3.209200370062816887e+02
3.157294841954357025e+02 3.213149261746536354e+02
3.147947207688884532e+02 3.217040590761487806e+02
3.138585432100236972e+02 3.220875561957954005e+02
3.129210196268089703e+02 3.224655177104143604e+02
3.119822339458654028e+02 3.228380501432055212e+02
3.110422522888829349e+02 3.232052523513754068e+02
3.101011466853340153e+02 3.235672263792970398e+02
3.091589795102318021e+02 3.239240663712726587e+02
3.082158091966840630e+02 3.242758596443756005e+02
3.072716940439058249e+02 3.246227028730093025e+02
3.063266883285723452e+02 3.249646811289808284e+02
3.053808420777704100e+02 3.253018815663121472e+02
3.044342000478501973e+02 3.256343872389253988e+02
3.034868057694731078e+02 3.259622713667674248e+02
3.025386981795542738e+02 3.262856081143219171e+02
3.015899121161846779e+02 3.266044778559714814e+02
3.006404836106785297e+02 3.269189507001273682e+02
2.996904434196788429e+02 3.272290850362269339e+02
2.987398126845174602e+02 3.275349479782246362e+02
2.977886164892137799e+02 3.278366013696642085e+02
2.968368776622863265e+02 3.281341042476385041e+02
2.958846170536448881e+02 3.284275084834632707e+02
2.949318449398576831e+02 3.287168672307828956e+02
2.939785724410415924e+02 3.290022317216983652e+02
2.930248119478818580e+02 3.292836482908725202e+02
2.920705712197026287e+02 3.295611627968542621e+02
2.911158607528648758e+02 3.298348115729087340e+02
2.901606702307936985e+02 3.301046442574535149e+02
2.892050065295318291e+02 3.303706967856388701e+02
2.882488628588492361e+02 3.306330111878224898e+02
2.872921768931532824e+02 3.308916904897775453e+02
2.863349068156418866e+02 3.311468604644223888e+02
2.853770480842132429e+02 3.313986393455067514e+02
2.844186093101254187e+02 3.316471349592171691e+02
2.834595907876125125e+02 3.318924551264609590e+02
2.824999971564061525e+02 3.321346994798868195e+02
2.815398123810364268e+02 3.323739816911593721e+02
2.805790350668398787e+02 3.326104100800862966e+02
2.796176596140024913e+02 3.328440906071108429e+02
2.786556833404499685e+02 3.330751212208595575e+02
2.776930805697266464e+02 3.333036110960013048e+02
2.767298403559395865e+02 3.335296667562603261e+02
2.757659525325745449e+02 3.337533938235609412e+02
2.748014024058735458e+02 3.339748941690287438e+02
2.738361532213701253e+02 3.341942812969240890e+02
2.728701929998837272e+02 3.344116542783904720e+02
2.719035027988857678e+02 3.346271138994562762e+02
2.709360354328251219e+02 3.348407816351597717e+02
2.699677785405439749e+02 3.350527584548630102e+02
2.689986917249106568e+02 3.352631517015632880e+02
2.680287295156713299e+02 3.354720556243543115e+02
2.670578386319035644e+02 3.356793690945865478e+02
2.660859078825271240e+02 3.358848939810388288e+02
2.651128837600152224e+02 3.360883979800998986e+02
2.641386609379816832e+02 3.362896747361635335e+02
2.631631948039891995e+02 3.364884845772221524e+02
2.621863944738161081e+02 3.366846007788375346e+02
2.612082129535309605e+02 3.368777699260853637e+02
2.602285860566561837e+02 3.370677432535072171e+02
2.592474595974513818e+02 3.372542704170548404e+02
2.582647938421214917e+02 3.374370874039038881e+02
2.572805409293081880e+02 3.376159217799615249e+02
2.562946638937614239e+02 3.377904924757124263e+02
2.553071340074551188e+02 3.379605122029787481e+02
2.543179264055537487e+02 3.381256905227022571e+02
2.533270228619657871e+02 3.382857307002237803e+02
2.523344093841814981e+02 3.384403262684160154e+02
2.513400803065280513e+02 3.385891633763116033e+02
2.503440366771783943e+02 3.387319240554055568e+02
2.493462862609588626e+02 3.388682871084154158e+02
2.483468437586227537e+02 3.389979257408439821e+02
2.473457313557567829e+02 3.391205106730340617e+02
2.463429791666647191e+02 3.392357093601191309e+02
2.453386247705842322e+02 3.393431854302860415e+02
2.443327125784953182e+02 3.394425970310959997e+02
2.433252947408182933e+02 3.395335992654787560e+02
2.423164386463994049e+02 3.396158599648809400e+02
2.413062039068476565e+02 3.396890299681941201e+02
2.402946823911689194e+02 3.397527747395562301e+02
2.392819456852387248e+02 3.398067372579165522e+02
2.382681046586497757e+02 3.398505779853162494e+02
2.372532574618784906e+02 3.398839592341120692e+02
2.362375173822831016e+02 3.399065421282102761e+02
2.352210060130305465e+02 3.399179827370158478e+02
2.342038645721671060e+02 3.399179400572319878e+02
2.331862329271682768e+02 3.399060707287742957e+02
2.321682601708537845e+02 3.398820375966565734e+02
2.311501179161069501e+02 3.398455080058405429e+02
2.301319814083347524e+02 3.397961447973775648e+02
2.291140343667821355e+02 3.397336045177806341e+02
2.280964712565333627e+02 3.396575401528194789e+02
2.270795201446346709e+02 3.395676201336949589e+02
2.260633931919547592e+02 3.394634989951825901e+02
2.250483296228704830e+02 3.393448289273987371e+02
2.240345971041468545e+02 3.392112674938062469e+02
2.230224590890443892e+02 3.390624593228927779e+02
2.220122072796907844e+02 3.388980449834196520e+02
2.210041521308291408e+02 3.387176629991326422e+02
2.199986113624715074e+02 3.385209412867134802e+02
2.189959521191301803e+02 3.383075250218192309e+02
2.179964877221520112e+02 3.380772369114131379e+02
2.170004990764632851e+02 3.378301779963865670e+02
2.160082401927838873e+02 3.375664480194030830e+02
2.150200136040321297e+02 3.372861642761307053e+02
2.140360879063145489e+02 3.369894209083657870e+02
2.130567481262202705e+02 3.366762995758597299e+02
2.120822961643893052e+02 3.363468730305387453e+02
2.111130474579136660e+02 3.360012145251461106e+02
2.101492893416685490e+02 3.356393623836563620e+02
2.091913713590858492e+02 3.352613788049255277e+02
2.082396152604706572e+02 3.348673020634365685e+02
2.072943653062999658e+02 3.344571687761377916e+02
2.063559756719405414e+02 3.340310048647526173e+02
2.054248145493440916e+02 3.335888260276788628e+02
2.045012761567716097e+02 3.331306520024520523e+02
2.035857491430491280e+02 3.326564867152134184e+02
2.026786452221053025e+02 3.321663329806906972e+02
2.017803987968263755e+02 3.316601911212309801e+02
2.008914612459715272e+02 3.311380562167780681e+02
2.000122864052796103e+02 3.305998896649397238e+02
1.991433856624717862e+02 3.300456958537272953e+02
1.982852525976999232e+02 3.294754439106893074e+02
1.974384226548761774e+02 3.288891114918619110e+02
1.966034471160560031e+02 3.282866575130140063e+02
1.957809190534414938e+02 3.276680673606464893e+02
1.949714311418404691e+02 3.270332950912664955e+02
1.941756194766891497e+02 3.263823146707422325e+02
1.933941423026720088e+02 3.257151070423961414e+02
1.926276784053320341e+02 3.250316579420110656e+02
1.918769284376394637e+02 3.243319412889371165e+02
1.911426271631191867e+02 3.236159675892234304e+02
1.904255202273490113e+02 3.228837487496061840e+02
1.897263739579966568e+02 3.221353164809911505e+02
1.890459660394404580e+02 3.213707364400508482e+02
1.883850795190493272e+02 3.205900803599157030e+02
1.877445074377170329e+02 3.197934565285514736e+02
1.871250353057387770e+02 3.189810101164355274e+02
1.865274330456744281e+02 3.181529191891164032e+02
1.859524439759226766e+02 3.173094100222068619e+02
1.854007834720257506e+02 3.164507295110544192e+02
1.848731161252154038e+02 3.155771984682260722e+02
1.843700585893613209e+02 3.146891443389766891e+02
1.838921530709994556e+02 3.137869751053531218e+02
1.834398618961204193e+02 3.128711178639716763e+02
