1.820175778667430393e+02 3.123760266662115441e+02
1.815879617348505235e+02 3.114044444406904404e+02
1.811874096253559685e+02 3.104195370929688806e+02
1.808160220069728155e+02 3.094224953658177810e+02
1.804737232604155395e+02 3.084143235632901678e+02
1.801603428934410545e+02 3.073960820143533965e+02
1.798756243608156069e+02 3.063687664717932648e+02
1.796192484744786100e+02 3.053333660915375276e+02
1.793908366450120866e+02 3.042908527021699001e+02
1.791899588200896858e+02 3.032421662957689819e+02
1.790161548019093800e+02 3.021881763259193008e+02
1.788689308171378798e+02 3.011297595362071888e+02
1.787477800901919238e+02 3.000676961090010764e+02
1.786521837809672490e+02 2.990027619564645534e+02
1.785816139147822241e+02 2.979356917647568821e+02
1.785355551207853182e+02 2.968671418541246112e+02
1.785134856242494266e+02 2.957977734646211729e+02
1.785148911331424131e+02 2.947281699634760912e+02
1.785392638677050741e+02 2.936589120961345998e+02
1.785861120985775869e+02 2.925905382756577637e+02
1.786549795564287990e+02 2.915235199992978892e+02
1.787453977747647684e+02 2.904583692885033770e+02
1.788569107955583206e+02 2.893955194447436270e+02
1.789890874183786025e+02 2.883353800803465674e+02
1.791415153330543149e+02 2.872783539909370916e+02
1.793137958661189657e+02 2.862248373520089899e+02
1.795055496875961296e+02 2.851751742477911762e+02
1.797163968658131523e+02 2.841296989336289585e+02
1.799459699045021353e+02 2.830887444060360849e+02
1.801939194499078098e+02 2.820526278932081823e+02
1.804599507721138707e+02 2.810215947103504277e+02
1.807437096300741644e+02 2.799960054994243706e+02
1.810449008570481908e+02 2.789760758805751948e+02
1.813632239579181658e+02 2.779620727157684428e+02
1.816983928051299699e+02 2.769542545706111127e+02
1.820501350968480949e+02 2.759528718704289645e+02
1.824182213575892888e+02 2.749581149085145739e+02
1.828023550874864043e+02 2.739702885520118798e+02
1.832023314779205236e+02 2.729895517445749533e+02
1.836179190474912275e+02 2.720161414420693404e+02
1.840488923164648156e+02 2.710502919886556015e+02
1.844950658163052424e+02 2.700921985315449092e+02
1.849562531738689302e+02 2.691420841938195849e+02
1.854322624030770044e+02 2.682001869732093269e+02
1.859229529954898510e+02 2.672666849002595768e+02
1.864281404599348662e+02 2.663418354105244248e+02
1.869477346074210402e+02 2.654258187615594693e+02
1.874815896064858123e+02 2.645189325989562690e+02
1.880296236934596834e+02 2.636213902799651123e+02
1.885917389265200654e+02 2.627334428148705001e+02
1.891678234078856917e+02 2.618553323963955108e+02
1.897575944146080928e+02 2.609871898037239930e+02
1.903606923356797154e+02 2.601290590439780885e+02
1.909767406667064620e+02 2.592810068651067468e+02
1.916053737305934703e+02 2.584430844868128929e+02
1.922462882699354623e+02 2.576152865197395840e+02
1.928991158190046065e+02 2.567977115249036615e+02
1.935635794336728566e+02 2.559903663626047603e+02
1.942393915763041150e+02 2.551932845098124858e+02
1.949262339854544734e+02 2.544065302711113645e+02
1.956238377954915109e+02 2.536301151955465230e+02
1.963319215749980344e+02 2.528640660194193970e+02
1.970502086818556222e+02 2.521084049934779330e+02
1.977784282216552754e+02 2.513631510773683715e+02
1.985163148034913547e+02 2.506283202044392340e+02
1.992636053880543727e+02 2.499039220870453732e+02
2.000200433455182747e+02 2.491899357643136170e+02
2.007853194864233046e+02 2.484863748888755879e+02
2.015591754265342104e+02 2.477932051523874293e+02
2.023413763632236169e+02 2.471103859438975974e+02
2.031316032143808741e+02 2.464379295034168535e+02
2.039296165102750535e+02 2.457757371858293425e+02
2.047350825487962425e+02 2.451237748796980895e+02
2.055477648273893010e+02 2.444819368871414156e+02
2.063673378811251666e+02 2.438501836298345609e+02
2.071935451790616582e+02 2.432284064634643812e+02
2.080260897520990682e+02 2.426164869138169138e+02
2.088646458706223257e+02 2.420143101224198858e+02
2.097089282528636147e+02 2.414217327332644913e+02
2.105586468079910674e+02 2.408386184791082485e+02
2.114135133069285928e+02 2.402648177955786650e+02
2.122732190389895379e+02 2.397001566733564459e+02
2.131374600841407982e+02 2.391444498075011325e+02
2.140059452795599384e+02 2.385975051635157342e+02
2.148783887348622557e+02 2.380591282931273156e+02
2.157545085666235707e+02 2.375291157605765306e+02
2.166340226004227816e+02 2.370072495834471056e+02
2.175166559131288295e+02 2.364933057311428115e+02
2.184021420514296494e+02 2.359870555470739646e+02
2.192902231447400254e+02 2.354882658763434335e+02
2.201806541963101154e+02 2.349967037035386852e+02
2.210731994961936664e+02 2.345121358864107606e+02
2.219676339519629096e+02 2.340343248510525882e+02
2.228637414825543317e+02 2.335630298610664113e+02
2.237613148513874251e+02 2.330980066251604512e+02
2.246601638787205957e+02 2.326390185314304233e+02
2.255601193992997651e+02 2.321858484595643972e+02
2.264610227727185645e+02 2.317382676391419523e+02
2.273627214173124571e+02 2.312960481096652074e+02
2.282650727220930378e+02 2.308589621301254624e+02
2.291679796658936255e+02 2.304268457607787752e+02
2.300714059652353285e+02 2.299995964897909460e+02
2.309753179532249874e+02 2.295771193653770013e+02
2.318796829068852219e+02 2.291593263257393289e+02
2.327844717107323333e+02 2.287461367915075812e+02
2.336896847478809036e+02 2.283374547325411470e+02
2.345953094995215906e+02 2.279332190315082585e+02
2.355013364053504290e+02 2.275333805246379768e+02
2.364077928800947177e+02 2.271378530171421346e+02
2.373146758622309562e+02 2.267465796903296678e+02
2.382219862043799878e+02 2.263595223054728081e+02
2.391297742595144769e+02 2.259766051544871459e+02
2.400380501775834716e+02 2.255977867408021496e+02
2.409468268316257706e+02 2.252230377168971813e+02
2.418561728941173499e+02 2.248522824714617059e+02
2.427660987865831430e+02 2.244854879116338680e+02
2.436766388086131485e+02 2.241226127415091582e+02
2.445878634130416174e+02 2.237635875443449436e+02
2.454997905461562198e+02 2.234083855960361404e+02
2.464124855987139426e+02 2.230569542594717518e+02
2.473260105636639992e+02 2.227092267990897199e+02
2.482403861767231206e+02 2.223651652772573186e+02
2.491557108748407359e+02 2.220246849913368976e+02
2.500720377417179066e+02 2.216877284638089236e+02
2.509895744503449464e+02 2.213541126691436887e+02
2.519085706666193403e+02 2.210235265055077605e+02
2.528290168976796792e+02 2.206957632835685956e+02
2.537509576643931837e+02 2.203705925699348995e+02
2.546744318813278483e+02 2.200477858330471861e+02
2.555994366100844672e+02 2.197271457366240952e+02
2.565260559288935269e+02 2.194084028254264922e+02
2.574542895112718952e+02 2.190913244664257320e+02
2.583841867083817760e+02 2.187756639093711613e+02
2.593158131726310103e+02 2.184611650910168805e+02
2.602491864010420386e+02 2.181476041329801490e+02
2.611844025532778346e+02 2.178347033420143077e+02
2.621214953406582708e+02 2.175222136210273334e+02
2.630605356926401441e+02 2.172098791615107132e+02
2.640016121257281156e+02 2.168974351368971440e+02
2.649447766048542690e+02 2.165846499187518361e+02
2.658901497180497131e+02 2.162712731569142477e+02
2.668378056521649455e+02 2.159570855554549667e+02
2.677878493387432286e+02 2.156418638806812282e+02
2.687403956281814317e+02 2.153253791859953026e+02
2.696955434350409746e+02 2.150074473834673654e+02
2.706534401548449296e+02 2.146879337583425240e+02
2.716142104820025907e+02 2.143667386930145824e+02
2.725779927548245496e+02 2.140437659237804837e+02
2.735449286544432539e+02 2.137189128943561229e+02
2.745151810993313575e+02 2.133923091176625633e+02
2.754889746554520684e+02 2.130646733656581659e+02
2.764665159422503962e+02 2.127368357714060210e+02
2.774479936920831733e+02 2.124096439128685176e+02
2.784335507147822568e+02 2.120839368215229115e+02
2.794233208468154999e+02 2.117606152200847305e+02
2.804174269141186073e+02 2.114407078900918862e+02
2.814159252120102224e+02 2.111252507007979489e+02
2.824188721532485715e+02 2.108152890557059322e+02
2.834262951245240743e+02 2.105118771076181474e+02
2.844381617211771527e+02 2.102160469851188225e+02
2.854544235636680583e+02 2.099287981363941640e+02
2.864750096592511568e+02 2.096511302074760579e+02
2.874998287717294829e+02 2.093840483542167021e+02
2.885287235919349769e+02 2.091285496236319830e+02
2.895615378106228377e+02 2.088855222933608502e+02
2.905980928886189076e+02 2.086556848747522110e+02
2.916381868032251532e+02 2.084397407123823882e+02
2.926815987333310431e+02 2.082383923785781974e+02
2.937280966909278277e+02 2.080523389803265673e+02
2.947774159794136608e+02 2.078821118636239760e+02
2.958293065463457765e+02 2.077280332935048648e+02
2.968835127944902865e+02 2.075904115134464121e+02
2.979397685472110311e+02 2.074695534098797509e+02
2.989978008723307425e+02 2.073657590693962334e+02
3.000573420618636078e+02 2.072791840457938122e+02
3.011181416164217808e+02 2.072098315218801190e+02
3.021799495555260364e+02 2.071576972273875583e+02
3.032424949776282119e+02 2.071227710105135316e+02
3.043055377547505600e+02 2.071050426620413987e+02
3.053688391665967856e+02 2.071044227044127695e+02
3.064321904238840943e+02 2.071207574012357213e+02
3.074953738834248611e+02 2.071538899358758101e+02
3.085581264608678680e+02 2.072036494541492573e+02
3.096203073740427953e+02 2.072698926752661350e+02
3.106816749668322473e+02 2.073524494250850410e+02
3.117420371579855214e+02 2.074511530688550067e+02
3.128012200872215658e+02 2.075658436037045362e+02
3.138590294118132533e+02 2.076963575264461213e+02
3.149152554197506788e+02 2.078425302161158470e+02
3.159697823083498633e+02 2.080042801578729268e+02
3.170223440254472393e+02 2.081815193332514298e+02
3.180727716244334715e+02 2.083741847864870635e+02
3.191208839549486811e+02 2.085822149689461753e+02
3.201664856222715798e+02 2.088055604943044443e+02
3.212093539238534277e+02 2.090442795452784992e+02
3.222492477514197162e+02 2.092984846021200553e+02
3.232859192562590920e+02 2.095682892553302281e+02
3.243191135210763605e+02 2.098538077031400917e+02
3.253486015024196831e+02 2.101551487028090719e+02
3.263741400336118659e+02 2.104722850156985317e+02
3.273954786987789021e+02 2.108051289639661547e+02
3.284125076991020933e+02 2.111536551783230777e+02
3.294248849599750315e+02 2.115177513801784812e+02
3.304324599418976618e+02 2.118974014731940372e+02
3.314349893205191506e+02 2.122926806150968559e+02
3.324321171401140873e+02 2.127036566945492098e+02
3.334235868551897397e+02 2.131304429485479659e+02
3.344090867035936299e+02 2.135731378784713854e+02
3.353883034082579115e+02 2.140318557793765422e+02
3.363608942996189626e+02 2.145067476582595987e+02
3.373264343503209943e+02 2.149979385786446358e+02
3.382846211565871499e+02 2.155056247593689136e+02
3.392349656609782187e+02 2.160299157780341091e+02
3.401771329739240173e+02 2.165709998281063520e+02
3.411106349606855019e+02 2.171289579454766283e+02
3.420350418139927910e+02 2.177038983406592649e+02
3.429498926546803546e+02 2.182959229804683048e+02
3.438547368451597208e+02 2.189051553355612612e+02
3.447490012479831307e+02 2.195316038547956055e+02
3.456322905484888111e+02 2.201752629994478241e+02
3.465040883598434789e+02 2.208360398787780241e+02
3.473639334255597078e+02 2.215138881784388332e+02
3.482112942023046571e+02 2.222087289928197720e+02
3.490456546113691161e+02 2.229204106556829288e+02
3.498665724792134029e+02 2.236486241321973694e+02
3.506736323825656427e+02 2.243930619313864554e+02
3.514663731131913096e+02 2.251533950572410561e+02
3.522443474368425882e+02 2.259293212187546942e+02
3.530070798942507508e+02 2.267203990779507308e+02
3.537542782113528688e+02 2.275261168166408368e+02
3.544855579501241323e+02 2.283458609210675831e+02
3.552006308472952583e+02 2.291791211591052217e+02
3.558991175279513755e+02 2.300253141800139076e+02
3.565807318498027030e+02 2.308838564128320456e+02
3.572452338507156924e+02 2.317540570412398324e+02
3.578924249859854285e+02 2.326352734630098951e+02
3.585220610043000420e+02 2.335268157316778286e+02
3.591339637797827322e+02 2.344280879639666466e+02
3.597279308238241242e+02 2.353384606243653536e+02
3.603037896237242421e+02 2.362573144607604263e+02
3.608614075078382371e+02 2.371841075475176979e+02
3.614006276563447955e+02 2.381182642546093859e+02
3.619213447403305395e+02 2.390592991393671696e+02
3.624234222256915814e+02 2.400067623554323859e+02
3.629067221606869680e+02 2.409603216240457471e+02
3.633710995367058558e+02 2.419196071124633249e+02
3.638164720278968502e+02 2.428843794655568900e+02
3.642427416801498907e+02 2.438544302066583782e+02
3.646493337440579126e+02 2.448298873977778953e+02
3.650351973987075667e+02 2.458111356397256202e+02
3.653992407644668674e+02 2.467984556501457405e+02
3.657403724864830679e+02 2.477920981312791753e+02
3.660574931182638920e+02 2.487922202360103938e+02
3.663494779102928192e+02 2.497989016179195971e+02
3.666152005787039911e+02 2.508121326548652235e+02
3.668535930631474002e+02 2.518317666010102300e+02
3.670639553336012568e+02 2.528570117085147331e+02
3.672461447137578716e+02 2.538869163350724989e+02
3.674002358266492365e+02 2.549209683655776075e+02
3.675263809993351742e+02 2.559586352523201072e+02
3.676248123367143421e+02 2.569993635918691552e+02
3.676958342988386335e+02 2.580425867425168462e+02
3.677398141371318161e+02 2.590877314891616834e+02
3.677571630715047490e+02 2.601342235653982016e+02
3.677483181466922701e+02 2.611815105220025544e+02
3.677137631791102308e+02 2.622290165603592413e+02
3.676539919500568772e+02 2.632762117077783159e+02
3.675695204940892609e+02 2.643225543110660851e+02
3.674608750092916125e+02 2.653675157419974653e+02
3.673285782137683100e+02 2.664105943136858059e+02
3.671731454188371231e+02 2.674513059862173918e+02
3.669950823784796512e+02 2.684891793691662087e+02
3.667948944201183963e+02 2.695237443055185622e+02
3.665730856582439969e+02 2.705545478737101348e+02
3.663301102589706488e+02 2.715811981791458152e+02
3.660664499718951106e+02 2.726032376685349732e+02
3.657825373339258022e+02 2.736202808901719550e+02
3.654787794076443106e+02 2.746319509659142568e+02
3.651556269012854727e+02 2.756378316052295077e+02
3.648134579024529671e+02 2.766376039610873363e+02
3.644526653539863901e+02 2.776308912774934470e+02
3.640736054592069877e+02 2.786173514345127842e+02
3.636766425849127700e+02 2.795966275989898122e+02
3.632621016071375948e+02 2.805684434806214540e+02
3.628303529820564677e+02 2.815324508636767860e+02
3.623817047446095785e+02 2.824883686920429682e+02
3.619164648780640618e+02 2.834358898715172472e+02
3.614349014148930905e+02 2.843747482875456853e+02
3.609373591681083440e+02 2.853046237190932288e+02
3.604240882812782729e+02 2.862253011060859649e+02
3.598953780466197259e+02 2.871364937592238675e+02
3.593514822616137963e+02 2.880379452726022578e+02
3.587926426531927859e+02 2.889294050713129991e+02
3.582191285783907801e+02 2.898106082650140252e+02
3.576311384684648260e+02 2.906813509130060424e+02
3.570289336807095424e+02 2.915413500272994725e+02
3.564127033827138575e+02 2.923903904728303473e+02
3.557827588148845734e+02 2.932283097106591754e+02
3.551396078825668496e+02 2.940551230144432679e+02
3.544837633266465104e+02 2.948708795876513591e+02
3.538157024564071094e+02 2.956756529418311743e+02
3.531358953915930670e+02 2.964695134412732500e+02
3.524447844110450205e+02 2.972525292862341644e+02
3.517427749918751374e+02 2.980247604819335834e+02
3.510302402553900265e+02 2.987862830985293954e+02
3.503075518103632362e+02 2.995371656471107258e+02
3.495750676860189969e+02 3.002774824263698292e+02
3.488331253933052380e+02 3.010073054614985608e+02
3.480820401139661726e+02 3.017267008620566457e+02
3.473220945603653718e+02 3.024357498454224356e+02
3.465535971147525061e+02 3.031345083160246077e+02
3.457768161146589136e+02 3.038230586693667306e+02
3.449920326545175726e+02 3.045014617225401139e+02
3.441994703002621350e+02 3.051698042206567720e+02
3.433993991557650816e+02 3.058281338203821065e+02
3.425920491402945345e+02 3.064765260688167245e+02
3.417776459498596751e+02 3.071150527901060627e+02
3.409564126297937605e+02 3.077437834760887654e+02
3.401285657583094348e+02 3.083627888396428602e+02
3.392943026825499828e+02 3.089721461529522344e+02
3.384538405951223581e+02 3.095719173305298000e+02
3.376073813958084315e+02 3.101621747147761994e+02
3.367550964468080110e+02 3.107430089264756816e+02
3.358972041749573805e+02 3.113144858760507532e+02
3.350338740965109423e+02 3.118766983611016599e+02
3.341653093343405203e+02 3.124297177930130829e+02
3.332916538175484220e+02 3.129736433255043266e+02
3.324131277381412701e+02 3.135085453764074828e+02
3.315298916643490088e+02 3.140345355615307312e+02
3.306421213210255701e+02 3.145517110796727138e+02
3.297499818966487055e+02 3.150601710819942127e+02
3.288536538018733495e+02 3.155600091893564922e+02
3.279533025420083732e+02 3.160513411310154765e+02
3.270490983683465629e+02 3.165342853873656850e+02
3.261412077196815176e+02 3.170089604666703167e+02
3.252297913827914613e+02 3.174754854732746594e+02
3.243150038241070661e+02 3.179339813056496382e+02
3.233970155997171787e+02 3.183845776420412790e+02
3.224759837552867907e+02 3.188274154875956583e+02
3.215520643085567940e+02 3.192626340915221022e+02
3.206254026235434367e+02 3.196903731871005334e+02
3.196961504017698985e+02 3.201107711526719299e+02
3.187644635200626340e+02 3.205239784210191374e+02
3.178304752134307591e+02 3.209301512891658490e+02
3.168943347625999536e+02 3.213294408987074462e+02
3.159561806694916299e+02 3.217220035937177158e+02
3.150161324669199416e+02 3.221079889573126707e+02
3.140743187147069193e+02 3.224875252908663583e+02
3.131308299029592490e+02 3.228607343506341181e+02
3.121857837693451643e+02 3.232277383006571085e+02
3.112392685400037635e+02 3.235886580864884081e+02
3.102913869930546298e+02 3.239436146343846303e+02
3.093422285091684216e+02 3.242927273584230647e+02
3.083918779426920764e+02 3.246361102775489371e+02
3.074404246697367853e+02 3.249738846760324122e+02
3.064879460017011183e+02 3.253061643466008377e+02
3.055345197001777251e+02 3.256330634026855932e+02
3.045802174940716895e+02 3.259546935183806795e+02
3.036251061882795739e+02 3.262711585991049787e+02
3.026692496295030992e+02 3.265825628723579825e+02
3.017127082781576632e+02 3.268890166322460118e+02
3.007555397686909942e+02 3.271906211983469461e+02
2.997977954186072793e+02 3.274874651765834983e+02
2.988395192221449861e+02 3.277796448299748135e+02
2.978807560499381566e+02 3.280672525670722166e+02
2.969215478511165998e+02 3.283503783487843180e+02
2.959619331394712276e+02 3.286291040811685207e+02
2.950019396881748435e+02 3.289035099501036257e+02
2.940415946121033812e+02 3.291736745223503249e+02
2.930809250935108707e+02 3.294396720044689459e+02
2.921199534782824117e+02 3.297015762513940444e+02
2.911587029641416962e+02 3.299594501781390932e+02
2.901971761670903334e+02 3.302133663830674095e+02
2.892353902679443536e+02 3.304633843993613027e+02
2.882733492342398449e+02 3.307095697646669805e+02
2.873110031687633068e+02 3.309520485246234216e+02
2.863483181409569056e+02 3.311909688240205014e+02
2.853852934353084265e+02 3.314264694825445758e+02
2.844219404732814951e+02 3.316586789275136766e+02
2.834582621698016283e+02 3.318877255610797761e+02
2.824942654587356969e+02 3.321137295670005756e+02
2.815299356516441094e+02 3.323368237927855944e+02
2.805652719303818117e+02 3.325571340594647722e+02
2.796002690116332587e+02 3.327747837204979078e+02
2.786349246026001651e+02 3.329898880282008804e+02
2.776692121671567861e+02 3.332025736863554926e+02
2.767031201381563505e+02 3.334129644192211686e+02
2.757366377104818866e+02 3.336211828031197797e+02
2.747697493543157066e+02 3.338273476349135080e+02
2.738024154237388643e+02 3.340315897091625175e+02
2.728346230576914309e+02 3.342340249868976230e+02
2.718663524167686774e+02 3.344347729103139955e+02
2.708975522057417038e+02 3.346339756034988113e+02
2.699282099610421142e+02 3.348317538680791472e+02
2.689582819801691471e+02 3.350282354126873088e+02
2.679877188085386024e+02 3.352235349249006617e+02
2.670164667915371410e+02 3.354175717512538881e+02
2.660444068248933149e+02 3.356101698469474854e+02
2.650714867026996444e+02 3.358011174710121622e+02
2.640975908261829659e+02 3.359902304797342936e+02
2.631226757437227093e+02 3.361772901070852981e+02
2.621466402779847158e+02 3.363620960886183298e+02
2.611694363778756269e+02 3.365444223753089545e+02
2.601909924532754417e+02 3.367240482999353617e+02
2.592112469941048971e+02 3.369007514605407891e+02
2.582301558813739462e+02 3.370742955126538050e+02
2.572476616440321777e+02 3.372444371536607832e+02
2.562637186474430564e+02 3.374109246638493005e+02
2.552782900253232583e+02 3.375734999333267865e+02
2.542913410466591415e+02 3.377319017128083942e+02
2.533028433367950640e+02 3.378858618981942072e+02
2.523127701634671496e+02 3.380351000581579228e+02
2.513211036186206684e+02 3.381793272086147795e+02
2.503278319051301821e+02 3.383182501109017721e+02
2.493329488253851025e+02 3.384515721698603556e+02
2.483364551453191496e+02 3.385789898594857732e+02
2.473383564094872327e+02 3.387001915276554769e+02
2.463386662010428836e+02 3.388148603704741504e+02
2.453374053812128182e+02 3.389226755389896084e+02
2.443346016711563777e+02 3.390233104889127844e+02
2.433302895350178403e+02 3.391164337892533922e+02
2.423245136889265154e+02 3.392017201060115781e+02
2.413173206564198381e+02 3.392788254695216779e+02
2.403087753244670353e+02 3.393474199746669910e+02
2.392989363690964524e+02 3.394071513293467888e+02
2.382878875116368533e+02 3.394576825551499724e+02
2.372757086040934098e+02 3.394986741580837588e+02
2.362624915518320563e+02 3.395297841613577816e+02
2.352483364244494624e+02 3.395506651923319055e+02
2.342333598043739755e+02 3.395609722121033656e+02
2.332176796304365212e+02 3.395603574961004938e+02
2.322014223114450431e+02 3.395484787514640743e+02
2.311847335403354862e+02 3.395249974003158400e+02
2.301677638241821171e+02 3.394895700032394643e+02
2.291506720033007127e+02 3.394418463614215398e+02
2.281336266910401491e+02 3.393814740963150598e+02
2.271168253078615749e+02 3.393081192454255302e+02
2.261004527384906169e+02 3.392214343328121231e+02
2.250847177012538509e+02 3.391210684806240465e+02
2.240698546294024709e+02 3.390066751194432300e+02
2.230560939823165825e+02 3.388778990549488981e+02
2.220436900416768253e+02 3.387343881656440203e+02
2.210329136746183565e+02 3.385757878681146735e+02
2.200240416560254744e+02 3.384017317574908361e+02
2.190173960924478536e+02 3.382118681809640179e+02
2.180132514036724558e+02 3.380059935669373203e+02
2.170118571474555154e+02 3.377841407193411101e+02
2.160134377674286839e+02 3.375463369512924601e+02
2.150182658495756129e+02 3.372926256009498047e+02
2.140265812586117988e+02 3.370230255859529507e+02
2.130386407956113146e+02 3.367375403046566475e+02
2.120547193869396381e+02 3.364361610109895082e+02
2.110751069382112917e+02 3.361188779225516328e+02
2.101000636973242877e+02 3.357856438089562516e+02
2.091299163789316253e+02 3.354364342942345161e+02
2.081649641212121082e+02 3.350711936532293294e+02
2.072055323684310508e+02 3.346898581576529068e+02
2.062519578692821938e+02 3.342923509623236100e+02
2.053045930517931765e+02 3.338785826937615298e+02
2.043638211208528332e+02 3.334484664303944328e+02
2.034300210692793200e+02 3.330018902167327042e+02
2.025036011265862612e+02 3.325387346448609946e+02
2.015849975003864358e+02 3.320588761519603054e+02
2.006746678724883850e+02 3.315621839491103060e+02
1.997730691813177657e+02 3.310484869045291134e+02
1.988807388166138423e+02 3.305176591767728382e+02
1.979981898453856957e+02 3.299695279998631463e+02
1.971259912953842104e+02 3.294039313151191095e+02
1.962647301761552399e+02 3.288206836804582167e+02
1.954150567913414136e+02 3.282196332253509468e+02
1.945776149933321904e+02 3.276005853012011926e+02
1.937531144221408113e+02 3.269633724010154765e+02
1.929422999390152711e+02 3.263078367621056373e+02
1.921459491392669747e+02 3.256338279549818253e+02
1.913648666549329675e+02 3.249411809489531606e+02
1.905999220782090617e+02 3.242297879395902669e+02
1.898520025051841458e+02 3.234995439111731912e+02
1.891220362309965992e+02 3.227503768127263015e+02
1.884109884996091751e+02 3.219822695375165154e+02
1.877198363148324916e+02 3.211952160472235391e+02
1.870495935418349802e+02 3.203892775774511392e+02
1.864012866547118392e+02 3.195645798174188030e+02
1.857759409748681207e+02 3.187213062302947719e+02
1.851745765315388894e+02 3.178597281128945724e+02
1.845981852733641801e+02 3.169801546604844020e+02
1.840477398650222653e+02 3.160830394183490171e+02
1.835241447520347151e+02 3.151688445560304217e+02
1.830282569807081074e+02 3.142381992261913410e+02
1.825608304046785406e+02 3.132917653138537162e+02
