1.822127055525536150e+02 3.122910027761079164e+02
1.817730108825888351e+02 3.113315274488607542e+02
1.813606189765039005e+02 3.103582125145966302e+02
1.809757234574616405e+02 3.093720630830477489e+02
1.806183664812162135e+02 3.083739458461787422e+02
1.802885050691892275e+02 3.073648028457712371e+02
1.799860194816631349e+02 3.063455390636420930e+02
1.797107320616992467e+02 3.053170734826850889e+02
1.794624084403885149e+02 3.042803279630207953e+02
1.792407635671678463e+02 3.032362118641069060e+02
1.790454813241349257e+02 3.021855820728194431e+02
1.788762101837510841e+02 3.011293171749559292e+02
1.787325840351487045e+02 3.000682135233424219e+02
1.786142208198720027e+02 2.990030749348546237e+02
1.785207247036110232e+02 2.979346749829644523e+02
1.784517074790534821e+02 2.968637171516465969e+02
1.784067659670731132e+02 2.957909182546565034e+02
1.783854920129391530e+02 2.947169215543685823e+02
1.783874780013155998e+02 2.936423733026645095e+02
1.784123275969874669e+02 2.925678808917145943e+02
1.784596756393894736e+02 2.914939854581214149e+02
1.785291326559104164e+02 2.904212739139632617e+02
1.786203052205609936e+02 2.893502505197186565e+02
1.787328199841427647e+02 2.882813954371735008e+02
1.788663191712265075e+02 2.872151828325092993e+02
1.790204552544101944e+02 2.861520811179752855e+02
1.791948882091011228e+02 2.850925010442776397e+02
1.793892607067581366e+02 2.840368392268599678e+02
1.796032245578272182e+02 2.829854900858389328e+02
1.798364481051432620e+02 2.819388303283060964e+02
1.800886546988945724e+02 2.808971566313611561e+02
1.803594936764411614e+02 2.798608893103606192e+02
1.806486658624861548e+02 2.788302846419218213e+02
1.809558635952853933e+02 2.778056532880551686e+02
1.812807930511087591e+02 2.767872953432447503e+02
1.816231736188516948e+02 2.757755004874670703e+02
1.819827648705116019e+02 2.747704881261773835e+02
1.823592483628684420e+02 2.737726019575628698e+02
1.827524039688862842e+02 2.727820215916015059e+02
1.831619811460661538e+02 2.717990116005450432e+02
1.835877352970433662e+02 2.708238324606837182e+02
1.840294656868488516e+02 2.698566998993112520e+02
1.844869705746489501e+02 2.688978599110654955e+02
1.849600415828848554e+02 2.679475741876229336e+02
1.854485258114505086e+02 2.670060358822283320e+02
1.859522221979483732e+02 2.660735264648924385e+02
1.864710409433915856e+02 2.651502441881365826e+02
1.870048363685933737e+02 2.642365218601636343e+02
1.875535326973322015e+02 2.633325973776629780e+02
1.881170352738673728e+02 2.624387503170589184e+02
1.886952333240228938e+02 2.615552502094161582e+02
1.892878269883479447e+02 2.606822433957458998e+02
1.898944307738668158e+02 2.598197796176011707e+02
1.905146399106295121e+02 2.589679341980968275e+02
1.911480612427176879e+02 2.581267650992377867e+02
1.917943704930908666e+02 2.572962662793962068e+02
1.924531779880602187e+02 2.564765542900131550e+02
1.931241981423447100e+02 2.556676445332867047e+02
1.938071323518818190e+02 2.548695822813582197e+02
1.945016474589635322e+02 2.540824483534543106e+02
1.952074642404082567e+02 2.533062638957304102e+02
1.959242876226442434e+02 2.525410665814541176e+02
1.966518267882609337e+02 2.517868888838310681e+02
1.973897966333569798e+02 2.510437596745671840e+02
1.981379175135249397e+02 2.503117045102874840e+02
1.988959102106603609e+02 2.495907407407266874e+02
1.996634940017655993e+02 2.488808440906244925e+02
2.004403271776340034e+02 2.481820280560546337e+02
2.012261245327821655e+02 2.474942512152892391e+02
2.020206262258315064e+02 2.468174637256160224e+02
2.028234758110578468e+02 2.461516743023153140e+02
2.036343931018421927e+02 2.454967529534272899e+02
2.044529901071006748e+02 2.448526406552903723e+02
2.052789873913191911e+02 2.442191945908918456e+02
2.061120069166686619e+02 2.435963479157766756e+02
2.069517445697691755e+02 2.429839500038338258e+02
2.077978391914126064e+02 2.423818260604778914e+02
2.086498964588809031e+02 2.417898027005134338e+02
2.095075684569121393e+02 2.412076721731833686e+02
2.103705028709310056e+02 2.406352334634287615e+02
2.112383480899764265e+02 2.400722663399378973e+02
2.121107241698188375e+02 2.395185144711788894e+02
2.129872571634950873e+02 2.389737060798056802e+02
2.138675891095442978e+02 2.384375599590750028e+02
2.147513696732382869e+02 2.379097906599942576e+02
2.156382550498359478e+02 2.373901013447846537e+02
2.165279034437469079e+02 2.368781778988137887e+02
2.174199831618482222e+02 2.363736980146913993e+02
2.183141739740624985e+02 2.358763327384761510e+02
2.192101673313007666e+02 2.353857466776575791e+02
2.201076741709382816e+02 2.349016066992530227e+02
2.210064230938814660e+02 2.344235859640906483e+02
2.219061572072867818e+02 2.339513521644227581e+02
2.228066316059694714e+02 2.334845682859290434e+02
2.237076132576150940e+02 2.330228924524770946e+02
2.246088941050643086e+02 2.325659958830152902e+02
2.255102975758513253e+02 2.321135782248194630e+02
2.264116599977253941e+02 2.316653279784011374e+02
2.273128271413617654e+02 2.312209330500694762e+02
2.282136587294506285e+02 2.307800825448058788e+02
2.291141060465060661e+02 2.303425953338543195e+02
2.300142336033885044e+02 2.299084373366044929e+02
2.309141098403103740e+02 2.294775896352586813e+02
2.318138019128484189e+02 2.290500425544884138e+02
2.327133780722557788e+02 2.286257961022123482e+02
2.336129281933975790e+02 2.282048338075472600e+02
2.345125260250718782e+02 2.277871699692298932e+02
2.354122462057842995e+02 2.273728325364222371e+02
2.363121937014117577e+02 2.269618168883795022e+02
2.372124437040741611e+02 2.265541475172844059e+02
2.381130698440707647e+02 2.261498619954806486e+02
2.390141838039732249e+02 2.257489591621227305e+02
2.399158597124713310e+02 2.253514709393226383e+02
2.408181729080776563e+02 2.249574427804179493e+02
2.417212440687628145e+02 2.245668789770950298e+02
2.426251387714810903e+02 2.241798184179884856e+02
2.435299398855394202e+02 2.237962905453226767e+02
2.444357583606420121e+02 2.234163005762833620e+02
2.453426592946933340e+02 2.230398937532116292e+02
2.462507457778336288e+02 2.226670938440596785e+02
2.471601144747702392e+02 2.222979115262758114e+02
2.480708264856147593e+02 2.219323839510632865e+02
2.489830039732350997e+02 2.215705083317279218e+02
2.498967298668216586e+02 2.212123066728883032e+02
2.508122039839259685e+02 2.208576900997379084e+02
2.517296462559628196e+02 2.205064560065302715e+02
2.526490666086362182e+02 2.201584913397425112e+02
2.535705149250890997e+02 2.198136637343186237e+02
2.544940338290006707e+02 2.194718425800612067e+02
2.554196341465047624e+02 2.191329273873398336e+02
2.563473915741011524e+02 2.187967688241545261e+02
2.572773185469088162e+02 2.184632540655682362e+02
2.582094621677825330e+02 2.181322600349721199e+02
2.591438777824773183e+02 2.178036557192183125e+02
2.600805872390576496e+02 2.174773418166285808e+02
2.610196669179436526e+02 2.171531925427370595e+02
2.619611501995819935e+02 2.168311120130497329e+02
2.629050931971952991e+02 2.165110003854282468e+02
2.638515592882544638e+02 2.161927500990022395e+02
2.648005902961689344e+02 2.158762860212997623e+02
2.657522679691635972e+02 2.155615339694522277e+02
2.667066470848869244e+02 2.152484495628477532e+02
2.676637970471355743e+02 2.149369866308599910e+02
2.686237875682495542e+02 2.146270937546190396e+02
2.695866841225798680e+02 2.143187569560761006e+02
2.705525691614023458e+02 2.140120010551232212e+02
2.715215184458390354e+02 2.137068789250270129e+02
2.724936099229209958e+02 2.134034473170352442e+02
2.734689133681333715e+02 2.131017567170770803e+02
2.744475208130070314e+02 2.128019965611410385e+02
2.754295426274499050e+02 2.125046938769125404e+02
2.764150816136901767e+02 2.122104402360985773e+02
2.774042365590597115e+02 2.119198421423929517e+02
2.783970543434357978e+02 2.116334969101537808e+02
2.793935909749362168e+02 2.113520251803312533e+02
2.803938949541563375e+02 2.110760931518169627e+02
2.813979500645798453e+02 2.108063619699518654e+02
2.824057616730322593e+02 2.105435003832164682e+02
2.834173161345994458e+02 2.102881850344473094e+02
2.844325485494471764e+02 2.100410687465772241e+02
2.854513923014518468e+02 2.098027688161601247e+02
2.864737699336262722e+02 2.095739021974586649e+02
2.874995949649269846e+02 2.093550912868322769e+02
2.885287258136589230e+02 2.091469513437911019e+02
2.895610337529457752e+02 2.089500392007405765e+02
2.905963761004319394e+02 2.087648199681946153e+02
2.916345938010943541e+02 2.085917509391594820e+02
2.926755160796922155e+02 2.084312894457704601e+02
2.937189676166985350e+02 2.082838923215439024e+02
2.947647447301535522e+02 2.081499272013189454e+02
2.958126567737531900e+02 2.080296532107947485e+02
2.968625084877509721e+02 2.079233229552841067e+02
2.979140955033728915e+02 2.078311886682884051e+02
2.989672078436411198e+02 2.077534991832665980e+02
3.000216366510784951e+02 2.076904220999379334e+02
3.010771829601044374e+02 2.076420399499043015e+02
3.021336454323379144e+02 2.076084317015819352e+02
3.031908007471673727e+02 2.075896712050809754e+02
3.042484514639870667e+02 2.075858338928102000e+02
3.053063964709512561e+02 2.075969408546369266e+02
3.063644569714095951e+02 2.076229707109143874e+02
3.074224422098080822e+02 2.076639000446770638e+02
3.084801157404193646e+02 2.077196920732147589e+02
3.095373507520058638e+02 2.077903356199159361e+02
3.105939251631546085e+02 2.078757836370385235e+02
3.116496608595226121e+02 2.079759846381953992e+02
3.127043935627273754e+02 2.080908933062207211e+02
3.137579369220280796e+02 2.082204609714675598e+02
3.148100877190905749e+02 2.083646350344514246e+02
3.158607326287866499e+02 2.085234132677213950e+02
3.169096202415994981e+02 2.086967699756609989e+02
3.179565878272643999e+02 2.088847028550551670e+02
3.190014596834335521e+02 2.090872111074517932e+02
3.200440464298139887e+02 2.093043002615138448e+02
3.210841426498690794e+02 2.095360332673618586e+02
3.221215314203123512e+02 2.097825025289265852e+02
3.231559902843765713e+02 2.100438019773634437e+02
3.241872909183799720e+02 2.103200268103689723e+02
3.252152310986078305e+02 2.106112644524526729e+02
3.262396037621029450e+02 2.109174508553584246e+02
3.272601999909163055e+02 2.112384559457066473e+02
3.282769453963978208e+02 2.115742105094681449e+02
3.292895492943825388e+02 2.119245639853183434e+02
3.302979057867307802e+02 2.122894530232024124e+02
3.313018351446847305e+02 2.126688717570825133e+02
3.323010588199974791e+02 2.130627988719681127e+02
3.332953968984437552e+02 2.134712590614014687e+02
3.342846218382476877e+02 2.138942660552023938e+02
3.352685106127494237e+02 2.143318493322829568e+02
3.362468222181552164e+02 2.147840654615852429e+02
3.372192439805656363e+02 2.152509467081986259e+02
3.381855872282379210e+02 2.157325988066995137e+02
3.391454903661361868e+02 2.162290486819098021e+02
3.400987452798304957e+02 2.167404101108161854e+02
3.410449943426222603e+02 2.172667161714571762e+02
3.419839410810455433e+02 2.178080363309033487e+02
3.429152656353151087e+02 2.183644407483097609e+02
3.438386659386537190e+02 2.189360285082653377e+02
3.447537152056929699e+02 2.195228131098849929e+02
3.456601381227637262e+02 2.201248613768797782e+02
3.465575371046268174e+02 2.207421710192431306e+02
3.474455746456662837e+02 2.213747947812028940e+02
3.483238469726649669e+02 2.220227616566407107e+02
3.491919456650634856e+02 2.226860763666446985e+02
3.500494798029478716e+02 2.233646859303141810e+02
3.508960755918456016e+02 2.240585595962888021e+02
3.517313080805017762e+02 2.247676508589446769e+02
3.525547649354089117e+02 2.254919496995838983e+02
3.533659608764692734e+02 2.262313548243973003e+02
3.541645307021647113e+02 2.269857934478154107e+02
3.549499809463026736e+02 2.277550923739312339e+02
3.557219136228674756e+02 2.285391947379909539e+02
3.564798066944604784e+02 2.293379598904295733e+02
3.572231988931002888e+02 2.301512796731219908e+02
3.579516082414799030e+02 2.309789694209125628e+02
3.586645719075320358e+02 2.318208968460443202e+02
3.593615320783878246e+02 2.326768547161858862e+02
3.600419848944927139e+02 2.335467359947198531e+02
3.607053599862988449e+02 2.344303601581104886e+02
3.613510893238321842e+02 2.353275230190387504e+02
3.619786228608786018e+02 2.362380914465373394e+02
3.625873180272150194e+02 2.371618388029906157e+02
3.631765613668945321e+02 2.380986147735347629e+02
3.637456860611357570e+02 2.390482151092669483e+02
3.642940423805341652e+02 2.400105031870415928e+02
3.648208938796603320e+02 2.409851945453023347e+02
3.653255643597498192e+02 2.419721296263768693e+02
3.658073100418516219e+02 2.429710700182793346e+02
3.662650811002303044e+02 2.439819289571114211e+02
3.666975332658818161e+02 2.450047402911800987e+02
3.671032615781258528e+02 2.460393329311728507e+02
3.674808900697498757e+02 2.470855008339780738e+02
3.678290386373576553e+02 2.481428740882069519e+02
3.681463267459386657e+02 2.492109452166440917e+02
3.684314080020245683e+02 2.502890660727145757e+02
3.686830259743879310e+02 2.513763678080208877e+02
3.689002000835716899e+02 2.524705917110748317e+02
3.690826783451204847e+02 2.535692848140897979e+02
3.692307064184548153e+02 2.546712059369453129e+02
3.693446732030874955e+02 2.557751605530025358e+02
3.694251027950289767e+02 2.568799999479122107e+02
3.694726371561315545e+02 2.579846350913627475e+02
3.694880165358984527e+02 2.590880461603946969e+02
3.694720534831140526e+02 2.601892886677030674e+02
3.694256020210127076e+02 2.612875381976793960e+02
3.693495704124757708e+02 2.623819808451027029e+02
3.692448729574638833e+02 2.634719564483343675e+02
3.691124416405297666e+02 2.645568251344845976e+02
3.689532134055780261e+02 2.656360155683299240e+02
3.687681069033333756e+02 2.667090440735747165e+02
3.685580144419229782e+02 2.677754876172595573e+02
3.683237992750599687e+02 2.688349685361152410e+02
3.680663066674787274e+02 2.698871297769273951e+02
3.677863607008013673e+02 2.709316583470658202e+02
3.674847059059874255e+02 2.719683529362993113e+02
3.671621102158092071e+02 2.729969139833168015e+02
3.668192622691288989e+02 2.740171634989073937e+02
3.664568056178828215e+02 2.750289380099061418e+02
3.660754112638551874e+02 2.760320107538672119e+02
3.656756442671457421e+02 2.770262942751577384e+02
3.652580824723449950e+02 2.780116185876066197e+02
3.648232498618713180e+02 2.789878614279369344e+02
3.643716654651873341e+02 2.799548760771151024e+02
3.639037692224606531e+02 2.809126031191416928e+02
3.634200451299452084e+02 2.818608839888553916e+02
3.629208985472434392e+02 2.827996412564932598e+02
3.624067316709177362e+02 2.837287617535619688e+02
3.618778892315377789e+02 2.846481723636218817e+02
3.613347732664973364e+02 2.855577158134923934e+02
3.607776729754659755e+02 2.864573494222266845e+02
3.602069201287066562e+02 2.873469434324138660e+02
3.596228051751038493e+02 2.882263985323510838e+02
3.590255965509576868e+02 2.890956124217354386e+02
3.584155725570652749e+02 2.899544501756589625e+02
3.577929332815066346e+02 2.908028361214917936e+02
3.571579444343930163e+02 2.916406059678787415e+02
3.565107951458429625e+02 2.924676633636578913e+02
3.558517669015188858e+02 2.932839349140935497e+02
3.551812787203817834e+02 2.940894719207709045e+02
3.544997497606419756e+02 2.948843472102807937e+02
3.538075662613734949e+02 2.956686514732929822e+02
3.531051101057778396e+02 2.964424661248150414e+02
3.523927452977314942e+02 2.972058717111716533e+02
3.516708133935188130e+02 2.979589469762799467e+02
3.509396267699590908e+02 2.987017833980240198e+02
3.501994977795965838e+02 2.994344614119594894e+02
3.494507269306461126e+02 3.001570639967746388e+02
3.486936017658375135e+02 3.008696746094971672e+02
3.479283968680732073e+02 3.015723761385129364e+02
3.471553569077394741e+02 3.022652639465030688e+02
3.463747515031772082e+02 3.029484076882703789e+02
3.455868128915356010e+02 3.036219002440030863e+02
3.447917905514514132e+02 3.042858179706185524e+02
3.439898855341821218e+02 3.049402652380726977e+02
3.431813425953487240e+02 3.055853097868617851e+02
3.423663690060301406e+02 3.062210440155363358e+02
3.415451681824486059e+02 3.068475559445917042e+02
3.407179442407087890e+02 3.074649343900274516e+02
3.398848981274300627e+02 3.080732721673548440e+02
3.390462129265739577e+02 3.086726671858507416e+02
3.382020893015685488e+02 3.092632033655426085e+02
3.373527137622676833e+02 3.098449737342023127e+02
3.364982464672509650e+02 3.104180883617048039e+02
3.356388904686740489e+02 3.109826375058697181e+02
3.347748046362669356e+02 3.115387341696397243e+02
3.339061770409849146e+02 3.120864729690040349e+02
3.330331427383204073e+02 3.126259709920866499e+02
3.321559031700845139e+02 3.131573217431552507e+02
3.312746069841552412e+02 3.136806531974403356e+02
3.303894152391137027e+02 3.141960805856533625e+02
3.295004791309360712e+02 3.147037202519027232e+02
3.286079621704209330e+02 3.152036840456117943e+02
3.277120128340620795e+02 3.156960997861232272e+02
3.268127821301517884e+02 3.161810961406006300e+02
3.259104171673857877e+02 3.166588015007253603e+02
3.250050595992448166e+02 3.171293443972546697e+02
3.240968446678839427e+02 3.175928537527802291e+02
3.231859179956998105e+02 3.180494623644954686e+02
3.222724123355766892e+02 3.184993100108177941e+02
3.213564589722705591e+02 3.189425346869439295e+02
3.204381797196767252e+02 3.193792738612266930e+02
3.195177005038917173e+02 3.198096632597329858e+02
3.185951475844377683e+02 3.202338442563415697e+02
3.176706272385844727e+02 3.206519592627463453e+02
3.167442581592191004e+02 3.210641473928496907e+02
3.158161501084226757e+02 3.214705516043233615e+02
3.148863944693429175e+02 3.218713029357083997e+02
3.139550782749871587e+02 3.222664970011140895e+02
3.130222552624892387e+02 3.226562138409289560e+02
3.120880008278097648e+02 3.230405366923937436e+02
3.111523677014681653e+02 3.234195437129728816e+02
3.102154196531618027e+02 3.237933141284166254e+02
3.092772095811809550e+02 3.241619220480835111e+02
3.083377866240524554e+02 3.245254351450741979e+02
3.073972038467950938e+02 3.248839284724442678e+02
3.064555056156025330e+02 3.252374677865497574e+02
3.055127364993125525e+02 3.255861196749547162e+02
3.045689371428334766e+02 3.259299487537681443e+02
3.036241447833097595e+02 3.262690113480493892e+02
3.026783943754850270e+02 3.266033636817815591e+02
3.017317188858800705e+02 3.269330673173053583e+02
3.007841500239803167e+02 3.272581757077526845e+02
2.998357153133986799e+02 3.275787326689107886e+02
2.988864371023450417e+02 3.278947893114594194e+02
2.979363391268915393e+02 3.282063926189036920e+02
2.969854430831089189e+02 3.285135867230369513e+02
2.960337686569445736e+02 3.288164095290160276e+02
2.950813286865867440e+02 3.291149006591577972e+02
2.941281361512836270e+02 3.294090983993735904e+02
2.931742042634854784e+02 3.296990365853972662e+02
2.922195427335865361e+02 3.299847482199197088e+02
2.912641624118406867e+02 3.302662578353030653e+02
2.903080602162801824e+02 3.305436017022393003e+02
2.893512442387631154e+02 3.308168046384931245e+02
2.883937129181647379e+02 3.310858962808641763e+02
2.874354281124484487e+02 3.313509614717298177e+02
2.864763676913793233e+02 3.316121095751195185e+02
2.855165358764284065e+02 3.318694457826911162e+02
2.845559455462183678e+02 3.321230663624930912e+02
2.835946031225964248e+02 3.323730671281388709e+02
2.826325174113340495e+02 3.326195363225264714e+02
2.816696821802870545e+02 3.328625734719711886e+02
2.807061010928376277e+02 3.331022726901805981e+02
2.797417742655252368e+02 3.333387255770478532e+02
2.787767032405551504e+02 3.335720161927907839e+02
2.778108729222622628e+02 3.338022382723048622e+02
2.768442782482546249e+02 3.340294818995100172e+02
2.758769139726421145e+02 3.342538343575200770e+02
2.749087710593411771e+02 3.344753790168431919e+02
2.739398247296543332e+02 3.346942096702201752e+02
2.729700673750766100e+02 3.349104072538070227e+02
2.719994854442352903e+02 3.351240508324023040e+02
2.710280453165736958e+02 3.353352359825144049e+02
2.700557373978456326e+02 3.355440399503492586e+02
2.690825319676531535e+02 3.357505449976491150e+02
2.681083953840777099e+02 3.359548226557749331e+02
2.671332835586967462e+02 3.361567779124550270e+02
2.661571107643382561e+02 3.363562349821029329e+02
2.651798309679699628e+02 3.365529872342740987e+02
2.642013647468771183e+02 3.367468513691864018e+02
2.632216736938653412e+02 3.369376141234037618e+02
2.622406905773273138e+02 3.371250762475712577e+02
2.612583775162478901e+02 3.373090156932739205e+02
2.602746868605452164e+02 3.374892142546191849e+02
2.592895789115976868e+02 3.376654525638786026e+02
2.583030235747131087e+02 3.378374988799145058e+02
2.573149877925964688e+02 3.380051175921101958e+02
2.563254466408491794e+02 3.381680671065625461e+02
2.553343812194006262e+02 3.383260999116562289e+02
2.543417766005941587e+02 3.384789654195326420e+02
2.533476231376759813e+02 3.386264076784342478e+02
2.523519161126901338e+02 3.387681654887477407e+02
2.513546569295285735e+02 3.389039721215289660e+02
2.503558524824423159e+02 3.390335568556988051e+02
2.493555155099047624e+02 3.391566458327092164e+02
2.483536639560267929e+02 3.392729600815203526e+02
2.473503233241845010e+02 3.393822200027825033e+02
2.463455251803736701e+02 3.394841433591334976e+02
2.453393069708310463e+02 3.395784441248079588e+02
2.443317113057627523e+02 3.396648307999715257e+02
2.433227874482417690e+02 3.397430084743334646e+02
2.423126007153401247e+02 3.398126936313180977e+02
2.413012023637674019e+02 3.398735853059307601e+02
2.402886808411522281e+02 3.399253972053356279e+02
2.392750963187641844e+02 3.399678202658615760e+02
2.382605527553882325e+02 3.400005618264967779e+02
2.372451362811738136e+02 3.400233271867663234e+02
2.362289479613299648e+02 3.400358196046476564e+02
2.352120956442738020e+02 3.400377370547900000e+02
2.341947061643469965e+02 3.400287802459587283e+02
2.331769025136647713e+02 3.400086457868643492e+02
2.321588158428905615e+02 3.399770326444088369e+02
2.311405991570054255e+02 3.399336434450091815e+02
2.301224070084535924e+02 3.398781758621633458e+02
2.291044006914992792e+02 3.398103208020874035e+02
2.280867506700717229e+02 3.397297644184482124e+02
2.270696603580651924e+02 3.396362064405653314e+02
2.260533143476374676e+02 3.395293317501622710e+02
2.250379229817166618e+02 3.394088222674557187e+02
2.240237235396067206e+02 3.392743646162198843e+02
2.230109461334332366e+02 3.391256328300963219e+02
2.219998468438791690e+02 3.389622982275328127e+02
2.209906980780727963e+02 3.387840292384247505e+02
2.199837765497402700e+02 3.385904824045948089e+02
2.189794068648478742e+02 3.383813297562473394e+02
2.179778634336029768e+02 3.381563875802621055e+02
2.169793984868362600e+02 3.379157042878797483e+02
2.159842374331527708e+02 3.376593223245880608e+02
2.149926565912830938e+02 3.373873012206214526e+02
2.140048971350577460e+02 3.370996759472136546e+02
2.130212171914018597e+02 3.367964686051941499e+02
2.120418924199794617e+02 3.364776921136455030e+02
2.110672130536905229e+02 3.361433589069642380e+02
2.100974387521827111e+02 3.357934442292810786e+02
2.091328959287533564e+02 3.354279469991340079e+02
2.081738815191935714e+02 3.350468379304725772e+02
2.072207171877471694e+02 3.346500829762860576e+02
2.062737350431429206e+02 3.342376355265119514e+02
2.053332819901655455e+02 3.338094368978300963e+02
2.043997339473765464e+02 3.333654311720559917e+02
2.034734610489121849e+02 3.329055407229780030e+02
2.025548599678400876e+02 3.324296828214917809e+02
2.016443530694681670e+02 3.319377706254645659e+02
2.007423820425850067e+02 3.314297100780301548e+02
1.998493880890613923e+02 3.309053682328245714e+02
1.989658846507686292e+02 3.303646563462994550e+02
1.980923618909844777e+02 3.298074418044225808e+02
1.972293605477111669e+02 3.292336009734411277e+02
1.963774377913739499e+02 3.286429871772521665e+02
1.955372061065515084e+02 3.280354836159318666e+02
1.947092726854889406e+02 3.274109330482247060e+02
1.938943022326573100e+02 3.267692013068763117e+02
1.930929895343905116e+02 3.261101611813852514e+02
1.923060573419565742e+02 3.254336898996839977e+02
1.915342530937046774e+02 3.247396487513672128e+02
1.907783784619030030e+02 3.240279468973557755e+02
1.900392501065140038e+02 3.232984931633799306e+02
1.893177189530379678e+02 3.225512221438112306e+02
1.886146645982837242e+02 3.217861135041310376e+02
1.879309767564758999e+02 3.210031530310777157e+02
1.872675747464201663e+02 3.202023799046228874e+02
1.866253855173898728e+02 3.193838854477668860e+02
1.860053318923221468e+02 3.185478076267699521e+02
1.854083268374544105e+02 3.176943567209204957e+02
1.848352577369607559e+02 3.168237723951433509e+02
1.842869862926229700e+02 3.159364146048091015e+02
1.837643155411945202e+02 3.150326486757809334e+02
1.832679974076311851e+02 3.141129796950655191e+02
1.827986919981717620e+02 3.131779401850591853e+02
