1.816263014164353820e+02 3.125465193657631175e+02
1.812050131097261101e+02 3.115553419839144453e+02
1.808151848118684768e+02 3.105513228747153676e+02
1.804568321303859193e+02 3.095359243006755037e+02
1.801297533109479332e+02 3.085103441112117366e+02
1.798336385487309030e+02 3.074758172421229006e+02
1.795680767913317197e+02 3.064334752457631907e+02
1.793325869188260242e+02 3.053844185780126281e+02
1.791266234613067354e+02 3.043297056445005069e+02
1.789495869366766954e+02 3.032703384260437360e+02
1.788008472944365792e+02 3.022072226405279594e+02
1.786797429729379019e+02 3.011412563292580558e+02
1.785856012087022577e+02 3.000732181789662150e+02
1.785177417841165095e+02 2.990038703378583023e+02
1.784754805442376835e+02 2.979339194560561168e+02
1.784581517829645065e+02 2.968639803650551130e+02
1.784650919667014648e+02 2.957946648650226962e+02
1.784956566222375329e+02 2.947264979455574121e+02
1.785492145296927049e+02 2.936599963337347390e+02
1.786251564605986744e+02 2.925956287359292105e+02
1.787229142944138403e+02 2.915337933278964329e+02
1.788419187254271208e+02 2.904749252677327149e+02
1.789816276060207656e+02 2.894193810800505275e+02
1.791415290087974483e+02 2.883674930364388160e+02
1.793211341699333161e+02 2.873195854162801766e+02
1.795199722282279424e+02 2.862759745456161795e+02
1.797376027838012646e+02 2.852369281959841487e+02
1.799735996356122882e+02 2.842027075972163743e+02
1.802275529277575004e+02 2.831735731686359827e+02
1.804990734549534750e+02 2.821497707361322114e+02
1.807878273217855849e+02 2.811314809465096687e+02
1.810934350223573404e+02 2.801189924857202982e+02
1.814155840354102907e+02 2.791124655494915032e+02
1.817539600826448805e+02 2.781121087198156943e+02
1.821082644937328894e+02 2.771181240647607638e+02
1.824782137560801232e+02 2.761307073607892448e+02
1.828635713288117586e+02 2.751500045337563165e+02
1.832640462033342033e+02 2.741762663431591136e+02
1.836794328694290925e+02 2.732096159166371763e+02
1.841095034512161703e+02 2.722502471028249147e+02
1.845540368223390146e+02 2.712983523705649986e+02
1.850128506933713766e+02 2.703540919946818804e+02
1.854857644705623443e+02 2.694176527251482298e+02
1.859725935268789385e+02 2.684892351144309259e+02
1.864732004717241409e+02 2.675689893827590140e+02
1.869874094441894954e+02 2.666571350816562926e+02
1.875151251864382402e+02 2.657538248345899774e+02
1.880562013014079810e+02 2.648593110177778840e+02
1.886105486584699804e+02 2.639737746099140168e+02
1.891780651343178761e+02 2.630974297649240725e+02
1.897586364241317654e+02 2.622304830143726235e+02
1.903519911742334330e+02 2.613730385165745815e+02
1.909577870494328522e+02 2.605251223819985285e+02
1.915756681168230955e+02 2.596867794410820238e+02
1.922052886803905096e+02 2.588580408559215016e+02
1.928463573412793153e+02 2.580388905228822978e+02
1.934985182504633769e+02 2.572293914903963241e+02
1.941614909286435307e+02 2.564295272810042547e+02
1.948349877737364011e+02 2.556393034851747359e+02
1.955186960836700791e+02 2.548587496444289684e+02
1.962123457525460424e+02 2.540878509583428126e+02
1.969156531642513528e+02 2.533266010319293002e+02
1.976283385088021589e+02 2.525749875762189447e+02
1.983501283669500879e+02 2.518329947979647159e+02
1.990807554878297196e+02 2.511006036584120409e+02
1.998199561639787873e+02 2.503777892893958210e+02
2.005674739402139437e+02 2.496645018845656239e+02
2.013230099478586510e+02 2.489607170258065594e+02
2.020863086274709133e+02 2.482663717126685015e+02
2.028571361790466767e+02 2.475813990214903981e+02
2.036351917424838973e+02 2.469057711618669373e+02
2.044202455824345463e+02 2.462393785204279197e+02
2.052119937633635800e+02 2.455821599094275030e+02
2.060102127127117058e+02 2.449340009482543223e+02
2.068146083277306673e+02 2.442948348041751103e+02
2.076249451117318756e+02 2.436645447367879456e+02
2.084409644527653143e+02 2.430430131444396125e+02
2.092623869745951595e+02 2.424301242059838444e+02
2.100889662042441444e+02 2.418257415689915604e+02
2.109204533454775117e+02 2.412297340762912370e+02
2.117566049995071467e+02 2.406419634753758601e+02
2.125971700827005577e+02 2.400622799900969540e+02
2.134419030379006301e+02 2.394905264654789221e+02
2.142905689534678118e+02 2.389265413872470276e+02
2.151429379292502233e+02 2.383701615351624241e+02
2.159987862863232806e+02 2.378212198227448653e+02
2.168578959550887362e+02 2.372795445388198630e+02
2.177200556256569826e+02 2.367449606682382921e+02
2.185850609692259638e+02 2.362172901609276039e+02
2.194527147285378135e+02 2.356963520383407626e+02
2.203228309549466530e+02 2.351819678735152763e+02
2.211952332807322250e+02 2.346739607491938671e+02
2.220697535700465153e+02 2.341721515872379484e+02
2.229462309409076397e+02 2.336763596950928275e+02
2.238245117092156420e+02 2.331864021337197812e+02
2.247044546532320339e+02 2.327021011125408165e+02
2.255859335106118522e+02 2.322232937346492747e+02
2.264688312991589783e+02 2.317498057114956111e+02
2.273530348903072706e+02 2.312814651933004200e+02
2.282384396442226659e+02 2.308181015388695130e+02
2.291249838628478130e+02 2.303596066407094156e+02
2.300126626781952837e+02 2.299059325562227230e+02
2.309014721902476879e+02 2.294570397140117564e+02
2.317914084043894150e+02 2.290128960740547370e+02
2.326824697621521523e+02 2.285734773937803936e+02
2.335746750442042980e+02 2.281387395428412219e+02
2.344680275783204593e+02 2.277086644889502907e+02
2.353625333578772540e+02 2.272832458281331469e+02
2.362582278231491841e+02 2.268624442324059203e+02
2.371551200607084979e+02 2.264462468971800320e+02
2.380532206154094297e+02 2.260346542544369868e+02
2.389525771623195851e+02 2.256276298965721594e+02
2.398532041026604702e+02 2.252251675756879479e+02
2.407551188012890293e+02 2.248272730115883746e+02
2.416583817027390353e+02 2.244339115486734499e+02
2.425630057926368011e+02 2.240450840667736827e+02
2.434690228224968109e+02 2.236607845076450474e+02
2.443764916119215229e+02 2.232809824580138525e+02
2.452854302135252453e+02 2.229056846166684238e+02
2.461958933779882841e+02 2.225348766864440222e+02
2.471079327116156037e+02 2.221685344186478801e+02
2.480215692079860332e+02 2.218066604975849430e+02
2.489368818123625715e+02 2.214492183962111937e+02
2.498539143419914694e+02 2.210961941850379162e+02
2.507728209256152638e+02 2.207474652162363213e+02
2.516937765505622338e+02 2.204027967774648005e+02
2.526167615158144315e+02 2.200620390355639131e+02
2.535417955912965056e+02 2.197250227327994025e+02
2.544688936092867948e+02 2.193915792970822451e+02
2.553980420033976202e+02 2.190615688120501261e+02
2.563292903975689114e+02 2.187348018187997241e+02
2.572626297241959037e+02 2.184111233965478789e+02
2.581980858958636418e+02 2.180903681667565479e+02
2.591356946952118960e+02 2.177723622399501267e+02
2.600754607776389093e+02 2.174569616803053123e+02
2.610174426435360147e+02 2.171439907265892373e+02
2.619616581027955817e+02 2.168333011204042577e+02
2.629081491859835751e+02 2.165247402941833172e+02
2.638569673103675086e+02 2.162181475012229726e+02
2.648081432010964136e+02 2.159133922155031087e+02
2.657617487712877278e+02 2.156103359091609661e+02
2.667178295985681302e+02 2.153088675122564268e+02
2.676764485609879785e+02 2.150088737695397185e+02
2.686376716275993317e+02 2.147102358322591442e+02
2.696015603155088911e+02 2.144128700956377145e+02
2.705681970656979161e+02 2.141167230493819318e+02
2.715376571512591681e+02 2.138217677855475074e+02
2.725100212951206231e+02 2.135279810254282324e+02
2.734853659930125787e+02 2.132353329958701238e+02
2.744637910686979012e+02 2.129439489050328973e+02
2.754454244109300021e+02 2.126543349592128607e+02
2.764303859702242221e+02 2.123670699652269320e+02
2.774187899955707053e+02 2.120827481299899375e+02
2.784107034140167229e+02 2.118019543736195942e+02
2.794061990002963967e+02 2.115253025359836556e+02
2.804053423072541023e+02 2.112534635731664423e+02
2.814081382022750404e+02 2.109871049825970886e+02
2.824146085812146225e+02 2.107269024700089801e+02
2.834247562725233252e+02 2.104735399452821412e+02
2.844385350518384712e+02 2.102276847444214525e+02
2.854558951675903700e+02 2.099899822995426462e+02
2.864767746520489027e+02 2.097610794403739192e+02
2.875011011157781127e+02 2.095416286810261681e+02
2.885287481887158378e+02 2.093322756879537963e+02
2.895595995279653607e+02 2.091336129551505678e+02
2.905935236367626544e+02 2.089461492034774039e+02
2.916303714751477401e+02 2.087703861587627046e+02
2.926699808668867036e+02 2.086068257133041755e+02
2.937121834179391158e+02 2.084559693417069752e+02
2.947567817973423985e+02 2.083182291182095298e+02
2.958035897035602488e+02 2.081939082446972691e+02
2.968524148778894300e+02 2.080833033942508905e+02
2.979030547428683349e+02 2.079867108690561963e+02
2.989552997975940798e+02 2.079044233423983030e+02
3.000089407909435977e+02 2.078366470194321209e+02
3.010637776028976305e+02 2.077834974313357463e+02
3.021196068628372586e+02 2.077450862110870560e+02
3.031762027372150783e+02 2.077215198393729167e+02
3.042333636974685760e+02 2.077129058348992316e+02
3.052908847080599344e+02 2.077192902293234624e+02
3.063485828568014426e+02 2.077406701835428464e+02
3.074062630683545763e+02 2.077770405402096117e+02
3.084636848471826625e+02 2.078283827907302452e+02
3.095207149561229016e+02 2.078947032084619195e+02
3.105771270840238003e+02 2.079759663056693455e+02
3.116327386243219735e+02 2.080721275168870648e+02
3.126873804629348683e+02 2.081831482232655617e+02
3.137408615561820397e+02 2.083089864206273774e+02
3.147929740534271446e+02 2.084495957899513314e+02
3.158435993739106493e+02 2.086049764591147380e+02
3.168924829266750862e+02 2.087751031563136053e+02
3.179394576789488269e+02 2.089599736797781020e+02
3.189843437643272637e+02 2.091595872915054031e+02
3.200269477704471797e+02 2.093739493764828126e+02
3.210670605588659328e+02 2.096031213303170659e+02
3.221044616734753276e+02 2.098471932650566885e+02
3.231389251573710908e+02 2.101062567545901629e+02
3.241702192147642450e+02 2.103804045775788154e+02
3.251981382465598358e+02 2.106697205926651293e+02
3.262224742998620854e+02 2.109741303764710096e+02
3.272430188929994870e+02 2.112934907211041775e+02
3.282596974088442039e+02 2.116277189920809292e+02
3.292722210674291432e+02 2.119766518153705022e+02
3.302804846622318564e+02 2.123402130971236943e+02
3.312843090844220342e+02 2.127183869043425943e+02
3.322834170678486885e+02 2.131111429776652813e+02
3.332776295126068931e+02 2.135184968601354001e+02
3.342667202959219708e+02 2.139404533035616680e+02
3.352504679280949063e+02 2.143770330935476807e+02
3.362286328206477606e+02 2.148282852539819316e+02
3.372009042819925071e+02 2.152942350450441324e+02
3.381670949631550798e+02 2.157749808904977158e+02
3.391268459692539636e+02 2.162705429614059369e+02
3.400799509751852270e+02 2.167810280738793267e+02
3.410260550788459568e+02 2.173064635025484961e+02
3.419648642455535992e+02 2.178469129417417207e+02
3.428960613802739772e+02 2.184024409202159518e+02
3.438193472298887059e+02 2.189731409033813918e+02
3.447342987816841742e+02 2.195590215022896530e+02
3.456406435306462299e+02 2.201601448476885423e+02
3.465379876357307580e+02 2.207765045916632687e+02
3.474259971137401521e+02 2.214081493222244887e+02
3.483042723098545252e+02 2.220551042448134638e+02
3.491724090332801325e+02 2.227173708484570511e+02
3.500300204171443283e+02 2.233948939225476522e+02
3.508767367256889997e+02 2.240876407083104880e+02
3.517121375425492147e+02 2.247955630815873747e+02
3.525358151367474875e+02 2.255186495546719527e+02
3.533472892254199564e+02 2.262567985344360864e+02
3.541461985453690886e+02 2.270099378294815722e+02
3.549320544059081612e+02 2.277778958016494641e+02
3.557044631094087208e+02 2.285606169777954904e+02
3.564629077211586150e+02 2.293579629875399348e+02
3.572069314292299964e+02 2.301698287423229203e+02
3.579360562502513403e+02 2.309960342466343377e+02
3.586498231509866059e+02 2.318364522308095275e+02
3.593476785739922548e+02 2.326908813325014194e+02
3.600291225518496390e+02 2.335592205623515554e+02
3.606935884068770974e+02 2.344412967836705377e+02
3.613405110463401115e+02 2.353369144013520611e+02
3.619693429795586894e+02 2.362459493023391985e+02
3.625794442316458230e+02 2.371681847704544452e+02
3.631702034424167209e+02 2.381034808329190469e+02
3.637409552502545012e+02 2.390516446107180002e+02
3.642910503975033407e+02 2.400125516258989364e+02
3.648197523609152313e+02 2.409859302699699413e+02
3.653263839903086705e+02 2.419716341577897651e+02
3.658101995569675182e+02 2.429694385890113040e+02
3.662701431997509758e+02 2.439792723227065210e+02
3.667048604877595039e+02 2.450011858725114280e+02
3.671129344776600192e+02 2.460350237597496914e+02
3.674929756274084411e+02 2.470805944644820045e+02
3.678435885923784667e+02 2.481375409160464471e+02
3.681633765912018816e+02 2.492053662466915966e+02
3.684509759999959897e+02 2.502834305017511269e+02
3.687051117983740482e+02 2.513708700072960482e+02
3.689247818605596194e+02 2.524654187131937420e+02
3.691097128771245934e+02 2.535646091471851094e+02
3.692601327267929037e+02 2.546671908021110653e+02
3.693764139021977826e+02 2.557719577590768267e+02
3.694590652721835227e+02 2.568777481529242550e+02
3.695087148819030176e+02 2.579834583914436621e+02
3.695260905316719118e+02 2.590880530136006996e+02
3.695119944525843607e+02 2.601905711715616576e+02
3.694672720610734586e+02 2.612901723239359626e+02
3.693928243207030846e+02 2.623860255167481910e+02
3.692895593294729224e+02 2.634774547365498734e+02
3.691584040859019069e+02 2.645638038838189345e+02
3.690002923624447249e+02 2.656444859606846762e+02
3.688161407331946862e+02 2.667190026698101519e+02
3.686068400431651071e+02 2.677869171190994280e+02
3.683732526084189089e+02 2.688478384160641212e+02
3.681162234408212157e+02 2.699013966130775088e+02
3.678365776027836205e+02 2.709472667779760968e+02
3.675350607446286517e+02 2.719852377352122517e+02
3.672124427143763228e+02 2.730149987068063524e+02
3.668694136900023182e+02 2.740363626384979625e+02
3.665066189405884529e+02 2.750491575536415780e+02
3.661247323541145988e+02 2.760531476052418611e+02
3.657243212327978199e+02 2.770482387941644333e+02
3.653059662125107820e+02 2.780342536262418207e+02
3.648701937599433904e+02 2.790110633398089703e+02
3.644175255634624477e+02 2.799785145944646843e+02
3.639484035511674733e+02 2.809365428257226540e+02
3.634633144024259650e+02 2.818849831097880951e+02
3.629626655129703181e+02 2.828237530145802339e+02
3.624468613126401237e+02 2.837527340965154963e+02
3.619162481242088916e+02 2.846718485108968935e+02
3.613712294114446308e+02 2.855809328108657610e+02
3.608120947745878766e+02 2.864799395418106656e+02
3.602391769915248574e+02 2.873687332535281485e+02
3.596527672804526787e+02 2.882472093674895746e+02
3.590531340872487931e+02 2.891152598326094676e+02
3.584405541326204911e+02 2.899727424011729795e+02
3.578152253595025059e+02 2.908195743449984434e+02
3.571774119502019289e+02 2.916555835301143134e+02
3.565273012336774627e+02 2.924806662201928020e+02
3.558651748100442092e+02 2.932947425987538281e+02
3.551914550319207251e+02 2.940978601651676740e+02
3.545065647001853222e+02 2.948900883927132099e+02
3.538108936148731232e+02 2.956715147725067823e+02
3.531048272094729441e+02 2.964422175779628219e+02
3.523887327563055578e+02 2.972022741200358382e+02
3.516629546649587041e+02 2.979517596640421289e+02
3.509278081560123042e+02 2.986907621980984118e+02
3.501836084112936760e+02 2.994193587322444614e+02
3.494306587640497810e+02 3.001376288799527856e+02
3.486692497570953151e+02 3.008456529597452800e+02
3.478996592081890640e+02 3.015435110140414281e+02
3.471221352235212407e+02 3.022312954420389701e+02
3.463369505394657040e+02 3.029090732980415055e+02
3.455443408404668162e+02 3.035769346335544014e+02
3.447445594148008468e+02 3.042349540446065816e+02
3.439378125042795205e+02 3.048832344217234436e+02
3.431243492129075321e+02 3.055218429368761690e+02
3.423043816580388352e+02 3.061508710027727602e+02
3.414781180924723571e+02 3.067704058249917694e+02
3.406457684564193755e+02 3.073805368245384102e+02
3.398075404729218576e+02 3.079813587251450144e+02
3.389636243181234363e+02 3.085729712066443540e+02
3.381142268968568487e+02 3.091554607162439652e+02
3.372595412318175363e+02 3.097289227951393400e+02
3.363997363196351671e+02 3.102934709766687433e+02
3.355350230642079055e+02 3.108492019658709182e+02
3.346655698517515134e+02 3.113962339861232635e+02
3.337915723519431026e+02 3.119346683991784630e+02
3.329131759224551956e+02 3.124646272580806112e+02
3.320305894798423765e+02 3.129862139445667140e+02
3.311439731416859900e+02 3.134995651158204168e+02
3.302534980338384685e+02 3.140048057952246836e+02
3.293593256141750771e+02 3.145020620134616252e+02
3.284616281194515182e+02 3.149914566228127910e+02
3.275605648692346108e+02 3.154731289053326577e+02
3.266562975088514236e+02 3.159472201871342349e+02
3.257489834425268214e+02 3.164138717772035534e+02
3.248387744666232493e+02 3.168732252412395383e+02
3.239258160789888734e+02 3.173254225570856306e+02
3.230102625435524146e+02 3.177706111389080661e+02
3.220922566293114073e+02 3.182089447228879635e+02
3.211719388637422412e+02 3.186405757629491973e+02
3.202494409985965262e+02 3.190656557745412556e+02
3.193248968681967881e+02 3.194843355504693250e+02
3.183984390963155988e+02 3.198967711233509590e+02
3.174701839258787004e+02 3.203031169868432357e+02
3.165402551999701473e+02 3.207035271559486773e+02
3.156087690445357907e+02 3.210981587446576100e+02
3.146758262229859611e+02 3.214871551807158312e+02
3.137415149751109880e+02 3.218706285269920500e+02
3.128059005336805285e+02 3.222486695080947356e+02
3.118690576564316643e+02 3.226213785738437991e+02
3.109310496230276613e+02 3.229888451280819481e+02
3.099919409459304234e+02 3.233511640831823684e+02
3.090517892139790774e+02 3.237084205524209324e+02
3.081106485037635139e+02 3.240606925175088691e+02
3.071685698236804569e+02 3.244080687518131754e+02
3.062256047985812870e+02 3.247506241579233688e+02
3.052817978992367216e+02 3.250884371336416052e+02
3.043371887809167902e+02 3.254215817230039534e+02
3.033918181264899658e+02 3.257501211043131093e+02
3.024457207819921223e+02 3.260741199952187230e+02
3.014989266609179595e+02 3.263936496860644070e+02
3.005514693312806003e+02 3.267087702625877910e+02
2.996033774471094944e+02 3.270195303149614574e+02
2.986546678916330393e+02 3.273259881320852855e+02
2.977053635496594097e+02 3.276281958808060608e+02
2.967554853400194474e+02 3.279262028412330778e+02
2.958050528585417851e+02 3.282200511180737976e+02
2.948540740101925053e+02 3.285097849864594650e+02
2.939025584461598442e+02 3.287954465229069569e+02
2.929505180347951523e+02 3.290770725930130993e+02
2.919979598445057718e+02 3.293546997001170098e+02
2.910448949965909264e+02 3.296283546086790466e+02
2.900913111257453920e+02 3.298980786931504099e+02
2.891372164161582532e+02 3.301638985385874321e+02
2.881826039111402338e+02 3.304258473810568830e+02
2.872274030155017499e+02 3.306840220137935376e+02
2.862715664413931904e+02 3.309385410076340577e+02
2.853150895848456230e+02 3.311895138021361618e+02
2.843579833115235829e+02 3.314370387937009923e+02
2.834002496253511367e+02 3.316812146144014264e+02
2.824418960266303316e+02 3.319221314590237739e+02
2.814829070211288808e+02 3.321598942644027375e+02
2.805232839923720576e+02 3.323946020480968855e+02
2.795630241557835802e+02 3.326263515416416112e+02
2.786021286500827614e+02 3.328552312990892119e+02
2.776405731530281287e+02 3.330813417859843071e+02
2.766783502600488305e+02 3.333047803210686766e+02
2.757154539619932052e+02 3.335256432499338075e+02
2.747518738324577612e+02 3.337440232422929967e+02
2.737875748994649712e+02 3.339600252139419467e+02
2.728225508780363384e+02 3.341737388973865563e+02
2.718567883137824879e+02 3.343852560837352712e+02
2.708902418322867902e+02 3.345946901942762679e+02
2.699229066733521449e+02 3.348021331205246156e+02
2.689547467508557475e+02 3.350076838611754511e+02
2.679857214040297890e+02 3.352114308574429629e+02
2.670157911761673972e+02 3.354132965170043690e+02
2.660448536251286100e+02 3.356131275259743916e+02
2.650728726570391700e+02 3.358107354896358743e+02
2.640997481818545793e+02 3.360059598687387847e+02
2.631254511327289833e+02 3.361986056485997665e+02
2.621498943831381325e+02 3.363884949165283729e+02
2.611730425672583920e+02 3.365754234211227072e+02
2.601948365452136045e+02 3.367591924436565591e+02
2.592152266097908182e+02 3.369396017351582486e+02
2.582341794221848659e+02 3.371164373694144842e+02
2.572516481859540249e+02 3.372894788576891756e+02
2.562675971540986666e+02 3.374584976018514340e+02
2.552819985469749611e+02 3.376232587833678167e+02
2.542948261949661912e+02 3.377835245782201241e+02
2.533060595889414799e+02 3.379390506553651221e+02
2.523156795029415775e+02 3.380895817155677037e+02
2.513236747044514061e+02 3.382348544939257522e+02
2.503300393505096508e+02 3.383746015754385894e+02
2.493347725385452236e+02 3.385085522777120559e+02
2.483378795072323726e+02 3.386364293170971678e+02
2.473393698174668600e+02 3.387579485282290079e+02
2.463392601961600690e+02 3.388728210098204841e+02
2.453375737960060974e+02 3.389807538592370406e+02
2.443343397307178861e+02 3.390814485056301919e+02
2.433295930819099055e+02 3.391746015897339817e+02
2.423233789613568661e+02 3.392599161977313429e+02
2.413157420152553527e+02 3.393370768228741667e+02
2.403067462561553782e+02 3.394057820268401429e+02
2.392964465023044056e+02 3.394657078737707252e+02
2.382849236747231316e+02 3.395165455502859686e+02
2.372722525881902413e+02 3.395579830047013274e+02
2.362585195446426667e+02 3.395897054872727949e+02
2.352438179687555362e+02 3.396113927103269248e+02
2.342282572167025876e+02 3.396227265903314674e+02
2.332119464611445778e+02 3.396233858037890627e+02
2.321950023547239539e+02 3.396130533932662274e+02
2.311775602555305511e+02 3.395914157852986932e+02
2.301597588944365782e+02 3.395581542402371724e+02
2.291417440263796834e+02 3.395129429258840901e+02
2.281236698990752529e+02 3.394554533763226800e+02
2.271057192118807393e+02 3.393853750867874055e+02
2.260880596193652821e+02 3.393023834127985765e+02
2.250708817074716706e+02 3.392061498668312538e+02
2.240544009342476670e+02 3.390963498246721883e+02
2.230388262220092486e+02 3.389726501351240131e+02
2.220243888424744512e+02 3.388347215748320878e+02
2.210113348926273318e+02 3.386822318248306942e+02
2.199999138285024571e+02 3.385148357196640632e+02
2.189904202091595380e+02 3.383322016535165631e+02
2.179831034476283378e+02 3.381341182402122172e+02
2.169781975290385105e+02 3.379205720886614017e+02
2.159759108866518886e+02 3.376915403792095276e+02
2.149765039255093200e+02 3.374470164854687368e+02
2.139802024881026909e+02 3.371869680900383628e+02
2.129872505088514174e+02 3.369113471833305766e+02
2.119979114341463458e+02 3.366200935748184975e+02
2.110124653883963504e+02 3.363131456244120159e+02
2.100311597739712681e+02 3.359904022077767536e+02
2.090543150075298229e+02 3.356517860042173425e+02
2.080822214608382410e+02 3.352971852822234382e+02
2.071151985699759734e+02 3.349264788998762583e+02
2.061535780495023005e+02 3.345395315537426768e+02
2.051977086344213035e+02 3.341361944609145098e+02
2.042479736799818397e+02 3.337163212085253576e+02
2.033047517387098821e+02 3.332797364930285653e+02
2.023684543846396764e+02 3.328262557489510414e+02
2.014395247510538240e+02 3.323556899837752212e+02
2.005184302158242531e+02 3.318678423830430688e+02
1.996056346851984244e+02 3.313624720412479974e+02
1.987016978076070473e+02 3.308393869679300110e+02
1.978071492130635534e+02 3.302983415991723746e+02
1.969225835793600936e+02 3.297391035737009020e+02
1.960486143957429874e+02 3.291614150355879360e+02
1.951859316903717456e+02 3.285650571663620099e+02
1.943352147421126972e+02 3.279497616616004052e+02
1.934972222300896760e+02 3.273152927738186122e+02
1.926727552873464333e+02 3.266614271703619465e+02
1.918626543463046517e+02 3.259879514039184869e+02
1.910677893919328767e+02 3.252946368342020378e+02
1.902891135102146336e+02 3.245813243990928072e+02
1.895276006220462932e+02 3.238478594074850889e+02
1.887842767756152398e+02 3.230941290449504777e+02
1.880602183945346724e+02 3.223200886183482226e+02
1.873565161434261768e+02 3.215257087155335398e+02
1.866743111424166557e+02 3.207110457190583475e+02
1.860147666167470391e+02 3.198762368860145102e+02
1.853790508061573519e+02 3.190214920039441040e+02
1.847683361932810442e+02 3.181471310745746450e+02
1.841837651441624644e+02 3.172535223794691888e+02
1.836264749073202154e+02 3.163412162968645589e+02
1.830975215736505675e+02 3.154107737245114436e+02
1.825979249322274995e+02 3.144629672306149928e+02
1.821285867905424425e+02 3.134986090683543125e+02
