1.770575681881113326e+02 3.145372746514834148e+02
1.765820358518787714e+02 3.133769855800047139e+02
1.761518152664338288e+02 3.122023836821872464e+02
1.757669594252480749e+02 3.110169439513874181e+02
1.754269108350972317e+02 3.098231608616837320e+02
1.751309206220431918e+02 3.086235592023744516e+02
1.748779983603002393e+02 3.074202794191925250e+02
1.746670195933922116e+02 3.062153245997080262e+02
1.744967428374576173e+02 3.050105364885686754e+02
1.743658321403964919e+02 3.038075648912815154e+02
1.742728908438509450e+02 3.026077701370112436e+02
1.742165040537574612e+02 3.014124837667675365e+02
1.741952673229176867e+02 3.002227057735586868e+02
1.742077912762402434e+02 2.990394029025536042e+02
1.742526985749453559e+02 2.978634037154616863e+02
1.743286539863612461e+02 2.966953137091448980e+02
1.744343570695884864e+02 2.955357478598272678e+02
1.745685721568218014e+02 2.943851242747215338e+02
1.747301051436710395e+02 2.932438610052121248e+02
1.749178132633049643e+02 2.921122789696283917e+02
1.751306300152158144e+02 2.909905555394802832e+02
1.753675110523486751e+02 2.898789694583973642e+02
1.756274859862514575e+02 2.887776447832191593e+02
1.759096412997884897e+02 2.876866718261027813e+02
1.762131071338549191e+02 2.866061391712818249e+02
1.765370503064603724e+02 2.855361309754399031e+02
1.768806986137518322e+02 2.844766491262600425e+02
1.772433156443988196e+02 2.834276988927289267e+02
1.776241956219893723e+02 2.823892944280337360e+02
1.780226695848743930e+02 2.813614313789882999e+02
1.784381519061201686e+02 2.803439986215861381e+02
1.788699939870436140e+02 2.793370809683590323e+02
1.793176518508922754e+02 2.783405495501747851e+02
1.797805782915673660e+02 2.773543637874780643e+02
1.802582524241587123e+02 2.763784766325479154e+02
1.807501781835338761e+02 2.754128344961266635e+02
1.812559143200258518e+02 2.744573072824543942e+02
1.817749396847835897e+02 2.735119198548997019e+02
1.823068521060362741e+02 2.725765097160254982e+02
1.828512205425961099e+02 2.716510190770620170e+02
1.834076271752049649e+02 2.707353870970923708e+02
1.839756846793922307e+02 2.698294976867367723e+02
1.845549925536491003e+02 2.689332599430726987e+02
1.851451513125746544e+02 2.680465979545908226e+02
1.857458230579962049e+02 2.671693701893305501e+02
1.863566267445037283e+02 2.663015180469807888e+02
1.869772435237460400e+02 2.654428777401909088e+02
1.876072772138110736e+02 2.645933852239635939e+02
1.882464038677499332e+02 2.637528873597336201e+02
1.888942914689310157e+02 2.629212651835085239e+02
1.895506228231682542e+02 2.620983998868800313e+02
1.902151220722152516e+02 2.612841908470886096e+02
1.908875547740913987e+02 2.604785360887893830e+02
1.915676727839419868e+02 2.596813626133538833e+02
1.922552380893447435e+02 2.588925904623045540e+02
1.929500643320573943e+02 2.581120999225087189e+02
1.936518924129752293e+02 2.573398490890074299e+02
1.943605324159730117e+02 2.565757215641222047e+02
1.950757867126907286e+02 2.558196285048503853e+02
1.957974342643282171e+02 2.550715072296931680e+02
1.965252942150025035e+02 2.543312592274432120e+02
1.972591758727124898e+02 2.535988002467409501e+02
1.979988930786174137e+02 2.528740455043387385e+02
1.987442655135941436e+02 2.521569108664292003e+02
1.994951184880328299e+02 2.514473128775815098e+02
2.002512829960103033e+02 2.507451683747468678e+02
2.010126081809994787e+02 2.500503875688656876e+02
2.017789110230286553e+02 2.493629058421154525e+02
2.025500443655838012e+02 2.486826312912576782e+02
2.033258791849189038e+02 2.480094744143816570e+02
2.041062358548080908e+02 2.473433785464970640e+02
2.048910070710811624e+02 2.466842451157012590e+02
2.056800305812809881e+02 2.460320152790274051e+02
2.064732061741118230e+02 2.453865983350567603e+02
2.072703790257034200e+02 2.447479364513365852e+02
2.080714423138021516e+02 2.441159461024520567e+02
2.088762868942753244e+02 2.434905613795683053e+02
2.096847898974362465e+02 2.428717207181409208e+02
2.104968509678879514e+02 2.422593536539739887e+02
2.113123674542047468e+02 2.416533961851746142e+02
2.121312435071371567e+02 2.410537871880878242e+02
2.129533872406292687e+02 2.404604714490016875e+02
2.137787105206435285e+02 2.398733936219365432e+02
2.146071308531703323e+02 2.392924994631344191e+02
2.154385677377602235e+02 2.387177365787977408e+02
2.162729455631225903e+02 2.381490558551618619e+02
2.171101958425470286e+02 2.375864144059306682e+02
2.179502532779549426e+02 2.370297711774987306e+02
2.187930551357402180e+02 2.364790862462540133e+02
2.196385412443485450e+02 2.359343208338231364e+02
2.204866569892874111e+02 2.353954422455839506e+02
2.213373527961710465e+02 2.348624206184968273e+02
2.221905815709814362e+02 2.343352282743739181e+02
2.230462985891855681e+02 2.338138396858351484e+02
2.239044615011218013e+02 2.332982305181937477e+02
2.247650319966302845e+02 2.327883803709309234e+02
2.256279764014259399e+02 2.322842800530571878e+02
2.264932659251730911e+02 2.317859109209787789e+02
2.273608697663973430e+02 2.312932604778940799e+02
2.282307594291626742e+02 2.308063185174007685e+02
2.291029018430494659e+02 2.303250736054963852e+02
2.299772649840911640e+02 2.298494922813232790e+02
2.308538142487994378e+02 2.293795437445321284e+02
2.317325153389315346e+02 2.289152039188609251e+02
2.326133368294002821e+02 2.284564556045087045e+02
2.334962641544989594e+02 2.280032602369719541e+02
2.343812682521987369e+02 2.275556011111661689e+02
2.352683236209417714e+02 2.271134720055467540e+02
2.361574301116125127e+02 2.266768355360603664e+02
2.370485651912329956e+02 2.262456780600214188e+02
2.379417088531921252e+02 2.258199978835494619e+02
2.388368723988167801e+02 2.253997587839829464e+02
2.397340394135424049e+02 2.249849512389938866e+02
2.406331974023322857e+02 2.245755767918515744e+02
2.415343698263548049e+02 2.241715997500638480e+02
2.424375417568136015e+02 2.237730173514500507e+02
2.433427154167321760e+02 2.233798219131001304e+02
2.442499153846048898e+02 2.229919830229525530e+02
2.451591334119692078e+02 2.226095032987259685e+02
2.460703923028805207e+02 2.222323667602559567e+02
2.469837132507301476e+02 2.218605502956731073e+02
2.478990939632604409e+02 2.214940567266544917e+02
2.488165796664223706e+02 2.211328533506979852e+02
2.497361871243118685e+02 2.207769268121234916e+02
2.506580205976506193e+02 2.204261632829019959e+02
2.515821963561497228e+02 2.200803431413779947e+02
2.525086721139996371e+02 2.197393198928009781e+02
2.534374386120255167e+02 2.194029293574828614e+02
2.543684833012044635e+02 2.190710068811152382e+02
2.553017727178861946e+02 2.187434142396128038e+02
2.562373251107338774e+02 2.184199707131189143e+02
2.571751132488074063e+02 2.181005272036826454e+02
2.581151390404011750e+02 2.177849255083253865e+02
2.590574126772440309e+02 2.174729988546043558e+02
2.600019215288647274e+02 2.171646079897768118e+02
2.609486958035716953e+02 2.168595852683722001e+02
2.618977352134430703e+02 2.165577878661729017e+02
2.628490594630849273e+02 2.162590693584443216e+02
2.638026958009476743e+02 2.159632751421524119e+02
2.647586576632011770e+02 2.156702778115723902e+02
2.657169892992604900e+02 2.153799388365644916e+02
2.666777170716893579e+02 2.150921437336222652e+02
2.676408811450726830e+02 2.148067762347926362e+02
2.686065240223816772e+02 2.145237142576918359e+02
2.695746882120275814e+02 2.142428657109595349e+02
2.705454290261642996e+02 2.139641552795628741e+02
2.715188004485063402e+02 2.136875299370927337e+02
2.724948609197068095e+02 2.134129402020319617e+02
2.734736644288999514e+02 2.131403298336578302e+02
2.744552898961075016e+02 2.128697791195074558e+02
2.754398380938759487e+02 2.126016996534181089e+02
2.764274054474943796e+02 2.123365663326960942e+02
2.774180860995288640e+02 2.120748689682688735e+02
2.784119295743944917e+02 2.118170877019896636e+02
2.794089947241368463e+02 2.115637253357775762e+02
2.804093350022517939e+02 2.113153281795960652e+02
2.814129481985648908e+02 2.110724368897867578e+02
2.824198519192450476e+02 2.108356002338721567e+02
2.834300481314360241e+02 2.106053751406722654e+02
2.844434952235865239e+02 2.103823071499146806e+02
2.854601511183871025e+02 2.101669299034120684e+02
2.864799643465965460e+02 2.099597796668814169e+02
2.875028755943259853e+02 2.097613985693595851e+02
2.885287771706561557e+02 2.095723224101087681e+02
2.895575725789555008e+02 2.093930524746244828e+02
2.905891522557059830e+02 2.092240350159016486e+02
2.916233909792571808e+02 2.090657121075695670e+02
2.926601519602883172e+02 2.089185263901977692e+02
2.936992932252468904e+02 2.087829211346101772e+02
2.947406457603535728e+02 2.086592750645498029e+02
2.957840495116963666e+02 2.085478897192815282e+02
2.968293381176084722e+02 2.084490625518095896e+02
2.978763349349592318e+02 2.083630910403658163e+02
2.989248561511926141e+02 2.082902701652841984e+02
2.999747163228848876e+02 2.082308282748522572e+02
3.010257360106873534e+02 2.081849240953694391e+02
3.020777311358808674e+02 2.081527137066887008e+02
3.031304952070675540e+02 2.081343483993266830e+02
3.041838426816025844e+02 2.081299809303149857e+02
3.052375827133524808e+02 2.081397108976690902e+02
3.062915428759443444e+02 2.081635961754082587e+02
3.073455376196480415e+02 2.082016926997713426e+02
3.083993372545396596e+02 2.082540435210395628e+02
3.094528102741646762e+02 2.083207151622526681e+02
3.105057373168770027e+02 2.084017303070173739e+02
3.115579386755997575e+02 2.084970998867232481e+02
3.126092456768212173e+02 2.086068404544948010e+02
3.136594675231413021e+02 2.087309652759457776e+02
3.147083961910187782e+02 2.088694824016271525e+02
3.157559076174372308e+02 2.090224347627837744e+02
3.168017500721834949e+02 2.091898351673291643e+02
3.178457527988267657e+02 2.093717181362422082e+02
3.188877317942901755e+02 2.095681195871867430e+02
3.199274894399245568e+02 2.097790796588397768e+02
3.209648152065656177e+02 2.100046788814819934e+02
3.219994887080102899e+02 2.102450186384807296e+02
3.230312837563508879e+02 2.105002016527986370e+02
3.240599680085073828e+02 2.107703317820231632e+02
3.250853341692021559e+02 2.110555012069268344e+02
3.261071792000378764e+02 2.113556292789324971e+02
3.271253028209870877e+02 2.116705607788644272e+02
3.281396317889757483e+02 2.120001989183997466e+02
3.291498910477246795e+02 2.123443700645468368e+02
3.301559802062867561e+02 2.127029827557469446e+02
3.311577322849191773e+02 2.130759954468872195e+02
3.321548893213898737e+02 2.134633505649507583e+02
3.331472873589239612e+02 2.138650349765902092e+02
3.341347189572270509e+02 2.142810261158434457e+02
3.351169824741467096e+02 2.147113167657942654e+02
3.360938617048714150e+02 2.151559239653938675e+02
3.370650747790007813e+02 2.156148419108345990e+02
3.380304582195730063e+02 2.160881361416508639e+02
3.389896871531092870e+02 2.165757985450759975e+02
3.399425829045387104e+02 2.170779058421648813e+02
3.408888264904862240e+02 2.175944615050663629e+02
3.418281581797440367e+02 2.181255057157881083e+02
3.427602978278029013e+02 2.186710812981656034e+02
3.436849838600243743e+02 2.192312609740432379e+02
3.446018369534797898e+02 2.198060407192212438e+02
3.455106186746899652e+02 2.203954782253708800e+02
3.464109751729507707e+02 2.209995690448361643e+02
3.473026110644348137e+02 2.216183640243932302e+02
3.481851693704272748e+02 2.222518942154687522e+02
3.490582863434318028e+02 2.229001766914214215e+02
3.499216068666702881e+02 2.235631908936741183e+02
3.507747912651357183e+02 2.242409427341086712e+02
3.516174511718516555e+02 2.249334260391468092e+02
3.524492106213500620e+02 2.256406734374793928e+02
3.532696170030782241e+02 2.263626418526362727e+02
3.540783200943815245e+02 2.270993371972603825e+02
3.548748423031448738e+02 2.278506723676382251e+02
3.556587969464494563e+02 2.286166767319211601e+02
3.564296743410247359e+02 2.293973009116994604e+02
3.571870138266215804e+02 2.301925399032049313e+02
3.579303178477650249e+02 2.310023308575898966e+02
3.586591020366471980e+02 2.318266658711121693e+02
3.593727824931670511e+02 2.326654637174181914e+02
3.600708234624626130e+02 2.335187444334458178e+02
3.607526104882675213e+02 2.343864611171202341e+02
3.614175154908708123e+02 2.352685499460850167e+02
3.620649200699471635e+02 2.361650182032934424e+02
3.626941019679172200e+02 2.370757751749215174e+02
3.633043589311512278e+02 2.380008044678276633e+02
3.638949214917124664e+02 2.389400300351727253e+02
3.644650258260729743e+02 2.398934406468494558e+02
3.650138034812759997e+02 2.408608616308088699e+02
3.655404371343904018e+02 2.418422385322584773e+02
3.660440270048309799e+02 2.428374188809250711e+02
3.665233938274628827e+02 2.438463641631777250e+02
3.669770918679960232e+02 2.448691270490896272e+02
3.674036035060418612e+02 2.459055338724327271e+02
3.678014363199903869e+02 2.469553687880525104e+02
3.681690865889774500e+02 2.480182321723922598e+02
3.685050550704692114e+02 2.490935638262108114e+02
3.688078823448521462e+02 2.501806417015542365e+02
3.690761980148282646e+02 2.512784959092737154e+02
3.693088791736814755e+02 2.523845891381844240e+02
3.695055598133287731e+02 2.534961467666026067e+02
3.696664367889231357e+02 2.546117517856225732e+02
3.697918704990486276e+02 2.557300361284228529e+02
3.698823724040632897e+02 2.568496818586544350e+02
3.699385865406143807e+02 2.579694378306907083e+02
3.699612689453381904e+02 2.590881313444210150e+02
3.699512637942402193e+02 2.602046761027420985e+02
3.699094681726069780e+02 2.613181252701348853e+02
3.698368412598554755e+02 2.624275455272519366e+02
3.697343530788135126e+02 2.635321829259369224e+02
3.696029962348232516e+02 2.646313089336093753e+02
3.694437742860014851e+02 2.657242767237936505e+02
3.692576744235479396e+02 2.668105434809270378e+02
3.690456571467099138e+02 2.678896390675183170e+02
3.688086529870453205e+02 2.689611482825992539e+02
3.685475742839079771e+02 2.700246820618240235e+02
3.682633124024490598e+02 2.710799046025867369e+02
3.679566736533205358e+02 2.721266114219216661e+02
3.676284910880945063e+02 2.731644870098145930e+02
3.672795110840712596e+02 2.741933575347013630e+02
3.669104320372676966e+02 2.752130678516456328e+02
3.665219822673092835e+02 2.762233914569007425e+02
3.661147742451638010e+02 2.772242625753573861e+02
3.656894359222557682e+02 2.782155229186037673e+02
3.652465365430927022e+02 2.791970698805291704e+02
3.647866397243519714e+02 2.801687739228207761e+02
3.643102208247554472e+02 2.811306042044096785e+02
3.638178037719409872e+02 2.820824184188544450e+02
3.633098266787702642e+02 2.830241665687201476e+02
3.627867251041818122e+02 2.839557593670795086e+02
3.622488715164490145e+02 2.848771526756783032e+02
3.616966976543890837e+02 2.857882063816855407e+02
3.611305121983625099e+02 2.866889085052058022e+02
3.605506711859173947e+02 2.875791505781199362e+02
3.599574859261511506e+02 2.884588583629594041e+02
3.593512428633252966e+02 2.893279537187592609e+02
3.587322355935685891e+02 2.901863199255419090e+02
3.581006732711935570e+02 2.910339056848704899e+02
3.574568364663701345e+02 2.918705620678044284e+02
3.568009232294501771e+02 2.926962150280934338e+02
3.561332233885768233e+02 2.935108079533866885e+02
3.554541589411209088e+02 2.943144046946795243e+02
3.547641511895327540e+02 2.951070897348479889e+02
3.540635873050523514e+02 2.958889661627799796e+02
3.533528509585975712e+02 2.966601261227135637e+02
3.526323083614702227e+02 2.974206607595795617e+02
3.519023037810655410e+02 2.981706598103128840e+02
3.511631512966013133e+02 2.989102264952854284e+02
3.504151657904997137e+02 2.996394516187036174e+02
3.496586501824905895e+02 3.003584283152424632e+02
3.488938954287182810e+02 3.010672510915101157e+02
3.481211808879764362e+02 3.017660152431953406e+02
3.473407548286715496e+02 3.024548295947541305e+02
3.465528924120562237e+02 3.031337750264963233e+02
3.457578295197899365e+02 3.038029573602200912e+02
3.449558223637993137e+02 3.044624663123386767e+02
3.441470781785839677e+02 3.051124239323354459e+02
3.433318506967047483e+02 3.057529130186974839e+02
3.425103540162319860e+02 3.063840427932881880e+02
3.416827984436744146e+02 3.070059180156628713e+02
3.408493970058725608e+02 3.076186465175207445e+02
3.400103611164341260e+02 3.082223425504035959e+02
3.391658834184021885e+02 3.088171261746721257e+02
3.383161749039078927e+02 3.094031026214668714e+02
3.374614315443058672e+02 3.099803870436553552e+02
3.366018232954203881e+02 3.105491152029917998e+02
3.357375661921720393e+02 3.111094034390073375e+02
3.348688296162162601e+02 3.116613926886942636e+02
3.339958132452786117e+02 3.122052044585039425e+02
3.331186610520668978e+02 3.127409848312573786e+02
3.322375872327147022e+02 3.132688560863656448e+02
3.313527508904392676e+02 3.137889783436028779e+02
3.304643238087412556e+02 3.143014985930926173e+02
3.295724670191052610e+02 3.148065653743651637e+02
3.286773539690431107e+02 3.153043225674555288e+02
3.277791420489015195e+02 3.157949314883292686e+02
3.268779909444469922e+02 3.162785547502132886e+02
3.259740557557905163e+02 3.167553549431792703e+02
3.250674853517486440e+02 3.172254950921052910e+02
3.241584212635515883e+02 3.176891388400430287e+02
3.232470147385303676e+02 3.181464528160267378e+02
3.223334026320496264e+02 3.185976108937784943e+02
3.214177197784798068e+02 3.190427852627403809e+02
3.205000904730364368e+02 3.194821479927392147e+02
3.195806427341778999e+02 3.199158689934637891e+02
3.186595033787568241e+02 3.203441222083725393e+02
3.177367768307802294e+02 3.207670829552263285e+02
3.168125806860065836e+02 3.211849225320265191e+02
3.158870223911629864e+02 3.215978165124400903e+02
3.149601825134904516e+02 3.220059173041849476e+02
3.140321091762322681e+02 3.224092841998219683e+02
3.131028057906983122e+02 3.228079457279978897e+02
3.121723031857617343e+02 3.232019302518551171e+02
3.112406067379119463e+02 3.235912623018757017e+02
3.103077376791239317e+02 3.239759642782263995e+02
3.093737051574415773e+02 3.243560521912565378e+02
3.084385155443968642e+02 3.247315345133929441e+02
3.075021836753734874e+02 3.251024247015648143e+02
3.065647130213525315e+02 3.254687280768658297e+02
3.056261119873949497e+02 3.258304486914679501e+02
3.046863869610398865e+02 3.261875886130171125e+02
3.037455401830279129e+02 3.265401420457078530e+02
3.028035748519496906e+02 3.268881015235593281e+02
3.018604953674134208e+02 3.272314634713846431e+02
3.009163039247672486e+02 3.275702173810418572e+02
2.999710006231998136e+02 3.279043440937889500e+02
2.990245857945391776e+02 3.282338297681603194e+02
2.980770601653812264e+02 3.285586568990127034e+02
2.971284239615226852e+02 3.288788045333096761e+02
2.961786767331192323e+02 3.291942459121766547e+02
2.952278162109119535e+02 3.295049559848850436e+02
2.942758410413977117e+02 3.298109084228069037e+02
2.933227505215999145e+02 3.301120724003043279e+02
2.923685430160297187e+02 3.304084154434718243e+02
2.914132179547225974e+02 3.306998973327280851e+02
2.904567693290592842e+02 3.309864877772084242e+02
2.894991978282877199e+02 3.312681468982418096e+02
2.885405001079562908e+02 3.315448379645627028e+02
2.875806570785574650e+02 3.318165732145197921e+02
2.866196627089536833e+02 3.320833909746318682e+02
2.856575276972792494e+02 3.323453286954016903e+02
2.846942682194014651e+02 3.326024162109071654e+02
2.837298972551096199e+02 3.328546822624168726e+02
2.827644295928935776e+02 3.331021484760256044e+02
2.817978719912574661e+02 3.333448448575077236e+02
2.808302377167449890e+02 3.335827958147839922e+02
2.798615385474798245e+02 3.338160229893784958e+02
2.788917876966925178e+02 3.340445408565228149e+02
2.779209892458969762e+02 3.342683720266360297e+02
2.769491541503498411e+02 3.344875344113900724e+02
2.759762937656747681e+02 3.347020412000026681e+02
2.750024179135891700e+02 3.349119015034619906e+02
2.740275276668388642e+02 3.351171338414377487e+02
2.730516360822928164e+02 3.353177453257237630e+02
2.720747529707161902e+02 3.355137380891315502e+02
2.710968760657831353e+02 3.357051273658279342e+02
2.701180202622791171e+02 3.358919118954920009e+02
2.691381881921269610e+02 3.360740945223959670e+02
2.681573827028709616e+02 3.362516808077560881e+02
2.671756184895604065e+02 3.364246696071950282e+02
2.661928902398288415e+02 3.365930840163880475e+02
2.652092177882729516e+02 3.367569210702651503e+02
2.642245918017898703e+02 3.369162009979743857e+02
2.632390304019187397e+02 3.370709171055181059e+02
2.622525250001389736e+02 3.372210826384180109e+02
2.612650867976395830e+02 3.373666928471119490e+02
2.602767140446596841e+02 3.375077475392061501e+02
2.592874066599396201e+02 3.376442463519944113e+02
2.582971689149125041e+02 3.377761782058371978e+02
2.573059969741431701e+02 3.379035353708052867e+02
2.563138893412602215e+02 3.380263077270797680e+02
2.553208450906660119e+02 3.381444797775174607e+02
2.543268611034548883e+02 3.382580334437511169e+02
2.533319338529299500e+02 3.383669461939012422e+02
2.523360577240625275e+02 3.384711938551939738e+02
2.513392276206637064e+02 3.385707480707219474e+02
2.503414376599891398e+02 3.386655765813829362e+02
2.493426809899143848e+02 3.387556439924682650e+02
2.483429501163538191e+02 3.388409089756650019e+02
2.473422364514474907e+02 3.389213261449351080e+02
2.463405312363718451e+02 3.389968461089810603e+02
2.453378250954639554e+02 3.390674151916904293e+02
2.443341075845979162e+02 3.391329736350912754e+02
2.433293673494763993e+02 3.391934547745411237e+02
2.423235958726416470e+02 3.392487915988739360e+02
2.413167767294732187e+02 3.392988961996397848e+02
2.403089048739023781e+02 3.393436937467913026e+02
2.392999596522322179e+02 3.393830858152437600e+02
2.382899368028984384e+02 3.394169828051047944e+02
2.372788202534044046e+02 3.394452750022686018e+02
2.362665972961930834e+02 3.394678452890822768e+02
2.352532543275829369e+02 3.394845691472963267e+02
2.342387842876589161e+02 3.394953220725967071e+02
2.332231729894282921e+02 3.394999655726902006e+02
2.322064069387177483e+02 3.394983412607245441e+02
2.311884822263882597e+02 3.394902878244099043e+02
2.301693901841086358e+02 3.394756357579443034e+02
2.291491200621572659e+02 3.394542050048771671e+02
2.281276611351024428e+02 3.394257983660872924e+02
2.271050241593385692e+02 3.393902099872805138e+02
2.260811963559960702e+02 3.393472127128176794e+02
2.250561774219330289e+02 3.392965706213147428e+02
2.240299822960458016e+02 3.392380463031463478e+02
2.230026097563136318e+02 3.391713759214279094e+02
2.219740740906348435e+02 3.390962727111931940e+02
2.209443940685510768e+02 3.390124379589611294e+02
2.199135779785137288e+02 3.389195520871862755e+02
2.188816733474845080e+02 3.388172974464770277e+02
2.178487150843845939e+02 3.387052503298095303e+02
2.168147988940372954e+02 3.385828701350060896e+02
2.157800014986714814e+02 3.384495760620864644e+02
2.147444773241321627e+02 3.383048024476685782e+02
2.137083439340794939e+02 3.381479502724972690e+02
2.126717446135724288e+02 3.379784183813932827e+02
2.116348505087813407e+02 3.377956107963503314e+02
2.105978655203333574e+02 3.375989274066023427e+02
2.095609457486196732e+02 3.373877140914648862e+02
2.085243684841572360e+02 3.371613471125891692e+02
2.074883590901945070e+02 3.369191771777424265e+02
2.064531833687619269e+02 3.366605643801001975e+02
2.054191280998275033e+02 3.363848467142554455e+02
2.043865089212943644e+02 3.360913399980374265e+02
2.033557062579932619e+02 3.357793628307943550e+02
2.023270750737276558e+02 3.354482147594313233e+02
2.013010160167498270e+02 3.350972025262337297e+02
2.002779861035868407e+02 3.347256234478603574e+02
1.992584856976223762e+02 3.343327581818227827e+02
1.982429842521141552e+02 3.339178115468363899e+02
1.972321446311046316e+02 3.334801009590258900e+02
1.962265311433476427e+02 3.330188556087795746e+02
1.952268375624128680e+02 3.325333290514296323e+02
1.942337730911581843e+02 3.320227208406383284e+02
1.932482216839036653e+02 3.314863059694750405e+02
1.922709894547058127e+02 3.309232679565587887e+02
1.913030509788955271e+02 3.303328665361316325e+02
1.903454691887835679e+02 3.297143760477563319e+02
1.893993866430536741e+02 3.290670791408179525e+02
1.884659786821249270e+02 3.283902130435633353e+02
1.875466321912269620e+02 3.276831763826137376e+02
1.866427609165043293e+02 3.269453579919463664e+02
1.857559097240738026e+02 3.261762276135489742e+02
1.848877779878899332e+02 3.253753971713347255e+02
1.840400883706631987e+02 3.245424833130889510e+02
1.832147290538131017e+02 3.236773007342497408e+02
1.824136920547604745e+02 3.227798388511100143e+02
1.816390295623014595e+02 3.218502372313670321e+02
1.808928909590703711e+02 3.208888933597223172e+02
1.801773859984774049e+02 3.198962866934368208e+02
1.794947726733136051e+02 3.188733756094985097e+02
1.788471286454451672e+02 3.178210835223361528e+02
1.782366392901548124e+02 3.167409232275044246e+02
1.776652706667789516e+02 3.156344626341903563e+02
