1.832340235193811111e+02 3.118459791690699490e+02
1.827844336200063822e+02 3.109329852000470851e+02
1.823601156702885646e+02 3.100043418204069781e+02
1.819613759766572230e+02 3.090608028758990145e+02
1.815884383188778486e+02 3.081031465233898530e+02
1.812414416663256986e+02 3.071322298241604472e+02
1.809204604518520227e+02 3.061489303581021773e+02
1.806255080352325422e+02 3.051541580617098930e+02
1.803565365965065439e+02 3.041488450854495795e+02
1.801134417826837364e+02 3.031339319966514836e+02
1.798960814095918579e+02 3.021103371497605394e+02
1.797042689608041997e+02 3.010789967094208350e+02
1.795378021337061227e+02 3.000407964476012239e+02
1.793964517656858391e+02 2.989966259810585143e+02
1.792799642164769693e+02 2.979473534344988934e+02
1.791880823604261650e+02 2.968937939054929416e+02
1.791205231493659937e+02 2.958367669340644284e+02
1.790769870914666342e+02 2.947770318513078678e+02
1.790571660459218606e+02 2.937153434185428296e+02
1.790607542223951043e+02 2.926524203694955304e+02
1.790874676493522486e+02 2.915889223608193674e+02
1.791369898179350173e+02 2.905255380191117638e+02
1.792089872777824837e+02 2.894628810184387362e+02
1.793031399745611623e+02 2.884015375897220679e+02
1.794191384390365727e+02 2.873420822533327055e+02
1.795566790084188540e+02 2.862850787984321528e+02
1.797154561477845220e+02 2.852310345352849481e+02
1.798951380181488560e+02 2.841804357615033041e+02
1.800953987328276753e+02 2.831337608365618621e+02
1.803159259394947753e+02 2.820914674858652802e+02
1.805564569574766836e+02 2.810539382905370189e+02
1.808166563649920704e+02 2.800216584811226994e+02
1.810962302957964027e+02 2.789949621035418090e+02
1.813948770048734218e+02 2.779742269456452277e+02
1.817123070568105447e+02 2.769598175832508105e+02
1.820482429406751237e+02 2.759520858174137175e+02
1.824024460220922492e+02 2.749513177300881921e+02
1.827746067382247190e+02 2.739579089685788631e+02
1.831645062412546565e+02 2.729721047625747588e+02
1.835718979562652180e+02 2.719942249656951390e+02
1.839965409487146815e+02 2.710245838989376352e+02
1.844382433379044812e+02 2.700634579554649122e+02
1.848968192943985969e+02 2.691111535848239100e+02
1.853720764213701386e+02 2.681679907043408093e+02
1.858638732882648412e+02 2.672342266681181400e+02
1.863720249212833835e+02 2.663101990935099934e+02
1.868964669936590610e+02 2.653961811727703548e+02
1.874370955040008084e+02 2.644925759612746106e+02
1.879938694718440786e+02 2.635997020617170961e+02
1.885667293408331773e+02 2.627179170500399437e+02
1.891555929101611753e+02 2.618475663542580492e+02
1.897601395133191886e+02 2.609888419376662796e+02
1.903799334937738763e+02 2.601418220397417826e+02
1.910145225290626740e+02 2.593066040281862570e+02
1.916634659577532034e+02 2.584832664153742599e+02
1.923263855117246521e+02 2.576718291977126114e+02
1.930028396743778671e+02 2.568724117729478849e+02
1.936924778006723500e+02 2.560850411191663056e+02
1.943949393488032342e+02 2.553097682254725953e+02
1.951098350081434774e+02 2.545466707791218539e+02
1.958368200159949311e+02 2.537957706943304572e+02
1.965755141641019463e+02 2.530570829870168268e+02
1.973255340092284484e+02 2.523306076828256153e+02
1.980865034176402446e+02 2.516163383425742950e+02
1.988580533321108703e+02 2.509142624781454458e+02
1.996398105484813073e+02 2.502243517414933365e+02
2.004313673641227069e+02 2.495465114573183030e+02
2.012322599116567403e+02 2.488806587595994984e+02
2.020420729196195850e+02 2.482266647511482915e+02
2.028604148338681910e+02 2.475843932239281742e+02
2.036868173400334570e+02 2.469537321534865271e+02
2.045208369595341935e+02 2.463344367282962537e+02
2.053619497925695327e+02 2.457262907178590865e+02
2.062097137468012420e+02 2.451290223777584174e+02
2.070636272406596277e+02 2.445423954308769510e+02
2.079232375576928860e+02 2.439661135189656420e+02
2.087880433003577139e+02 2.433998395123880982e+02
2.096575273936406347e+02 2.428432194319570385e+02
2.105312073780054902e+02 2.422958770938065811e+02
2.114086077439972939e+02 2.417574326646610814e+02
2.122892649005212888e+02 2.412274931889019172e+02
2.131727169931549213e+02 2.407056455856076695e+02
2.140585154352126267e+02 2.401914628973917445e+02
2.149462280921076456e+02 2.396845092824362382e+02
2.158354370695530804e+02 2.391843399839504514e+02
2.167257515576474134e+02 2.386905152667589505e+02
2.176168219783425002e+02 2.382026187829228832e+02
2.185083161925340107e+02 2.377202307947623581e+02
2.193999160578154886e+02 2.372429240807444444e+02
2.202913179047480980e+02 2.367702643745852527e+02
2.211822541037835492e+02 2.363018437087420125e+02
2.220725155837833427e+02 2.358372950573945275e+02
2.229619068728869422e+02 2.353762549731987122e+02
2.238502441852915297e+02 2.349183568301073137e+02
2.247373575418264409e+02 2.344632294061967457e+02
2.256231126789379573e+02 2.340105297877794044e+02
2.265074152928257547e+02 2.335599711202671642e+02
2.273902024345224504e+02 2.331112465551086927e+02
2.282714067129845716e+02 2.326640597470248224e+02
2.291509751123018646e+02 2.322181176747901930e+02
2.300289600465169997e+02 2.317732926018439059e+02
2.309055665791891840e+02 2.313296338143510411e+02
2.317809930951706008e+02 2.308872174164755222e+02
2.326554273421142796e+02 2.304461356498580926e+02
2.335290523060729129e+02 2.300064934703782455e+02
2.344020812579473727e+02 2.295683422412809875e+02
2.352746650633441732e+02 2.291317582775281778e+02
2.361469514116629966e+02 2.286968327441879296e+02
2.370191511363157417e+02 2.282636068384080090e+02
2.378914101754303374e+02 2.278321699699412477e+02
2.387638568276251476e+02 2.274026049288976594e+02
2.396366821570777574e+02 2.269749189930976740e+02
2.405100054631231501e+02 2.265491706668189238e+02
2.413839461714276808e+02 2.261254329185879328e+02
2.422587029918578025e+02 2.257037202289684217e+02
2.431343723536801633e+02 2.252840831352226871e+02
2.440110748449181131e+02 2.248665439140379476e+02
2.448889776493981856e+02 2.244510929791394744e+02
2.457681729434940792e+02 2.240377748693726687e+02
2.466488132704098177e+02 2.236266024992141865e+02
2.475310397389505681e+02 2.232175668794987473e+02
2.484149376353417153e+02 2.228106875075483231e+02
2.493006853206783546e+02 2.224059321153779933e+02
2.501884029298579719e+02 2.220033021149018850e+02
2.510783830946611488e+02 2.216026693555355678e+02
2.519709492988274633e+02 2.212037934146624423e+02
2.528661257391920572e+02 2.208065579898092778e+02
2.537639919308808487e+02 2.204108222787393743e+02
2.546646164490275623e+02 2.200164488427883214e+02
2.555680254866072971e+02 2.196233370035836003e+02
2.564743369706349654e+02 2.192313497505809323e+02
2.573835869161343339e+02 2.188404007771667352e+02
2.582958547047076081e+02 2.184503910358386634e+02
2.592112279209952703e+02 2.180612137893044178e+02
2.601297542833358989e+02 2.176728043361229084e+02
2.610515545109490745e+02 2.172851114135512489e+02
2.619766993301478237e+02 2.168981301282513527e+02
2.629052825125417030e+02 2.165118515585724595e+02
2.638374011476896044e+02 2.161262599879956383e+02
2.647731319080859862e+02 2.157413874239396705e+02
2.657125973506167043e+02 2.153573315075522885e+02
2.666558941576924440e+02 2.149742368165011897e+02
2.676031259359803585e+02 2.145922474453075495e+02
2.685543873509024593e+02 2.142115036081395374e+02
2.695097760275896235e+02 2.138322035541553987e+02
2.704693961254108103e+02 2.134546616938856403e+02
2.714333518658386311e+02 2.130792351550633441e+02
2.724017362675852496e+02 2.127062864176665471e+02
2.733746162709281293e+02 2.123361733868714225e+02
2.743520911813974976e+02 2.119694060880042059e+02
2.753342550487213884e+02 2.116068768006014693e+02
2.763211925040161532e+02 2.112495487550606867e+02
2.773129845028284421e+02 2.108983991086900573e+02
2.783096216128267884e+02 2.105543980854395727e+02
2.793111133930180472e+02 2.102185013423692226e+02
2.803174505264220215e+02 2.098916289144314646e+02
2.813285228207602700e+02 2.095746855259313008e+02
2.823442623741534589e+02 2.092685804317360692e+02
2.833645740051830444e+02 2.089742291917912951e+02
2.843892858679840856e+02 2.086924501471146414e+02
2.854182273914387338e+02 2.084238874240446933e+02
2.864512200203755015e+02 2.081691680438535457e+02
2.874880797147826570e+02 2.079289228829247236e+02
2.885285515721291176e+02 2.077037730172938268e+02
2.895724078869093887e+02 2.074942059086160953e+02
2.906194110700302531e+02 2.073005021340890437e+02
2.916693118658830599e+02 2.071229232820426489e+02
2.927218559384764944e+02 2.069617297134030878e+02
2.937767933072613573e+02 2.068171793206726932e+02
2.948338470090960755e+02 2.066894042654490704e+02
2.958927686320556631e+02 2.065783822135014987e+02
2.969533142706137596e+02 2.064840807810369938e+02
2.980152387054137080e+02 2.064064667600885343e+02
2.990782998971246798e+02 2.063455037244038692e+02
3.001422647281137301e+02 2.063010848934941066e+02
3.012069185054317586e+02 2.062730302912282525e+02
3.022720514613279761e+02 2.062611571090206724e+02
3.033374349268348169e+02 2.062652772368062131e+02
3.044028801244935494e+02 2.062852073368049162e+02
3.054681952706125116e+02 2.063207492249533743e+02
3.065332159859084413e+02 2.063716979629101900e+02
3.075977681954764762e+02 2.064378480347332072e+02
3.086616286959011290e+02 2.065189799095196008e+02
3.097247096397101700e+02 2.066149067170884734e+02
3.107868069167389535e+02 2.067254492057153925e+02
3.118477661202308582e+02 2.068504589719569822e+02
3.129074514137171263e+02 2.069897955975846742e+02
3.139657037946674905e+02 2.071433153403425820e+02
3.150223469827050735e+02 2.073108743876570657e+02
3.160773037018013838e+02 2.074924224836341011e+02
3.171303340314591992e+02 2.076879063788934729e+02
3.181813011981296881e+02 2.078972998016961355e+02
3.192300543750058637e+02 2.081205781520035600e+02
3.202764272239463139e+02 2.083577280010864854e+02
3.213202281083685534e+02 2.086088331898241393e+02
3.223612480818352992e+02 2.088740269994049470e+02
3.233992713563932853e+02 2.091534443989287979e+02
3.244340749984557988e+02 2.094472216074840389e+02
3.254654616991839475e+02 2.097554964956684955e+02
3.264932052656307633e+02 2.100783111572621067e+02
3.275170643803721191e+02 2.104156637091591904e+02
3.285369436972464428e+02 2.107676170146006029e+02
3.295525011421404997e+02 2.111341431768458108e+02
3.305635957270371819e+02 2.115153100560858093e+02
3.315699959530757042e+02 2.119112558572263367e+02
3.325713538047253337e+02 2.123221032085856450e+02
3.335674253446927082e+02 2.127480223899057421e+02
3.345579079784495207e+02 2.131891684384176813e+02
3.355424973584127315e+02 2.136457124328816235e+02
3.365208591935569302e+02 2.141178609786542211e+02
3.374925721687258147e+02 2.146057931015954239e+02
3.384573447305400009e+02 2.151097627623447579e+02
3.394146875493275388e+02 2.156299333965260132e+02
3.403642734196058655e+02 2.161665547659566471e+02
3.413056068380117836e+02 2.167197756323137412e+02
3.422382523939428438e+02 2.172897762689822798e+02
3.431617411390585630e+02 2.178767305250885613e+02
3.440756150097259365e+02 2.184808351692610700e+02
3.449792798371735216e+02 2.191021726930110276e+02
3.458723194817715694e+02 2.197408320654892862e+02
3.467541835856644070e+02 2.203968124709485608e+02
3.476243795108788390e+02 2.210701621934946388e+02
3.484823368675752135e+02 2.217608938814327928e+02
3.493274942334779780e+02 2.224689497781937462e+02
3.501593538746337799e+02 2.231941217029716427e+02
3.509774417700140248e+02 2.239362039771471302e+02
3.517812297614863724e+02 2.246949651013623281e+02
3.525702015360666337e+02 2.254701998642437957e+02
3.533438013266698476e+02 2.262615514662581973e+02
3.541016661212912595e+02 2.270685892939786754e+02
3.548433225725705711e+02 2.278907669917001897e+02
3.555684005602014395e+02 2.287276472811971644e+02
3.562764205985502599e+02 2.295787053934085691e+02
3.569670078345215529e+02 2.304434030005275247e+02
3.576398409735645600e+02 2.313210641414233066e+02
3.582946419384589376e+02 2.322110587547708747e+02
3.589310716301314983e+02 2.331126941524960046e+02
3.595488628673331277e+02 2.340253747209293067e+02
3.601477267009851744e+02 2.349484407166140727e+02
3.607274210969982846e+02 2.358812149371440796e+02
3.612877495394035350e+02 2.368230970894284155e+02
3.618284783084858418e+02 2.377734335698374935e+02
3.623494315211388539e+02 2.387316614481203487e+02
3.628504055287517076e+02 2.396972298261929382e+02
3.633312132185866972e+02 2.406696969886021975e+02
3.637916499275992237e+02 2.416485565511993059e+02
3.642315884681059401e+02 2.426334406079213579e+02
3.646508839874377941e+02 2.436239917839747022e+02
3.650489397972895631e+02 2.446201706221416998e+02
3.654247112185794890e+02 2.456221833715700598e+02
3.657771180274272638e+02 2.466301154438541516e+02
3.661050989169036143e+02 2.476440302734953320e+02
3.664075956108491710e+02 2.486638929068808750e+02
3.666835234686873832e+02 2.496895968058065591e+02
3.669318001640922944e+02 2.507209521757453672e+02
3.671514167293518653e+02 2.517576296718668800e+02
3.673417286161252377e+02 2.527985570002719840e+02
3.675026882892282174e+02 2.538425467005156122e+02
3.676345055727344970e+02 2.548890029349395832e+02
3.677374705209729768e+02 2.559373352729044484e+02
3.678119557747747876e+02 2.569869555259338085e+02
3.678584062811676176e+02 2.580372843451413019e+02
3.678773271385077237e+02 2.590877562410930182e+02
3.678692625911960477e+02 2.601378230790921293e+02
3.678347761141678802e+02 2.611869758683732812e+02
3.677744703091116207e+02 2.622346932822431427e+02
3.676889491473526732e+02 2.632805129015717966e+02
3.675788303012352571e+02 2.643239678740281420e+02
3.674447339840535847e+02 2.653646116671013147e+02
3.672872687154901996e+02 2.664020298370404021e+02
3.671070273112390510e+02 2.674358285110155862e+02
3.669045852566653139e+02 2.684656281338022268e+02
3.666805097291882589e+02 2.694910517347792620e+02
3.664353573349724797e+02 2.705117391194198149e+02
3.661696290513294798e+02 2.715273862120450303e+02
3.658838464230017848e+02 2.725376272819268024e+02
3.655784785059191790e+02 2.735421623871392285e+02
3.652539633365349232e+02 2.745406966962665933e+02
3.649107686087797902e+02 2.755328961038179045e+02
3.645492879255260164e+02 2.765185110184190762e+02
3.641699246645695212e+02 2.774972374232513062e+02
3.637730447271914045e+02 2.784687999953946473e+02
3.633590157094641313e+02 2.794329073129810581e+02
3.629281567116821634e+02 2.803893315046371981e+02
3.624808237833291287e+02 2.813377781560781159e+02
3.620173142706377689e+02 2.822780087866798340e+02
3.615379232126809370e+02 2.832097595041558407e+02
3.610429047086320224e+02 2.841327973055837788e+02
3.605325719289991184e+02 2.850468360599550692e+02
3.600071507289420083e+02 2.859516759787944125e+02
3.594669003727564132e+02 2.868470529689790283e+02
3.589120478472452760e+02 2.877327264955798682e+02
3.583428056580117413e+02 2.886084565239464723e+02
3.577594035170065467e+02 2.894739844008107070e+02
3.571620072163181021e+02 2.903290991510198182e+02
3.565508373620497764e+02 2.911735210018798057e+02
3.559260516278156956e+02 2.920070250736605999e+02
3.552879368434039407e+02 2.928294496035346128e+02
3.546369961048806090e+02 2.936408245319519210e+02
3.539737396889465799e+02 2.944412149178088498e+02
3.532986445349541214e+02 2.952307072694957242e+02
3.526121787210664706e+02 2.960093867883259122e+02
3.519147866634091315e+02 2.967773403731502526e+02
3.512068831183386806e+02 2.975346529293738058e+02
3.504888529745076653e+02 2.982814237735136089e+02
3.497610771442197688e+02 2.990177471467774239e+02
3.490239226933851455e+02 2.997437232876771986e+02
3.482777402861882479e+02 3.004594547005291929e+02
3.475228637572597563e+02 3.011650443039739002e+02
3.467595974281433655e+02 3.018606078321089399e+02
3.459882643354081893e+02 3.025462423574733180e+02
3.452091521824210645e+02 3.032220668500301599e+02
3.444225604930339841e+02 3.038881885315539648e+02
3.436287433137631524e+02 3.045447392683489625e+02
3.428279900548012620e+02 3.051918224779428215e+02
3.420205552343379622e+02 3.058295642216567671e+02
3.412066874446467750e+02 3.064580884671738090e+02
3.403866341271751708e+02 3.070775223614721199e+02
3.395606382518705573e+02 3.076879988350303279e+02
3.387289248730606346e+02 3.082896562140113019e+02
3.378917320069162997e+02 3.088826228742081526e+02
3.370492834520078986e+02 3.094670364572422727e+02
3.362017788049801652e+02 3.100430506045384504e+02
3.353494531818827795e+02 3.106108055451376799e+02
3.344925015921539853e+02 3.111704610433476432e+02
3.336311419290735216e+02 3.117221633827234086e+02
3.327655444057528484e+02 3.122660771841295855e+02
3.318959345083477501e+02 3.128023512261603400e+02
3.310224911759636939e+02 3.133311636073886461e+02
3.301454015052183308e+02 3.138526827375439439e+02
3.292648420247826380e+02 3.143670785243095906e+02
3.283809976544563369e+02 3.148745187285110774e+02
3.274940383346818180e+02 3.153751845056037837e+02
3.266041338140518064e+02 3.158692583161451353e+02
3.257114484583800618e+02 3.163569231235222787e+02
3.248161399422378963e+02 3.168383626218880522e+02
3.239183582235865515e+02 3.173137609793316187e+02
3.230182588676430555e+02 3.177833052212471898e+02
3.221159842316970980e+02 3.182471875975735998e+02
3.212116733337540495e+02 3.187055994501015448e+02
3.203054550764998112e+02 3.191587316830720056e+02
3.193974594876452784e+02 3.196067742725310836e+02
3.184878137268347587e+02 3.200499205222739647e+02
3.175766253891353585e+02 3.204883627892183426e+02
3.166640105528506410e+02 3.209222920446435978e+02
3.157500760592290021e+02 3.213519028537202757e+02
3.148348992647348723e+02 3.217773582522848415e+02
3.139185010816146360e+02 3.221986962238435694e+02
3.130008590269489446e+02 3.226159100556294561e+02
3.120819725133821976e+02 3.230289957207453426e+02
3.111618217649357234e+02 3.234379419016144652e+02
3.102403998756749957e+02 3.238427372106019675e+02
3.093176916624584578e+02 3.242433640430317041e+02
3.083936799407075000e+02 3.246397973085566946e+02
3.074683552950837679e+02 3.250320171420303836e+02
3.065416995484100084e+02 3.254199941801367686e+02
3.056136991994304708e+02 3.258036986035357927e+02
3.046843407060034679e+02 3.261830999142041492e+02
3.037536073502998875e+02 3.265581596698983162e+02
3.028214837800448436e+02 3.269288375047473210e+02
3.018879569296684053e+02 3.272950963992634001e+02
3.009530121644083920e+02 3.276568928439143633e+02
3.000166337271801353e+02 3.280141761223401318e+02
2.990788079885383013e+02 3.283669002817121623e+02
2.981395217057112177e+02 3.287150156764564031e+02
2.971987616546294362e+02 3.290584689649530219e+02
2.962565143729407851e+02 3.293972014208018209e+02
2.953127670551442634e+02 3.297311563345085119e+02
2.943675081704211038e+02 3.300602757337504158e+02
2.934207267239737007e+02 3.303844971729146778e+02
2.924724119098750066e+02 3.307037561310685874e+02
2.915225533033557781e+02 3.310179809458253999e+02
2.905711405552827387e+02 3.313271086209812211e+02
2.896181662446582550e+02 3.316310679605555265e+02
2.886636224778176256e+02 3.319297897291229447e+02
2.877075030977384245e+02 3.322232482576547454e+02
2.867498142182869287e+02 3.325114448351604324e+02
2.857905708343878928e+02 3.327943827981245590e+02
2.848297898422768526e+02 3.330720591688345849e+02
2.838674870523703362e+02 3.333444694206037298e+02
2.829036784603607657e+02 3.336116025310353734e+02
2.819383785714166493e+02 3.338734539768865375e+02
2.809716042845005290e+02 3.341300146992207942e+02
2.800033719884429502e+02 3.343812727721086162e+02
2.790336980045212840e+02 3.346272096437556911e+02
2.780625972160149217e+02 3.348678131682895582e+02
2.770900868298272144e+02 3.351030673083753300e+02
2.761161838506019990e+02 3.353329510796323802e+02
2.751409046812024144e+02 3.355574393450451680e+02
2.741642652939916047e+02 3.357765148096729604e+02
2.731862840980298301e+02 3.359901510189066585e+02
2.722069781173705678e+02 3.361983155832971306e+02
2.712263641118250348e+02 3.364009866005906702e+02
2.702444610729375540e+02 3.365981287843464997e+02
2.692612865222137088e+02 3.367897091112978956e+02
2.682768589103764043e+02 3.369756944308626885e+02
2.672911924274778812e+02 3.371560112549751693e+02
2.663043001860604022e+02 3.373305833176749502e+02
2.653161961495819128e+02 3.374993119572294518e+02
2.643268975183448219e+02 3.376621171370010757e+02
2.633364209861777567e+02 3.378188962310326815e+02
2.623447878599390606e+02 3.379695622490917231e+02
2.613520186554522411e+02 3.381140131402660813e+02
2.603581372967868219e+02 3.382521497338063341e+02
2.593631700974551677e+02 3.383838731365179342e+02
2.583671430301111513e+02 3.385090747460383795e+02
2.573700866735556474e+02 3.386276489832545735e+02
2.563720332682913181e+02 3.387394887736699047e+02
2.553730161931471798e+02 3.388444821797229451e+02
2.543730716201264670e+02 3.389425148696673773e+02
2.533722375756166514e+02 3.390334688486796608e+02
2.523705560997456701e+02 3.391172266408794371e+02
2.513680707476598286e+02 3.391936679759336926e+02
2.503648274609893747e+02 3.392626692903784829e+02
2.493608752160444340e+02 3.393241045321212823e+02
2.483562648083484703e+02 3.393778432192235073e+02
2.473510521005097189e+02 3.394237550365298262e+02
2.463452952538376621e+02 3.394617076712899006e+02
2.453390550413783444e+02 3.394915655368401417e+02
2.443323945311440468e+02 3.395131880491634320e+02
2.433253805750887864e+02 3.395264303826589298e+02
2.423180902630281253e+02 3.395311544942630348e+02
2.413105894683413908e+02 3.395272041537099881e+02
2.403029686260390179e+02 3.395144379280118869e+02
2.392952991062739727e+02 3.394926922678125720e+02
2.382876793417640329e+02 3.394618168926884891e+02
2.372801968670103747e+02 3.394216508733596811e+02
2.362729486368498328e+02 3.393720295628402823e+02
2.352660361255998396e+02 3.393127832713995531e+02
2.342595714006329786e+02 3.392437447711280356e+02
2.332536657540648548e+02 3.391647395826794877e+02
2.322484368701974233e+02 3.390755864216844770e+02
2.312440146760562811e+02 3.389761055883231506e+02
2.302405317306039194e+02 3.388661127714444774e+02
2.292381263603250829e+02 3.387454171046364877e+02
2.282369443992954530e+02 3.386138202479958750e+02
2.272371487482497798e+02 3.384711294842373945e+02
2.262388983308452453e+02 3.383171387139336730e+02
2.252423671917950116e+02 3.381516377768190296e+02
2.242477438648940051e+02 3.379744194293749047e+02
2.232552192071261743e+02 3.377852657426371934e+02
2.222649995960792637e+02 3.375839548766938947e+02
2.212773032338258474e+02 3.373702614545792926e+02
2.202923572427471015e+02 3.371439493922077872e+02
2.193104113319674866e+02 3.369047917488272219e+02
2.183316949237232336e+02 3.366526523353349489e+02
2.173564184867660174e+02 3.363875421377828729e+02
2.163847879386821660e+02 3.361094651221550862e+02
2.154170268893813329e+02 3.358184341927777723e+02
2.144533533770472502e+02 3.355144454963534599e+02
2.134939955897785921e+02 3.351974867176198813e+02
2.125391908974248736e+02 3.348675410793778155e+02
2.115891845678231107e+02 3.345245897866806786e+02
2.106442244980154044e+02 3.341685879313175747e+02
2.097045786186356793e+02 3.337994997560355159e+02
2.087705168263234725e+02 3.334172724274484381e+02
2.078423230718382797e+02 3.330218458360400291e+02
2.069202935699513262e+02 3.326131487221944099e+02
2.060047387562766517e+02 3.321910984314952202e+02
2.050959833194314967e+02 3.317556094990571864e+02
2.041943659064507415e+02 3.313065800729916077e+02
2.033002439832390564e+02 3.308438981255991962e+02
2.024139925591703104e+02 3.303674445877522317e+02
2.015360040844338698e+02 3.298770928945331207e+02
2.006666970827251930e+02 3.293726919799321990e+02
1.998065061806491940e+02 3.288541012533185608e+02
1.989558919111673276e+02 3.283211589618848620e+02
1.981153387867893798e+02 3.277736989930712070e+02
1.972853613904006522e+02 3.272115413214220325e+02
1.964664920671953041e+02 3.266345126289323275e+02
1.956593009387917732e+02 3.260424220582576709e+02
1.948643838079082116e+02 3.254350790467349839e+02
1.940823621138829083e+02 3.248122958661791699e+02
1.933138850056581077e+02 3.241738876828065941e+02
1.925596414036157284e+02 3.235196646666095148e+02
1.918203375416364622e+02 3.228494510527926309e+02
1.910967116055005022e+02 3.221630798196365504e+02
1.903895268629907491e+02 3.214603974290869814e+02
1.896995602384312463e+02 3.207412740418994872e+02
1.890276183037563840e+02 3.200055976524773200e+02
1.883745175802781375e+02 3.192532841328307995e+02
1.877410787143319055e+02 3.184842848137557212e+02
1.871281255304822650e+02 3.176985886148341365e+02
1.865364682158160861e+02 3.168962302356841292e+02
1.859669179875605494e+02 3.160772850515673440e+02
1.854202392170382439e+02 3.152418880432119863e+02
1.848971872780917067e+02 3.143902205771922240e+02
1.843984465711773169e+02 3.135225314505302663e+02
1.839246544381051365e+02 3.126391276014007872e+02
