1.814441175469501673e+02 3.126259031868411853e+02
1.809693341122346908e+02 3.116482092234805350e+02
1.805252098587243950e+02 3.106539881847706965e+02
1.801120873534545979e+02 3.096447916028852774e+02
1.797300714953273655e+02 3.086219168430436071e+02
1.793791485003391699e+02 3.075867397569724062e+02
1.790591834341313131e+02 3.065405476745296482e+02
1.787699536297027407e+02 3.054846197658489473e+02
1.785111529599587072e+02 3.044202114987493815e+02
1.782824012606617998e+02 3.033485341014916798e+02
1.780832670479652791e+02 3.022707004973462972e+02
1.779132634409619413e+02 3.011878346736231720e+02
1.777718555358985668e+02 3.001009256122508191e+02
1.776584827536594275e+02 2.990109543350025660e+02
1.775725654336935690e+02 2.979188417825752140e+02
1.775135292741879312e+02 2.968253978720982218e+02
1.774807810233775740e+02 2.957314369802493843e+02
1.774737168265565117e+02 2.946376627441510436e+02
1.774917343189484313e+02 2.935447718584906056e+02
1.775342459636223964e+02 2.924533998389246108e+02
1.776007011644670683e+02 2.913640883347882777e+02
1.776905284156955815e+02 2.902774303827156928e+02
1.778031616221965692e+02 2.891939092657586912e+02
1.779380603341413121e+02 2.881139733991701632e+02
1.780947042382410359e+02 2.870380589625645484e+02
1.782725878871947032e+02 2.859665902209654291e+02
1.784712280885662778e+02 2.848999206808882718e+02
1.786901402843438973e+02 2.838383893899200530e+02
1.789288536970403527e+02 2.827823313691214935e+02
1.791869185168817182e+02 2.817320588302306419e+02
1.794639480599045385e+02 2.806877892297246717e+02
1.797594901748356619e+02 2.796498876957861057e+02
1.800731697950234889e+02 2.786185358421767546e+02
1.804046039697132642e+02 2.775939789989903943e+02
1.807534264912731032e+02 2.765764505989144482e+02
1.811192877089126796e+02 2.755661726082394125e+02
1.815018963759187329e+02 2.745632945005334591e+02
1.819008914477508370e+02 2.735681116789062344e+02
1.823160201227135246e+02 2.725807384859168678e+02
1.827469965166684176e+02 2.716013848041446295e+02
1.831935427459134189e+02 2.706302570507920109e+02
1.836554379834484223e+02 2.696675182238869866e+02
1.841324683313943638e+02 2.687133696780214791e+02
1.846244135677540044e+02 2.677680312191689609e+02
1.851311125523860710e+02 2.668316498919887749e+02
1.856523534567790250e+02 2.659044691451852600e+02
1.861880455976379665e+02 2.649866457861198796e+02
1.867380417792269611e+02 2.640784827508290959e+02
1.873022688582286150e+02 2.631801827890055279e+02
1.878806337023127639e+02 2.622919939792495825e+02
1.884730308360937272e+02 2.614141575144848275e+02
1.890792003677668163e+02 2.605468148091763396e+02
1.896988164914617414e+02 2.596900252522228243e+02
1.903315319477636365e+02 2.588438787891166726e+02
1.909770100956440047e+02 2.580084503898851267e+02
1.916349825458829059e+02 2.571837502779652596e+02
1.923051016059113465e+02 2.563699120673902598e+02
1.929871212901279875e+02 2.555669627487463913e+02
1.936807806652856243e+02 2.547749623861441819e+02
1.943857822039526866e+02 2.539940097627527393e+02
1.951018817432957917e+02 2.532241428567973003e+02
1.958288110669657556e+02 2.524654132320583244e+02
1.965663028755010089e+02 2.517178663801619507e+02
1.973140948871954947e+02 2.509815452596070315e+02
1.980719295800834630e+02 2.502564905436281038e+02
1.988395479161310675e+02 2.495427346194405800e+02
1.996166826214301295e+02 2.488402634300536249e+02
2.004030021603167029e+02 2.481491005080598029e+02
2.011982318391290221e+02 2.474692141091282735e+02
2.020021217923438144e+02 2.468005647158468605e+02
2.028143230731725737e+02 2.461431712649492169e+02
2.036345575016767953e+02 2.454969083102193110e+02
2.044624370262956745e+02 2.448617205976439379e+02
2.052976818833940058e+02 2.442374693160576840e+02
2.061399138546896097e+02 2.436240914272414955e+02
2.069888266447563581e+02 2.430214393749054977e+02
2.078440522662209560e+02 2.424293370043166931e+02
2.087051892563787874e+02 2.418476079504351048e+02
2.095718818361650904e+02 2.412760421172357042e+02
2.104437700519398788e+02 2.407144358389670629e+02
2.113204937661953693e+02 2.401625654861140902e+02
2.122016628419248150e+02 2.396201687618573146e+02
2.130868929100666662e+02 2.390869673846339651e+02
2.139758153474292328e+02 2.385626737703520917e+02
2.148680694231207440e+02 2.380469957708795903e+02
2.157633015263485277e+02 2.375396302653676059e+02
2.166611612166932730e+02 2.370402580150100107e+02
2.175613083365416003e+02 2.365485516440569995e+02
2.184634142224628590e+02 2.360641770105494572e+02
2.193671619445665328e+02 2.355867934381432178e+02
2.202722555698131259e+02 2.351160653530339459e+02
2.211784215218971212e+02 2.346516672459896427e+02
2.220854002179498252e+02 2.341932692378248646e+02
2.229929436613929568e+02 2.337405369241012920e+02
2.239008157181355614e+02 2.332931310424881701e+02
2.248088081984480482e+02 2.328507300550882917e+02
2.257167473837297962e+02 2.324130489195013922e+02
2.266244757680310045e+02 2.319797898393587730e+02
2.275318420165129680e+02 2.315506565521319828e+02
2.284387075466745216e+02 2.311253534811197596e+02
2.293450054229604689e+02 2.307036880405264867e+02
2.302507643062950251e+02 2.302855765325909374e+02
2.311560149227365741e+02 2.298709483980375410e+02
2.320607866192464996e+02 2.294597422038502827e+02
2.329651107409858355e+02 2.290519057165500101e+02
2.338690530302696970e+02 2.286473694712249198e+02
2.347726590479012145e+02 2.282461043677243140e+02
2.356759755632654674e+02 2.278480948883220947e+02
2.365790933139945196e+02 2.274532852797883038e+02
2.374820635887538174e+02 2.270616545604747216e+02
2.383849371172894394e+02 2.266731973017461428e+02
2.392878198655878919e+02 2.262878631096958202e+02
2.401907682636226014e+02 2.259056411853254929e+02
2.410938401468831955e+02 2.255265340351636496e+02
2.419971569179157882e+02 2.251504940132595607e+02
2.429007671685632204e+02 2.247775141014727467e+02
2.438047432622312840e+02 2.244075727519172290e+02
2.447091978492062196e+02 2.240406188972966959e+02
2.456141824969874392e+02 2.236766485951126526e+02
2.465198011144062775e+02 2.233156294039121406e+02
2.474261497326419885e+02 2.229575073335025479e+02
2.483332756709473301e+02 2.226022548722964984e+02
2.492413120381333727e+02 2.222497949900772483e+02
2.501503409046026718e+02 2.219000807609059223e+02
2.510606129038216068e+02 2.215529343349681710e+02
2.519724200503754616e+02 2.212080437136239084e+02
2.528857694306227586e+02 2.208652075442779221e+02
2.538007257612395051e+02 2.205241996828303570e+02
2.547173466771212418e+02 2.201847966642153835e+02
2.556356445668460822e+02 2.198468072355239826e+02
2.565557232806778529e+02 2.195099651157896687e+02
2.574775967821560698e+02 2.191740420298395691e+02
2.584013307988995507e+02 2.188387951342373015e+02
2.593270071068213838e+02 2.185039725469507346e+02
2.602546581018841607e+02 2.181693567611526987e+02
2.611843980342075611e+02 2.178346846466349973e+02
2.621162776670623771e+02 2.174997249906402885e+02
2.630503847822037073e+02 2.171642400597862093e+02
2.639868233796109962e+02 2.168279835470877970e+02
2.649256629717796159e+02 2.164907477463286796e+02
2.658670425944652038e+02 2.161523304306294051e+02
2.668110572005454060e+02 2.158125664747917654e+02
2.677578293737879562e+02 2.154712875046773490e+02
2.687074883352827328e+02 2.151283200527704480e+02
2.696601522353508358e+02 2.147835475636958336e+02
2.706159848934809702e+02 2.144369474718050128e+02
2.715751314153089879e+02 2.140885410727128146e+02
2.725377447641807862e+02 2.137383538309181858e+02
2.735039736700768458e+02 2.133864058050710071e+02
2.744739932798939321e+02 2.130329596630487572e+02
2.754480315581367904e+02 2.126788999792707671e+02
2.764262975690620578e+02 2.123252279468985080e+02
2.774089820947319822e+02 2.119729619794005373e+02
2.783962130101908201e+02 2.116231131361423934e+02
2.793881135685317076e+02 2.112767468976112752e+02
2.803847916370152120e+02 2.109350422745351921e+02
2.813862718366558511e+02 2.105991839595548925e+02
2.823925862325876892e+02 2.102703650434882547e+02
2.834037328445340904e+02 2.099497868024957654e+02
2.844196374667030796e+02 2.096385942410898338e+02
2.854402096919044993e+02 2.093378348780304634e+02
2.864653365401061933e+02 2.090485486949126823e+02
2.874948851639820759e+02 2.087717805283030543e+02
2.885286487384418024e+02 2.085085657481057808e+02
2.895664265663243668e+02 2.082597855708914665e+02
2.906079970842272928e+02 2.080260816881740595e+02
2.916531172439059674e+02 2.078080740472498746e+02
2.927015280401390100e+02 2.076063812428665472e+02
2.937529631236275236e+02 2.074216172410630179e+02
2.948071245251393862e+02 2.072542018570688640e+02
2.958637366724282174e+02 2.071043123553642431e+02
2.969225231796401090e+02 2.069721095752747999e+02
2.979832012121291882e+02 2.068577528341433833e+02
2.990454857397022579e+02 2.067613947191991315e+02
3.001091012088140246e+02 2.066830466423019175e+02
3.011737939031153815e+02 2.066225713549092688e+02
3.022393146397914734e+02 2.065798244981450296e+02
3.033053955188073587e+02 2.065546558716842469e+02
3.043718062861980798e+02 2.065469169129390252e+02
3.054383188131674842e+02 2.065564004473094997e+02
3.065047374383032093e+02 2.065828536788104373e+02
3.075708592872779263e+02 2.066260216295171404e+02
3.086364352385234042e+02 2.066856351801512517e+02
3.097013502295229159e+02 2.067614560813782987e+02
3.107653798187873804e+02 2.068532390462728756e+02
3.118283521681269690e+02 2.069607584223495849e+02
3.128901163802485144e+02 2.070837962261661005e+02
3.139505012702277327e+02 2.072221312390194043e+02
3.150093208657622199e+02 2.073755425165347503e+02
3.160664891500846352e+02 2.075439053663608604e+02
3.171217607311371580e+02 2.077270941913294848e+02
3.181749948137658066e+02 2.079250104054424071e+02
3.192260390385550295e+02 2.081375573587994268e+02
3.202747276540874282e+02 2.083646509728798719e+02
3.213208695215899979e+02 2.086063141088420139e+02
3.223642569391527104e+02 2.088626240655109143e+02
3.234046771953306347e+02 2.091336601648912392e+02
3.244419122924785484e+02 2.094195033243699697e+02
3.254757720318835368e+02 2.097202360106289234e+02
3.265060402129956856e+02 2.100358417171876511e+02
3.275324878631271872e+02 2.103662589555525528e+02
3.285550351290648905e+02 2.107114919123596621e+02
3.295733560792001526e+02 2.110714542231385167e+02
3.305873284186052956e+02 2.114461599172171304e+02
3.315967347921322812e+02 2.118357124930245163e+02
3.326012396392659412e+02 2.122402063577688409e+02
3.336006139175548242e+02 2.126597845850017166e+02
3.345945708817961304e+02 2.130945755485073505e+02
3.355828227431632058e+02 2.135447267651519212e+02
3.365650491038646805e+02 2.140104319855258836e+02
3.375408413485012602e+02 2.144918603395575758e+02
3.385099238757878766e+02 2.149892575819382898e+02
3.394718213621629275e+02 2.155027784977409908e+02
3.404262236410963283e+02 2.160326688970328632e+02
3.413726462239650914e+02 2.165790818492226606e+02
3.423106657959218637e+02 2.171422052711922674e+02
3.432398258494220613e+02 2.177222214118373245e+02
3.441596823005182841e+02 2.183193368750341961e+02
3.450696509126148044e+02 2.189336457098689266e+02
3.459693262118433950e+02 2.195652585470429017e+02
3.468581646719947571e+02 2.202141966578627432e+02
3.477356830012537330e+02 2.208805327320504546e+02
3.486013186817953624e+02 2.215643040420761736e+02
3.494545172830709134e+02 2.222654796734530294e+02
3.502947860177012558e+02 2.229838821215561211e+02
3.511216565797108160e+02 2.237193387792596297e+02
3.519346048458345990e+02 2.244716516235259576e+02
3.527331198841222886e+02 2.252406514472924357e+02
3.535166484125462034e+02 2.260260141202312525e+02
3.542848376016085581e+02 2.268273431503613153e+02
3.550372177436147467e+02 2.276441229421224079e+02
3.557734290290505896e+02 2.284759544564090561e+02
3.564929955313061214e+02 2.293223484340716709e+02
3.571955541982369482e+02 2.301828016953712677e+02
3.578808006202330034e+02 2.310566649197456286e+02
3.585484775645547302e+02 2.319433405360267102e+02
3.591982603752956607e+02 2.328421666451432088e+02
3.598299028632352474e+02 2.337525890446792971e+02
3.604431386406658362e+02 2.346739822387413028e+02
3.610377570941623731e+02 2.356056990039383550e+02
3.616135983968094365e+02 2.365471804859256792e+02
3.621704567575698093e+02 2.374978124805982134e+02
3.627081888809034353e+02 2.384570852679142376e+02
3.632266232383166766e+02 2.394244987419754978e+02
3.637256146333946845e+02 2.403996730027869830e+02
3.642049861608042534e+02 2.413821556146480418e+02
3.646646453363353544e+02 2.423716567196466087e+02
3.651044687129913768e+02 2.433678964298701146e+02
3.655238411962627652e+02 2.443709381860152803e+02
3.659216615089763422e+02 2.453811139159037111e+02
3.662967715827194297e+02 2.463986154430001534e+02
3.666480262263387999e+02 2.474236182689479335e+02
3.669742671574609858e+02 2.484561838856357383e+02
3.672742863923839991e+02 2.494962901482107611e+02
3.675468590296106299e+02 2.505438156138762906e+02
3.677908206516709129e+02 2.515984635320933762e+02
3.680053126589718886e+02 2.526589121385823375e+02
3.681901036495082167e+02 2.537236570800349966e+02
3.683452929347361646e+02 2.547920180510690500e+02
3.684710669807230943e+02 2.558633117525949388e+02
3.685677064574459223e+02 2.569368474142177661e+02
3.686355763400496812e+02 2.580119364074368491e+02
3.686751130974657258e+02 2.590878998401931881e+02
3.686867995877623230e+02 2.601640741783163548e+02
3.686711454899243563e+02 2.612398460487145258e+02
3.686287092130717724e+02 2.623145731362253628e+02
3.685600569506751754e+02 2.633876955067847234e+02
3.684657765824122180e+02 2.644586381623307147e+02
3.683464679481933786e+02 2.655268506159697495e+02
3.682027240116692042e+02 2.665918262720223311e+02
3.680351247358836986e+02 2.676530852565068699e+02
3.678442351377948398e+02 2.687101653640096401e+02
3.676306176490448365e+02 2.697626044235811946e+02
3.673948372922809540e+02 2.708099649364721699e+02
3.671374001920318619e+02 2.718518956642734565e+02
3.668588450301082275e+02 2.728879492550887562e+02
3.665596483191342827e+02 2.739177771928204947e+02
3.662402580906803564e+02 2.749410399946914936e+02
3.659011783314719537e+02 2.759573421774634880e+02
3.655428263235191366e+02 2.769664173734384462e+02
3.651656392150283637e+02 2.779679198979537773e+02
3.647700099658097770e+02 2.789615477337779907e+02
3.643563410122092137e+02 2.799469771113208481e+02
3.639249871975453061e+02 2.809239834201898702e+02
3.634763583398924425e+02 2.818922480210847539e+02
3.630107907001260514e+02 2.828515353265196950e+02
3.625286221167486360e+02 2.838015757495211346e+02
3.620301428570475082e+02 2.847421474241541546e+02
3.615157261033085092e+02 2.856729551385230366e+02
3.609856349449261188e+02 2.865938293819868363e+02
3.604401798315795986e+02 2.875045126054423577e+02
3.598796308048378023e+02 2.884047823868064597e+02
3.593042409706497438e+02 2.892944189287368317e+02
3.587142851764480724e+02 2.901731761157244591e+02
3.581099578814245206e+02 2.910408771247356867e+02
3.574915261499818939e+02 2.918972509838596920e+02
3.568591762554100910e+02 2.927421045051685269e+02
3.562132225662701899e+02 2.935752927225030930e+02
3.555541805346576893e+02 2.943968516174504657e+02
3.548825705112824380e+02 2.952068509910361058e+02
3.541988754548553402e+02 2.960053861503201915e+02
3.535035722825801940e+02 2.967925467658490675e+02
3.527971084045485100e+02 2.975684182806178342e+02
3.520798916252946356e+02 2.983330753049258988e+02
3.513522956954703318e+02 2.990866091273042571e+02
3.506146941765797465e+02 2.998291012795067445e+02
3.498674469537299956e+02 3.005606385979594393e+02
3.491108942095460179e+02 3.012813060700871119e+02
3.483453549127389124e+02 3.019911835816803318e+02
3.475711140592584343e+02 3.026903672785493882e+02
3.467884851206742951e+02 3.033789247429583043e+02
3.459977391287131354e+02 3.040569522049774491e+02
3.451991647778877450e+02 3.047245254416234275e+02
3.443929935137201710e+02 3.053817524569450939e+02
3.435795069772196939e+02 3.060286987911890151e+02
3.427589439802558786e+02 3.066654600063748717e+02
3.419315393914537822e+02 3.072921278310022331e+02
3.410975300476594612e+02 3.079087968061581364e+02
3.402571501416140336e+02 3.085155679454608730e+02
3.394106136471412469e+02 3.091125497234314707e+02
3.385581549895700846e+02 3.096998344898048003e+02
3.376999924090159197e+02 3.102775262566778451e+02
3.368363173454131356e+02 3.108457550520213317e+02
3.359673734439885493e+02 3.114046303670257316e+02
3.350933530195752610e+02 3.119542904714318752e+02
3.342144822013482894e+02 3.124948518288506989e+02
3.333309260568257741e+02 3.130264606790540256e+02
3.324429312939457191e+02 3.135492402183992340e+02
3.315506855500374854e+02 3.140633605949032017e+02
3.306543908825906897e+02 3.145689778989269030e+02
3.297542375036892963e+02 3.150662508328852596e+02
3.288504299169237015e+02 3.155553336077694553e+02
3.279431590959804339e+02 3.160364073344624671e+02
3.270326208475858607e+02 3.165096587125739802e+02
3.261190056758147762e+02 3.169752751851676749e+02
3.252024969375944465e+02 3.174334454534752012e+02
3.242832702280435910e+02 3.178843606334931451e+02
3.233615154644785434e+02 3.183282215420808257e+02
3.224374077871557915e+02 3.187652408147765755e+02
3.215111196511744538e+02 3.191956299867385951e+02
3.205828114831737707e+02 3.196196015305160927e+02
3.196526476550319558e+02 3.200373666813717364e+02
3.187207926210207347e+02 3.204491454186352257e+02
3.177873867416126927e+02 3.208551621045864408e+02
3.168525838668840038e+02 3.212556369795910314e+02
3.159165258577551185e+02 3.216507957000687270e+02
3.149793245655584428e+02 3.220408388864040035e+02
3.140410520636984870e+02 3.224258610518257342e+02
3.131017320075650332e+02 3.228059230579454493e+02
3.121614152592302389e+02 3.231810857433412707e+02
3.112201265129223771e+02 3.235514065251428519e+02
3.102779049509153992e+02 3.239169405694789816e+02
3.093347759778821455e+02 3.242777343295022092e+02
3.083907616588448377e+02 3.246338262721709498e+02
3.074458905209887689e+02 3.249852608413744974e+02
3.065001810941278109e+02 3.253320736794634058e+02
3.055536543150200828e+02 3.256742993144762295e+02
3.046063270948334889e+02 3.260119679694443562e+02
3.036582129870468520e+02 3.263451010175809301e+02
3.027093249233765846e+02 3.266737188817326114e+02
3.017596751953377634e+02 3.269978466553110366e+02
3.008092750152251256e+02 3.273175008147886160e+02
2.998581322462939625e+02 3.276326868600359035e+02
2.989062512844761272e+02 3.279434166944058688e+02
2.979536385107328442e+02 3.282496978351000507e+02
2.970002994286538183e+02 3.285515344685589412e+02
2.960462386375865549e+02 3.288489240203281270e+02
2.950914552677144229e+02 3.291418649137484636e+02
2.941359496322314726e+02 3.294303538565242206e+02
2.931797234279560485e+02 3.297143827315987892e+02
2.922227761718640977e+02 3.299939421744218180e+02
2.912651097497746377e+02 3.302690138760219725e+02
2.903067134324503513e+02 3.305395907052459847e+02
2.893475888924106130e+02 3.308056537614633612e+02
2.883877294991153803e+02 3.310671886510180570e+02
2.874270922479527712e+02 3.313242362494860913e+02
2.864656503963554997e+02 3.315768615819699221e+02
2.855034046826671670e+02 3.318251246958595857e+02
2.845403660226362490e+02 3.320690763542348805e+02
2.835765400030645651e+02 3.323087666919174694e+02
2.826119361439176032e+02 3.325442379712130219e+02
2.816465490870617714e+02 3.327755429284587194e+02
2.806803849582863677e+02 3.330027275524257675e+02
2.797134476025972276e+02 3.332258351334627946e+02
2.787457440925804235e+02 3.334449011897991682e+02
2.777772646831602401e+02 3.336599711301412867e+02
2.768080116599467146e+02 3.338710851511638111e+02
2.758379885879204494e+02 3.340782793151303736e+02
2.748671967137761953e+02 3.342815856764121918e+02
2.738956206446932811e+02 3.344810471856246750e+02
2.729232665618101805e+02 3.346766932022950982e+02
2.719501358150952228e+02 3.348685499211949832e+02
2.709762068357727571e+02 3.350566597997391796e+02
2.700014894487442803e+02 3.352410458644874893e+02
2.690259711865047052e+02 3.354217369616588371e+02
2.680496378436286022e+02 3.355987579577601991e+02
2.670724843592660136e+02 3.357720459608005967e+02
2.660944608977367807e+02 3.359415122898554387e+02
2.651155696172926355e+02 3.361070368519431213e+02
2.641357603092978934e+02 3.362685261061416782e+02
2.631550401393496941e+02 3.364258551251829203e+02
2.621733676979872598e+02 3.365789214608338398e+02
2.611907446270247419e+02 3.367276013318091259e+02
2.602071510849146989e+02 3.368717766274061205e+02
2.592225739125353812e+02 3.370113284424207336e+02
2.582370139823381692e+02 3.371461260524865793e+02
2.572504588846622937e+02 3.372760416086066471e+02
2.562629049345435988e+02 3.374009438344332921e+02
2.552743545368190610e+02 3.375206957701836359e+02
2.542848097095008484e+02 3.376351579563382188e+02
2.532942764050519315e+02 3.377441862983212104e+02
2.523027594421169510e+02 3.378476345884793659e+02
2.513102698463229103e+02 3.379453521471136241e+02
2.503168217770616764e+02 3.380371845646513407e+02
2.493224316853982430e+02 3.381229745680823839e+02
2.483271205663396586e+02 3.382025594392172820e+02
2.473309095506163828e+02 3.382757738787757944e+02
2.463338248142921429e+02 3.383424492962428758e+02
2.453358967313871233e+02 3.384024133577075304e+02
2.443371599901406910e+02 3.384554883048308511e+02
2.433376523478709430e+02 3.385014912695982048e+02
2.423374113847280000e+02 3.385402437235590014e+02
2.413364882226875068e+02 3.385715484133495465e+02
2.403349269338962415e+02 3.385952217440081427e+02
2.393327868172439992e+02 3.386110584310967511e+02
2.383301231974218695e+02 3.386188648201297724e+02
2.373270013748669101e+02 3.386184365782765440e+02
2.363234901636739949e+02 3.386095648550323176e+02
2.353196636759193154e+02 3.385920352442716990e+02
2.343156016865226832e+02 3.385656348218417406e+02
2.333113897516105339e+02 3.385301436562274375e+02
2.323071191292954438e+02 3.384853354237382064e+02
2.313028885777195285e+02 3.384309844098891631e+02
2.302988029114140147e+02 3.383668598608178968e+02
2.292949734836574578e+02 3.382927238232520040e+02
2.282915187527561613e+02 3.382083310713472883e+02
2.272885688784564024e+02 3.381134425500619045e+02
2.262862564572057522e+02 3.380078060334362817e+02
2.252847256481005047e+02 3.378911638103800783e+02
2.242841331393866255e+02 3.377632597403209616e+02
2.232846402005609718e+02 3.376238278457614115e+02
2.222864211169150508e+02 3.374725994011655530e+02
2.212896613952013354e+02 3.373093010354467651e+02
2.202945549489715233e+02 3.371336472097407864e+02
2.193013169944080403e+02 3.369453595851941827e+02
2.183101443703842506e+02 3.367442392277071121e+02
2.173212180609443749e+02 3.365302188085642001e+02
2.163347130818175685e+02 3.363032206573523126e+02
2.153508257912435511e+02 3.360631749782211841e+02
2.143697441896265445e+02 3.358099923467729582e+02
2.133916671761264183e+02 3.355435712269286910e+02
2.124168049172986343e+02 3.352638019195324546e+02
2.114453781538313990e+02 3.349705707951565046e+02
2.104776017717396996e+02 3.346637324888272360e+02
2.095137240978570503e+02 3.343431518968041019e+02
2.085539877612860380e+02 3.340086693672045612e+02
2.075986538080113348e+02 3.336601141591906412e+02
2.066479958284009797e+02 3.332973003800149741e+02
2.057023027407528275e+02 3.329200267292350759e+02
2.047618858060781974e+02 3.325280876361702553e+02
2.038270639914238416e+02 3.321212524984181300e+02
2.028981809598580810e+02 3.316992765293345542e+02
2.019756046465390114e+02 3.312619048682268499e+02
2.010597247519112614e+02 3.308088707898349412e+02
2.001509440178174941e+02 3.303398689975213074e+02
1.992497206806561962e+02 3.298546171130917628e+02
1.983565142983059673e+02 3.293527903370261924e+02
1.974718305800750784e+02 3.288340624014816740e+02
1.965962015947883117e+02 3.282980809096556527e+02
1.957302124706004918e+02 3.277445114848651428e+02
1.948744637870261442e+02 3.271729760852475692e+02
1.940296169605066723e+02 3.265831072760706206e+02
1.931963748563817376e+02 3.259745396508364479e+02
1.923754816630166715e+02 3.253469082834149049e+02
1.915677214345322170e+02 3.246998288677600044e+02
1.907739479786896766e+02 3.240329579444859860e+02
1.899950507625499085e+02 3.233459507067227605e+02
1.892319737204431647e+02 3.226384887314297885e+02
1.884857135644193420e+02 3.219103034482059797e+02
1.877573006922237084e+02 3.211611367336454350e+02
1.870478262826506466e+02 3.203907928302430719e+02
1.863584203774636308e+02 3.195991435579667268e+02
1.856902385022609963e+02 3.187861268408097430e+02
1.850444596154800365e+02 3.179517819625943957e+02
1.844222616149405383e+02 3.170962007833196026e+02
1.838248364337913188e+02 3.162196482461981759e+02
1.832533308068273072e+02 3.153224175354106364e+02
1.827088783526544944e+02 3.144050148215824834e+02
1.821925289160902821e+02 3.134680105149309384e+02
