1.826559621302326377e+02 3.120978605349557711e+02
1.822440494215942408e+02 3.111459188485513891e+02
1.818585424591489925e+02 3.101819232586614703e+02
1.814995022826367403e+02 3.092066584374458671e+02
1.811668806375625422e+02 3.082208259881311392e+02
1.808605571046911393e+02 3.072251882367667122e+02
1.805803557299873887e+02 3.062204892379534158e+02
1.803260565047232831e+02 3.052074883563022922e+02
1.800973960162495757e+02 3.041869520938851110e+02
1.798940726438863180e+02 3.031596425575903595e+02
1.797157654369138697e+02 3.021262880786663914e+02
1.795621279194506030e+02 3.010876345061217307e+02
1.794328144088657950e+02 3.000443712013343998e+02
1.793274694219175558e+02 2.989971946928309876e+02
1.792457287270448774e+02 2.979467817400781655e+02
1.791872391609194040e+02 2.968937594655566272e+02
1.791516398459232846e+02 2.958387657362902701e+02
1.791385760863249459e+02 2.947823856605887727e+02
1.791476963406534253e+02 2.937252077220051092e+02
1.791786605355037807e+02 2.926677925608071291e+02
1.792311581894650203e+02 2.916106517466809578e+02
1.793048617171675403e+02 2.905543326347658422e+02
1.793994466613960981e+02 2.894993209525239877e+02
1.795146080313927257e+02 2.884460849104715408e+02
1.796500554068823305e+02 2.873950891421736173e+02
1.798055077745596009e+02 2.863467949169000235e+02
1.799806927194377977e+02 2.853016192668512190e+02
1.801753258223444902e+02 2.842599688752166571e+02
1.803891311689254167e+02 2.832222496907604068e+02
1.806218472701714575e+02 2.821888545995248023e+02
1.808732612311067669e+02 2.811601137070565528e+02
1.811430960931722609e+02 2.801364566606716267e+02
1.814311185485927638e+02 2.791181813392370259e+02
1.817370890266585377e+02 2.781056305222187461e+02
1.820607797791399491e+02 2.770991393522847375e+02
1.824019742937824162e+02 2.760990354194996712e+02
1.827604911626823707e+02 2.751055899929983752e+02
1.831360812076715376e+02 2.741191763402415518e+02
1.835285794428202450e+02 2.731400344083450591e+02
1.839377953792085805e+02 2.721684751195198828e+02
1.843635430053531650e+02 2.712048069227903966e+02
1.848056760211522089e+02 2.702493038967962207e+02
1.852640490036481538e+02 2.693022674520258306e+02
1.857385099591948006e+02 2.683640129735082951e+02
1.862289540974481952e+02 2.674348010820999093e+02
1.867352353182747038e+02 2.665149666060079312e+02
1.872573097675260101e+02 2.656047828408533178e+02
1.877950902445595602e+02 2.647046386199615426e+02
1.883485476267920546e+02 2.638148469281055668e+02
1.889176358380055945e+02 2.629357571942481968e+02
1.895022863070112749e+02 2.620677074792848771e+02
1.901021948863867408e+02 2.612108849136490676e+02
1.907169429213567469e+02 2.603653662710980257e+02
1.913460967739102330e+02 2.595312451519695287e+02
1.919892338938353475e+02 2.587085974893446405e+02
1.926459901439042142e+02 2.578974462276172517e+02
1.933159429722991831e+02 2.570979037191740417e+02
1.939987538757708023e+02 2.563099982968680592e+02
1.946940760267256394e+02 2.555337801233917219e+02
1.954015362911354146e+02 2.547693229484131052e+02
1.961208039276153556e+02 2.540166506176165342e+02
1.968515222563015357e+02 2.532757852274449419e+02
1.975933341834255259e+02 2.525467371594784822e+02
1.983458894315956229e+02 2.518295110885854058e+02
1.991088443018477392e+02 2.511241063620096270e+02
1.998818533274664162e+02 2.504305096898420686e+02
2.006645495003978112e+02 2.497486564283820201e+02
2.014565169621327527e+02 2.490784948310460436e+02
2.022573837697929662e+02 2.484199325896883579e+02
2.030667996218347469e+02 2.477728723011384204e+02
2.038843455317332314e+02 2.471372389484954795e+02
2.047096329980753922e+02 2.465128477769748088e+02
2.055422017867614102e+02 2.458995406083893158e+02
2.063816649606741009e+02 2.452971125918643054e+02
2.072275809924938130e+02 2.447053890488186028e+02
2.080795517071935024e+02 2.441241445664840910e+02
2.089371361518270191e+02 2.435531195553694204e+02
2.097998786589352562e+02 2.429920390041144458e+02
2.106673531388218521e+02 2.424406102451057734e+02
2.115391389788573804e+02 2.418985379145219952e+02
2.124148230813020746e+02 2.413655138010851715e+02
2.132939875950520445e+02 2.408412059223765596e+02
2.141762246814377875e+02 2.403252693200518877e+02
2.150611401004795198e+02 2.398173521088143900e+02
2.159483516033140234e+02 2.393170947768342671e+02
2.168374967262834616e+02 2.388241386595366578e+02
2.177282413725589265e+02 2.383381370942515787e+02
2.186202654500395965e+02 2.378587392666047151e+02
2.195132608237524892e+02 2.373855877742115865e+02
2.204069316916832690e+02 2.369183189915385412e+02
2.213010114399763211e+02 2.364565910776465785e+02
2.221952830153229002e+02 2.360000927845833019e+02
2.230895399116681972e+02 2.355485161458779544e+02
2.239835854585419952e+02 2.351015504728831047e+02
2.248772351292415408e+02 2.346588807550220679e+02
2.257703385144906747e+02 2.342202209890565427e+02
2.266627825682689945e+02 2.337853428287029942e+02
2.275544862950619063e+02 2.333539964623940364e+02
2.284453603303073805e+02 2.329259442234126425e+02
2.293353266189096189e+02 2.325009506089175488e+02
2.302243759272292039e+02 2.320788943335446675e+02
2.311126136343061432e+02 2.316597624570120502e+02
2.320001362796067497e+02 2.312435633478492889e+02
2.328870303324268036e+02 2.308303200202428513e+02
2.337733790739905260e+02 2.304200670656329066e+02
2.346593165826180325e+02 2.300127966195235842e+02
2.355449186609816650e+02 2.296085476944338950e+02
2.364302576648440777e+02 2.292073742989118443e+02
2.373154829859733752e+02 2.288092716899419372e+02
2.382006687687758415e+02 2.284142891800152597e+02
2.390858769078361377e+02 2.280224826924315664e+02
2.399712556236431453e+02 2.276338341990152117e+02
2.408568661163276658e+02 2.272483844697729580e+02
2.417427674859251852e+02 2.268661885955471575e+02
2.426291200226734190e+02 2.264872319410871455e+02
2.435159607805197197e+02 2.261115514149935564e+02
2.444033592108253288e+02 2.257391549266500590e+02
2.452914461659193250e+02 2.253700109811243522e+02
2.461802528518042550e+02 2.250041522347310377e+02
2.470698886643840524e+02 2.246415697912583482e+02
2.479604486145727833e+02 2.242822238584729462e+02
2.488519482232575513e+02 2.239261060398821144e+02
2.497445323068883454e+02 2.235731404880617106e+02
2.506382646275467323e+02 2.232232932539670571e+02
2.515334707910401448e+02 2.228763639457484373e+02
2.524305538584395663e+02 2.225319965262387143e+02
2.533294846222105434e+02 2.221899940992579729e+02
2.542303201318960646e+02 2.218501244252710478e+02
2.551331057846741714e+02 2.215121594033002452e+02
2.560378129219409402e+02 2.211759092474821955e+02
2.569445543468331152e+02 2.208410773070699236e+02
2.578533001825313136e+02 2.205074143495669432e+02
2.587640987425068602e+02 2.201746481267490481e+02
2.596770239047783093e+02 2.198424946786527983e+02
2.605920646730721160e+02 2.195107092761649881e+02
2.615093395306869866e+02 2.191789665837808911e+02
2.624288588053905755e+02 2.188469770861643440e+02
2.633506919116680933e+02 2.185144389129909825e+02
2.642749375811849859e+02 2.181810387140046998e+02
2.652016247126938993e+02 2.178465029225592104e+02
2.661309006345069861e+02 2.175105260762277055e+02
2.670628250328871900e+02 2.171728416857881427e+02
2.679975097757647973e+02 2.168331749828700197e+02
2.689350857159446377e+02 2.164912441527718840e+02
2.698756408902689259e+02 2.161468206773904512e+02
2.708193562212397865e+02 2.157997310296721594e+02
2.717663569544968141e+02 2.154498450762099822e+02
2.727167951322232398e+02 2.150970340223252038e+02
2.736708392596953558e+02 2.147411613339590701e+02
2.746286556242781103e+02 2.143823350333128417e+02
2.755905011616896445e+02 2.140212747633912329e+02
2.765566031858022598e+02 2.136588177262860313e+02
2.775271614514170437e+02 2.132958196288491024e+02
2.785023552521665238e+02 2.129331256196905144e+02
2.794823360030697472e+02 2.125716851479300828e+02
2.804672486262671782e+02 2.122126678358242771e+02
2.814571873071398613e+02 2.118572623406975595e+02
2.824522227622641140e+02 2.115066685934094437e+02
2.834523948608274964e+02 2.111620954698110211e+02
2.844576884618906547e+02 2.108247500248421034e+02
2.854680622050307193e+02 2.104958453191321155e+02
2.864834449019207909e+02 2.101765989017559093e+02
2.875037382090663414e+02 2.098682337550505110e+02
2.885287771274092847e+02 2.095719642123769972e+02
2.895583864873468656e+02 2.092888761974120939e+02
2.905923641767811887e+02 2.090198553102528649e+02
2.916304806108301477e+02 2.087657689224731428e+02
2.926724827903844925e+02 2.085274830885701647e+02
2.937181015924728626e+02 2.083058584922625016e+02
2.947670341172846520e+02 2.081015394713454896e+02
2.958189913425019881e+02 2.079148989646656389e+02
2.968736779132644301e+02 2.077462911875454665e+02
2.979307870570998489e+02 2.075960683458459926e+02
2.989900043312306934e+02 2.074645734680812836e+02
3.000510233323763600e+02 2.073519601870526685e+02
3.011135596329571626e+02 2.072581820306255906e+02
3.021773314586195625e+02 2.071831823559525390e+02
3.032420380166424820e+02 2.071268982636182159e+02
3.043074110713840241e+02 2.070892652451210552e+02
3.053731885313654857e+02 2.070701169930975709e+02
3.064391435525403153e+02 2.070692030565581376e+02
3.075050436813364172e+02 2.070862691829110531e+02
3.085706135604722817e+02 2.071210470176207536e+02
3.096357045562913868e+02 2.071732957469921246e+02
3.107000698631608202e+02 2.072427434409049738e+02
3.117635165500424819e+02 2.073291189190858859e+02
3.128258735968515794e+02 2.074321579430363158e+02
3.138869525161152296e+02 2.075515931112905719e+02
3.149465524004776853e+02 2.076871564242163686e+02
3.160045715234706449e+02 2.078386654260628461e+02
3.170607580725166486e+02 2.080059320547333925e+02
3.181149627945230804e+02 2.081887944378359521e+02
3.191670275038333102e+02 2.083870928743496052e+02
3.202167833015485598e+02 2.086006795868904078e+02
3.212640399077096731e+02 2.088295062644758104e+02
3.223085938293688741e+02 2.090735754979829721e+02
3.233502390591315248e+02 2.093328922988132490e+02
3.243887668206987769e+02 2.096074637643825724e+02
3.254239981913798374e+02 2.098972982628102955e+02
3.264557332854937499e+02 2.102023018499901070e+02
3.274837631626836014e+02 2.105223347173116224e+02
3.285080278793678303e+02 2.108573226416124839e+02
3.295282292510341904e+02 2.112071033326880354e+02
3.305442712921885686e+02 2.115716158210475726e+02
3.315559650433265801e+02 2.119508964011938588e+02
3.325630070119668176e+02 2.123449761198444605e+02
3.335652013249805918e+02 2.127539353473046617e+02
3.345622981692042117e+02 2.131778414350208379e+02
3.355540491411271660e+02 2.136167836452679296e+02
3.365401742140669512e+02 2.140709047121400488e+02
3.375203080984356916e+02 2.145403262530963389e+02
3.384942204592596795e+02 2.150252479547906432e+02
3.394614856959466351e+02 2.155257811738513851e+02
3.404218436809700279e+02 2.160421347997084354e+02
3.413748561912605055e+02 2.165744438494128303e+02
3.423201468046801779e+02 2.171228839593316593e+02
3.432573086024218014e+02 2.176876276398863013e+02
3.441859501774890191e+02 2.182688747121197252e+02
3.451055356176627811e+02 2.188667267199913624e+02
3.460156929220563029e+02 2.194813389422399155e+02
3.469159082799696421e+02 2.201127849849038967e+02
3.478057297968204580e+02 2.207611929335008085e+02
3.486846261421657118e+02 2.214266577945487597e+02
3.495520615872155759e+02 2.221092296869759082e+02
3.504075303687506562e+02 2.228088621843779151e+02
3.512505442492023349e+02 2.235255219999128258e+02
3.520805540064310435e+02 2.242591502594446808e+02
3.528970207548171061e+02 2.250097186772640043e+02
3.536993381257508986e+02 2.257770643044070482e+02
3.544870662230935068e+02 2.265609977838348357e+02
3.552596275899884404e+02 2.273612068443146654e+02
3.560165516420883023e+02 2.281774972831744606e+02
3.567572329218345999e+02 2.290095740371594673e+02
3.574811622999058045e+02 2.298571354154614994e+02
3.581878579301504715e+02 2.307197383228023853e+02
3.588768720360693010e+02 2.315969857539516283e+02
3.595476645738090156e+02 2.324883963288660311e+02
3.601997653275752782e+02 2.333935896711892894e+02
3.608326703482584321e+02 2.343120798739803661e+02
3.614459279641345688e+02 2.352433253857456634e+02
3.620391270590976660e+02 2.361868587584647798e+02
3.626117820527674667e+02 2.371421217670545900e+02
3.631634604572494709e+02 2.381086415998274219e+02
3.636937078265111722e+02 2.390858956328692386e+02
3.642021212684249463e+02 2.400734362905761543e+02
3.646882424032262975e+02 2.410706902621498955e+02
3.651517010872983633e+02 2.420772303806417938e+02
3.655920888111432419e+02 2.430925845979905944e+02
3.660086545346139815e+02 2.441165038768195359e+02
3.664003147381648660e+02 2.451489203230168243e+02
3.667659489948219402e+02 2.461896020143489068e+02
3.671044822331067508e+02 2.472383109880449013e+02
3.674148525466109731e+02 2.482946907587928251e+02
3.676959833480979682e+02 2.493583044592692204e+02
3.679468182203049196e+02 2.504286276214752149e+02
3.681663946972487338e+02 2.515049722835302930e+02
3.683540650877287135e+02 2.525855205535937387e+02
3.685098720604859750e+02 2.536683526058851044e+02
3.686342535333194519e+02 2.547525902114717837e+02
3.687277478454661832e+02 2.558374113805963646e+02
3.687909963637441706e+02 2.569220427493641523e+02
3.688247273747317081e+02 2.580057671159297570e+02
3.688297369384046647e+02 2.590879276720247049e+02
3.688068533595451868e+02 2.601679291029112733e+02
3.687569168089290201e+02 2.612452679893490313e+02
3.686808018836169936e+02 2.623194443202669390e+02
3.685793746082080702e+02 2.633900723846557526e+02
3.684535036357210629e+02 2.644567746884041526e+02
3.683040392166651600e+02 2.655192168868670706e+02
3.681318019340956198e+02 2.665771223781881076e+02
3.679375826208778903e+02 2.676302517889292290e+02
3.677221412533584726e+02 2.686783912948324655e+02
3.674862160063212286e+02 2.697213326337881654e+02
3.672305115070610100e+02 2.707588891519425260e+02
3.669556550983235184e+02 2.717909535692635927e+02
3.666622938908557785e+02 2.728173274281156182e+02
3.663510048566785713e+02 2.738379035842448843e+02
3.660223218482867651e+02 2.748525782911698343e+02
3.656767966083453985e+02 2.758611820336393521e+02
3.653148840140470952e+02 2.768636565650021453e+02
3.649370514575875859e+02 2.778598645809863115e+02
3.645437191777144221e+02 2.788497040408068415e+02
3.641353055529236258e+02 2.798330447226928186e+02
3.637121573683634779e+02 2.808098317389636804e+02
3.632746655864465879e+02 2.817799138454012677e+02
3.628231491903502501e+02 2.827432112811395086e+02
3.623579265339078574e+02 2.836996069086124521e+02
3.618792661469083214e+02 2.846490222330739925e+02
3.613875080621922962e+02 2.855912998255952857e+02
3.608828839702760547e+02 2.865263966253056083e+02
3.603656705329700571e+02 2.874541808575226014e+02
3.598361048760461358e+02 2.883745505016373158e+02
3.592944135570710387e+02 2.892874072908630296e+02
3.587408600930820057e+02 2.901926350312363638e+02
3.581756289059878213e+02 2.910901868520412563e+02
3.575989767230745429e+02 2.919799193459425624e+02
3.570110770766103201e+02 2.928617660873318300e+02
3.564121471292094725e+02 2.937356394270890405e+02
3.558024423930567082e+02 2.946014916910847887e+02
3.551822120023031175e+02 2.954592811781762975e+02
3.545516747670272935e+02 2.963089817836927296e+02
3.539110525749229055e+02 2.971505505369894991e+02
3.532605652781589924e+02 2.979839475333639598e+02
3.526004314710515359e+02 2.988091424416229529e+02
3.519308419424318117e+02 2.996261202647941673e+02
3.512519943084122360e+02 3.004348484426364507e+02
3.505640779980628281e+02 3.012352944347705375e+02
3.498672788784682552e+02 3.020274296357794697e+02
3.491617810010321818e+02 3.028112308908703767e+02
3.484477342372777571e+02 3.035866937933275267e+02
3.477253296111295526e+02 3.043537730841962343e+02
3.469947112168620151e+02 3.051124571174038351e+02
3.462560544325939986e+02 3.058627059092575564e+02
3.455094687507931326e+02 3.066045254417916226e+02
3.447551361562825605e+02 3.073378592156179252e+02
3.439931869668839681e+02 3.080626894678799772e+02
3.432237512744891319e+02 3.087789908815960871e+02
3.424469587237330757e+02 3.094867290196140175e+02
3.416629329017898158e+02 3.101858659050918163e+02
3.408717736749109122e+02 3.108763738449266611e+02
3.400736184075311712e+02 3.115581952312633689e+02
3.392685852298060922e+02 3.122312852560372107e+02
3.384567350695455161e+02 3.128956171660760788e+02
3.376382044114475320e+02 3.135511000274125877e+02
3.368130525493078835e+02 3.141976921467048101e+02
3.359814050253011715e+02 3.148353054477017281e+02
3.351432858158381123e+02 3.154639088081243585e+02
3.342988426584120703e+02 3.160833680326526860e+02
3.334481031146433452e+02 3.166936109214003636e+02
3.325911329124891722e+02 3.172945336895506898e+02
3.317279857534059033e+02 3.178860360164026133e+02
3.308587519783999369e+02 3.184679914097904998e+02
3.299834651185583994e+02 3.190402696277250811e+02
3.291021615193769776e+02 3.196027153582078881e+02
3.282148807588371824e+02 3.201551690088998043e+02
3.273216614603044263e+02 3.206974692447602706e+02
3.264225336601011804e+02 3.212294492016501977e+02
3.255175387557125646e+02 3.217508863657785128e+02
3.246066797116708926e+02 3.222615567517939894e+02
3.236899730404534239e+02 3.227612263340222967e+02
3.227674220388627191e+02 3.232496641838320102e+02
3.218390574702120261e+02 3.237266108915259792e+02
3.209048919037074938e+02 3.241917454203212401e+02
3.199648681375460342e+02 3.246447500715786418e+02
3.190190067717635429e+02 3.250852674127066848e+02
3.180673128255825759e+02 3.255129502018805283e+02
3.171097792448147175e+02 3.259275093426995227e+02
3.161466261962087287e+02 3.263288276171049915e+02
3.151779727225181205e+02 3.267169082332548555e+02
3.142040831150546865e+02 3.270916932762489182e+02
3.132250865211197492e+02 3.274531819443876657e+02
3.122412247276274115e+02 3.278013461078725754e+02
3.112527135012687154e+02 3.281362478535457967e+02
3.102597685175654760e+02 3.284579626934564089e+02
3.092626670964464779e+02 3.287665475539520230e+02
3.082615972285484531e+02 3.290620918390918632e+02
3.072568198852748083e+02 3.293446938219468620e+02
3.062486333276365258e+02 3.296145580213034236e+02
3.052373024927410938e+02 3.298719203232387827e+02
3.042231124728618283e+02 3.301170082182466672e+02
3.032063597835119708e+02 3.303500512825602300e+02
3.021873183733508768e+02 3.305713355693748667e+02
3.011663007511810974e+02 3.307812520034583486e+02
3.001436505760709110e+02 3.309802056373962387e+02
2.991196752610039766e+02 3.311686152963654877e+02
2.980946715111035132e+02 3.313469024926611155e+02
2.970689355202312072e+02 3.315155255059646038e+02
2.960427949462862784e+02 3.316750165245212543e+02
2.950165590154044821e+02 3.318259257066844157e+02
2.939905161781960601e+02 3.319688080437333610e+02
2.929649441373890113e+02 3.321042216732755605e+02
2.919401012894219321e+02 3.322327314698766259e+02
2.909162516393124065e+02 3.323549198329365026e+02
2.898936256658971047e+02 3.324713752356306031e+02
2.888724454705139806e+02 3.325826912254939884e+02
2.878529333458050132e+02 3.326895053210413380e+02
2.868352600779053887e+02 3.327924667784574240e+02
2.858195496430510048e+02 3.328921935774326357e+02
2.848059080750941803e+02 3.329892981780624268e+02
2.837944272110785846e+02 3.330843936536770116e+02
2.827851857499987887e+02 3.331780866764290749e+02
2.817782273486243980e+02 3.332709384452173254e+02
2.807735707451291205e+02 3.333634424168455439e+02
2.797712226282215511e+02 3.334560863383945275e+02
2.787711830643626740e+02 3.335493509303684050e+02
2.777734267452731842e+02 3.336437247432558593e+02
2.767779168771605214e+02 3.337396441759320851e+02
2.757846000818052516e+02 3.338374950166272583e+02
2.747934138638480590e+02 3.339376566317145603e+02
2.738042672821540009e+02 3.340405198055830738e+02
2.728170882226740446e+02 3.341464594715041585e+02
2.718317909771401446e+02 3.342558358145017223e+02
2.708482478829226920e+02 3.343690177993150314e+02
2.698663691905017572e+02 3.344863511745347751e+02
2.688860264684633989e+02 3.346081882985728271e+02
2.679070761061418580e+02 3.347348483791990361e+02
2.669293363279780351e+02 3.348662178912111926e+02
2.659525237266670956e+02 3.350019322251373524e+02
2.649764478586424730e+02 3.351415824877469163e+02
2.640008363334869159e+02 3.352847885938294326e+02
2.630255225722455066e+02 3.354311343591209607e+02
2.620502667054873882e+02 3.355802684476984155e+02
2.610749121522492260e+02 3.357318333684401068e+02
2.600992689413714629e+02 3.358854772311805732e+02
2.591231626838434181e+02 3.360408443958388602e+02
2.581464489924736085e+02 3.361975643229577031e+02
2.571689635072805231e+02 3.363552709909434952e+02
2.561905613956478192e+02 3.365135933677869957e+02
2.552111126911947849e+02 3.366721523859815761e+02
2.542304902360730807e+02 3.368305646882927249e+02
2.532485772095107848e+02 3.369884360325183934e+02
2.522652568324856759e+02 3.371453431069009525e+02
2.512804272458331241e+02 3.373008467898807226e+02
2.502939964807916908e+02 3.374545024809796701e+02
2.493058808807393518e+02 3.376058611013789346e+02
2.483160087460571788e+02 3.377544591887330512e+02
2.473243125838146739e+02 3.378997939940625201e+02
2.463307390473376302e+02 3.380413474514890027e+02
2.453352477099145688e+02 3.381785964578182302e+02
2.443378109301904431e+02 3.383110113248232551e+02
2.433384119378715411e+02 3.384380502724957296e+02
2.423370427067027322e+02 3.385591518921348211e+02
2.413337190585635881e+02 3.386737296825975818e+02
2.403284606894276010e+02 3.387812102072224434e+02
2.393213088018931103e+02 3.388809977378678582e+02
2.383123166837283975e+02 3.389725093557242417e+02
2.373015531241175324e+02 3.390551551706269038e+02
2.362891019888944584e+02 3.391283416170910527e+02
2.352750625093460428e+02 3.391914697256861473e+02
2.342595550397648481e+02 3.392439427795314373e+02
2.332427113657668656e+02 3.392851680090922741e+02
2.322246769069417667e+02 3.393145741879767456e+02
2.312056211193241495e+02 3.393315965664784812e+02
2.301857269670727248e+02 3.393356662853558419e+02
2.291651932566803396e+02 3.393262086042777241e+02
2.281442343597557567e+02 3.393026587814118216e+02
2.271230966127839963e+02 3.392644950106761712e+02
2.261020216888853724e+02 3.392111863000355925e+02
2.250812813589659811e+02 3.391421995081408909e+02
2.240611808129163762e+02 3.390570075434239357e+02
2.230420272638667996e+02 3.389550854846835364e+02
2.220241565662338701e+02 3.388359290162374577e+02
2.210079284559639063e+02 3.386990351178482683e+02
2.199937155736300838e+02 3.385438912649242411e+02
2.189819455946538653e+02 3.383700050418657952e+02
2.179729807318242365e+02 3.381771383923300505e+02
2.169671279303294966e+02 3.379654401109600599e+02
2.159646621290149255e+02 3.377350653974067427e+02
2.149659083579319940e+02 3.374861875506630327e+02
2.139711534086318068e+02 3.372189553275576372e+02
2.129807026749527097e+02 3.369334925855799838e+02
2.119948827038917898e+02 3.366298999856020941e+02
2.110140348801307937e+02 3.363082782232502836e+02
2.100384659074076694e+02 3.359686909305198128e+02
2.090685533295586254e+02 3.356112279172496642e+02
2.081046436241364290e+02 3.352359445487682024e+02
2.071471111530730695e+02 3.348428869417405167e+02
2.061963405822894515e+02 3.344320901275584106e+02
2.052527314293042480e+02 3.340035790640960158e+02
2.043167140315247252e+02 3.335573843215925649e+02
2.033887111878665621e+02 3.330935151713212576e+02
2.024691737559076898e+02 3.326119779616131495e+02
2.015585793176695120e+02 3.321127782200642855e+02
2.006574249273880071e+02 3.315959175041846834e+02
1.997662041499303882e+02 3.310613607021556959e+02
1.988854869917921633e+02 3.305091269420595950e+02
1.980158133624401842e+02 3.299391949131017441e+02
1.971577754199747403e+02 3.293515578996249360e+02
1.963119793511927753e+02 3.287461899280419289e+02
1.954790875374994528e+02 3.281231018868368210e+02
1.946597489442378617e+02 3.274822717520272590e+02
1.938546676009700604e+02 3.268237095521162132e+02
1.930645735998476198e+02 3.261474373871411103e+02
1.922902200392587417e+02 3.254534868052132879e+02
1.915323786842227776e+02 3.247418788818594066e+02
1.907918668852968551e+02 3.240126909710641030e+02
1.900695072818357403e+02 3.232660055497531175e+02
1.893661472612849366e+02 3.225019345848768921e+02
1.886826511597321598e+02 3.217206371212661793e+02
1.880198816379377718e+02 3.209222810789744926e+02
1.873787142462393263e+02 3.201070885976727141e+02
1.867600151720610597e+02 3.192753314805733567e+02
1.861646297598792046e+02 3.184273235296993789e+02
1.855933741263209811e+02 3.175634412655543315e+02
1.850470230352974284e+02 3.166840837253918721e+02
1.845263011598870264e+02 3.157897478472662556e+02
1.840318626390835277e+02 3.148809282578538955e+02
1.835642850765996172e+02 3.139582248067774799e+02
1.831240435330576588e+02 3.130222480457019856e+02
