1.829561498737164413e+02 3.119670583394272967e+02
1.825246571536863485e+02 3.110353478356156529e+02
1.821175299661689451e+02 3.100902290194853776e+02
1.817349196725096476e+02 3.091323157415046694e+02
1.813768950299818528e+02 3.081621996544565718e+02
1.810434579992276554e+02 3.071805495757839708e+02
1.807345610050133189e+02 3.061880440643388965e+02
1.804501130341657529e+02 3.051853947264917792e+02
1.801899785941441792e+02 3.041733376878614763e+02
1.799539813003475217e+02 3.031526211270867179e+02
1.797419213313513353e+02 3.021239743024299287e+02
1.795535742942403772e+02 3.010881543030425291e+02
1.793887275257467309e+02 3.000458723268255312e+02
1.792471549997138709e+02 2.989978568297622132e+02
1.791286153867706332e+02 2.979448260781512658e+02
1.790328717935237250e+02 2.968874544306776784e+02
1.789596745239164761e+02 2.958264347129052112e+02
1.789087770477236745e+02 2.947624096855230960e+02
1.788799301736659402e+02 2.936960315579825647e+02
1.788728903465338362e+02 2.926279273685345856e+02
1.788874386741732110e+02 2.915586732798307708e+02
1.789233282504582121e+02 2.904888892247413992e+02
1.789803026696307882e+02 2.894191275845608402e+02
1.790581201792301442e+02 2.883499223454335265e+02
1.791565495979473042e+02 2.872818050998591843e+02
1.792753649693657678e+02 2.862153054726622372e+02
1.794143336044708690e+02 2.851508998323070045e+02
1.795731885385113742e+02 2.840890483271092535e+02
1.797516671963215060e+02 2.830302094201047112e+02
1.799495197436265528e+02 2.819748255970383752e+02
1.801665468719826322e+02 2.809232618155699015e+02
1.804024563599157318e+02 2.798759978814861711e+02
1.806569833002119765e+02 2.788333449711838057e+02
1.809298515839969070e+02 2.777956651196110442e+02
1.812207970837087601e+02 2.767633085466392799e+02
1.815295662683592184e+02 2.757366134541680367e+02
1.818559232352637309e+02 2.747158353914169879e+02
1.821995298110061015e+02 2.737013454975864875e+02
1.825601469128757799e+02 2.726933425589953117e+02
1.829375039889559673e+02 2.716921095654283249e+02
1.833313348647400858e+02 2.706979223727400381e+02
1.837413957681896761e+02 2.697109953181911237e+02
1.841674229718466620e+02 2.687315607893211222e+02
1.846091459701396218e+02 2.677598638741522450e+02
1.850663539789021286e+02 2.667960717060088314e+02
1.855387837107764426e+02 2.658404418084774079e+02
1.860262635490892933e+02 2.648931202740762956e+02
1.865285434758627332e+02 2.639543838125807724e+02
1.870454512384027339e+02 2.630243993224096357e+02
1.875767965100907304e+02 2.621033741095611731e+02
1.881223786587252391e+02 2.611915026686748433e+02
1.886818401823991564e+02 2.602888710812212594e+02
1.892547589298584683e+02 2.593954741264620338e+02
1.898406920257639854e+02 2.585113353742130471e+02
1.904392101662541847e+02 2.576364584832290916e+02
1.910499645755218694e+02 2.567707712294027829e+02
1.916725440619658229e+02 2.559143543245263004e+02
1.923066637482949943e+02 2.550671724595198953e+02
1.929520236401334614e+02 2.542292244129205301e+02
1.936082829269975321e+02 2.534005536803493044e+02
1.942751688598722808e+02 2.525811336200125368e+02
1.949524131436892560e+02 2.517709763849367732e+02
1.956397611288295195e+02 2.509700962063540146e+02
1.963369642452364019e+02 2.501785041897293809e+02
1.970437797527687565e+02 2.493962085598534770e+02
1.977599721731188538e+02 2.486232148502507471e+02
1.984853426578067115e+02 2.478595078376094420e+02
1.992196226187952846e+02 2.471051415376379907e+02
1.999626157310798362e+02 2.463600974330497877e+02
2.007141574926521344e+02 2.456243427419434795e+02
2.014739588046274434e+02 2.448979517904597287e+02
2.022418865201452434e+02 2.441808431416960730e+02
2.030176599317510977e+02 2.434730675922077126e+02
2.038011532684837448e+02 2.427745438174227104e+02
2.045920847961766071e+02 2.420853266513222195e+02
2.053902970571985804e+02 2.414053521171750560e+02
2.061955872113217936e+02 2.407345757063868916e+02
2.070076990748301569e+02 2.400729854204798812e+02
2.078264457421814768e+02 2.394205126849651890e+02
2.086516216119921410e+02 2.387771098519897919e+02
2.094830240442238107e+02 2.381427154507155137e+02
2.103204204773941228e+02 2.375172530964759972e+02
2.111635817723001765e+02 2.369006363081893767e+02
2.120122960880702863e+02 2.362927678505365066e+02
2.128663503592405561e+02 2.356935538277940907e+02
2.137255279279077058e+02 2.351028875832443816e+02
2.145895984155566225e+02 2.345206365918666336e+02
2.154583351427531284e+02 2.339466620926001781e+02
2.163315178066537783e+02 2.333808222543380566e+02
2.172089324302415889e+02 2.328229721629190863e+02
2.180903721592552529e+02 2.322729507475305866e+02
2.189756043702000170e+02 2.317305861317923643e+02
2.198644133514036980e+02 2.311956927028637949e+02
2.207565931575687728e+02 2.306680809220537753e+02
2.216519431731284726e+02 2.301475595832010868e+02
2.225502657311350276e+02 2.296339272342501090e+02
2.234513785777178043e+02 2.291269641465551956e+02
2.243550716033554409e+02 2.286264619545688106e+02
2.252611687385647485e+02 2.281321931042591586e+02
2.261695039715739028e+02 2.276439308603455061e+02
2.270799799930283029e+02 2.271615209903827406e+02
2.279925351936823006e+02 2.266849162317566879e+02
2.289071300586418261e+02 2.262140654632101473e+02
2.298237396806217987e+02 2.257489158951013621e+02
2.307423477051460452e+02 2.252894194856455385e+02
2.316628985748430125e+02 2.248355484934913306e+02
2.325853925076197015e+02 2.243872638287834604e+02
2.335098389332012516e+02 2.239445355759529264e+02
2.344361906859002147e+02 2.235073488380536162e+02
2.353644558455923175e+02 2.230756694553860200e+02
2.362946568817660591e+02 2.226494785426350802e+02
2.372267609767430372e+02 2.222287754118793828e+02
2.381607911423155883e+02 2.218135425002034538e+02
2.390967786760843978e+02 2.214037727554933213e+02
2.400346968650585779e+02 2.209994687955660595e+02
2.409745871282949565e+02 2.206006241007706876e+02
2.419164780454028971e+02 2.202072498072944597e+02
2.428603666196913480e+02 2.198193587745963100e+02
2.438063053594951555e+02 2.194369574337895585e+02
2.447543119676752497e+02 2.190600643340123952e+02
2.457044081750516966e+02 2.186886990499703813e+02
2.466566591609100669e+02 2.183228868692666538e+02
2.476110704888022553e+02 2.179626608087132524e+02
2.485676881544838466e+02 2.176080453613998884e+02
2.495264186977420877e+02 2.172590479562160795e+02
2.504870869870310059e+02 2.169156058881022773e+02
2.514497084652693388e+02 2.165776052825114846e+02
2.524142622911623164e+02 2.162449391872706315e+02
2.533807345837682590e+02 2.159174960637082563e+02
2.543491571658964006e+02 2.155951723883273701e+02
2.553194878546155167e+02 2.152778751668166706e+02
2.562917618978112273e+02 2.149655110211417650e+02
2.572659815407328665e+02 2.146579965526799469e+02
2.582421357714272858e+02 2.143552451117233488e+02
2.592202723074869937e+02 2.140571784419144876e+02
2.602003627639813885e+02 2.137637338643811802e+02
2.611824512566398653e+02 2.134748513369508203e+02
2.621665530455578619e+02 2.131904795987089187e+02
2.631526637435430303e+02 2.129105646921708512e+02
2.641408448783614062e+02 2.126350640235563105e+02
2.651310711694650308e+02 2.123639554977987416e+02
2.661233991179470877e+02 2.120972219262080216e+02
2.671178486419506726e+02 2.118348544138406737e+02
2.681144199143883498e+02 2.115768413782974164e+02
2.691131831712178268e+02 2.113231880406444532e+02
2.701141141738319789e+02 2.110739308044615541e+02
2.711172720372225626e+02 2.108291134508847335e+02
2.721226869331683815e+02 2.105887883793070330e+02
2.731303489245992182e+02 2.103530051451589884e+02
2.741403348104427096e+02 2.101219051167713303e+02
2.751526615799456295e+02 2.098958697691600150e+02
2.761673741149471084e+02 2.096753216674193538e+02
2.771845451821037614e+02 2.094606950741067806e+02
2.782041304127414492e+02 2.092524207911601763e+02
2.792261576735756989e+02 2.090509194259325909e+02
2.802506502330795684e+02 2.088565952192882662e+02
2.812775185147393131e+02 2.086698418534261350e+02
2.823067563416307735e+02 2.084910562967328360e+02
2.833383391180439048e+02 2.083206438394498434e+02
2.843721725751083795e+02 2.081589810164526568e+02
2.854081858904008300e+02 2.080063968014369777e+02
2.864463086767904656e+02 2.078632186595995393e+02
2.874864717825450384e+02 2.077297798227076271e+02
2.885285398167239919e+02 2.076064073324789376e+02
2.895724142337683134e+02 2.074933935418381452e+02
2.906179878348641523e+02 2.073909762554884537e+02
2.916651408117073743e+02 2.072993893313407341e+02
2.927137475726871116e+02 2.072188674814491947e+02
2.937636856445013223e+02 2.071496471078108925e+02
2.948148025382084256e+02 2.070919219097091855e+02
2.958669645834810922e+02 2.070458369462034796e+02
2.969200356800191116e+02 2.070115356365905370e+02
2.979738722712444883e+02 2.069891620261649621e+02
2.990283275642981948e+02 2.069788597159633809e+02
3.000832541230108177e+02 2.069807411663890377e+02
3.011385110338369486e+02 2.069948871200768963e+02
3.021939536676127318e+02 2.070213781338953538e+02
3.032494127185050274e+02 2.070602902552617195e+02
3.043047468042821606e+02 2.071117041922284159e+02
3.053598044653788293e+02 2.071756841111422887e+02
3.064144512601143333e+02 2.072522853807241177e+02
3.074685365845405727e+02 2.073415627677899522e+02
3.085218592678170921e+02 2.074435577280436576e+02
3.095743299863030984e+02 2.075583398959339263e+02
3.106257531462053976e+02 2.076859635835472204e+02
3.116759728205276474e+02 2.078264944765795690e+02
3.127248429708792514e+02 2.079800047276742418e+02
3.137721908730765676e+02 2.081465628523733074e+02
3.148178228585047691e+02 2.083262339518634008e+02
3.158616299398811407e+02 2.085191416008915724e+02
3.169033588330154316e+02 2.087253903314122567e+02
3.179428409059790397e+02 2.089451075919836853e+02
3.189798897427700126e+02 2.091784215172344261e+02
3.200143004383831453e+02 2.094254666016689157e+02
3.210458454208983312e+02 2.096864414877445597e+02
3.220742795981141740e+02 2.099615769575442528e+02
3.230993471435201059e+02 2.102511039647717439e+02
3.241207810887610776e+02 2.105552531884907808e+02
3.251383352101153150e+02 2.108742420308497572e+02
3.261517614937278040e+02 2.112081113346499706e+02
3.271608096330138551e+02 2.115568247746559507e+02
3.281653532777118585e+02 2.119204030680994890e+02
3.291650554031046454e+02 2.122987867300254550e+02
3.301597521962357291e+02 2.126919922775690850e+02
3.311492149670972935e+02 2.131000588267848741e+02
3.321331224675705585e+02 2.135229987831583003e+02
3.331112427038528949e+02 2.139608661910027934e+02
3.340832953631592090e+02 2.144137026342975787e+02
3.350490033276436179e+02 2.148815549307560389e+02
3.360080818116177284e+02 2.153644613328318655e+02
3.369601820181900962e+02 2.158624268503868961e+02
3.379050650910243121e+02 2.163755223573503201e+02
3.388423332447763414e+02 2.169037439485038306e+02
3.397717288754553238e+02 2.174471529504497767e+02
3.406928778773539079e+02 2.180056936677868578e+02
3.416054644964470981e+02 2.185793323300272277e+02
3.425091513973393944e+02 2.191680340573738590e+02
3.434036147848460132e+02 2.197717877979865477e+02
3.442884317285504494e+02 2.203904891923681362e+02
3.451633332695738545e+02 2.210240337950323521e+02
3.460279528388314247e+02 2.216722484468670586e+02
3.468819757588471475e+02 2.223350068376091428e+02
3.477250335549307465e+02 2.230121618802673140e+02
3.485567660409392374e+02 2.237035300104038811e+02
3.493768546430461015e+02 2.244088430178734939e+02
3.501850019356982671e+02 2.251278473447330839e+02
3.509808747338764192e+02 2.258602786559000322e+02
3.517641533026900333e+02 2.266059043331771363e+02
3.525344750612514986e+02 2.273644139163830573e+02
3.532915852671544599e+02 2.281355069262444886e+02
3.540351446222597360e+02 2.289188084914997035e+02
3.547648884430479939e+02 2.297140382719362890e+02
3.554804713873998594e+02 2.305208602261987778e+02
3.561815947916614959e+02 2.313389747380457209e+02
3.568679493211917588e+02 2.321680422762631224e+02
3.575392434311771126e+02 2.330077709654325417e+02
3.581951340920635403e+02 2.338578278878955246e+02
3.588353181937754357e+02 2.347179621431794487e+02
3.594594448788082559e+02 2.355879029586154161e+02
3.600671557986701714e+02 2.364673976922694294e+02
3.606581043920390925e+02 2.373562570085881305e+02
3.612319011706230754e+02 2.382542511213336240e+02
3.617881781720749359e+02 2.391612186307659442e+02
3.623265263788522930e+02 2.400770049535152566e+02
3.628465233282732356e+02 2.410015363054831425e+02
3.633477149654306118e+02 2.419346787930664959e+02
3.638296791651775379e+02 2.428763957202246502e+02
3.642919569501858632e+02 2.438266431113326860e+02
3.647337180215371859e+02 2.447856017858752864e+02
3.651537623762736757e+02 2.457536200387585268e+02
3.655508425387838543e+02 2.467309187103395516e+02
3.659237050113845271e+02 2.477176706920805316e+02
3.662710828506471898e+02 2.487139305909300901e+02
3.665916987421093722e+02 2.497196432597519049e+02
3.668842885585132194e+02 2.507346354879175578e+02
3.671476495954250936e+02 2.517585674205171529e+02
3.673809301165969714e+02 2.527903074225878584e+02
3.675838618064281036e+02 2.538285076068167996e+02
3.677564547819686709e+02 2.548723633173437122e+02
3.678988257576666570e+02 2.559210537294459300e+02
3.680111960424171116e+02 2.569737454107221879e+02
3.680938824763820776e+02 2.580296041265598319e+02
3.681472862161305670e+02 2.590878048329241778e+02
3.681718755257497264e+02 2.601475399753364286e+02
3.681681621627450909e+02 2.612080505047987913e+02
3.681367174939270512e+02 2.622685670055005858e+02
3.680781318329485430e+02 2.633283986098467153e+02
3.679930261946475412e+02 2.643868576809571209e+02
3.678820432054279763e+02 2.654432918446566987e+02
3.677458268568412905e+02 2.664971002362435115e+02
3.675850142452854357e+02 2.675477196583464092e+02
3.674002322504588278e+02 2.685946167554761246e+02
3.671921073336807240e+02 2.696372727083982568e+02
3.669612675750138351e+02 2.706752026809438121e+02
3.667082864371088817e+02 2.717080068214498851e+02
3.664337659007427419e+02 2.727352161555090220e+02
3.661382507686398640e+02 2.737564563318322826e+02
3.658222560252806943e+02 2.747713703042595057e+02
3.654863399849754728e+02 2.757795606963917407e+02
3.651309785193614630e+02 2.767807484056808107e+02
3.647566620152276187e+02 2.777745930048091623e+02
3.643638381644225319e+02 2.787607982705308700e+02
3.639529586642372010e+02 2.797390542984682611e+02
3.635244226735393340e+02 2.807091398804913638e+02
3.630786747796179270e+02 2.816707554083702689e+02
3.626160903966227238e+02 2.826236777824221349e+02
3.621370433103305686e+02 2.835676573530967062e+02
3.616418597161425055e+02 2.845024885552894602e+02
3.611309347981139695e+02 2.854279018358519693e+02
3.606045605625082544e+02 2.863437403079459500e+02
3.600630694162863961e+02 2.872497708924661310e+02
3.595067550850602629e+02 2.881457934058560681e+02
3.589358938563292440e+02 2.890316115728850832e+02
3.583507805949752765e+02 2.899070076442851587e+02
3.577516346875525528e+02 2.907718266706796157e+02
3.571387400125634599e+02 2.916258308200903002e+02
3.565123050581335065e+02 2.924688528140649737e+02
3.558726585282615815e+02 2.933007749837769325e+02
3.552203212215199528e+02 2.941216543122155826e+02
3.545558176005301334e+02 2.949315810405067282e+02
3.538796357574139506e+02 2.957306696902859358e+02
3.531922563026146804e+02 2.965190309739486452e+02
3.524941339599189973e+02 2.972967754336852408e+02
3.517856900786774190e+02 2.980640090863614091e+02
3.510673130554237673e+02 2.988208545586696800e+02
3.503393891692768420e+02 2.995674267264361106e+02
3.496022903981241257e+02 3.003038463987551268e+02
3.488563710980685642e+02 3.010302358153749083e+02
3.481019673426058603e+02 3.017467164770154682e+02
3.473393819109442120e+02 3.024534258139691474e+02
3.465689423963896729e+02 3.031504760913622363e+02
3.457909352534273353e+02 3.038380067511700986e+02
3.450056629871930909e+02 3.045161404341251341e+02
3.442133738826081526e+02 3.051850315399208284e+02
3.434143618777225129e+02 3.058447960500861882e+02
3.426088791870054138e+02 3.064955785871277385e+02
3.417971726074108005e+02 3.071375208280459219e+02
3.409794884992428479e+02 3.077707668642461840e+02
3.401560685570296982e+02 3.083954666259181749e+02
3.393271335766089010e+02 3.090117776250502288e+02
3.384929228145722959e+02 3.096198425139780852e+02
3.376536586408192875e+02 3.102198152845322170e+02
3.368095325402418894e+02 3.108118717165485236e+02
3.359607836995943444e+02 3.113961647073107315e+02
3.351075996239270012e+02 3.119728756111711050e+02
3.342502006761036455e+02 3.125421642707795513e+02
3.333887441428047396e+02 3.131042203980033491e+02
3.325234640918426408e+02 3.136592025835303161e+02
3.316545301186816914e+02 3.142073126778165033e+02
3.307821259559788132e+02 3.147487380650017599e+02
3.299064224150127984e+02 3.152836690158609940e+02
3.290276047916446487e+02 3.158122892978338427e+02
3.281458369942779996e+02 3.163348020309621802e+02
3.272612846387029890e+02 3.168514109034688317e+02
3.263741077537896444e+02 3.173623199707776052e+02
3.254844586552444525e+02 3.178677344125335935e+02
3.245924801679577172e+02 3.183678609914516073e+02
3.236983272496150903e+02 3.188629067905569627e+02
3.228021351902772835e+02 3.193530888470077684e+02
3.219040372617369030e+02 3.198386221237490190e+02
3.210041523354703941e+02 3.203197234301633216e+02
3.201026060837349405e+02 3.207966051902629943e+02
3.191995238804569794e+02 3.212694834071946275e+02
3.182949963592058111e+02 3.217385824186947616e+02
3.173891384399792059e+02 3.222041155603541256e+02
3.164820496124692681e+02 3.226663031156437000e+02
3.155737826340226775e+02 3.231253316168538277e+02
3.146643383880265787e+02 3.235812065924495187e+02
3.137536313640864591e+02 3.240338966261290352e+02
3.128416402523779993e+02 3.244833498264082436e+02
3.119282855010752655e+02 3.249295274460566816e+02
3.110135331333513591e+02 3.253723724456036166e+02
3.100973225094804775e+02 3.258118281511244163e+02
3.091795892446957055e+02 3.262478301411732673e+02
3.082603011357791161e+02 3.266803069344875325e+02
3.073393851812448361e+02 3.271091929095030650e+02
3.064167973386556127e+02 3.275344093756722827e+02
3.054924928141099372e+02 3.279558757138089504e+02
3.045664079055463844e+02 3.283735100218294178e+02
3.036384931353515526e+02 3.287872221914996089e+02
3.027087122094573033e+02 3.291969205212857901e+02
3.017770092454646829e+02 3.296025140206422748e+02
3.008433270373669188e+02 3.300039027753136907e+02
2.999076342233106516e+02 3.304009812469380449e+02
2.989698843558356316e+02 3.307936465927351151e+02
2.980300315140427188e+02 3.311817917558655608e+02
2.970880268326262126e+02 3.315653045977554143e+02
2.961438386028041805e+02 3.319440675344097826e+02
2.951974315182494024e+02 3.323179634757143504e+02
2.942487646233259966e+02 3.326868729639587059e+02
2.932978029681919452e+02 3.330506720716825839e+02
2.923445018494057308e+02 3.334092328746494900e+02
2.913888530052180954e+02 3.337624231127251164e+02
2.904308172820001914e+02 3.341101139692365791e+02
2.894703769707227821e+02 3.344521710474855354e+02
2.885076216792957098e+02 3.347884707279287113e+02
2.875426297958712780e+02 3.351189272255741685e+02
2.865754291798472195e+02 3.354434774282134981e+02
2.856060247365526266e+02 3.357620598053335357e+02
2.846344308842529358e+02 3.360746081909587133e+02
2.836606512577496915e+02 3.363810531425647241e+02
2.826847223582327047e+02 3.366813234122935228e+02
2.817066584248574372e+02 3.369753515640326782e+02
2.807264766041251391e+02 3.372630665446483249e+02
2.797441846583557208e+02 3.375443930624142581e+02
2.787598257430433364e+02 3.378192534289412379e+02
2.777734208338107464e+02 3.380875742420419670e+02
2.767849869314530338e+02 3.383492797311961908e+02
2.757945432279508395e+02 3.386042894081650729e+02
2.748021454853853811e+02 3.388525229793154381e+02
2.738078045184557254e+02 3.390939016893954090e+02
2.728115380372746017e+02 3.393283413424872492e+02
2.718134159998536461e+02 3.395557602654685638e+02
2.708134398274465866e+02 3.397760774525117995e+02
2.698116563130054715e+02 3.399892054107528452e+02
2.688081162563842668e+02 3.401950597247227961e+02
2.678028224383359657e+02 3.403935606708465684e+02
2.667958718625957317e+02 3.405846354040440360e+02
2.657872433522753681e+02 3.407682080809942704e+02
2.647770500565493990e+02 3.409442019957715502e+02
2.637652694248675402e+02 3.411125378349931339e+02
2.627520097080345067e+02 3.412731369592265764e+02
2.617372755293533260e+02 3.414259207330362074e+02
2.607211343228907481e+02 3.415708059629024547e+02
2.597036464276425249e+02 3.417077114094488479e+02
2.586848374499827514e+02 3.418365500632176008e+02
2.576647810019729263e+02 3.419572351207272050e+02
2.566435357945072155e+02 3.420696810342456615e+02
2.556211497777106558e+02 3.421737985445632262e+02
2.545976817891523751e+02 3.422694953893349066e+02
2.535731874249843827e+02 3.423566761890803036e+02
2.525477394782179204e+02 3.424352458027929060e+02
2.515214006811575871e+02 3.425051073927937750e+02
2.504942345235588448e+02 3.425661609939645018e+02
2.494663098213644616e+02 3.426183041430270464e+02
2.484376899500103093e+02 3.426614300166045837e+02
2.474084571241334345e+02 3.426954304614129683e+02
2.463786890502627500e+02 3.427201953844270292e+02
2.453484620859116774e+02 3.427356115871288580e+02
2.443178491192630588e+02 3.427415608960371856e+02
2.432869288550510305e+02 3.427379200778137260e+02
2.422558239313580657e+02 3.427245704699238900e+02
2.412245678748850821e+02 3.427013734007263110e+02
2.401933218089024535e+02 3.426682071853414868e+02
2.391621142974140639e+02 3.426249249645850341e+02
2.381311075712758338e+02 3.425713953320578185e+02
2.371003815858094015e+02 3.425074691192808132e+02
2.360700464208692324e+02 3.424329932602658459e+02
2.350402137699718992e+02 3.423478094161811782e+02
2.340110274261544419e+02 3.422517633677279036e+02
2.329826040985634279e+02 3.421446895118654652e+02
2.319550685310144615e+02 3.420264093386981017e+02
2.309285810157471133e+02 3.418967472269390555e+02
2.299032892912671286e+02 3.417555216882538502e+02
2.288793416138962868e+02 3.416025439854802812e+02
2.278568929665037786e+02 3.414376144442516647e+02
2.268361508483847047e+02 3.412605372285819385e+02
2.258172737109157424e+02 3.410710963526638011e+02
2.248004557735228843e+02 3.408690743873937663e+02
2.237859253268778161e+02 3.406542601309720339e+02
2.227738857557753533e+02 3.404264226517067868e+02
2.217645730793024086e+02 3.401853216596506400e+02
2.207582373327411176e+02 3.399307131209778845e+02
2.197551233475207937e+02 3.396623395003048813e+02
2.187555376670033240e+02 3.393799609293687354e+02
2.177597287175561860e+02 3.390834301692365216e+02
2.167679487783792069e+02 3.387727660914267176e+02
2.157804154069386300e+02 3.384479745194591374e+02
2.147974180965657354e+02 3.381090841500596298e+02
2.138191978854898991e+02 3.377560969701676186e+02
2.128460148416319555e+02 3.373890197558059185e+02
2.118781457601686498e+02 3.370078703981370722e+02
2.109158841228282881e+02 3.366126691923969361e+02
2.099594840146176296e+02 3.362033975352604784e+02
2.090092806859603058e+02 3.357800669861372285e+02
2.080655675273468432e+02 3.353426714865813096e+02
2.071286613710188078e+02 3.348912143806194308e+02
2.061988885255491084e+02 3.344256883865994041e+02
2.052765897714034224e+02 3.339460759235948899e+02
2.043621350457823667e+02 3.334523648614734270e+02
2.034558826044213049e+02 3.329445295586543807e+02
2.025582139882104968e+02 3.324225472322340806e+02
2.016695340582638494e+02 3.318863928532864520e+02
2.007902638432944116e+02 3.313360356301972729e+02
1.999208228231051692e+02 3.307714087128029519e+02
1.990616948023073292e+02 3.301924902677234854e+02
1.982133394272509577e+02 3.295992187753641360e+02
1.973762601612722563e+02 3.289915419393766456e+02
1.965509741821655609e+02 3.283693871213657189e+02
1.957380418483429878e+02 3.277327080879259711e+02
1.949380219242897851e+02 3.270814209035519298e+02
1.941515188672773036e+02 3.264154594704370425e+02
1.933791582549729640e+02 3.257347632125720907e+02
1.926215851200036298e+02 3.250392746553056327e+02
1.918794659062358789e+02 3.243289222655357094e+02
1.911535037409221047e+02 3.236036657608761402e+02
1.904444136188301400e+02 3.228634626126482203e+02
1.897529311584056870e+02 3.221082880831867783e+02
1.890798030486483867e+02 3.213381487503265248e+02
1.884257826036084680e+02 3.205530549699618632e+02
1.877916358534894243e+02 3.197530484977365859e+02
1.871781233399210578e+02 3.189382044156033089e+02
1.865859920379773200e+02 3.181086284059365994e+02
1.860159642555088908e+02 3.172644713128750595e+02
1.854687384049414334e+02 3.164059037806037509e+02
1.849449639463438757e+02 3.155331657381165087e+02
1.844452488807746704e+02 3.146465054820154137e+02
1.839701294249868226e+02 3.137462470453821197e+02
1.835200691014232461e+02 3.128327358984775515e+02
