1.793089145766115280e+02 3.135562850644555510e+02
1.788725670476562186e+02 3.124744218744726822e+02
1.784760262872100611e+02 3.113794993520241974e+02
1.781191987212361028e+02 3.102741279221339141e+02
1.778015633842157399e+02 3.091602673756606805e+02
1.775224406045610124e+02 3.080398865527479870e+02
1.772809733744776963e+02 3.069146874962627294e+02
1.770761990781273596e+02 3.057862660090627287e+02
1.769070629581960929e+02 3.046560953235365332e+02
1.767724364493271310e+02 3.035255054043382188e+02
1.766711474605613432e+02 3.023956179897388097e+02
1.766019980250229935e+02 3.012675192177625263e+02
1.765637839456935296e+02 3.001420595489429388e+02
1.765553075092721258e+02 2.990200492528373957e+02
1.765753800964329230e+02 2.979021899016402699e+02
1.766228485985034808e+02 2.967890185982855087e+02
1.766965838793477133e+02 2.956810635418571565e+02
1.767955041113052346e+02 2.945787070567316164e+02
1.769185603803347249e+02 2.934823180502497166e+02
1.770647456414200747e+02 2.923921881142641155e+02
1.772331160546982289e+02 2.913085008292999305e+02
1.774227459946399108e+02 2.902314983838018634e+02
1.776327678898054785e+02 2.891613084232112669e+02
1.778623622931950194e+02 2.880980270432019665e+02
1.781107475153815187e+02 2.870417416898061447e+02
1.783771735045163211e+02 2.859925302215881970e+02
1.786609434634761158e+02 2.849504077186618360e+02
1.789613959418777256e+02 2.839153870562458906e+02
1.792778970928046363e+02 2.828874830185854421e+02
1.796098448055346921e+02 2.818666933470573781e+02
1.799567074069330488e+02 2.808529351361075896e+02
1.803179120755594340e+02 2.798462664208288970e+02
1.806929779503056466e+02 2.788465888913171966e+02
1.810814262643245627e+02 2.778538672102598639e+02
1.814828014302449049e+02 2.768680596697974465e+02
1.818966702493099490e+02 2.758891184087077590e+02
1.823226577559511838e+02 2.749169390583068093e+02
1.827603343761249164e+02 2.739515415304392718e+02
1.832093706338652623e+02 2.729927985722987387e+02
1.836694155134524351e+02 2.720406654385571983e+02
1.841401299271133212e+02 2.710950958740365309e+02
1.846212159256447478e+02 2.701560047384724612e+02
1.851123767831780924e+02 2.692233341199150800e+02
1.856133159571504621e+02 2.682970409039958213e+02
1.861237922210194142e+02 2.673770254302240232e+02
1.866435257718287914e+02 2.664632634172952521e+02
1.871723117891658887e+02 2.655556458721963509e+02
1.877098836459917663e+02 2.646541654264119643e+02
1.882560416320155809e+02 2.637587335486693974e+02
1.888105768793869004e+02 2.628692957887963075e+02
1.893732935252508867e+02 2.619858004791658459e+02
1.899440405780495666e+02 2.611082200937026414e+02
1.905227105565338661e+02 2.602365285557550010e+02
1.911091784745294717e+02 2.593707333093136640e+02
1.917033266073423476e+02 2.585108377076539909e+02
1.923050936499836894e+02 2.576567987315570463e+02
1.929143370208114732e+02 2.568086735889959868e+02
1.935309946114233526e+02 2.559664330872197979e+02
1.941549921728860397e+02 2.551300810582189342e+02
1.947862216149419226e+02 2.542996604702572654e+02
1.954246230594778808e+02 2.534751679122406927e+02
1.960701245907749524e+02 2.526566243225813650e+02
1.967226578820622365e+02 2.518440534741078523e+02
1.973821580050459374e+02 2.510374819753651821e+02
1.980485632221876529e+02 2.502369392523764304e+02
1.987218154753174701e+02 2.494424569802811220e+02
1.994018818700948259e+02 2.486540532324940784e+02
2.000886706052922648e+02 2.478718021138924428e+02
2.007821458729679023e+02 2.470957260324147740e+02
2.014822983017089939e+02 2.463258405232724328e+02
2.021890153120777995e+02 2.455622505257610442e+02
2.029023188568347678e+02 2.448049474750308718e+02
2.036221075635577904e+02 2.440540347349639489e+02
2.043484094876030497e+02 2.433095119224490190e+02
2.050811169952182240e+02 2.425714950159984085e+02
2.058202314072430852e+02 2.418400087104440388e+02
2.065657287479141928e+02 2.411151124663920484e+02
2.073175366396773995e+02 2.403969017112372910e+02
2.080756415405500661e+02 2.396854265021280526e+02
2.088400103547521951e+02 2.389807595044782147e+02
2.096106168307133544e+02 2.382829726158953179e+02
2.103874223650670956e+02 2.375921500485403044e+02
2.111703898770724379e+02 2.369083754465653726e+02
2.119594943469326154e+02 2.362317269495044627e+02
2.127547046924178176e+02 2.355622908549795795e+02
2.135559900378271720e+02 2.349001564195310152e+02
2.143633199314325282e+02 2.342454163012325807e+02
2.151766636346969506e+02 2.335981658987736580e+02
2.159959899078617980e+02 2.329585032446579476e+02
2.168212668892691681e+02 2.323265290076849965e+02
2.176524720397820545e+02 2.317023427033969938e+02
2.184895608947229562e+02 2.310860603635954362e+02
2.193325004111896419e+02 2.304777912275131939e+02
2.201812589928970283e+02 2.298776462811484294e+02
2.210358009330546167e+02 2.292857413136240154e+02
2.218960899605635575e+02 2.287021960427609599e+02
2.227621086886084925e+02 2.281271272630237377e+02
2.236337901623413984e+02 2.275606786064186053e+02
2.245110989542373545e+02 2.270029746623202129e+02
2.253939961452117302e+02 2.264541431661475599e+02
2.262824204698663095e+02 2.259142550541422736e+02
2.271762207633375112e+02 2.253833339671741669e+02
2.280752669357304399e+02 2.248613834709680077e+02
2.289794483436069186e+02 2.243484005766477480e+02
2.298886644081596557e+02 2.238443839156479385e+02
2.308027408738797988e+02 2.233493573700069419e+02
2.317215820361869874e+02 2.228633037609367875e+02
2.326451042494143735e+02 2.223862113775736589e+02
2.335731265468119773e+02 2.219181043276713297e+02
2.345055596277444749e+02 2.214589642170271588e+02
2.354423282540291780e+02 2.210087747604010531e+02
2.363832514335931023e+02 2.205675520338759554e+02
2.373282466730914564e+02 2.201352703206508750e+02
2.382772427826610055e+02 2.197119115393462607e+02
2.392300601393774286e+02 2.192974890102849201e+02
2.401866378311084134e+02 2.188919689015296228e+02
2.411468825708251984e+02 2.184953348172084020e+02
2.421106412871340581e+02 2.181075823837718985e+02
2.430778651532828576e+02 2.177286767991250542e+02
2.440484356213912633e+02 2.173586079821132273e+02
2.450222373013268395e+02 2.169973553847708843e+02
2.459992327379777066e+02 2.166448826376486920e+02
2.469792699936055271e+02 2.163011809501782921e+02
2.479622767263851699e+02 2.159662150354045593e+02
2.489479266814507810e+02 2.156399706717843685e+02
2.499357694874792912e+02 2.153223631687762349e+02
2.509257308926408712e+02 2.150131818494409970e+02
2.519176712053132974e+02 2.147122319346212578e+02
2.529114694140702113e+02 2.144193085563468912e+02
2.539070869619832251e+02 2.141342011557470357e+02
2.549043539994134733e+02 2.138567188247152160e+02
2.559032404092581316e+02 2.135866472739981816e+02
2.569036603056353556e+02 2.133237885150495003e+02
2.579055122284026993e+02 2.130679410022621312e+02
2.589087929067695200e+02 2.128188988314851144e+02
2.599133768770858524e+02 2.125764741633294364e+02
2.609192582549548547e+02 2.123404664379007158e+02
2.619263888803585587e+02 2.121106871175537378e+02
2.629346982578886696e+02 2.118869451518529274e+02
2.639442145329621781e+02 2.116690510983739557e+02
2.649548435403120834e+02 2.114568328703746829e+02
2.659666110768737894e+02 2.112501125728448130e+02
2.669794962911896619e+02 2.110487228297569402e+02
2.679934596117790306e+02 2.108524933603622742e+02
2.690085545653457189e+02 2.106612628670755214e+02
2.700247181167161443e+02 2.104748912145737165e+02
2.710419964753990598e+02 2.102932387758226014e+02
2.720604047753690224e+02 2.101161753654094753e+02
2.730799184718063657e+02 2.099435682151027152e+02
2.741006147810892344e+02 2.097753616221080222e+02
2.751225024188415773e+02 2.096117046113526214e+02
2.761456294869526573e+02 2.094527801195151255e+02
2.771700805031123309e+02 2.092987826065882473e+02
2.781958240872953638e+02 2.091499037364582136e+02
2.792229138230328545e+02 2.090063378338002735e+02
2.802514052216523623e+02 2.088682933507362236e+02
2.812812461945044333e+02 2.087359728865043849e+02
2.823124738015017101e+02 2.086095829107621569e+02
2.833451105421917759e+02 2.084893391959064957e+02
2.843791168021556359e+02 2.083754519664283578e+02
2.854144810367235436e+02 2.082681270495110937e+02
2.864511944383727382e+02 2.081675744273881605e+02
2.874892511925496024e+02 2.080740108798169388e+02
2.885285858457161794e+02 2.079876484982950160e+02
2.895691695726455350e+02 2.079086942319229081e+02
2.906109660640998413e+02 2.078373455946455977e+02
2.916539273397637544e+02 2.077738010770229380e+02
2.926980001128947606e+02 2.077182611655263429e+02
2.937431338851910141e+02 2.076709298158572778e+02
2.947892498584389500e+02 2.076319949065392052e+02
2.958362841915589456e+02 2.076016293585335575e+02
2.968841692046721050e+02 2.075800076251976236e+02
2.979328289534357737e+02 2.075673058152422357e+02
2.989821830743046007e+02 2.075637011184331016e+02
3.000321482557182549e+02 2.075693544033914009e+02
3.010826442748821137e+02 2.075844104647786992e+02
3.021335854599622621e+02 2.076090154858188441e+02
3.031848617284476290e+02 2.076433121814734477e+02
3.042363863743781849e+02 2.076874482945310092e+02
3.052880621752117349e+02 2.077415530199182285e+02
3.063398062529059303e+02 2.078057447830072419e+02
3.073915194816183316e+02 2.078801422229571756e+02
3.084430546496686247e+02 2.079648519977285730e+02
3.094943661943743223e+02 2.080600067950303185e+02
3.105453129076106507e+02 2.081657040172574966e+02
3.115957922367855986e+02 2.082820366697197585e+02
3.126457109272253092e+02 2.084091046690079452e+02
3.136949508679022074e+02 2.085470055844832018e+02
3.147433748280687951e+02 2.086958310350194665e+02
3.157909340971247047e+02 2.088556905284126231e+02
3.168374502724244053e+02 2.090266526473639601e+02
3.178828276235026919e+02 2.092088092939833643e+02
3.189269563515513823e+02 2.094022550631650859e+02
3.199697137209896027e+02 2.096070846653554156e+02
3.210109756991554946e+02 2.098233885445823717e+02
3.220506160669916653e+02 2.100512567437982909e+02
3.230885053189070391e+02 2.102907827635713147e+02
3.241245103978178008e+02 2.105420636815062210e+02
3.251585226472772661e+02 2.108052026655082898e+02
3.261904085004909462e+02 2.110802326070540857e+02
3.272200220622464144e+02 2.113671545475649793e+02
3.282473477988760351e+02 2.116660312234761250e+02
3.292721561955416973e+02 2.119768468171936888e+02
3.302944012156552844e+02 2.122996643208064427e+02
3.313139809004675271e+02 2.126345572062276972e+02
3.323307010963464450e+02 2.129815694493557601e+02
3.333444681835344454e+02 2.133407942023604562e+02
3.343551427833333491e+02 2.137123170171846880e+02
3.353625934908710065e+02 2.140962403646855421e+02
3.363666782221196740e+02 2.144926865079595473e+02
3.373671844604667740e+02 2.149017535466251445e+02
3.383640336234710730e+02 2.153236207803529680e+02
3.393569687269700808e+02 2.157583902708468031e+02
3.403458981983567924e+02 2.162062670124089152e+02
3.413305651264973903e+02 2.166673963335390170e+02
3.423107798109037390e+02 2.171419729204921794e+02
3.432863315715798649e+02 2.176301988140937738e+02
3.442570356997007366e+02 2.181323151718608244e+02
3.452225611474999596e+02 2.186484936249688928e+02
3.461827257158910243e+02 2.191790245019142844e+02
3.471372040194549982e+02 2.197241364063523577e+02
3.480857438485422790e+02 2.202841287044638534e+02
3.490280183557475198e+02 2.208592818426286613e+02
3.499636774773704815e+02 2.214498885000719213e+02
3.508923441929182445e+02 2.220562560958319125e+02
3.518136544359326763e+02 2.226787365530192915e+02
3.527271774877074790e+02 2.233176691898948434e+02
3.536324983189076647e+02 2.239734467499144444e+02
3.545290692681859355e+02 2.246463962910344776e+02
3.554164354826245926e+02 2.253369712625116961e+02
3.562939457775398751e+02 2.260455040088297949e+02
3.571610726536699190e+02 2.267724839791621037e+02
3.580170987704398726e+02 2.275182870538918394e+02
3.588613423719500588e+02 2.282833771535568133e+02
3.596930073796014540e+02 2.290681740528270325e+02
3.605113001036855280e+02 2.298731687403283672e+02
3.613152475734610789e+02 2.306987257997378151e+02
3.621039374274220677e+02 2.315453442914320021e+02
3.628762875868131914e+02 2.324134156654361618e+02
3.636311354386012908e+02 2.333033007605729949e+02
3.643673124748129339e+02 2.342154385811994644e+02
3.650834375492319737e+02 2.351500653027229362e+02
3.657781365887785228e+02 2.361074902223547554e+02
3.664498772433772729e+02 2.370878688142541364e+02
3.670971081754778425e+02 2.380914051056581968e+02
3.677180372093689016e+02 2.391179454769761321e+02
3.683109401400005254e+02 2.401674629946926416e+02
3.688739287851591939e+02 2.412396474885354678e+02
3.694050891627645115e+02 2.423340250752235363e+02
3.699025141373943484e+02 2.434500113594399977e+02
3.703641972210860445e+02 2.445866216075569355e+02
3.707882173340014447e+02 2.457428263739912779e+02
3.711726602716244088e+02 2.469172957417730174e+02
3.715156942752894906e+02 2.481084366651000153e+02
3.718156184142494567e+02 2.493144156275772332e+02
3.720708861314726619e+02 2.505330313747067521e+02
3.722800620120025883e+02 2.517593323662884472e+02
3.724427659355799847e+02 2.529881521227157180e+02
3.725596612299499952e+02 2.542169796618834141e+02
3.726316876554166129e+02 2.554434844961790247e+02
3.726600141970849336e+02 2.566655174398014765e+02
3.726460019551713572e+02 2.578811336088747339e+02
3.725911669926576337e+02 2.590886047182488028e+02
3.724971535474059010e+02 2.602864245799426612e+02
3.723656729956674667e+02 2.614733915863278071e+02
3.721984941860556546e+02 2.626483836207021341e+02
3.719973750204052294e+02 2.638106290452677172e+02
3.717640733244239186e+02 2.649594380220074186e+02
3.715003346361454533e+02 2.660942907221133282e+02
3.712078518352500396e+02 2.672148633006585214e+02
3.708882498942641632e+02 2.683209684656715126e+02
3.705430828666358707e+02 2.694125213815179904e+02
3.701738494623955376e+02 2.704894917831415455e+02
3.697819893502774562e+02 2.715519401778531119e+02
3.693688073384108179e+02 2.726001228848584788e+02
3.689356175542932306e+02 2.736341442169873517e+02
3.684835988798873814e+02 2.746543105699019520e+02
3.680138505078853655e+02 2.756609524096982682e+02
3.675274815332647336e+02 2.766543042455274986e+02
3.670254399908222922e+02 2.776348083334305556e+02
3.665086776409319782e+02 2.786027852312297455e+02
3.659780599381116417e+02 2.795586236082896221e+02
3.654344286096466590e+02 2.805026757106462583e+02
3.648785048686726213e+02 2.814354044256782572e+02
3.643110514617579270e+02 2.823571361352657618e+02
3.637327221666375294e+02 2.832683009826542389e+02
3.631441575785967188e+02 2.841692796850200011e+02
3.625459183737912667e+02 2.850604980397457098e+02
3.619386145631191312e+02 2.859422705111395544e+02
3.613227149482502796e+02 2.868150461044916710e+02
3.606987303403132614e+02 2.876791659611034220e+02
3.600671159270173121e+02 2.885350042761951954e+02
3.594282941137727221e+02 2.893829280476134613e+02
3.587826883042706072e+02 2.902232628461321724e+02
3.581306289361302220e+02 2.910563981871438841e+02
3.574725114715544123e+02 2.918826218173891220e+02
3.568086398894589593e+02 2.927022939138977904e+02
3.561392526177591549e+02 2.935156679214886708e+02
3.554644226067973705e+02 2.943228649443261702e+02
3.547841968796611809e+02 2.951239770400514431e+02
3.540985986602678395e+02 2.959190946074655244e+02
3.534076578490401630e+02 2.967082783249958311e+02
3.527113976589204754e+02 2.974915711690286457e+02
3.520098303690590456e+02 2.982689997842498997e+02
3.513029470689094182e+02 2.990405901032603424e+02
3.505907489804417878e+02 2.998063416190161092e+02
3.498732342652577358e+02 3.005662433489010255e+02
3.491503984663764300e+02 3.013202744127536903e+02
3.484222348617460057e+02 3.020684045282154102e+02
3.476887118387368218e+02 3.028106086447288590e+02
3.469498358841010486e+02 3.035468208299679986e+02
3.462055786971882299e+02 3.042769941581371995e+02
3.454559424929325928e+02 3.050010532498826592e+02
3.447008803117214484e+02 3.057189526441824796e+02
3.439404077958688504e+02 3.064305917327167776e+02
3.431745023671833792e+02 3.071358944568690390e+02
3.424031447747669290e+02 3.078347730644312605e+02
3.416263235587908298e+02 3.085271327955106813e+02
3.408440300152716418e+02 3.092128764367075746e+02
3.400562392573262969e+02 3.098919099598579123e+02
3.392629595176496764e+02 3.105641120763581853e+02
3.384641872624619623e+02 3.112293682850203140e+02
3.376598829021946244e+02 3.118875826055866582e+02
3.368500759514261063e+02 3.125386135097033389e+02
3.360347363864831323e+02 3.131823544360266851e+02
3.352138897944715268e+02 3.138186601391648196e+02
3.343874826219849865e+02 3.144474268035764908e+02
3.335555724954861034e+02 3.150684803448901903e+02
3.327181280464409383e+02 3.156817002079707777e+02
3.318751499753936969e+02 3.162869387646392170e+02
3.310266307379586124e+02 3.168840488170584990e+02
3.301725954247805817e+02 3.174728625519028924e+02
3.293130342494583829e+02 3.180532206332882765e+02
3.284479457782602481e+02 3.186249494349181646e+02
3.275773322520086595e+02 3.191878706352438257e+02
3.267011961108879632e+02 3.197418031601027906e+02
3.258195348589901528e+02 3.202865618667001399e+02
3.249323653632950482e+02 3.208219296174287365e+02
3.240396774416866492e+02 3.213476929570029483e+02
3.231414724143595549e+02 3.218636295344825839e+02
3.222377408684551483e+02 3.223695183702663485e+02
3.213284980934050168e+02 3.228651172173996429e+02
3.204137537440417418e+02 3.233501473795344054e+02
3.194934620000532277e+02 3.238243366207242389e+02
3.185676418441722149e+02 3.242873803246171747e+02
3.176362993870266109e+02 3.247389821069642153e+02
3.166994360629092853e+02 3.251789044849745665e+02
3.157572733476900453e+02 3.256071094280366083e+02
3.148099527895826668e+02 3.260236743073604657e+02
3.138577373253079372e+02 3.264286278392947338e+02
3.129007721102813093e+02 3.268220461655479312e+02
3.119392920594605130e+02 3.272039758056116057e+02
3.109734917029611552e+02 3.275745084476264424e+02
3.100035598623902615e+02 3.279337394434813859e+02
3.090297383986347768e+02 3.282817492568407829e+02
3.080521897576955439e+02 3.286186454247099391e+02
3.070711319526522516e+02 3.289445284006253019e+02
3.060867938642361423e+02 3.292595443038865142e+02
3.050993707459653592e+02 3.295638565018800250e+02
3.041090765986186852e+02 3.298576200961187510e+02
3.031161374392064545e+02 3.301409913654680963e+02
3.021207506278292954e+02 3.304141558677090984e+02
3.011231278224639709e+02 3.306773412473207259e+02
3.001235104399955276e+02 3.309307783078676835e+02
2.991221094631289361e+02 3.311747087879172682e+02
2.981191291681947177e+02 3.314093749859508193e+02
2.971147705963491603e+02 3.316350368530163450e+02
2.961092585665998627e+02 3.318519905650741748e+02
2.951028041833053521e+02 3.320605433480399711e+02
2.940956033555466433e+02 3.322610050232079857e+02
2.930878479030131984e+02 3.324536860923511767e+02
2.920797163772447789e+02 3.326389063449996115e+02
2.910714076239743235e+02 3.328170060075541983e+02
2.900630881775632020e+02 3.329883318921322939e+02
2.890549265381052919e+02 3.331532326230258150e+02
2.880471242059224437e+02 3.333120914843642026e+02
2.870398471422491298e+02 3.334653309131509218e+02
2.860332200152880660e+02 3.336133849095716641e+02
2.850273480171205165e+02 3.337566864897575556e+02
2.840223284597098541e+02 3.338956682331638604e+02
2.830182461451353788e+02 3.340307583392163338e+02
2.820151751045979722e+02 3.341623753051994754e+02
2.810131712288683730e+02 3.342909170772551306e+02
2.800122811956607052e+02 3.344167786965923597e+02
2.790125430300282687e+02 3.345403495451455456e+02
2.780139833387983117e+02 3.346620256124431307e+02
2.770166163409365367e+02 3.347821800376762553e+02
2.760204443357497439e+02 3.349011620373806863e+02
2.750254614894004135e+02 3.350193160994403456e+02
2.740316465878498207e+02 3.351369962464013952e+02
2.730389803334747967e+02 3.352545450066536432e+02
2.720474319146455286e+02 3.353722870824502138e+02
2.710569468360170049e+02 3.354905506221127780e+02
2.700674835200053394e+02 3.356096462194370815e+02
2.690789787185802879e+02 3.357298886908351960e+02
2.680913567518347804e+02 3.358515702834362742e+02
2.671045053831415430e+02 3.359746721651740700e+02
2.661182515210576298e+02 3.360989988399329036e+02
2.651324700694494254e+02 3.362243198380841704e+02
2.641469935585872690e+02 3.363504282932413503e+02
2.631617106835426512e+02 3.364770862359735588e+02
2.621764700969424098e+02 3.366040895768791756e+02
2.611911654473283875e+02 3.367312189647527703e+02
2.602056725244287350e+02 3.368582590677183362e+02
2.592198761716296076e+02 3.369849922372923743e+02
2.582336782630724201e+02 3.371111883172682724e+02
2.572469702016881001e+02 3.372366249339409023e+02
2.562596547477249374e+02 3.373610777339598599e+02
2.552716431063036566e+02 3.374843153261457473e+02
2.542828481263938158e+02 3.376061025096808521e+02
2.532931886598564972e+02 3.377261977164473024e+02
2.523025842239890437e+02 3.378443533715224589e+02
2.513109626825423391e+02 3.379603152082337942e+02
2.503182570473941553e+02 3.380738240149380545e+02
2.493244046062808934e+02 3.381846165231519308e+02
2.483293489160407148e+02 3.382924208691027275e+02
2.473330357484750834e+02 3.383969519367851149e+02
2.463354180895027241e+02 3.384979173248310076e+02
2.453364552490371580e+02 3.385950197571221452e+02
2.443361126111736326e+02 3.386879554116611075e+02
2.433343606826951770e+02 3.387764113195066784e+02
2.423311753696182791e+02 3.388600664871899539e+02
2.413265415552619686e+02 3.389385772555730227e+02
2.403204503033161927e+02 3.390116127863141742e+02
2.393128972930852001e+02 3.390788191196223806e+02
2.383038907781614455e+02 3.391398512347962537e+02
2.372934423007375244e+02 3.391943453807600690e+02
2.362815724821586798e+02 3.392419310457047459e+02
2.352683093734029853e+02 3.392822310858247192e+02
2.342536945912233080e+02 3.393148692151222576e+02
2.332377727378195402e+02 3.393394614279628172e+02
2.322205963717102861e+02 3.393556179383292601e+02
2.312022349593146657e+02 3.393629494661945500e+02
2.301827630508718414e+02 3.393610603784491104e+02
2.291622625780464375e+02 3.393495466106655840e+02
2.281408236469856661e+02 3.393280004854398157e+02
2.271185630011009948e+02 3.392960315637171789e+02
2.260955842741816753e+02 3.392532340518958449e+02
2.250720124825546122e+02 3.391991964153438062e+02
2.240479972304666489e+02 3.391335092382096263e+02
2.230236800376903830e+02 3.390557597740811389e+02
2.219992214296900954e+02 3.389655493176379650e+02
2.209747952310206074e+02 3.388624749062101955e+02
2.199505757226369553e+02 3.387461178462536964e+02
2.189267837230414102e+02 3.386160699989492286e+02
2.179035990465085604e+02 3.384720010274396031e+02
2.168812019210911899e+02 3.383137210378375244e+02
2.158597451093231427e+02 3.381410226896393283e+02
2.148394447733422510e+02 3.379537144934648722e+02
2.138204771963440010e+02 3.377515747842057294e+02
2.128030385206770632e+02 3.375343697951423110e+02
2.117873469130699107e+02 3.373018585444860378e+02
2.107736427088517246e+02 3.370537967296982060e+02
2.097621208090671985e+02 3.367898920625390815e+02
2.087530728455930955e+02 3.365098790981535331e+02
2.077467474956990543e+02 3.362134515410597260e+02
2.067434291860684255e+02 3.359002932313956080e+02
2.057434161969163995e+02 3.355700686041923291e+02
2.047470268371136513e+02 3.352224232778257260e+02
2.037546274031321332e+02 3.348570037866968505e+02
2.027665713005854968e+02 3.344734159836780236e+02
2.017832551027342163e+02 3.340712516787286290e+02
2.008051182800421941e+02 3.336500947190471607e+02
1.998326323587711784e+02 3.332095157251612818e+02
1.988662485287677839e+02 3.327490218191950362e+02
1.979065737926946724e+02 3.322681852886772731e+02
1.969541530445048068e+02 3.317664938816035374e+02
1.960096304067120343e+02 3.312434544549601583e+02
1.950736661082625574e+02 3.306985330125395990e+02
1.941470498155307212e+02 3.301312525327093113e+02
1.932305339160049584e+02 3.295410489161411078e+02
1.923250044056256911e+02 3.289274065725447258e+02
1.914314154236325294e+02 3.282898247901176205e+02
1.905507830649214611e+02 3.276278134637415747e+02
1.896841570527192005e+02 3.269408516551445132e+02
1.888327488276602821e+02 3.262285289390233061e+02
1.879978003929151669e+02 3.254904304089653806e+02
1.871806506555829515e+02 3.247262078798469815e+02
1.863827467980883625e+02 3.239356251325344260e+02
1.856055583910604128e+02 3.231184600825651501e+02
1.848506735603428126e+02 3.222746375012962972e+02
1.841197501578473634e+02 3.214042178870282669e+02
1.834144825440138789e+02 3.205073827872155334e+02
1.827366201014044407e+02 3.195845098060972305e+02
1.820878783896482958e+02 3.186360512214818073e+02
1.814700486651482549e+02 3.176628059182514221e+02
1.808847887148914424e+02 3.166655686998286114e+02
1.803337937322334597e+02 3.156455522910881086e+02
1.798185855283710453e+02 3.146040258248834220e+02
