1.816554469107985881e+02 3.125338196645420226e+02
1.812329176376621263e+02 3.115443464496988213e+02
1.808452299820076234e+02 3.105406854156018994e+02
1.804923259256798929e+02 3.095247156791171506e+02
1.801738945223193582e+02 3.084980219205425556e+02
1.798894835486762531e+02 3.074621877515375559e+02
1.796385116091721557e+02 3.064186555848082776e+02
1.794203036050399476e+02 3.053687968287816261e+02
1.792341010364601459e+02 3.043139009069370786e+02
1.790790767028401262e+02 3.032551619315644302e+02
1.789543622772126525e+02 3.021936425536400748e+02
1.788590514501815960e+02 3.011303598973871090e+02
1.787922257523969165e+02 3.000661827673496305e+02
1.787529576698857738e+02 2.990019311453633577e+02
1.787403159905088899e+02 2.979383419120969734e+02
1.787533897177800384e+02 2.968760391667825616e+02
1.787912765413532270e+02 2.958156175536428805e+02
1.788531043653121628e+02 2.947575701695596990e+02
1.789380201425556720e+02 2.937023611196275397e+02
1.790451979333029442e+02 2.926503921977571849e+02
1.791738576035996573e+02 2.916019865517461653e+02
1.793232301087935525e+02 2.905574833156092041e+02
1.794925877949450523e+02 2.895171413229502377e+02
1.796812394580652779e+02 2.884811870612272173e+02
1.798885227758082408e+02 2.874498292222758664e+02
1.801137993210047057e+02 2.864232593783773950e+02
1.803564713603660437e+02 2.854016214435227994e+02
1.806159698069811839e+02 2.843850485097061096e+02
1.808917479645477613e+02 2.833736663505492288e+02
1.811832842554338754e+02 2.823675826645978191e+02
1.814901129396292561e+02 2.813668485668255812e+02
1.818117401098709536e+02 2.803715969002227553e+02
1.821477409600351507e+02 2.793818563564485089e+02
1.824976966181976366e+02 2.783976908577261611e+02
1.828612074674713881e+02 2.774191557965464767e+02
1.832378925810750729e+02 2.764462985575138987e+02
1.836274181312259088e+02 2.754791260923701657e+02
1.840294108494242380e+02 2.745177243305721504e+02
1.844435742477188001e+02 2.735620779776260179e+02
1.848695993628781764e+02 2.726122251360759492e+02
1.853071871455728115e+02 2.716682005123224712e+02
1.857560717025042152e+02 2.707300101270554364e+02
1.862159902564847869e+02 2.697976771903892086e+02
1.866866809204302058e+02 2.688712335311117840e+02
1.871679264228051522e+02 2.679506699504877929e+02
1.876594809110114852e+02 2.670360295285717598e+02
1.881611582808392313e+02 2.661272938102455896e+02
1.886727249948044687e+02 2.652245165326999654e+02
1.891940002957890954e+02 2.643276915986091353e+02
1.897247978630601892e+02 2.634368373775853343e+02
1.902649398476956435e+02 2.625519722791839285e+02
1.908142600941135925e+02 2.616731173188866819e+02
1.913726146070573293e+02 2.608002847362972147e+02
1.919398467379535305e+02 2.599335099877991979e+02
1.925158064588737545e+02 2.590728235179416288e+02
1.931003915569788205e+02 2.582182197298759547e+02
1.936934349726042512e+02 2.573697673705590887e+02
1.942948355415538515e+02 2.565274677674506734e+02
1.949044845641629990e+02 2.556913469458124553e+02
1.955222463481640602e+02 2.548614595196925734e+02
1.961480254212866043e+02 2.540378232305280619e+02
1.967817181194410807e+02 2.532204740914529850e+02
1.974232247394995454e+02 2.524094494777222621e+02
1.980724492891812929e+02 2.516047881548417138e+02
1.987292992828562319e+02 2.508065303305837688e+02
1.993936861983026176e+02 2.500147173484151324e+02
2.000655438891992048e+02 2.492293800640901509e+02
2.007447580957879723e+02 2.484505922628280530e+02
2.014312610660745406e+02 2.476783863592594344e+02
2.021250086374716091e+02 2.469127900372921545e+02
2.028258715561138672e+02 2.461538999871307567e+02
2.035338328671319914e+02 2.454017241749177458e+02
2.042487745750482873e+02 2.446563581191039134e+02
2.049706862682021722e+02 2.439178160741217596e+02
2.056994459839158367e+02 2.431862029919888073e+02
2.064350218647107624e+02 2.424615518036849551e+02
2.071773630560841752e+02 2.417439241909062559e+02
2.079263789074073827e+02 2.410334091957854241e+02
2.086820273481299068e+02 2.403300600794637774e+02
2.094442509350747059e+02 2.396339481313528665e+02
2.102129984454553266e+02 2.389451443574544669e+02
2.109882093448337628e+02 2.382637298381139033e+02
2.117698245190107968e+02 2.375897850012821380e+02
2.125577949553943995e+02 2.369233861153127521e+02
2.133520669973619874e+02 2.362646159359770479e+02
2.141525875338970764e+02 2.356135598043985340e+02
2.149593043844658951e+02 2.349703063190005139e+02
2.157721653010765976e+02 2.343349463618841071e+02
2.165911177108082768e+02 2.337075729502721515e+02
2.174161085967906786e+02 2.330882812475309152e+02
2.182470926623739160e+02 2.324771662199258913e+02
2.190840072922263175e+02 2.318743355701017776e+02
2.199267988187489209e+02 2.312798918558860066e+02
2.207754146974116622e+02 2.306939392805531099e+02
2.216297990768167949e+02 2.301165859126369924e+02
2.224898956072675560e+02 2.295479431150396579e+02
2.233556628197495399e+02 2.289881213700696208e+02
2.242270203395731016e+02 2.284372502309773267e+02
2.251039117988489693e+02 2.278954452173819618e+02
2.259862775758709574e+02 2.273628240765723376e+02
2.268740262477908800e+02 2.268394395865304602e+02
2.277669800857599682e+02 2.263252772038962064e+02
2.286649774947110814e+02 2.258203042739197883e+02
2.295678732518753122e+02 2.253244831937018091e+02
2.304755315093170509e+02 2.248377778815689112e+02
2.313877619561300776e+02 2.243601640378051911e+02
2.323044327099082977e+02 2.238915862159938399e+02
2.332254230198090283e+02 2.234319943207527501e+02
2.341505431512761106e+02 2.229813580619970992e+02
2.350796712943698310e+02 2.225396178740683411e+02
2.360126973369804375e+02 2.221067159549286600e+02
2.369494373438551804e+02 2.216826090928762767e+02
2.378897788615823572e+02 2.212672264920080636e+02
2.388336202039642728e+02 2.208605047714386558e+02
2.397807868785853600e+02 2.204623945476902804e+02
2.407311877613407205e+02 2.200728165434528307e+02
2.416847124416090082e+02 2.196917023223786885e+02
2.426412127855540461e+02 2.193189857140311858e+02
2.436006132496092107e+02 2.189545844881107826e+02
2.445627953628585090e+02 2.185984294521027493e+02
2.455276455075129434e+02 2.182504416726757484e+02
2.464951042301651114e+02 2.179105367598512260e+02
2.474650415262741490e+02 2.175786405652222868e+02
2.484373813918149381e+02 2.172546632072110242e+02
2.494118885857180601e+02 2.169385023003739263e+02
2.503882488005525033e+02 2.166299751560354139e+02
2.513663842297796975e+02 2.163288267214582277e+02
2.523461806905370111e+02 2.160348082243437489e+02
2.533275391262358482e+02 2.157476629393476628e+02
2.543104156106275013e+02 2.154671377520812428e+02
2.552946903353539199e+02 2.151929841098108227e+02
2.562803321791932945e+02 2.149249469208109247e+02
2.572672805305355155e+02 2.146627799395412239e+02
2.582554684964412104e+02 2.144062316575440548e+02
2.592448927059485868e+02 2.141550563026827376e+02
2.602354802486804601e+02 2.139090147868561473e+02
2.612272337321641658e+02 2.136678677304399514e+02
2.622201340660518554e+02 2.134313830782684533e+02
2.632141511124194722e+02 2.131993245023568875e+02
2.642093189559049620e+02 2.129714660362402583e+02
2.652056005936685210e+02 2.127475918630433398e+02
2.662030358245941670e+02 2.125274907057013252e+02
2.672016387571723044e+02 2.123109580409019657e+02
2.682014134268478074e+02 2.120977856630248937e+02
2.692024269847551068e+02 2.118877824579478215e+02
2.702046756505098415e+02 2.116807798266556517e+02
2.712082285017889944e+02 2.114766179624897973e+02
2.722131367516046225e+02 2.112751448384934747e+02
2.732194256050070180e+02 2.110762047308457738e+02
2.742271978379207553e+02 2.108797549368559601e+02
2.752365246940590282e+02 2.106860434405697049e+02
2.762475013986885415e+02 2.104953701758475120e+02
2.772602446890186343e+02 2.103080484071315368e+02
2.782747804352781600e+02 2.101243866528500348e+02
2.792911912628293294e+02 2.099447031908392773e+02
2.803095580959383710e+02 2.097693400579250920e+02
2.813298727358865676e+02 2.095986337423806276e+02
2.823521900675571601e+02 2.094329266059831411e+02
2.833765494059973093e+02 2.092725703479435708e+02
2.844029343713909839e+02 2.091179121140308155e+02
2.854313456144976726e+02 2.089692974271600292e+02
2.864617812893689575e+02 2.088270763513270651e+02
2.874942378123747062e+02 2.086916057690034734e+02
2.885286553392373321e+02 2.085632377027934012e+02
2.895650005111837118e+02 2.084423136259296427e+02
2.906032294513260013e+02 2.083291569691731695e+02
2.916432840203113415e+02 2.082240912089858966e+02
2.926850973629868236e+02 2.081274415600943541e+02
2.937286014523118070e+02 2.080395360189258440e+02
2.947736989878251279e+02 2.079606729697202354e+02
2.958203040582437779e+02 2.078911183868074772e+02
2.968683246781487810e+02 2.078311382259633433e+02
2.979176584995333883e+02 2.077809996433593653e+02
2.989681964344738958e+02 2.077409696515891824e+02
3.000198257042287651e+02 2.077112797302594061e+02
3.010724366183105190e+02 2.076921248186493472e+02
3.021259131136946507e+02 2.076836997843794279e+02
3.031801137715836489e+02 2.076861955354539759e+02
3.042349190477525553e+02 2.076998063890023332e+02
3.052902003463579490e+02 2.077246881474637803e+02
3.063458452756655106e+02 2.077609681254395468e+02
3.074017253353381420e+02 2.078087728396983493e+02
3.084576631732800251e+02 2.078682162950746317e+02
3.095135845309673073e+02 2.079394371835618358e+02
3.105693207558574045e+02 2.080225227471425455e+02
3.116247447905187755e+02 2.081175441054469957e+02
3.126797400798774902e+02 2.082245788216715994e+02
3.137341654344309063e+02 2.083437017638293298e+02
3.147878607734242564e+02 2.084749806572654336e+02
3.158407601187690830e+02 2.086184927881602391e+02
3.168926656004055076e+02 2.087742681705304335e+02
3.179434660808628905e+02 2.089423605387630971e+02
3.189930372304921207e+02 2.091228261977362308e+02
3.200412426440512945e+02 2.093157211099409949e+02
3.210879464652301749e+02 2.095210941943662419e+02
3.221330122519808583e+02 2.097389926011514376e+02
3.231763015602837754e+02 2.099694669775964542e+02
3.242176736761853704e+02 2.102125716249193488e+02
3.252570154881736357e+02 2.104683652962268638e+02
3.262941927643751114e+02 2.107368218044702530e+02
3.273290616300689067e+02 2.110178772107145733e+02
3.283616175435392393e+02 2.113115318578853419e+02
3.293916331876317258e+02 2.116177046339883248e+02
3.304190756544343230e+02 2.119363993818000722e+02
3.314438511571364074e+02 2.122676438904410645e+02
3.324657689544176264e+02 2.126114398413780009e+02
3.334847459151112616e+02 2.129678405606750289e+02
3.345006525105682158e+02 2.133368916047706705e+02
3.355133688528185303e+02 2.137186580874760011e+02
3.365227628679202780e+02 2.141132330032029358e+02
3.375286288288694436e+02 2.145206863129752151e+02
3.385309041883463692e+02 2.149411731876802207e+02
3.395293395365982292e+02 2.153747681780079404e+02
3.405238616181933367e+02 2.158216551978226789e+02
3.415142223197638032e+02 2.162819598480298851e+02
3.425002458081405621e+02 2.167558608818997925e+02
3.434817358528478053e+02 2.172435451134697644e+02
3.444585257361397908e+02 2.177452407594237513e+02
3.454302952542139451e+02 2.182611041629172917e+02
3.463968831944147269e+02 2.187914185906732882e+02
3.473579785455569322e+02 2.193364032039442577e+02
3.483133501379728614e+02 2.198963523827990798e+02
3.492626900423376810e+02 2.204715413339579015e+02
3.502056681271887442e+02 2.210622591444345915e+02
3.511419282568099902e+02 2.216688115207694239e+02
3.520711309617062739e+02 2.222915523392018997e+02
3.529928689160200292e+02 2.229308235875605533e+02
3.539067548245260468e+02 2.235870252850847066e+02
3.548122637821148828e+02 2.242604893844643641e+02
3.557089744660559631e+02 2.249516825620638372e+02
3.565962599361900516e+02 2.256609457553537652e+02
3.574736295520338558e+02 2.263887893191091791e+02
3.583403941985602046e+02 2.271356064182991190e+02
3.591959083640719541e+02 2.279018863575954867e+02
3.600394106902866156e+02 2.286880740360894890e+02
3.608701479708506668e+02 2.294946950277324333e+02
3.616871796040796880e+02 2.303221461459575039e+02
3.624896357840844416e+02 2.311709741356364418e+02
3.632764714714760430e+02 2.320416166786636438e+02
3.640465622490223154e+02 2.329344853269856799e+02
3.647987837802355102e+02 2.338500848461922033e+02
3.655317870755583840e+02 2.347887133370156789e+02
3.662442360105872581e+02 2.357507594254715855e+02
3.669346302650068878e+02 2.367364573474212932e+02
3.676014570631745073e+02 2.377461064029047861e+02
3.682429433980143472e+02 2.387796361563235621e+02
3.688573922896318322e+02 2.398371313939690310e+02
3.694429252730921007e+02 2.409183902925758787e+02
3.699975914733965396e+02 2.420230746450739900e+02
3.705194023302570940e+02 2.431507603000600568e+02
3.710062435472383413e+02 2.443005969599068123e+02
3.714560788071438537e+02 2.454716948919362665e+02
3.718668591669528496e+02 2.466628425687484025e+02
3.722365944454690521e+02 2.478725471114941854e+02
3.725634058967730198e+02 2.490990533084741116e+02
3.728455542822591724e+02 2.503401940540989017e+02
3.730813414763608762e+02 2.515907108311848503e+02
3.732701623908451438e+02 2.528450525409527643e+02
3.734125427065453664e+02 2.541006064462285963e+02
3.735092915464286989e+02 2.553549299119977434e+02
3.735614608935077285e+02 2.566057493273721661e+02
3.735703089478340075e+02 2.578509866985530152e+02
3.735372612453174384e+02 2.590887750124007880e+02
3.734638716273244086e+02 2.603174658812469602e+02
3.733517657102187854e+02 2.615357263646718025e+02
3.732026380237368244e+02 2.627422810804868618e+02
3.730181799871475050e+02 2.639362306474258730e+02
3.728000902525261608e+02 2.651167425863928884e+02
3.725500495857272654e+02 2.662831542415152626e+02
3.722696854170084180e+02 2.674350075602449692e+02
3.719605616688428995e+02 2.685719841027272992e+02
3.716241755271139482e+02 2.696938680938413313e+02
3.712619725078227475e+02 2.708004909155113751e+02
3.708753313243869911e+02 2.718917730227840934e+02
3.704654860758549830e+02 2.729678571573439285e+02
3.700336965246240197e+02 2.740286895925090107e+02
3.695810789008309030e+02 2.750744516497167069e+02
3.691086695936319302e+02 2.761053464228714915e+02
3.686175211486016110e+02 2.771214473119245554e+02
3.681085075090844043e+02 2.781230761500791573e+02
3.675825213940717049e+02 2.791104000239819811e+02
3.670403656415979867e+02 2.800836657186745811e+02
3.664828259586834633e+02 2.810430705169505927e+02
3.659105529874709646e+02 2.819889453852330234e+02
3.653242578510404428e+02 2.829214484498766637e+02
3.647245315716829168e+02 2.838408651617050964e+02
3.641119602660861574e+02 2.847474183610725618e+02
3.634870454356305913e+02 2.856413871470417121e+02
3.628503582337823445e+02 2.865229120034740049e+02
3.622023098592953261e+02 2.873923010630606427e+02
3.615433708351924338e+02 2.882497287400373693e+02
3.608739524715725224e+02 2.890954102328838076e+02
3.601944376963388095e+02 2.899295542089407149e+02
3.595052236679977682e+02 2.907523239450181336e+02
3.588066060045052836e+02 2.915639621413844793e+02
3.580989619340002150e+02 2.923645888480516533e+02
3.573825679827726844e+02 2.931544122313053435e+02
3.566577314899444104e+02 2.939335970968703009e+02
3.559247675912534987e+02 2.947023232796652792e+02
3.551839784339776998e+02 2.954607692921109674e+02
3.544356331174295178e+02 2.962091240546899371e+02
3.536800018548458979e+02 2.969475541450984224e+02
3.529173480939105616e+02 2.976762235827202971e+02
3.521479283958391875e+02 2.983952993033522603e+02
3.513719713191541700e+02 2.991049572164505435e+02
3.505897092921914577e+02 2.998053534061212417e+02
3.498013646424921603e+02 3.004966408514488876e+02
3.490071536935969334e+02 3.011789728964428150e+02
3.482072884073282353e+02 3.018525046885450251e+02
3.474019510501353238e+02 3.025174015013535609e+02
3.465913530494955808e+02 3.031737958506487871e+02
3.457756671823727288e+02 3.038218422825826224e+02
3.449550887810509607e+02 3.044616763059725599e+02
3.441297660544270798e+02 3.050934635496718670e+02
3.432998948570605648e+02 3.057173275455426733e+02
3.424656324466761816e+02 3.063334155705896364e+02
3.416271332175862199e+02 3.069418677086195544e+02
3.407845523523176325e+02 3.075428214891002199e+02
3.399380417864093715e+02 3.081364154549772820e+02
3.390877359940538440e+02 3.087227913246360913e+02
3.382337880931706309e+02 3.093020745050019400e+02
3.373763370431697695e+02 3.098743976847936779e+02
3.365154922246593401e+02 3.104399046034140497e+02
3.356514042624114609e+02 3.109987136255472251e+02
3.347841798192666829e+02 3.115509643882819546e+02
3.339139555981820990e+02 3.120967763914823081e+02
3.330408151676973603e+02 3.126362896655934946e+02
3.321649039248281952e+02 3.131696116958878520e+02
3.312863115345067513e+02 3.136968783541785228e+02
3.304051408966112149e+02 3.142182111307606078e+02
3.295214857507910438e+02 3.147337312502310169e+02
3.286354524252727174e+02 3.152435530022943340e+02
3.277471268841308643e+02 3.157477968206848118e+02
3.268565954913601104e+02 3.162465779211232189e+02
3.259639417140535329e+02 3.167400097639208525e+02
3.250692445051490154e+02 3.172282046120552081e+02
3.241725764738913540e+02 3.177112728285821959e+02
3.232740172276772341e+02 3.181893189901218761e+02
3.223736318572288724e+02 3.186624501974815757e+02
3.214714853775546999e+02 3.191307702665108650e+02
3.205676338461873343e+02 3.195943815785907987e+02
3.196621390312388371e+02 3.200533819793614043e+02
3.187550618143451402e+02 3.205078679703115654e+02
3.178464400652798645e+02 3.209579357793456893e+02
3.169363289879580066e+02 3.214036749566488425e+02
3.160247751580881754e+02 3.218451782813531850e+02
3.151118005869474814e+02 3.222825199902142117e+02
3.141974139141255478e+02 3.227156988993179993e+02
3.132815760806526555e+02 3.231446927866417695e+02
3.123642858511118447e+02 3.235694735385255854e+02
3.114455083568487908e+02 3.239900134474659126e+02
3.105252340250108318e+02 3.244062782905256768e+02
3.096034387912434909e+02 3.248182311319902738e+02
3.086800962153796490e+02 3.252258277463328682e+02
3.077551966505162113e+02 3.256290247325983955e+02
3.068287101379492583e+02 3.260277748686787049e+02
3.059006204283149941e+02 3.264220260996798970e+02
3.049709112365358692e+02 3.268117257586606570e+02
3.040395576764925067e+02 3.271968157607904004e+02
3.031065409835740070e+02 3.275772339257260342e+02
3.021718485975169415e+02 3.279529197910232483e+02
3.012354602767451297e+02 3.283238090761718126e+02
3.002973549357409979e+02 3.286898299154043457e+02
2.993575219003981829e+02 3.290509117657521188e+02
2.984159457412297911e+02 3.294069826696072028e+02
2.974726114526234824e+02 3.297579668605917504e+02
2.965275031589113155e+02 3.301037833137583561e+02
2.955806112666513172e+02 3.304443505921408359e+02
2.946319260213339248e+02 3.307795866705067738e+02
2.936814364744554382e+02 3.311094058014542725e+02
2.927291340178980477e+02 3.314337194636684671e+02
2.917750075531113794e+02 3.317524328948788366e+02
2.908190574915333855e+02 3.320654558329475776e+02
2.898612770013822342e+02 3.323726934842184733e+02
2.889016657758137967e+02 3.326740508062007962e+02
2.879402561697649503e+02 3.329694669109268830e+02
2.869770844598737085e+02 3.332589114207794978e+02
2.860121777614589291e+02 3.335423620021308579e+02
2.850455580395989728e+02 3.338197923516802916e+02
2.840772494023037780e+02 3.340911738079489055e+02
2.831072733680691726e+02 3.343564721533020361e+02
2.821356593669376593e+02 3.346156571354327411e+02
2.811624325441329688e+02 3.348686959094462168e+02
2.801876187377011433e+02 3.351155526025893892e+02
2.792112417025317654e+02 3.353561853804965835e+02
2.782333333094939576e+02 3.355905566601371106e+02
2.772539216257778776e+02 3.358186267297418794e+02
2.762730339335077474e+02 3.360403512286667365e+02
2.752906980768261747e+02 3.362556815450831209e+02
2.743069502634043033e+02 3.364645752597705837e+02
2.733218185373539200e+02 3.366669833370436891e+02
2.723353320742464803e+02 3.368628505253079766e+02
2.713475313008202079e+02 3.370521301616359438e+02
2.703584442384808426e+02 3.372347652953955617e+02
2.693681078214657418e+02 3.374106995024460502e+02
2.683765614356053675e+02 3.375798815575806202e+02
2.673838410167613233e+02 3.377422833261008464e+02
2.663900034731616415e+02 3.378979125058943396e+02
2.653950831570163018e+02 3.380467590736607235e+02
2.643991383564195417e+02 3.381888287307548921e+02
2.634022021084652465e+02 3.383241083796024782e+02
2.624043302859210485e+02 3.384525983474106852e+02
2.614055598499263624e+02 3.385742865332084648e+02
2.604059381194213643e+02 3.386891629498498446e+02
2.594055110005376719e+02 3.387972185050454073e+02
2.584043176519954272e+02 3.388984351786052684e+02
2.574024051854440813e+02 3.389927977451781089e+02
2.563998179706177325e+02 3.390802900249124150e+02
2.553965981311371252e+02 3.391608913115326231e+02
2.543927893456161655e+02 3.392345786211921563e+02
2.533884345028874634e+02 3.393013254694617444e+02
2.523835793280594544e+02 3.393611057308240220e+02
2.513782677382899919e+02 3.394138905765423146e+02
2.503725436692729716e+02 3.394596479524535084e+02
2.493664519272127507e+02 3.394983433382988665e+02
2.483600363895245948e+02 3.395299376940065486e+02
2.473533442583077999e+02 3.395543916230950572e+02
2.463464221089220416e+02 3.395716635265682726e+02
2.453393164365497512e+02 3.395817084048114225e+02
2.443320733433889700e+02 3.395844760838819525e+02
2.433247402326981899e+02 3.395799118130545367e+02
2.423173724813494232e+02 3.395679669323544658e+02
2.413100103306695132e+02 3.395485741483124116e+02
2.403027168207025568e+02 3.395216805999803000e+02
2.392955321803231925e+02 3.394872108456897308e+02
2.382885209560471083e+02 3.394451020939688988e+02
2.372817335398985676e+02 3.393952799598051797e+02
2.362752265215146679e+02 3.393376656095820749e+02
2.352690576435888659e+02 3.392721744217216155e+02
2.342632913901356062e+02 3.391987233714883132e+02
2.332579881042412069e+02 3.391172212899201668e+02
2.322532106993002969e+02 3.390275692281527427e+02
2.312490299378321765e+02 3.389296686216504781e+02
2.302455152751481933e+02 3.388234150075690536e+02
2.292427376356535547e+02 3.387086959261943662e+02
2.282407707923451312e+02 3.385853900263099945e+02
2.272397003452529418e+02 3.384533801532721213e+02
2.262396033179877861e+02 3.383125338957266877e+02
2.252405662076165811e+02 3.381627125310325823e+02
2.242426845140862497e+02 3.380037778312192813e+02
2.232460499976020856e+02 3.378355787242454653e+02
2.222507635333832070e+02 3.376579581906191834e+02
2.212569312634273047e+02 3.374707524431912020e+02
2.202646605467945164e+02 3.372737831307968008e+02
2.192740761355750578e+02 3.370668750552774213e+02
2.182852985523916232e+02 3.368498305423519241e+02
2.172984654905241655e+02 3.366224410167760652e+02
2.163137132357409769e+02 3.363844757356570767e+02
2.153312049757703903e+02 3.361357117476255780e+02
2.143510975709470188e+02 3.358759055507129005e+02
2.133735628507014042e+02 3.356048017919052882e+02
2.123987878944889189e+02 3.353221373643954735e+02
2.114269745990076785e+02 3.350276449945054651e+02
2.104583220700890251e+02 3.347210250296235472e+02
2.094930689343906920e+02 3.344019884587602860e+02
2.085314514998575817e+02 3.340702217321955345e+02
2.075737295691768054e+02 3.337254008181515701e+02
2.066201805130026798e+02 3.333671867258737507e+02
2.056711024220616650e+02 3.329952254292083467e+02
2.047268221354141815e+02 3.326091595325846697e+02
2.037876792758156625e+02 3.322086074521402566e+02
2.028540448353819841e+02 3.317931749619334596e+02
2.019263213984061167e+02 3.313624594379982682e+02
2.010049408176305121e+02 3.309160483545428519e+02
2.000903538711576459e+02 3.304534919720202311e+02
1.991830790298491536e+02 3.299743688461285274e+02
1.982836413832078506e+02 3.294782170863742863e+02
1.973926235467456536e+02 3.289645785921921970e+02
1.965106432725726506e+02 3.284329734335405533e+02
1.956383853796380095e+02 3.278829479788049639e+02
1.947765568580508386e+02 3.273140105311504158e+02
1.939259400159426434e+02 3.267256908722703201e+02
1.930873713859080851e+02 3.261175311047105652e+02
1.922617415749104453e+02 3.254890853840292380e+02
1.914499922210178795e+02 3.248399004537243400e+02
1.906531512253486085e+02 3.241695837243444203e+02
1.898722929938918469e+02 3.234777576885524581e+02
1.891085603734108531e+02 3.227640917688953550e+02
1.883631631378411555e+02 3.220283291062174840e+02
1.876373532708661571e+02 3.212702464018147452e+02
1.869324509498683540e+02 3.204897159518022249e+02
1.862498215784049194e+02 3.196867084447598018e+02
1.855908608596285774e+02 3.188612905936282118e+02
1.849569911103652657e+02 3.180136633295003321e+02
1.843496311150184681e+02 3.171441107005590538e+02
1.837702112891076638e+02 3.162531258689746210e+02
1.832201058114119974e+02 3.153412587421731246e+02
1.827006644868229159e+02 3.144093050301274275e+02
1.822131350153497635e+02 3.134581497725230292e+02
