1.812995844324462098e+02 3.126888812701042752e+02
1.808490981021477921e+02 3.116955871675148728e+02
1.804325272870933929e+02 3.106868023463044892e+02
1.800500220692918560e+02 3.096643912618208674e+02
1.797014626231292596e+02 3.086299031208802148e+02
1.793865917348812218e+02 3.075849231664949457e+02
1.791050169427003880e+02 3.065309041902672789e+02
1.788562494590307210e+02 3.054692510616304730e+02
1.786397124244954568e+02 3.044013066379409906e+02
1.784547539883791956e+02 3.033283339706380843e+02
1.783006733745767747e+02 3.022514685191251829e+02
1.781767232448062828e+02 3.011718244333520715e+02
1.780821275738294389e+02 3.000903610807536097e+02
1.780160939089707881e+02 2.990080060780588269e+02
1.779778190816748236e+02 2.979256090656895140e+02
1.779665139273386387e+02 2.968438997360993312e+02
1.779813889208418516e+02 2.957635938699722260e+02
1.780216732557028365e+02 2.946852955107297021e+02
1.780866088704459003e+02 2.936095901948868345e+02
1.781754603350506727e+02 2.925369990095664434e+02
1.782875354577787164e+02 2.914679538180039344e+02
1.784221436369722369e+02 2.904029223751196014e+02
1.785786286899500226e+02 2.893422766934909305e+02
1.787563675858746706e+02 2.882863559148123045e+02
1.789547627473571083e+02 2.872354850166769893e+02
1.791732369806647398e+02 2.861899750289707640e+02
1.794112518260644720e+02 2.851500797097265831e+02
1.796682923127732749e+02 2.841160441462693598e+02
1.799438625768837596e+02 2.830881095595450461e+02
1.802374899968756381e+02 2.820664981578294146e+02
1.805487613209441520e+02 2.810513591352596450e+02
1.808772234003735662e+02 2.800429579272447995e+02
1.812225027792941887e+02 2.790414229715358942e+02
1.815842253105363113e+02 2.780469334638220289e+02
1.819620343319359677e+02 2.770596602495976413e+02
1.823555904435915807e+02 2.760797663095695498e+02
1.827646102594671902e+02 2.751073648037976227e+02
1.831887626121740311e+02 2.741426794984386675e+02
1.836278049661358693e+02 2.731858024212339728e+02
1.840814726363641967e+02 2.722368980779520484e+02
1.845495092255715406e+02 2.712961290119612840e+02
1.850317035197491577e+02 2.703636276767936693e+02
1.855278510972113395e+02 2.694395554682373017e+02
1.860377445346017851e+02 2.685240874056491407e+02
1.865612238311386477e+02 2.676173491795140649e+02
1.870980920246037442e+02 2.667195347179443274e+02
1.876482345155035887e+02 2.658307747698286789e+02
1.882114895002458184e+02 2.649512979231074041e+02
1.887877513593116703e+02 2.640812643181590715e+02
1.893769024403038941e+02 2.632208664859851410e+02
1.899788121477950540e+02 2.623702887676728324e+02
1.905931816817187894e+02 2.615296057342754921e+02
1.912196344901625480e+02 2.606988103565170718e+02
1.918577825215516270e+02 2.598779115868939016e+02
1.925072487650294022e+02 2.590669042296045177e+02
1.931677060590042458e+02 2.582657387470845265e+02
1.938387548756621470e+02 2.574744244213901538e+02
1.945200594777273011e+02 2.566928928370261360e+02
1.952112798362920785e+02 2.559210940689655445e+02
1.959120556006401728e+02 2.551589963518360662e+02
1.966220643857110701e+02 2.544065261246435625e+02
1.973409605698086011e+02 2.536636044934030849e+02
1.980683992790595198e+02 2.529301408327705474e+02
1.988040441115402359e+02 2.522060390660670635e+02
1.995475669473163975e+02 2.514911979840121887e+02
2.002986437868154894e+02 2.507855075391933610e+02
2.010569500027791037e+02 2.500888273757211380e+02
2.018221262010187615e+02 2.494010295979674083e+02
2.025938518298744953e+02 2.487219538517722413e+02
2.033718279166765512e+02 2.480514366861459337e+02
2.041557053534698980e+02 2.473893364883584809e+02
2.049451913413299451e+02 2.467354489044654144e+02
2.057399396512585383e+02 2.460895971097412200e+02
2.065396688061047428e+02 2.454515686123238254e+02
2.073440497203104655e+02 2.448211757210449093e+02
2.081528011167746115e+02 2.441981985210568666e+02
2.089656348163822770e+02 2.435824185893934839e+02
2.097822534117701707e+02 2.429736128823876697e+02
2.106023860267682437e+02 2.423715453340726071e+02
2.114257655732264993e+02 2.417759804075293175e+02
2.122521368739425611e+02 2.411866799744567800e+02
2.130812540178858399e+02 2.406034052113092230e+02
2.139128805814873147e+02 2.400259119367277094e+02
2.147467913408788434e+02 2.394539525104131030e+02
2.155827694710694402e+02 2.388872760579180863e+02
2.164206113800760818e+02 2.383256326834888341e+02
2.172601314689546257e+02 2.377687796309587327e+02
2.181011542219455066e+02 2.372164723635308405e+02
2.189435131006501081e+02 2.366684632219630373e+02
2.197870507222961294e+02 2.361245015592741083e+02
2.206316241277579593e+02 2.355843424346175539e+02
2.214771079306413526e+02 2.350477451623877414e+02
2.223233857817099022e+02 2.345144687695879782e+02
2.231703504916915790e+02 2.339842709361101925e+02
2.240179044936543562e+02 2.334569069360097728e+02
2.248659620867130116e+02 2.329321333457739911e+02
2.257144498880194874e+02 2.324097162322808288e+02
2.265633087590186108e+02 2.318894079496349718e+02
2.274124839811954928e+02 2.313709648787832691e+02
2.282619343201820357e+02 2.308541471793973869e+02
2.291117280640320359e+02 2.303388765185800651e+02
2.299620682469967505e+02 2.298252616628920464e+02
2.308131580795028981e+02 2.293134332672597111e+02
2.316651960578710998e+02 2.288035343088353386e+02
2.325183788322640055e+02 2.282957195516866875e+02
2.333729073668851868e+02 2.277901228523181487e+02
2.342289612029411785e+02 2.272868964950539521e+02
2.350867199504568816e+02 2.267862070079271462e+02
2.359463751342090916e+02 2.262881993397035387e+02
2.368080969688232074e+02 2.257930433566076260e+02
2.376720549053682134e+02 2.253009231538131871e+02
2.385384293429657987e+02 2.248119994807140927e+02
2.394073791470918025e+02 2.243264580802319017e+02
2.402790640995219462e+02 2.238444991109606406e+02
2.411536526063262613e+02 2.233663009217653155e+02
2.420312933795390506e+02 2.228920743713726438e+02
2.429121411398558337e+02 2.224220374883222178e+02
2.437963488278084299e+02 2.219563977360803051e+02
2.446840555579017860e+02 2.214953881096683972e+02
2.455754036403510270e+02 2.210392376684361295e+02
2.464705292656134645e+02 2.205881850925538856e+02
2.473695651135328148e+02 2.201424961266964146e+02
2.482726387961269836e+02 2.197024226892779382e+02
2.491798672040410452e+02 2.192682289685356238e+02
2.500913332156824822e+02 2.188401246830941602e+02
2.510070549123089734e+02 2.184182520255925795e+02
2.519270453216680039e+02 2.180027749894366309e+02
2.528513053024474573e+02 2.175938538420136581e+02
2.537798268214986024e+02 2.171916477448083924e+02
2.547126119803755273e+02 2.167963323479820019e+02
2.556496306984448097e+02 2.164080759211710472e+02
2.565908738718389372e+02 2.160270601747272110e+02
2.575363149252013386e+02 2.156534694630673243e+02
2.584859113836412803e+02 2.152874833757790611e+02
2.594396459053025978e+02 2.149292934280606175e+02
2.603974498708232090e+02 2.145790825983604009e+02
2.613592892598155117e+02 2.142370386257325379e+02
2.623251082872891971e+02 2.139033534686602422e+02
2.632948303706311890e+02 2.135782141460815922e+02
2.642684190194478333e+02 2.132618150418609275e+02
2.652457649622521672e+02 2.129543358777788740e+02
2.662268130356221718e+02 2.126559564848568016e+02
2.672114772031862344e+02 2.123668610530828005e+02
2.681996505018454400e+02 2.120872287182778848e+02
2.691912768188973359e+02 2.118172417543875667e+02
2.701862127602014425e+02 2.115570606985945972e+02
2.711843798564570989e+02 2.113068432738881199e+02
2.721856742814208587e+02 2.110667525595291352e+02
2.731899559941375060e+02 2.108369455861000006e+02
2.741971453262655700e+02 2.106175571846914636e+02
2.752070833400412653e+02 2.104086415930297846e+02
2.762196408414139910e+02 2.102102362318253199e+02
2.772347247377324493e+02 2.100223871569821483e+02
2.782521541752486200e+02 2.098451322999840727e+02
2.792718221891272492e+02 2.096785059254738997e+02
2.802936299422781872e+02 2.095225421036828379e+02
2.813173945259397897e+02 2.093772636229654722e+02
2.823430137505573043e+02 2.092426956629076642e+02
2.833703798830219398e+02 2.091188700546570942e+02
2.843993382067789639e+02 2.090058096201846922e+02
2.854297637587091003e+02 2.089035293755960083e+02
2.864615400168446513e+02 2.088120464152265754e+02
2.874945589826729133e+02 2.087313828407863241e+02
2.885286672094713367e+02 2.086615544728957161e+02
2.895637484082659512e+02 2.086025766506750188e+02
2.905996851913065484e+02 2.085544632424461611e+02
2.916363552526355534e+02 2.085172286765800607e+02
2.926736367402442625e+02 2.084908882803075016e+02
2.937114149850347076e+02 2.084754601687118623e+02
2.947495556246863089e+02 2.084709591158927822e+02
2.957879405505079831e+02 2.084774013808966231e+02
2.968264520914384548e+02 2.084948051295281175e+02
2.978649692959730828e+02 2.085231895396973698e+02
2.989033710612280288e+02 2.085625750525810815e+02
2.999415358403662140e+02 2.086129853980030191e+02
3.009793456915711545e+02 2.086744491116543827e+02
3.020166802258755752e+02 2.087469966328231123e+02
3.030534015842580402e+02 2.088306548762537886e+02
3.040893926879386413e+02 2.089254561327217345e+02
3.051245272411555334e+02 2.090314384482427386e+02
3.061586887866359916e+02 2.091486499333135498e+02
3.071917482677148996e+02 2.092771393503451236e+02
3.082235402607219612e+02 2.094169444735236709e+02
3.092539776013522328e+02 2.095681268720139769e+02
3.102828959667322124e+02 2.097307418544056077e+02
3.113101573609760067e+02 2.099048577030795855e+02
3.123356291171215275e+02 2.100905484985903229e+02
3.133591585211171378e+02 2.102878859024561677e+02
3.143805774290982527e+02 2.104969379232864526e+02
3.153997753421575112e+02 2.107178093509884889e+02
3.164165426091222457e+02 2.109505850821065280e+02
3.174307264007680374e+02 2.111953672190261955e+02
3.184421600558101773e+02 2.114522592558229519e+02
3.194506635596118258e+02 2.117213664689144821e+02
3.204560465355870633e+02 2.120028127529127460e+02
3.214581094440452489e+02 2.122967317333404651e+02
3.224566452217015353e+02 2.126032578829621968e+02
3.234514389216573704e+02 2.129225263358466691e+02
3.244422894007623199e+02 2.132546611271822883e+02
3.254290029625529428e+02 2.135996404352654565e+02
3.264113896628551856e+02 2.139573791475938549e+02
3.273893386971191148e+02 2.143278353881780163e+02
3.283626060362042267e+02 2.147109115458493420e+02
3.293310602219568182e+02 2.151065589075818991e+02
3.302945378838285819e+02 2.155147179688584060e+02
3.312528236676631650e+02 2.159353021569286000e+02
3.322057597666613447e+02 2.163682558394779392e+02
3.331531598237069716e+02 2.168135182695515084e+02
3.340948418201894583e+02 2.172710333585093849e+02
3.350306243862955853e+02 2.177407337963172722e+02
3.359602917998027465e+02 2.182225302299247289e+02
3.368836949414490505e+02 2.187163819045370872e+02
3.378005928963722795e+02 2.192222027032757410e+02
3.387108269691938744e+02 2.197399578855307425e+02
3.396141677024759815e+02 2.202695541313671015e+02
3.405104201079325321e+02 2.208109191443621455e+02
3.413993771259008554e+02 2.213639855796467657e+02
3.422808385455400071e+02 2.219287081142878719e+02
3.431545453026280370e+02 2.225049982612638075e+02
3.440203091876606436e+02 2.230928053079138635e+02
3.448778833413832103e+02 2.236920472756120830e+02
3.457270464705638915e+02 2.243026775566999333e+02
3.465675445381510826e+02 2.249246438957512453e+02
3.473991162873010694e+02 2.255578951620884709e+02
3.482214976261236643e+02 2.262023742293095268e+02
3.490344250653961922e+02 2.268580446884558626e+02
3.498376083395152705e+02 2.275248697184125035e+02
3.506307544667799903e+02 2.282028386973089198e+02
3.514135298304385628e+02 2.288919170464971842e+02
3.521856227829612749e+02 2.295921156943502695e+02
3.529466643297552082e+02 2.303034081480211910e+02
3.536963066389382675e+02 2.310258286506248737e+02
3.544341458122871131e+02 2.317593823372260147e+02
3.551597759037300079e+02 2.325041095995211720e+02
3.558727541017764224e+02 2.332600460414947179e+02
3.565726220307711287e+02 2.340272581174014590e+02
3.572588757798190500e+02 2.348057855845950144e+02
3.579310049886300931e+02 2.355957151064740174e+02
3.585884492437978679e+02 2.363971191889316401e+02
3.592306182431815955e+02 2.372100747499367799e+02
3.598568962047777973e+02 2.380346900817854703e+02
3.604666204707608586e+02 2.388710370639414577e+02
3.610591086728674668e+02 2.397192144815787174e+02
3.616336349831194070e+02 2.405793019395387660e+02
3.621894393660671199e+02 2.414514039373640344e+02
3.627257249797188479e+02 2.423355599677805401e+02
3.632416814622564516e+02 2.432318417049440313e+02
3.637364551118942586e+02 2.441402811859160806e+02
3.642089683304271261e+02 2.450609950446753373e+02
3.646579199011935657e+02 2.459941520957342220e+02
3.650819758505328423e+02 2.469397937148981157e+02
3.654797914134147732e+02 2.478978861357946357e+02
3.658500165906954180e+02 2.488682691337012329e+02
3.661913161176823905e+02 2.498506545737374154e+02
3.665023908140382787e+02 2.508446217953010660e+02
3.667820162314424692e+02 2.518495841457609288e+02
3.670293586794264229e+02 2.528642922407084370e+02
3.672441583312863713e+02 2.538872598831975722e+02
3.674264198510999222e+02 2.549173956310210372e+02
3.675762812369371204e+02 2.559536000709169059e+02
3.676940061259419963e+02 2.569947758750464573e+02
3.677799730641033875e+02 2.580398424986334476e+02
3.678346629413828168e+02 2.590877485616643980e+02
3.678586443944903408e+02 2.601374821289742840e+02
3.678525453924996214e+02 2.611880991339747879e+02
3.678170636707572498e+02 2.622386761861978357e+02
3.677529244498941807e+02 2.632883845330386521e+02
3.676608893107970744e+02 2.643364273777320932e+02
3.675417462230475394e+02 2.653820659987641193e+02
3.673962874619186891e+02 2.664246321088331229e+02
3.672252992765538124e+02 2.674635145939469680e+02
3.670295571501433756e+02 2.684981511844604256e+02
3.668098328613340868e+02 2.695280138982604399e+02
3.665668919004207851e+02 2.705526227282463196e+02
3.663014436139476970e+02 2.715715857853862190e+02
3.660142176540633727e+02 2.725844703302923904e+02
3.657058867896993206e+02 2.735909372649531406e+02
3.653770879888879790e+02 2.745906737738422976e+02
3.650284813674757061e+02 2.755833426181258119e+02
3.646606449997805157e+02 2.765687129445204846e+02
3.642741627607633177e+02 2.775465116304547450e+02
3.638695748177550513e+02 2.785165097669781744e+02
3.634474155530540429e+02 2.794784728768371451e+02
3.630081559136369833e+02 2.804322392278402845e+02
3.625522980588127666e+02 2.813775862487431141e+02
3.620802791007558881e+02 2.823143579139236863e+02
3.615925291505588461e+02 2.832423795878128203e+02
3.610894289240440571e+02 2.841615133111627642e+02
3.605714054659985095e+02 2.850715670930309784e+02
3.600387914820325364e+02 2.859724409711619160e+02
3.594919496322710870e+02 2.868639739847314445e+02
3.589312059860916975e+02 2.877460331996466039e+02
3.583568665693611592e+02 2.886184886669684602e+02
3.577692469968503133e+02 2.894811920788351358e+02
3.571685947158354679e+02 2.903340454390819332e+02
3.565552088282311729e+02 2.911768842407971647e+02
3.559293217842475769e+02 2.920096011762087187e+02
3.552912515391683428e+02 2.928321214733865645e+02
3.546414509806294291e+02 2.936444966469805991e+02
3.539803721026593735e+02 2.944468023330530286e+02
3.533084350699139691e+02 2.952391323529911915e+02
3.526260527383797125e+02 2.960215762134646411e+02
3.519336190399115480e+02 2.967942252307951776e+02
3.512315048621801452e+02 2.975571710962090037e+02
3.505200526808787345e+02 2.983105184036525657e+02
3.497996020790496914e+02 2.990543646976256582e+02
3.490704798187813935e+02 2.997888117698073529e+02
3.483329983630366087e+02 3.005139631471244570e+02
3.475874557661470021e+02 3.012299228077878297e+02
3.468341210538688983e+02 3.019368067417281054e+02
3.460732834431734091e+02 3.026347103337733984e+02
3.453051968498069186e+02 3.033237503569640126e+02
3.445301277723501130e+02 3.040040293629302255e+02
3.437482957337286962e+02 3.046756740750986410e+02
3.429599582106090452e+02 3.053387799454379206e+02
3.421653372596028930e+02 3.059934652633383507e+02
3.413646496316632692e+02 3.066398451452768086e+02
3.405581095344975893e+02 3.072780343068806133e+02
3.397459253480430448e+02 3.079081499618261546e+02
3.389282873102370672e+02 3.085303145053201774e+02
3.381054011716813079e+02 3.091446380325771770e+02
3.372774583465360934e+02 3.097512394369472304e+02
3.364446211285356867e+02 3.103502511932088623e+02
3.356070904448411056e+02 3.109417849075600770e+02
3.347650234738372887e+02 3.115259743381683393e+02
3.339186054774110062e+02 3.121029355889984345e+02
3.330679677375773053e+02 3.126728072390632747e+02
3.322133047514221857e+02 3.132356999171537382e+02
3.313547551002232581e+02 3.137917566321235654e+02
3.304924694347789682e+02 3.143411076235383916e+02
3.296265877134914035e+02 3.148838846232478659e+02
3.287572626478918778e+02 3.154202136595082493e+02
3.278846274247354700e+02 3.159502334574710858e+02
3.270088161727244938e+02 3.164740811524028459e+02
3.261299588502365623e+02 3.169918935094066796e+02
3.252481794456332409e+02 3.175038075190374798e+02
3.243635942937494860e+02 3.180099604590752733e+02
3.234763301156841635e+02 3.185104886212558881e+02
3.225864972755190934e+02 3.190055352418216330e+02
3.216942051188033247e+02 3.194952411849176315e+02
3.207995513629426796e+02 3.199797478005157245e+02
3.199026403807618522e+02 3.204591925484056105e+02
3.190035775497489681e+02 3.209337162818393949e+02
3.181024394071383199e+02 3.214034652002980579e+02
3.171993239493564829e+02 3.218685765719608867e+02
3.162943171136472529e+02 3.223291930595073040e+02
3.153874692502208745e+02 3.227854329410052401e+02
3.144788026942641750e+02 3.232372910787472051e+02
3.135682712764092912e+02 3.236847364590162215e+02
3.126558824283734452e+02 3.241277237544664445e+02
3.117415949286901196e+02 3.245662161164746067e+02
3.108254054242424900e+02 3.250001639425082089e+02
3.099072896649498148e+02 3.254295193993046951e+02
3.089872202891477855e+02 3.258542279851388912e+02
3.080651960462733427e+02 3.262742315301310327e+02
3.071411826452594482e+02 3.266894743409814623e+02
3.062151689450295748e+02 3.270998915804326543e+02
3.052871437450324379e+02 3.275054186074296467e+02
3.043570809358672022e+02 3.279059884562707339e+02
3.034249653379522442e+02 3.283015278890961213e+02
3.024907919846008895e+02 3.286919637448699518e+02
3.015545410784051228e+02 3.290772223819581654e+02
3.006161919758214935e+02 3.294572227910766742e+02
2.996757434112084866e+02 3.298318816370091895e+02
2.987331831168139047e+02 3.302011169151559216e+02
2.977884992239156077e+02 3.305648428666923451e+02
2.968416778373558031e+02 3.309229690162931661e+02
2.958927175140006511e+02 3.312754022774778946e+02
2.949416145299882714e+02 3.316220499553940044e+02
2.939883614092053108e+02 3.319628166658466171e+02
2.930329549691943498e+02 3.322976035904772516e+02
2.920753856361028511e+02 3.326263071462313974e+02
2.911156684844594906e+02 3.329488238794296535e+02
2.901537986859049170e+02 3.332650503276191216e+02
2.891897856599364331e+02 3.335748802649158620e+02
2.882237085589995331e+02 3.338782302553581189e+02
2.872556406472025969e+02 3.341750517865048096e+02
2.862856240270079411e+02 3.344653120323809503e+02
2.853136864836163795e+02 3.347489771775483405e+02
2.843398613134563675e+02 3.350260101419668217e+02
2.833641751370743123e+02 3.352963695495209322e+02
2.823866737769287170e+02 3.355600150869704521e+02
2.814073898965928606e+02 3.358169065880806556e+02
2.804263577251875290e+02 3.360670007229302314e+02
2.794436060925964398e+02 3.363102491086821146e+02
2.784591837415490545e+02 3.365466048311636769e+02
2.774731270812010280e+02 3.367760212071044634e+02
2.764854702223778986e+02 3.369984473904481774e+02
2.754962485813222770e+02 3.372138281701771234e+02
2.745055173130163553e+02 3.374221122315549337e+02
2.735133082082335250e+02 3.376232450701289736e+02
2.725196566072234532e+02 3.378171654199509248e+02
2.715246248137956400e+02 3.380038176740153517e+02
2.705282409471856226e+02 3.381831402918446656e+02
2.695305561456692658e+02 3.383550696710814805e+02
2.685316246388681520e+02 3.385195487427785679e+02
2.675314848253108835e+02 3.386765602762057483e+02
2.665302238821405467e+02 3.388261281378551644e+02
2.655278718406852363e+02 3.389682642027500492e+02
2.645245197241285950e+02 3.391029906061294810e+02
2.635201948702257937e+02 3.392303163403640838e+02
2.625149822592443911e+02 3.393502590756035033e+02
2.615089192207891529e+02 3.394628279411219864e+02
2.605020694768683143e+02 3.395680322111960550e+02
2.594944923346649830e+02 3.396658826021533173e+02
2.584862310784946544e+02 3.397563819594523125e+02
2.574773480245369797e+02 3.398395349032589365e+02
2.564678980445293064e+02 3.399153457365464419e+02
2.554579305131319700e+02 3.399838145906578575e+02
2.544474981819262212e+02 3.400449392270659814e+02
2.534366515141230707e+02 3.400987141023693994e+02
2.524254467116178091e+02 3.401451340189373127e+02
2.514139350597322107e+02 3.401841914005450462e+02
2.504021672311826023e+02 3.402158755420151692e+02
2.493901950397435314e+02 3.402401733268799262e+02
2.483780674731350189e+02 3.402570672620649361e+02
2.473658396509357544e+02 3.402665395572742568e+02
2.463535641846109456e+02 3.402685703886210717e+02
2.453412924336410299e+02 3.402631366192329097e+02
2.443290738837995661e+02 3.402502099917966234e+02
2.433169595153234752e+02 3.402297577405001334e+02
2.423050146909759519e+02 3.402017535092095386e+02
2.412932736538946870e+02 3.401661521607788359e+02
2.402818134632593399e+02 3.401229234613876429e+02
2.392706659237207418e+02 3.400720140424148781e+02
2.382599071441084959e+02 3.400133839266072755e+02
2.372495850807443105e+02 3.399469811343316792e+02
2.362397574015860471e+02 3.398727494082306748e+02
2.352304819919362728e+02 3.397906266847497250e+02
2.342218266600175411e+02 3.397005527944698997e+02
2.332138499871317947e+02 3.396024591547569003e+02
2.322066129130163006e+02 3.394962694840558015e+02
2.312001873824406744e+02 3.393819082490669530e+02
2.301946409175445467e+02 3.392592937860112556e+02
2.291900411427385222e+02 3.391283363036974947e+02
2.281864578310231479e+02 3.389889370510795175e+02
2.271839768336843974e+02 3.388410021202790858e+02
2.261826681882248806e+02 3.386844214186820636e+02
2.251826136728176095e+02 3.385190788370993573e+02
2.241839057792809911e+02 3.383448590848999515e+02
2.231866286981077110e+02 3.381616333029683688e+02
2.221908768965958814e+02 3.379692668492510279e+02
2.211967493483703890e+02 3.377676181867749960e+02
2.202043436147982334e+02 3.375565306756556652e+02
2.192137780558078362e+02 3.373358515054306963e+02
2.182251618473313215e+02 3.371054032808955299e+02
2.172386234654140083e+02 3.368649966312673882e+02
2.162542859294065636e+02 3.366144188700986319e+02
2.152723035551225621e+02 3.363534661408091893e+02
2.142928188901470890e+02 3.360819125828152210e+02
2.133159895428169079e+02 3.357995202410373849e+02
2.123419882281316973e+02 3.355060430984346453e+02
2.113710019515681324e+02 3.352012306994767528e+02
2.104032101179474523e+02 3.348847985061868826e+02
2.094388353799830895e+02 3.345564736018677081e+02
2.084780933740468072e+02 3.342159565891309967e+02
2.075212229053755664e+02 3.338629370003204713e+02
2.065684786198693530e+02 3.334970884125283419e+02
2.056201342855874827e+02 3.331180683283740791e+02
2.046764917454807176e+02 3.327255301259055500e+02
2.037378624202083586e+02 3.323191008008660674e+02
2.028045879143211323e+02 3.318983932479497980e+02
2.018770398816496936e+02 3.314630104751735189e+02
2.009556171198332493e+02 3.310125436844548403e+02
2.000407334310723115e+02 3.305465437685457459e+02
1.991328716944969699e+02 3.300645889314171768e+02
1.982325161405183849e+02 3.295662123722982528e+02
1.973402076131469585e+02 3.290509488007238019e+02
1.964565186765159979e+02 3.285183070770396512e+02
1.955820886023050491e+02 3.279678197567562847e+02
1.947175741274302254e+02 3.273989748622552725e+02
1.938637069565969568e+02 3.268112780145354463e+02
1.930212709356558207e+02 3.262042421006287327e+02
1.921911018204358186e+02 3.255773863133368877e+02
1.913740833903433725e+02 3.249302150832362486e+02
1.905711872189081078e+02 3.242622881720263877e+02
1.897834293906363996e+02 3.235731719622693277e+02
1.890118946280906869e+02 3.228624726290134390e+02
1.882577362377519137e+02 3.221298634672358503e+02
1.875221492897188682e+02 3.213750412195149124e+02
1.868064021081045212e+02 3.205977905687545899e+02
1.861118127062519818e+02 3.197979871271325578e+02
1.854397336256640756e+02 3.189755948753252710e+02
1.847915511123330816e+02 3.181307072095312947e+02
1.841686522262251344e+02 3.172634914509804958e+02
1.835724486197356100e+02 3.163743269034587229e+02
1.830042990651086825e+02 3.154636382783331214e+02
1.824655542935163055e+02 3.145321061302448129e+02
1.819574689773002945e+02 3.135804949535250898e+02
