1.827401394279431202e+02 3.120611815712299517e+02
1.822865014452636387e+02 3.111291910013773645e+02
1.818620329315447464e+02 3.101806874607869986e+02
1.814670127161653284e+02 3.092169183505421302e+02
1.811015708058184828e+02 3.082390574814300521e+02
1.807657221482791954e+02 3.072483335881293556e+02
1.804593840113491581e+02 3.062459419886002365e+02
1.801823905598751594e+02 3.052330742905221541e+02
1.799344968687145467e+02 3.042109066562431394e+02
1.797153876780627968e+02 3.031805848411214015e+02
1.795246998666082447e+02 3.021431899275877413e+02
1.793620153230008327e+02 3.010997951875755234e+02
1.792268810325485902e+02 3.000513830792172030e+02
1.791188150235826129e+02 2.989989149042102667e+02
1.790373128021439584e+02 2.979433014270042008e+02
1.789818702763615192e+02 2.968853713068282900e+02
1.789519648906012890e+02 2.958259394793510069e+02
1.789470688819847055e+02 2.947657383187979576e+02
1.789666529458277751e+02 2.937054809886315070e+02
1.790101970769225659e+02 2.926458289148746417e+02
1.790772103345103119e+02 2.915873712138063070e+02
1.791671866596303460e+02 2.905307176022020030e+02
1.792796285642547502e+02 2.894763965710668003e+02
1.794140601564628241e+02 2.884249037519443846e+02
1.795700222470281631e+02 2.873767175653789536e+02
1.797470678330484475e+02 2.863323002649773343e+02
1.799447709241325413e+02 2.852920597620544072e+02
1.801627100053650281e+02 2.842563877942724275e+02
1.804004760204709044e+02 2.832256674029056853e+02
1.806576773703588401e+02 2.822002607673512102e+02
1.809339742121494794e+02 2.811804613683316916e+02
1.812289804745730351e+02 2.801666593896454174e+02
1.815423731914513326e+02 2.791591165226784028e+02
1.818738267346309669e+02 2.781581354686736631e+02
1.822230296108963898e+02 2.771640079406628274e+02
1.825896844613322401e+02 2.761770153163525947e+02
1.829735449818275868e+02 2.751973892972620774e+02
1.833743167103320388e+02 2.742254621684207905e+02
1.837917881015696082e+02 2.732614400395131611e+02
1.842257251864423893e+02 2.723055950062839088e+02
1.846759005833595779e+02 2.713581957831888190e+02
1.851421365549144866e+02 2.704194842521885676e+02
1.856242665610162987e+02 2.694897320516719219e+02
1.861221193598372565e+02 2.685692234071228199e+02
1.866355684006106230e+02 2.676581938858899434e+02
1.871644505589586345e+02 2.667569457395599102e+02
1.877087003937637917e+02 2.658657298360809591e+02
1.882682166000938082e+02 2.649849009296616487e+02
1.888429508479736398e+02 2.641147478762728156e+02
1.894328404291167089e+02 2.632555923735018837e+02
1.900377988622488772e+02 2.624077437691221348e+02
1.906574872639866101e+02 2.615713492763546810e+02
1.912914414356913539e+02 2.607464411559264477e+02
1.919391863465255597e+02 2.599330625734573914e+02
1.926002589297468717e+02 2.591312386160944925e+02
1.932742451320626174e+02 2.583409473855460305e+02
1.939606560481491613e+02 2.575622156801019855e+02
1.946590632188095356e+02 2.567949899050840941e+02
1.953690352965953707e+02 2.560392310367058144e+02
1.960901230653884397e+02 2.552949131599479244e+02
1.968219114491174935e+02 2.545619652260429291e+02
1.975639435078651331e+02 2.538402908642321734e+02
1.983157568506806854e+02 2.531297720042621222e+02
1.990768994665965010e+02 2.524302814005484379e+02
1.998469295480716141e+02 2.517416831226599925e+02
2.006254063655351274e+02 2.510638248808981814e+02
2.014118638908099399e+02 2.503965012772135879e+02
2.022058016345519320e+02 2.497395020799679628e+02
2.030067561369943974e+02 2.490925860001134993e+02
2.038142858113705813e+02 2.484555074343729757e+02
2.046279100430700169e+02 2.478280220675208909e+02
2.054471763836229172e+02 2.472098215581950740e+02
2.062715948461160451e+02 2.466005995245652116e+02
2.071007263874718092e+02 2.460000281832312510e+02
2.079341086101658220e+02 2.454077791514648936e+02
2.087713148481341534e+02 2.448235057832819166e+02
2.096119224246276360e+02 2.442468568330375547e+02
2.104555127853355430e+02 2.436774645251363154e+02
2.113016871590460255e+02 2.431149548679044017e+02
2.121500586970529127e+02 2.425589467398375518e+02
2.130002622125561800e+02 2.420090614121546650e+02
2.138519669679313893e+02 2.414649339365393530e+02
2.147048579187328983e+02 2.409261951151793255e+02
2.155586318329850428e+02 2.403924722270872962e+02
2.164129989318468290e+02 2.398633854783835488e+02
2.172676967576239520e+02 2.393385661597359899e+02
2.181225071888350158e+02 2.388176787217404069e+02
2.189772276297094038e+02 2.383003883414913844e+02
2.198316667677785574e+02 2.377863558875085346e+02
2.206856449118484989e+02 2.372752381803764195e+02
2.215390053655059148e+02 2.367667103087750888e+02
2.223916338190749968e+02 2.362604669260120431e+02
2.232434241671017219e+02 2.357562075285401022e+02
2.240942801031733609e+02 2.352536305805006691e+02
2.249441174202099489e+02 2.347524311992520154e+02
2.257928673176905079e+02 2.342523083722836361e+02
2.266404715187142642e+02 2.337529790034328130e+02
2.274869039885442419e+02 2.332541351699492509e+02
2.283321324688523646e+02 2.327554814318592378e+02
2.291761410837669075e+02 2.322567274246131888e+02
2.300190584326471424e+02 2.317578079322549627e+02
2.308612115937473277e+02 2.312589114796098499e+02
2.317029189400585949e+02 2.307602620307025347e+02
2.325444843219461006e+02 2.302621027308773307e+02
2.333862032696875985e+02 2.297646919270596300e+02
2.342283893704245088e+02 2.292682352479137649e+02
2.350712903196853460e+02 2.287729585194857123e+02
2.359151481839912208e+02 2.282791039474644776e+02
2.367602530842634394e+02 2.277868725039152480e+02
2.376068347886365757e+02 2.272965121000180204e+02
2.384551120282226293e+02 2.268082816319436859e+02
2.393053514980748275e+02 2.263223902326885195e+02
2.401577562388956721e+02 2.258390943944477272e+02
2.410125255642682589e+02 2.253586670878616758e+02
2.418699099287779291e+02 2.248813392551701895e+02
2.427300894444382777e+02 2.244074022405167739e+02
2.435932635739863770e+02 2.239371499644081780e+02
2.444596525894060335e+02 2.234708559913121348e+02
2.453294174425465712e+02 2.230088400038489453e+02
2.462027508489364322e+02 2.225514060510616332e+02
2.470798385245710165e+02 2.220988789597049617e+02
2.479608297223678619e+02 2.216516300480344341e+02
2.488459150442500629e+02 2.212099981769109434e+02
2.497352367734132770e+02 2.207743495318588316e+02
2.506290067943313034e+02 2.203449597596616627e+02
2.515274169633354688e+02 2.199220371401329714e+02
2.524304853150697738e+02 2.195058800152332594e+02
2.533382451108928137e+02 2.190967728376938055e+02
2.542507103961828818e+02 2.186950022116817252e+02
2.551678687514987303e+02 2.183008830735473396e+02
2.560897338044335925e+02 2.179147112206460974e+02
2.570162770799699388e+02 2.175368172380877638e+02
2.579474763655177867e+02 2.171675261765423954e+02
2.588832982479541442e+02 2.168071564767139705e+02
2.598236893323054915e+02 2.164560497531392969e+02
2.607685989424995796e+02 2.161145251270883989e+02
2.617179551569271894e+02 2.157829200697028966e+02
2.626716821932810717e+02 2.154615705221666246e+02
2.636296915919028265e+02 2.151508048173030545e+02
2.645918883396520869e+02 2.148509672329063847e+02
2.655581599211955677e+02 2.145623728088370399e+02
2.665283903223344169e+02 2.142853469574145038e+02
2.675024529887501217e+02 2.140202139160965658e+02
2.684802073494147407e+02 2.137672906234746506e+02
2.694615182476436530e+02 2.135269042614758348e+02
2.704462189001710044e+02 2.132993519861610139e+02
2.714341526958123154e+02 2.130849361354547113e+02
2.724251506399998561e+02 2.128839606907873190e+02
2.734190248781499122e+02 2.126967198979974398e+02
2.744155890705176830e+02 2.125234031710285763e+02
2.754145963868243712e+02 2.123638676512981363e+02
2.764158116650626766e+02 2.122179118177017472e+02
2.774190217791543773e+02 2.120853426329156832e+02
2.784239911020816862e+02 2.119659516372785220e+02
2.794305185144036159e+02 2.118595357703614752e+02
2.804384148401799166e+02 2.117659042264800746e+02
2.814474688565136944e+02 2.116848518279065274e+02
2.824575052646455902e+02 2.116161782594160172e+02
2.834683542143601471e+02 2.115596881732392092e+02
2.844798369668648661e+02 2.115151807782845879e+02
2.854917922711541678e+02 2.114824587789105692e+02
2.865040683919915523e+02 2.114613276076620423e+02
2.875165226912183130e+02 2.114515970582308739e+02
2.885290042419212568e+02 2.114530699490744325e+02
2.895413805513204011e+02 2.114655524973631771e+02
2.905535247053785497e+02 2.114888549066890278e+02
2.915653140968090611e+02 2.115227883212961615e+02
2.925766320278923445e+02 2.115671647917634175e+02
2.935873694355544785e+02 2.116217990771102677e+02
2.945974173246212899e+02 2.116865039585465524e+02
2.956066768465471455e+02 2.117610944819493852e+02
2.966150545239468101e+02 2.118453879346657232e+02
2.976224612290177447e+02 2.119392031613251675e+02
2.986288129787460548e+02 2.120423607006700308e+02
2.996340308897317755e+02 2.121546821537037602e+02
3.006380420087974130e+02 2.122759912879346587e+02
3.016407776648424601e+02 2.124061144722276140e+02
3.026421705534981470e+02 2.125448768805713087e+02
3.036421628382933591e+02 2.126921081076802409e+02
3.046406996863881886e+02 2.128476390436561303e+02
3.056377329149324282e+02 2.130113051349400166e+02
3.066332163723893700e+02 2.131829445866366939e+02
3.076271029197713460e+02 2.133623905066218072e+02
3.086193633241801990e+02 2.135494910478736017e+02
3.096099599331893728e+02 2.137440892814021822e+02
3.105988648217405625e+02 2.139460326130811438e+02
3.115860550572286911e+02 2.141551747899555096e+02
3.125715091197900506e+02 2.143713718822936016e+02
3.135552085306704839e+02 2.145944800019721015e+02
3.145371464145783875e+02 2.148243710539940423e+02
3.155173079247679198e+02 2.150609088574017846e+02
3.164956905142291248e+02 2.153039669245696928e+02
3.174722937799684814e+02 2.155534249397587701e+02
3.184471200368192854e+02 2.158091675471142423e+02
3.194201752524243147e+02 2.160710850648631833e+02
3.203914690476904070e+02 2.163390736078323471e+02
3.213610147085686322e+02 2.166130352258751941e+02
3.223288291696728152e+02 2.168928781998747297e+02
3.232949276370320604e+02 2.171785434580365859e+02
3.242592810703788473e+02 2.174701225175926993e+02
3.252218389019344613e+02 2.177677677076362954e+02
3.261825518204907439e+02 2.180716538716176274e+02
3.271413532302514113e+02 2.183819396768977583e+02
3.280981827784417533e+02 2.186988040679109133e+02
3.290529692112716589e+02 2.190224347479674236e+02
3.300056307795068165e+02 2.193530139749594241e+02
3.309560861162392484e+02 2.196907385571860232e+02
3.319042437875919518e+02 2.200358101866558229e+02
3.328500057773068761e+02 2.203884394237512367e+02
3.337932655787238900e+02 2.207488460533955106e+02
3.347339052234941050e+02 2.211172471199790834e+02
3.356718072844436733e+02 2.214938850391240237e+02
3.366068327662914044e+02 2.218789910564614729e+02
3.375388458947725780e+02 2.222728254158793391e+02
3.384676873516279443e+02 2.226756420676843220e+02
3.393931940622595107e+02 2.230877098738571647e+02
3.403151897540292339e+02 2.235093073545014875e+02
3.412334876486632425e+02 2.239407318360992747e+02
3.421478754378074427e+02 2.243822696615414714e+02
3.430581425240537214e+02 2.248342410447554300e+02
3.439640483480158650e+02 2.252969614598114276e+02
3.448653452712910621e+02 2.257707710890191208e+02
3.457617599213745621e+02 2.262560160000206793e+02
3.466529992008041745e+02 2.267530524364954658e+02
3.475387486617321429e+02 2.272622471164570754e+02
3.484186753450516676e+02 2.277839876289379788e+02
3.492924152996980069e+02 2.283186684917342575e+02
3.501595831691248009e+02 2.288667088309093742e+02
3.510197498105627574e+02 2.294285179404591872e+02
3.518724744273330884e+02 2.300045479848168384e+02
3.527172562815010792e+02 2.305952262976038867e+02
3.535535857690912280e+02 2.312010327044309861e+02
3.543808864062061161e+02 2.318224248104489220e+02
3.551985552021234298e+02 2.324598912815830545e+02
3.560059310786516562e+02 2.331139141496279308e+02
3.568023136274046010e+02 2.337850043957430159e+02
3.575869248927222088e+02 2.344736372048103021e+02
3.583589563128948043e+02 2.351803329790408270e+02
3.591175147315850040e+02 2.359055801244305712e+02
3.598616435066176678e+02 2.366498512633908149e+02
3.605903323598381007e+02 2.374136438261643320e+02
3.613024666590553124e+02 2.381973781317154533e+02
3.619968806664518297e+02 2.390014874583013693e+02
3.626723135579061363e+02 2.398263338398112410e+02
3.633274430601328504e+02 2.406722781994565139e+02
3.639608281991460785e+02 2.415395188081620290e+02
3.645709950622810425e+02 2.424282685290382062e+02
3.651563683215846368e+02 2.433385937486028752e+02
3.657153128666602697e+02 2.442704521673058480e+02
3.662461443592043224e+02 2.452237080232236508e+02
3.667471160161113630e+02 2.461979919013095355e+02
3.672164855745227214e+02 2.471928410318122928e+02
3.676524987012084011e+02 2.482075834203897386e+02
3.680534319172172673e+02 2.492413418243656906e+02
3.684176258687475638e+02 2.502930353183279237e+02
3.687435201412728247e+02 2.513613090592616288e+02
3.690298353517754322e+02 2.524433112191860289e+02
3.692760387264913788e+02 2.535358428171757055e+02
3.694821771907583638e+02 2.546368934759302363e+02
3.696485194701986643e+02 2.557445009580364967e+02
3.697755343911830437e+02 2.568567654792288977e+02
3.698638704973402582e+02 2.579718747459949100e+02
3.699143332052032633e+02 2.590881228961274019e+02
3.699278628449755502e+02 2.602039246986543617e+02
3.699054914757854817e+02 2.613178738875708973e+02
3.698483434427678844e+02 2.624286210960269727e+02
3.697575788822225604e+02 2.635350406688110638e+02
3.696344001414695981e+02 2.646360771740897917e+02
3.694800338547694878e+02 2.657308005041516026e+02
3.692957004484214281e+02 2.668184272126478618e+02
3.690826009041283555e+02 2.678982871687734360e+02
3.688419103147311375e+02 2.689698032667159282e+02
3.685747855443269145e+02 2.700324593793034751e+02
3.682823533650289960e+02 2.710858229196705338e+02
3.679656501461154789e+02 2.721296213864032438e+02
3.676257355962961242e+02 2.731634969475552452e+02
3.672635779150929807e+02 2.741872579441014182e+02
3.668800894169345952e+02 2.752007515895384131e+02
3.664761944201607093e+02 2.762037687982195848e+02
3.660526927230845331e+02 2.771962750226621210e+02
3.656103931948558738e+02 2.781781587698899898e+02
3.651500401339819177e+02 2.791493767559250045e+02
3.646723624664346062e+02 2.801098698854212330e+02
3.641779849968925191e+02 2.810596792681499210e+02
3.636675711607357471e+02 2.819987453257353422e+02
3.631416948540224325e+02 2.829271053191299075e+02
3.626009214916036854e+02 2.838447654052210396e+02
3.620457474659955892e+02 2.847517790113532783e+02
3.614767132486716719e+02 2.856481099074943586e+02
3.608942352077334021e+02 2.865338461432892245e+02
3.602987695694878312e+02 2.874089886131663434e+02
3.596907251943485448e+02 2.882735738662151448e+02
3.590704826877479832e+02 2.891276376676668747e+02
3.584384247489568907e+02 2.899711832054331353e+02
3.577948505650230686e+02 2.908042757324616332e+02
3.571401212824196136e+02 2.916268935162985372e+02
3.564745169348624358e+02 2.924390847944988536e+02
3.557983566026422295e+02 2.932408825866721145e+02
3.551119974530121226e+02 2.940323639793922439e+02
3.544157869704335440e+02 2.948136135386089336e+02
3.537100420708929960e+02 2.955847286385351822e+02
3.529950771195838684e+02 2.963457934151219888e+02
3.522711941192151812e+02 2.970968905453819957e+02
3.515386803301431655e+02 2.978381027994950614e+02
3.507977964730643521e+02 2.985695225369259447e+02
3.500488042695129707e+02 2.992912287941147156e+02
3.492919550848225185e+02 3.000033006045491675e+02
3.485274907497600339e+02 3.007058170530065695e+02
3.477556441599603545e+02 3.013988571935960863e+02
3.469766207217129477e+02 3.020825097883135300e+02
3.461906500322948546e+02 3.027568379930460196e+02
3.453979271324255365e+02 3.034219248896296222e+02
3.445986646167003755e+02 3.040778377280753944e+02
3.437930312027510809e+02 3.047246687336173636e+02
3.429812368509944349e+02 3.053624754732236397e+02
3.421634571752302350e+02 3.059913369066824202e+02
3.413398646113336667e+02 3.066113266558401165e+02
3.405106324055960272e+02 3.072225177075786178e+02
3.396759310851504665e+02 3.078249854233162068e+02
3.388359151691320790e+02 3.084188084364853921e+02
3.379907556288570731e+02 3.090040521408673158e+02
3.371406109230179595e+02 3.095807892846233926e+02
3.362856150245694948e+02 3.101491051655089564e+02
3.354259403658023757e+02 3.107090664840891918e+02
3.345617200501571347e+02 3.112607586807891380e+02
3.336931137283791031e+02 3.118042507947967010e+02
3.328202340173727976e+02 3.123396294084379861e+02
3.319432517792308772e+02 3.128669599216698884e+02
3.310622910935905452e+02 3.133863353040596280e+02
3.301774872544702930e+02 3.138978366601211860e+02
3.292889673459036999e+02 3.144015450390004958e+02
3.283968694814382729e+02 3.148975375468460811e+02
3.275013184591107347e+02 3.153859027464069982e+02
3.266024412162946646e+02 3.158667286240194585e+02
3.257003617942525011e+02 3.163401022666541280e+02
3.247952000482340509e+02 3.168061101414963332e+02
3.238870708322285168e+02 3.172648380212747270e+02
3.229760976937793089e+02 3.177163747909053768e+02
3.220623940521421105e+02 3.181608138254667892e+02
3.211460724352387501e+02 3.185982465069088221e+02
3.202272381979832971e+02 3.190287624449291570e+02
3.193060001144126545e+02 3.194524500644983505e+02
3.183824677031134911e+02 3.198694030743346275e+02
3.174567361110492243e+02 3.202797130315418599e+02
3.165289091963756505e+02 3.206834705914792494e+02
3.155990847832282498e+02 3.210807687781173172e+02
3.146673509495917074e+02 3.214716934133141422e+02
3.137338023765087769e+02 3.218563321818712666e+02
3.127985168580929098e+02 3.222347609831560931e+02
3.118615815269187692e+02 3.226070658169720673e+02
3.109230727052427596e+02 3.229733215557377548e+02
3.099830683362330319e+02 3.233336097272096481e+02
3.090416414840477728e+02 3.236880053132898638e+02
3.080988623299758729e+02 3.240365770701853307e+02
3.071547978386902287e+02 3.243794048948739146e+02
3.062095162960550283e+02 3.247165547489905748e+02
3.052630789870700028e+02 3.250480970788621562e+02
3.043155434329202080e+02 3.253741001304702536e+02
3.033669689434009342e+02 3.256946216672437799e+02
3.024174089235921201e+02 3.260097213151272513e+02
3.014669116399353470e+02 3.263194656501269151e+02
3.005155299033900747e+02 3.266239101173387098e+02
2.995633121536362182e+02 3.269230991701817857e+02
2.986102942575080874e+02 3.272170876644784698e+02
2.976565189983937216e+02 3.275059242512506898e+02
2.967020275183863305e+02 3.277896548721941485e+02
2.957468599675466976e+02 3.280683177430979640e+02
2.947910435685083712e+02 3.283419525408290269e+02
2.938346078549530489e+02 3.286105966602922308e+02
2.928775855138250108e+02 3.288742822729169006e+02
2.919200044758447916e+02 3.291330414988032658e+02
2.909618976955955532e+02 3.293868949004695423e+02
2.900032706841783465e+02 3.296358762976448702e+02
2.890441533470789750e+02 3.298800034601891298e+02
2.880845588329756879e+02 3.301193017396075220e+02
2.871244235560192237e+02 3.303538644227436407e+02
2.861637071184834440e+02 3.305838036726462406e+02
2.852024174093205602e+02 3.308092168264198563e+02
2.842405814738513072e+02 3.310301889852299269e+02
2.832782166327193636e+02 3.312468060037621740e+02
2.823153480654057716e+02 3.314591447707172733e+02
2.813519720267257185e+02 3.316672950422959048e+02
2.803881051986552393e+02 3.318713355511331429e+02
2.794237603906182130e+02 3.320713427054507179e+02
2.784589571815145632e+02 3.322673843186032059e+02
2.774936832786690957e+02 3.324595417989513066e+02
2.765279480561531500e+02 3.326478886432819309e+02
2.755617636303074960e+02 3.328324937053142776e+02
2.745951385155725575e+02 3.330134221898910596e+02
2.736280489320605511e+02 3.331907535142925099e+02
2.726605121442624977e+02 3.333645493485524298e+02
2.716925376027089669e+02 3.335348706385555033e+02
2.707240895751228891e+02 3.337018001858294838e+02
2.697551935289619109e+02 3.338653955716706037e+02
2.687858323461427403e+02 3.340257240555212661e+02
2.678159852819107414e+02 3.341828472815719238e+02
2.668456589473000236e+02 3.343367148339503956e+02
2.658747725149045777e+02 3.344872433101111255e+02
2.649033499075435429e+02 3.346343093150456411e+02
2.639313039937339909e+02 3.347778247979388766e+02
2.629586659215758573e+02 3.349176619379090312e+02
2.619853615388307162e+02 3.350537272806985243e+02
2.610114068158724763e+02 3.351859020172407782e+02
2.600367687210367080e+02 3.353140765567453627e+02
2.590614248344143675e+02 3.354381398650782558e+02
2.580853827939315011e+02 3.355579677305941573e+02
2.571086164346809824e+02 3.356734432223418025e+02
2.561311157843835531e+02 3.357844461391531468e+02
2.551528823212711643e+02 3.358908501537245570e+02
2.541739128612697129e+02 3.359925268352376975e+02
2.531942102739056395e+02 3.360893430496342944e+02
2.522137693524561257e+02 3.361811643740554700e+02
2.512325963629464809e+02 3.362678516837009397e+02
2.502507011073545016e+02 3.363492621323192679e+02
2.492680940829578731e+02 3.364252501039625258e+02
2.482847936237528472e+02 3.364956641607447523e+02
2.473008105988947989e+02 3.365603490875974444e+02
2.463161639695080964e+02 3.366191458119686217e+02
2.453308785855603560e+02 3.366718915034337556e+02
2.443449863487210223e+02 3.367184179669545756e+02
2.433585208688862167e+02 3.367585512885558501e+02
2.423714969304268152e+02 3.367921188018839302e+02
2.413839850927492705e+02 3.368189291206585381e+02
2.403959921758015810e+02 3.368388033851184105e+02
2.394076026991509991e+02 3.368515428110129619e+02
2.384188377960679475e+02 3.368569571509057141e+02
2.374297686085309920e+02 3.368548433919503395e+02
2.364404584047451578e+02 3.368449929998648713e+02
2.354509775463986898e+02 3.368271921269056293e+02
2.344613896135171274e+02 3.368012275515421834e+02
2.334717795215427998e+02 3.367668788275386760e+02
2.324822379887178556e+02 3.367239158205729836e+02
2.314928499335354104e+02 3.366721072977255744e+02
2.305037157446367075e+02 3.366112179296103477e+02
2.295149461079406308e+02 3.365410058248003224e+02
2.285266604203170573e+02 3.364612210255332343e+02
2.275389694951285549e+02 3.363716144268498169e+02
2.265520154989611683e+02 3.362719274615769791e+02
2.255659405519228642e+02 3.361618949037876973e+02
2.245808878564877205e+02 3.360412514106106414e+02
2.235970243125773322e+02 3.359097241336256729e+02
2.226145216276669316e+02 3.357670347647463132e+02
2.216335630833158348e+02 3.356129005426192862e+02
2.206543516024256064e+02 3.354470292561146607e+02
2.196770872653374624e+02 3.352691311889009853e+02
2.187019788479851172e+02 3.350789965045515260e+02
2.177292057409990491e+02 3.348765364296942266e+02
2.167589644063424714e+02 3.346616574540113334e+02
2.157914371948271253e+02 3.344342657301610870e+02
2.148268302649954649e+02 3.341942566350243737e+02
2.138653546132360646e+02 3.339415148831735678e+02
2.129072260215339156e+02 3.336759184169173977e+02
2.119526656839682062e+02 3.333973405198319711e+02
2.110019224385632413e+02 3.331056345608294578e+02
2.100552343860593965e+02 3.328006512202240401e+02
2.091128655798060265e+02 3.324822293416441994e+02
2.081750893960120550e+02 3.321501962878136283e+02
2.072421949838095543e+02 3.318043671851460203e+02
2.063144878952413990e+02 3.314445441158629251e+02
2.053922842951517111e+02 3.310705220123176105e+02
2.044759264063260389e+02 3.306820813542171322e+02
2.035657744989609341e+02 3.302789890057023285e+02
2.026622074955064647e+02 3.298610017886326204e+02
2.017656262558409708e+02 3.294278673057276592e+02
2.008764699333196688e+02 3.289793109342074331e+02
1.999951826163072326e+02 3.285150590795483936e+02
1.991222532089240929e+02 3.280348227179337641e+02
1.982581944157111309e+02 3.275383035777314262e+02
1.974035586366462951e+02 3.270251897842550193e+02
1.965589187803194591e+02 3.264951721578668185e+02
1.957248996308441917e+02 3.259479274675030069e+02
1.949021571724018145e+02 3.253831305429214353e+02
1.940913844470147183e+02 3.248004603115289228e+02
1.932933147147939508e+02 3.241996009063723250e+02
1.925087333139916268e+02 3.235802339734043471e+02
1.917384576606731059e+02 3.229420603513203218e+02
1.909833521570918720e+02 3.222847956745267197e+02
1.902443230267521983e+02 3.216081775786557273e+02
1.895223096700929659e+02 3.209119802201246898e+02
1.888182968370742003e+02 3.201960060456876249e+02
1.881333023535736402e+02 3.194601027188992362e+02
1.874683692275992257e+02 3.187041746793908601e+02
1.868245616726198648e+02 3.179281875283582508e+02
1.862029504277162175e+02 3.171321841551888951e+02
1.856046177183276882e+02 3.163162724732897004e+02
1.850306218506879645e+02 3.154806693460967040e+02
1.844820105289645369e+02 3.146256587127136299e+02
1.839597788447065909e+02 3.137516532875674784e+02
1.834648671735094752e+02 3.128591519602814515e+02
