1.834315488671985293e+02 3.117599105345973953e+02
1.830710269693863665e+02 3.108200556071761866e+02
1.827384714061450950e+02 3.098703853924060354e+02
1.824336434438664298e+02 3.089116650541917011e+02
1.821562369848910805e+02 3.079446433195369650e+02
1.819058682699856035e+02 3.069700703443838279e+02
1.816821115481198206e+02 3.059886770720331697e+02
1.814845016544737177e+02 3.050011771011878068e+02
1.813125376939970863e+02 3.040082636996613701e+02
1.811656905899060064e+02 3.030106060483016108e+02
1.810434242769139246e+02 3.020088420673477572e+02
1.809451828167438805e+02 3.010035873729701166e+02
1.808704197836417507e+02 2.999954218104590495e+02
1.808185860930653064e+02 2.989849014659159820e+02
1.807891337762735873e+02 2.979725548798886052e+02
1.807815343596328432e+02 2.969588774176528432e+02
1.807952653682862660e+02 2.959443451427200671e+02
1.808298286343965060e+02 2.949294028932788478e+02
1.808847383148749373e+02 2.939144781669014606e+02
1.809595259516048031e+02 2.928999752417399236e+02
1.810537549917898730e+02 2.918862712074799788e+02
1.811669945979009810e+02 2.908737392825885308e+02
1.812988395564388497e+02 2.898627252153339668e+02
1.814489092989913104e+02 2.888535598751771545e+02
1.816168422975572696e+02 2.878465642115908167e+02
1.818022915234663515e+02 2.868420501251844144e+02
1.820049342329861304e+02 2.858403102285402611e+02
1.822244643903244992e+02 2.848416300621100845e+02
1.824605900994147873e+02 2.838462905005309267e+02
1.827130349448073332e+02 2.828545640853677128e+02
1.829815606607170082e+02 2.818667000403839324e+02
1.832659064769850943e+02 2.808829796679900141e+02
1.835658507706779119e+02 2.799036375940411290e+02
1.838811777809200123e+02 2.789289240153327682e+02
1.842116835901962304e+02 2.779590853531510675e+02
1.845571756000519770e+02 2.769943645204953100e+02
1.849174902105821445e+02 2.760349843248586694e+02
1.852924322462537248e+02 2.750812057330959419e+02
1.856818566347765795e+02 2.741332387269699211e+02
1.860856112814053063e+02 2.731913225840754080e+02
1.865035485297206037e+02 2.722556954932680355e+02
1.869355411094842339e+02 2.713265809064268979e+02
1.873814623114002984e+02 2.704042127345470590e+02
1.878411837681007910e+02 2.694888305701387594e+02
1.883146069649551180e+02 2.685806531541530262e+02
1.888016125248838080e+02 2.676799302854200278e+02
1.893021245326951316e+02 2.667868815326568779e+02
1.898160351225553200e+02 2.659017705756397731e+02
1.903432696625276037e+02 2.650248289917692546e+02
1.908837484409231138e+02 2.641563052787107608e+02
1.914373787555260549e+02 2.632964399342936304e+02
1.920039111655779891e+02 2.624453714189176594e+02
1.925830200615440049e+02 2.616031677858703688e+02
1.931743747278950991e+02 2.607699011107885099e+02
1.937776523811379263e+02 2.599456322426690349e+02
1.943925668110243805e+02 2.591303990714137626e+02
1.950187992079926858e+02 2.583242733207690662e+02
1.956560771880200491e+02 2.575272882035088173e+02
1.963041288756549534e+02 2.567394864812469564e+02
1.969626694641641791e+02 2.559609175960684695e+02
1.976314407453747322e+02 2.551916092359265917e+02
1.983101830687001268e+02 2.544315933240625611e+02
1.989986421262051124e+02 2.536808979983192671e+02
1.996965690985651634e+02 2.529395481688376037e+02
2.004037204327785275e+02 2.522075657733377909e+02
2.011198568089233447e+02 2.514849689835913011e+02
2.018447476197873129e+02 2.507717670255505595e+02
2.025781414932442317e+02 2.500679744946825735e+02
2.033198101255729568e+02 2.493735902675259126e+02
2.040695398437830193e+02 2.486886159156583744e+02
2.048270841913286517e+02 2.480130579820456092e+02
2.055922317405154160e+02 2.473468979425281304e+02
2.063647383501054549e+02 2.466901247580701977e+02
2.071443974285233764e+02 2.460427186328957134e+02
2.079309738908916358e+02 2.454046627895029644e+02
2.087242557584767439e+02 2.447759298136235202e+02
2.095240217926718742e+02 2.441564875597190394e+02
2.103300435295368800e+02 2.435462940650197936e+02
2.111421044500695245e+02 2.429453064835218186e+02
2.119599904306074336e+02 2.423534815095716795e+02
2.127834889567998005e+02 2.417707720607289446e+02
2.136123823653608156e+02 2.411971182507834612e+02
2.144464554020422042e+02 2.406324550949720731e+02
2.152854971984325232e+02 2.400767177872353386e+02
2.161293012822295054e+02 2.395298391981827706e+02
2.169776632219092676e+02 2.389917478987359232e+02
2.178303783024199447e+02 2.384623652356483490e+02
2.186872454374862684e+02 2.379416098091342064e+02
2.195480677518008576e+02 2.374293982216775589e+02
2.204126525720054417e+02 2.369256451311555054e+02
2.212808102574006739e+02 2.364302678208898953e+02
2.221523605039349718e+02 2.359431746979901163e+02
2.230271237042292114e+02 2.354642755041890894e+02
2.239049238599374689e+02 2.349934796224731031e+02
2.247855902046069900e+02 2.345306940065293588e+02
2.256689587412337232e+02 2.340758275382763713e+02
2.265548669022878414e+02 2.336288031845611783e+02
2.274431752596828460e+02 2.331895205155215081e+02
2.283337327917624862e+02 2.327578906932118912e+02
2.292263923291087053e+02 2.323338231176460624e+02
2.301209730070503383e+02 2.319171873558189816e+02
2.310172856718913579e+02 2.315077656521222025e+02
2.319151332753898487e+02 2.311053410491035152e+02
2.328143173163980464e+02 2.307097032516765864e+02
2.337146448547038347e+02 2.303206472499414019e+02
2.346159960548244499e+02 2.299379468753436697e+02
2.355182190752153417e+02 2.295614434928970979e+02
2.364211654070567761e+02 2.291909892901993544e+02
2.373247697231243762e+02 2.288263722684136496e+02
2.382289006744932180e+02 2.284674302567993038e+02
2.391334403281111065e+02 2.281140406678433692e+02
2.400383819356228230e+02 2.277660340059354382e+02
2.409436355959851426e+02 2.274232974133171581e+02
2.418491126915100438e+02 2.270857291065803736e+02
2.427548385148796228e+02 2.267531535993234968e+02
2.436607325957063210e+02 2.264254867349505673e+02
2.445667651440744521e+02 2.261026407784239041e+02
2.454729773398541965e+02 2.257844838076999565e+02
2.463793034832210935e+02 2.254709501078677079e+02
2.472857681894656139e+02 2.251619294705827770e+02
2.481923984875264466e+02 2.248573099012438661e+02
2.490991394066196563e+02 2.245570326914915142e+02
2.500060860744243882e+02 2.242609625457980655e+02
2.509132413872756331e+02 2.239690095753201433e+02
2.518209284020915106e+02 2.236808972412536320e+02
2.527295959065840805e+02 2.233961928674867750e+02
2.536391855554270762e+02 2.231146584789512701e+02
2.545497445406835482e+02 2.228360142689938357e+02
2.554613078134932209e+02 2.225599852621504624e+02
2.563738140476891658e+02 2.222863391622048255e+02
2.572873830724618074e+02 2.220147065150387675e+02
2.582019493989841408e+02 2.217447713020154083e+02
2.591175484714090089e+02 2.214761878200343119e+02
2.600342525509055918e+02 2.212085961106711807e+02
2.609520120786575035e+02 2.209416723900549471e+02
2.618709464354228658e+02 2.206749331982341005e+02
2.627910193649940993e+02 2.204079208316879033e+02
2.637122796578966586e+02 2.201401590920671083e+02
2.646348246073836208e+02 2.198711567215317473e+02
2.655586360334637561e+02 2.196004415102165410e+02
2.664838603264600465e+02 2.193273678772449671e+02
2.674105024033942755e+02 2.190513060794566798e+02
2.683386577619211266e+02 2.187716111951129960e+02
2.692684657985533363e+02 2.184876280642493782e+02
2.701999757931856720e+02 2.181987015671165580e+02
2.711333825650683593e+02 2.179040096554881529e+02
2.720687786702503672e+02 2.176027368612109285e+02
2.730063254128375547e+02 2.172940641730243385e+02
2.739462478783733559e+02 2.169771606775661894e+02
2.748887410592648735e+02 2.166514903440834132e+02
2.758341781882885471e+02 2.163172444847817815e+02
2.767828946269253834e+02 2.159747574424243339e+02
2.777351871768649971e+02 2.156243855468736399e+02
2.786914118064067907e+02 2.152664703987462644e+02
2.796518640114864525e+02 2.149015793358223050e+02
2.806168567373004521e+02 2.145307629853824380e+02
2.815867135055942185e+02 2.141551263886258880e+02
2.825616802587909433e+02 2.137757927737709736e+02
2.835419793353064506e+02 2.133938984886751484e+02
2.845278150485244169e+02 2.130107915704112713e+02
2.855193503517750173e+02 2.126282277424178346e+02
2.865166969147649070e+02 2.122480143257933491e+02
2.875199168651301989e+02 2.118719668747653770e+02
2.885290101370234765e+02 2.115018969061274845e+02
2.895439269191336962e+02 2.111396299217662147e+02
2.905645653320410702e+02 2.107870095470651961e+02
2.915907685057258050e+02 2.104458809521771059e+02
2.926223259777141266e+02 2.101180885443912700e+02
2.936589789006010847e+02 2.098054691319423455e+02
2.947004157751658795e+02 2.095095627392182394e+02
2.957463115545698429e+02 2.092315338618004716e+02
2.967963117263805657e+02 2.089725201292882844e+02
2.978500279986959072e+02 2.087336554250772735e+02
2.989070416272260218e+02 2.085160538110104085e+02
2.999669377025749100e+02 2.083204187489533581e+02
3.010293282405723971e+02 2.081470177729624709e+02
3.020938206511368662e+02 2.079960948421116029e+02
3.031599974026705695e+02 2.078678857642428568e+02
3.042274618456967801e+02 2.077626123150229773e+02
3.052958392408633586e+02 2.076802112416796433e+02
3.063648073832693512e+02 2.076203725634195223e+02
3.074340430108333635e+02 2.075827758156599714e+02
3.085031854127973929e+02 2.075670856867272676e+02
3.095719952987258807e+02 2.075729869686774123e+02
3.106401565271945060e+02 2.076000627413401389e+02
3.117074173783388460e+02 2.076478437090355271e+02
3.127735538827457162e+02 2.077158658471515196e+02
3.138383318411429173e+02 2.078036619178499791e+02
3.149015108296241579e+02 2.079107652035318097e+02
3.159629498015693798e+02 2.080368064386215963e+02
3.170223659111748589e+02 2.081814192954880411e+02
3.180795811887584819e+02 2.083442631819974338e+02
3.191344144916608343e+02 2.085249998927738488e+02
3.201866779115425743e+02 2.087233098893446481e+02
3.212361532505062769e+02 2.089390280913837898e+02
3.222826049850405070e+02 2.091720677302826914e+02
3.233257972078924922e+02 2.094223443359210819e+02
3.243654934081350802e+02 2.096897752148142899e+02
3.254014887014510578e+02 2.099742788565515639e+02
3.264335592774800148e+02 2.102756732225229257e+02
3.274614742305909090e+02 2.105937309911415980e+02
3.284851522619479169e+02 2.109282897369426166e+02
3.295042780755447893e+02 2.112790994325656584e+02
3.305187344924678428e+02 2.116460226046979187e+02
3.315282902432009564e+02 2.120290840704745960e+02
3.325325915105665899e+02 2.124283244291349035e+02
3.335313889939496903e+02 2.128438315257650402e+02
3.345243778640895016e+02 2.132756785106382438e+02
3.355112493974905874e+02 2.137239657767352696e+02
3.364916473548727822e+02 2.141888771539622951e+02
3.374651236346276164e+02 2.146705815922689453e+02
3.384313578873738493e+02 2.151693215324459914e+02
3.393898330359337479e+02 2.156852486814353256e+02
3.403401880619363169e+02 2.162186076716984928e+02
3.412818799479794620e+02 2.167695706277803538e+02
3.422144194650817326e+02 2.173383453044946805e+02
3.431372810041594335e+02 2.179251307014570216e+02
3.440499464691782805e+02 2.185301459710565268e+02
3.449517586518907706e+02 2.191534951134375717e+02
3.458422313104860564e+02 2.197952889685546722e+02
3.467207407197411726e+02 2.204555461923206678e+02
3.475867160447970718e+02 2.211343300175688000e+02
3.484395049351134617e+02 2.218316637110674208e+02
3.492784667709297537e+02 2.225474837369659724e+02
3.501030378681244883e+02 2.232815444769699980e+02
3.509126776461508257e+02 2.240335940064176157e+02
3.517067894557828254e+02 2.248033498734293687e+02
3.524847852634020455e+02 2.255905495388264796e+02
3.532460555060349634e+02 2.263947489168304230e+02
3.539902161579942117e+02 2.272153745566469354e+02
3.547167832845524345e+02 2.280517310954444952e+02
3.554253749271317133e+02 2.289032254621516813e+02
3.561155075242750172e+02 2.297691761275505371e+02
3.567868255229483339e+02 2.306488569171801544e+02
3.574390711578740252e+02 2.315413640287235637e+02
3.580720405746113215e+02 2.324458344698109613e+02
3.586854853983833209e+02 2.333613492037190440e+02
3.592792355309967434e+02 2.342870829345304458e+02
3.598531241229633224e+02 2.352221472405571205e+02
3.604070567876116229e+02 2.361656339941438034e+02
3.609409972448785879e+02 2.371167139402708131e+02
3.614548983910134439e+02 2.380745241913298003e+02
3.619487835229325015e+02 2.390382987726532917e+02
3.624226571788972819e+02 2.400073169599509413e+02
3.628765361868379955e+02 2.409809882258082609e+02
3.633104513344716793e+02 2.419586957201811970e+02
3.637245178533314629e+02 2.429399659788460895e+02
3.641188556834867995e+02 2.439243766276832730e+02
3.644930610100009289e+02 2.449119007047366949e+02
3.648462067254996555e+02 2.459028145854806837e+02
3.651773406622666585e+02 2.468973097296102708e+02
3.654855243565256728e+02 2.478955587349417726e+02
3.657698260650685711e+02 2.488976623433844679e+02
3.660292872675778995e+02 2.499036728898697106e+02
3.662629468907895216e+02 2.509135814928236528e+02
3.664699113377198501e+02 2.519272760857135154e+02
3.666496921054694553e+02 2.529441894093940277e+02
3.668023411390504975e+02 2.539636728953905731e+02
3.669280712587370203e+02 2.549853938579749411e+02
3.670271549255650143e+02 2.560090096385641800e+02
3.670999256836047380e+02 2.570341648559041801e+02
3.671467705097727503e+02 2.580604948368418263e+02
3.671681210024763686e+02 2.590876285860975372e+02
3.671644377695682238e+02 2.601151911659114262e+02
3.671361930279027206e+02 2.611428156984474072e+02
3.670838912398998559e+02 2.621701172544409815e+02
3.670080356491918678e+02 2.631967321314085666e+02
3.669091404487870705e+02 2.642222849114671703e+02
3.667877187055503327e+02 2.652464022257206580e+02
3.666442729632941564e+02 2.662687209775202177e+02
3.664792936542777966e+02 2.672888834083514098e+02
3.662932579108671121e+02 2.683065345193680855e+02
3.660866366912175067e+02 2.693213154165173933e+02
3.658598883506006132e+02 2.703328716957229290e+02
3.656134231180327561e+02 2.713408812883609471e+02
3.653476699466377795e+02 2.723449763388446740e+02
3.650630161100320947e+02 2.733448312982090442e+02
3.647598218987052405e+02 2.743401215514858791e+02
3.644384719403210511e+02 2.753304905115360839e+02
3.640992881040258453e+02 2.763156423822248371e+02
3.637426007970174737e+02 2.772952379090470458e+02
3.633687096380474486e+02 2.782689583228797687e+02
3.629779182034014866e+02 2.792364711877266359e+02
3.625704915406963096e+02 2.801974971140301136e+02
3.621467288955909680e+02 2.811517016948620835e+02
3.617068786084510066e+02 2.820987965921151499e+02
3.612511874134189043e+02 2.830384714332452063e+02
3.607798685349895322e+02 2.839704442564693068e+02
3.602931996210024295e+02 2.848943924526003570e+02
3.597913801791005994e+02 2.858100714535236193e+02
3.592746405639526301e+02 2.867171796187745372e+02
3.587431818840716460e+02 2.876154369500293342e+02
3.581971975179438346e+02 2.885045684010482319e+02
3.576369111076718355e+02 2.893842919484530967e+02
3.570624867728607796e+02 2.902543732584234704e+02
3.564741412879110953e+02 2.911145139752559317e+02
3.558720305461491193e+02 2.919644693583502999e+02
3.552564304715438084e+02 2.928040533285518450e+02
3.546278171792981198e+02 2.936332584240560664e+02
3.539866731009784075e+02 2.944521105504812226e+02
3.533334482747210927e+02 2.952606570541288988e+02
3.526685847553972053e+02 2.960589439654089574e+02
3.519925012697314060e+02 2.968470182528653254e+02
3.513055867686722991e+02 2.976249237598950685e+02
3.506082007024667178e+02 2.983927189876926036e+02
3.499006996814046033e+02 2.991504569197465457e+02
3.491834272727742245e+02 2.998981962994075161e+02
3.484567084841636415e+02 3.006359950185782282e+02
3.477208483823058032e+02 3.013639070808474116e+02
3.469761220112438878e+02 3.020819998668814037e+02
3.462228263279715179e+02 3.027903195460541497e+02
3.454612217762476121e+02 3.034889355996371023e+02
3.446915785325286379e+02 3.041778981304988747e+02
3.439141131445397832e+02 3.048572786854153946e+02
3.431290834049183900e+02 3.055271148516368953e+02
3.423367105190926054e+02 3.061874690127356757e+02
3.415372110700629378e+02 3.068384002197829545e+02
3.407307964737175894e+02 3.074799629371740934e+02
3.399176698397274663e+02 3.081122102776622000e+02
3.390980162009378773e+02 3.087352009693918831e+02
3.382720387502400854e+02 3.093489799720626365e+02
3.374399264655862112e+02 3.099536014173771150e+02
3.366018362691180528e+02 3.105491316149891077e+02
3.357579664435700693e+02 3.111356110695473944e+02
3.349084697510769502e+02 3.117131044810260505e+02
3.340535307804684635e+02 3.122816567020739171e+02
3.331932779827565696e+02 3.128413373673375304e+02
3.323279086058876715e+02 3.133921841225862295e+02
3.314575613379160473e+02 3.139342693532564681e+02
3.305823896616877278e+02 3.144676513714210841e+02
3.297025375009086474e+02 3.149923898924893706e+02
3.288181638984503934e+02 3.155085383888904289e+02
3.279294105226982197e+02 3.160161658508754385e+02
3.270364225308156279e+02 3.165153405634979435e+02
3.261393423227410722e+02 3.170061302578197342e+02
3.252383077394625843e+02 3.174886027138152826e+02
3.243334509787649722e+02 3.179628264517108391e+02
3.234249190479880554e+02 3.184288740794892760e+02
3.225128454751463778e+02 3.188868272271541286e+02
3.215973640808545042e+02 3.193367651475317643e+02
3.206785990648779148e+02 3.197787671639925406e+02
3.197566825619414885e+02 3.202129102484126406e+02
3.188317519110936473e+02 3.206392815733905763e+02
3.179039216164541131e+02 3.210579740139137357e+02
3.169733251594734611e+02 3.214690738517699060e+02
3.160400862442721746e+02 3.218726723015968787e+02
3.151043156777477634e+02 3.222688649823242031e+02
3.141661651984396713e+02 3.226577751764497748e+02
3.132257517786765106e+02 3.230395373410914317e+02
3.122832241978632055e+02 3.234142841811759581e+02
3.113386961917273652e+02 3.237821504084810158e+02
3.103923003475870814e+02 3.241432705426545340e+02
3.094441556617844640e+02 3.244977847662064505e+02
3.084943762156859748e+02 3.248458298818649155e+02
3.075430829606218026e+02 3.251875490508946882e+02
3.065903797729536109e+02 3.255230806217869031e+02
3.056363739140292068e+02 3.258525635814187922e+02
3.046811674357750803e+02 3.261761389762692716e+02
3.037248548508285921e+02 3.264939423662840454e+02
3.027675283612444446e+02 3.268061095048599896e+02
3.018092770625370349e+02 3.271127822882090186e+02
3.008501843657172685e+02 3.274140959368752988e+02
2.998903272122825001e+02 3.277101753084479014e+02
2.989297769416580195e+02 3.280011526702479614e+02
2.979686028569126393e+02 3.282871577962466176e+02
2.970068703061277802e+02 3.285683185414309833e+02
2.960446398370438033e+02 3.288447552739724529e+02
2.950819617761089830e+02 3.291165863995712471e+02
2.941188840747258268e+02 3.293839294486664926e+02
2.931554529975505829e+02 3.296468983188109974e+02
2.921917093548807998e+02 3.299056068244472613e+02
2.912276925065428372e+02 3.301601578466765545e+02
2.902634226943072804e+02 3.304106620556132157e+02
2.892989305914726401e+02 3.306572183799938216e+02
2.883342342528081872e+02 3.308999315596809652e+02
2.873693042478730604e+02 3.311389648663016487e+02
2.864041227912255749e+02 3.313745041215005926e+02
2.854386988819037470e+02 3.316067263182036413e+02
2.844730507235969412e+02 3.318357987747326092e+02
2.835071876755362723e+02 3.320618887976985434e+02
2.825411213389729141e+02 3.322851558674228727e+02
2.815748425714180598e+02 3.325057710925405559e+02
2.806083532425441263e+02 3.327238984363316376e+02
2.796416499462525849e+02 3.329396994423751721e+02
2.786747307335273263e+02 3.331533278120096497e+02
2.777075704661507984e+02 3.333649483219195986e+02
2.767401565691018277e+02 3.335747235067401562e+02
2.757724760477431687e+02 3.337828151379588917e+02
2.748045103082678793e+02 3.339893812470223224e+02
2.738362175510353040e+02 3.341945915096856083e+02
2.728675791970641171e+02 3.343986014614800979e+02
2.718985693315817684e+02 3.346015715516506361e+02
2.709291324678104047e+02 3.348036856089274238e+02
2.699592470275509868e+02 3.350051069210603032e+02
2.689888615190139376e+02 3.352060052013090399e+02
2.680179170335408685e+02 3.354065330862227938e+02
2.670463388800823168e+02 3.356065996830949985e+02
2.660739875878034013e+02 3.358059853258670273e+02
2.651007846787738345e+02 3.360044347603950996e+02
2.641265973826815525e+02 3.362017187460642731e+02
2.631513577871249367e+02 3.363975739251276309e+02
2.621749491353314170e+02 3.365917508226187351e+02
2.611973020489054989e+02 3.367839730068835706e+02
2.602183289130064736e+02 3.369739685633089721e+02
2.592379529623476060e+02 3.371614636202143629e+02
2.582561133819370411e+02 3.373461697950357348e+02
2.572727403138692921e+02 3.375277869957982944e+02
2.562877758119306577e+02 3.377060047284976463e+02
2.553011711494767155e+02 3.378805059406921600e+02
2.543128819050386369e+02 3.380509701526584081e+02
2.533228710114144349e+02 3.382170694881257305e+02
2.523311057719267581e+02 3.383784612737463817e+02
2.513375628070168091e+02 3.385347933852519304e+02
2.503422263155809731e+02 3.386857093094805577e+02
2.493450880133026430e+02 3.388308490495268757e+02
2.483461474487284306e+02 3.389698460356175360e+02
2.473454123125014519e+02 3.391023274912832335e+02
2.463428992993657403e+02 3.392279160978893060e+02
2.453386336006247177e+02 3.393462304948469637e+02
2.443326482102778527e+02 3.394568836396259712e+02
2.433249848034630531e+02 3.395594852498112459e+02
2.423157016553917344e+02 3.396536575802972493e+02
2.413048495388781589e+02 3.397390057124836744e+02
2.402925138226937918e+02 3.398151492322035097e+02
2.392787588506340626e+02 3.398816850513874215e+02
2.382636913165219426e+02 3.399382287379613672e+02
2.372474045458917260e+02 3.399844013924378601e+02
2.362300082898928508e+02 3.400198235879325352e+02
2.352116214078720304e+02 3.400441107367674931e+02
2.341923842652420547e+02 3.400568811713654327e+02
2.331724356287177784e+02 3.400577530405511766e+02
2.321519237207336062e+02 3.400463565259984193e+02
2.311310211693958081e+02 3.400223272887035364e+02
2.301099042509734431e+02 3.399852963628301268e+02
2.290887580703529238e+02 3.399348883981431868e+02
2.280677786761195875e+02 3.398707269350738329e+02
2.270471982492045129e+02 3.397924565865918680e+02
2.260272300997019101e+02 3.396997082188435115e+02
2.250081165303871558e+02 3.395921104531079209e+02
2.239901306333886453e+02 3.394692975389103253e+02
2.229735390288190047e+02 3.393308918506836562e+02
2.219586379328083297e+02 3.391765144787259487e+02
2.209457428499855212e+02 3.390057846810937008e+02
2.199351752392042840e+02 3.388183106573949885e+02
2.189273108695226426e+02 3.386137185146270667e+02
2.179224699541933603e+02 3.383918022611292713e+02
2.169209472736186513e+02 3.381526225725411336e+02
2.159230083651079894e+02 3.378962370476941146e+02
2.149289762593937496e+02 3.376227229112323016e+02
2.139391358630682305e+02 3.373321328986044705e+02
2.129537930893641260e+02 3.370245033849438983e+02
2.119732762043239518e+02 3.366998574240498669e+02
2.109979313292544703e+02 3.363582195134925996e+02
2.100280720795393279e+02 3.359995777573994928e+02
2.090640877027735485e+02 3.356239483262380077e+02
2.081063371573660561e+02 3.352313190710329422e+02
2.071552091046509076e+02 3.348216751323667495e+02
2.062111057666399461e+02 3.343949924076364368e+02
2.052744477460037444e+02 3.339512386120584893e+02
2.043456894979013612e+02 3.334903891678006289e+02
2.034252809548155483e+02 3.330124037490313640e+02
2.025137025751030819e+02 3.325172440814287143e+02
2.016114647938024973e+02 3.320048738813451337e+02
2.007191011486021068e+02 3.314752560862544328e+02
1.998371478813511146e+02 3.309283219453536731e+02
1.989662167127837620e+02 3.303640596473686060e+02
1.981068970570817385e+02 3.297824242978172151e+02
1.972598325424197299e+02 3.291833896663698056e+02
1.964256867490793752e+02 3.285669171526051855e+02
1.956051792756697694e+02 3.279330087676481753e+02
1.947990258479118211e+02 3.272816440626256167e+02
1.940079973631418397e+02 3.266128400190023058e+02
1.932328938533430573e+02 3.259266337956665325e+02
1.924745418056932635e+02 3.252230813714904798e+02
1.917337926342876528e+02 3.245022410674311573e+02
1.910115396325857091e+02 3.237642326343797663e+02
1.903086865324564769e+02 3.230091949585764155e+02
1.896261610378978730e+02 3.222373074524734307e+02
1.889649038422388401e+02 3.214488056841303205e+02
1.883258572690695587e+02 3.206439516309309283e+02
1.877099697493893018e+02 3.198230692356910367e+02
1.871181743683454215e+02 3.189865421960842014e+02
1.865513779143228135e+02 3.181348086147388585e+02
1.860104464993457043e+02 3.172683749613161126e+02
1.854962017837351027e+02 3.163877878622701019e+02
1.850093919230235997e+02 3.154936803415646978e+02
1.845506963042905113e+02 3.145867084321076277e+02
1.841206887268610615e+02 3.136676079713248555e+02
1.837198373574805714e+02 3.127371397699019440e+02
