1.797540338967635591e+02 3.133623311618999310e+02
1.792871416817241084e+02 3.123110623801188694e+02
1.788578656581067321e+02 3.112443095469068908e+02
1.784663364533456047e+02 3.101645049461852182e+02
1.781122913810055763e+02 3.090735264479938564e+02
1.777953111609514565e+02 3.079732899606987075e+02
1.775148020690305657e+02 3.068654893570321178e+02
1.772700597726303045e+02 3.057517407290277447e+02
1.770602804855408294e+02 3.046335644578526853e+02
1.768845772409638357e+02 3.035123622490479534e+02
1.767420084886929317e+02 3.023893495532540214e+02
1.766315919467094773e+02 3.012657208189561402e+02
1.765523204449691832e+02 3.001424498725933745e+02
1.765031792541516893e+02 2.990204790142915385e+02
1.764831500277324494e+02 2.979006497625455268e+02
1.764912376875870166e+02 2.967836430360939630e+02
1.765264583154910270e+02 2.956701354102322057e+02
1.765878619841808188e+02 2.945606571380754417e+02
1.766745212506468476e+02 2.934557272163299899e+02
1.767855413491232071e+02 2.923557864858606763e+02
1.769200828786983664e+02 2.912611628579662693e+02
1.770773155478320859e+02 2.901722476277401483e+02
1.772564597048543362e+02 2.890893106817758849e+02
1.774567777042944101e+02 2.880125876295926446e+02
1.776775638501131311e+02 2.869423045691527818e+02
1.779181386105738625e+02 2.858786774209863779e+02
1.781778728074087894e+02 2.848218530009866072e+02
1.784561692799936736e+02 2.837719752126576509e+02
1.787524542237867138e+02 2.827291898520428504e+02
1.790661820922187815e+02 2.816936235505282298e+02
1.793968778092352920e+02 2.806653109603525991e+02
1.797440182232469965e+02 2.796444467162633032e+02
1.801071787869476850e+02 2.786310491565634493e+02
1.804859316987638067e+02 2.776252074591014889e+02
1.808798697819113954e+02 2.766270034881518995e+02
1.812886060881197920e+02 2.756365120571793454e+02
1.817118180332065265e+02 2.746537442383801135e+02
1.821491225829065570e+02 2.736788569351138563e+02
1.826002442852476406e+02 2.727118375690915286e+02
1.830648785029155761e+02 2.717527687208612406e+02
1.835427304665850272e+02 2.708017320214996175e+02
1.840335544574602977e+02 2.698587679826849239e+02
1.845371076698980630e+02 2.689239522830113742e+02
1.850531438188428695e+02 2.679973788852643679e+02
1.855814741145083815e+02 2.670790773221094128e+02
1.861218634790683950e+02 2.661691653106954618e+02
1.866741673114240143e+02 2.652676706748834476e+02
1.872381758797178577e+02 2.643747434357894122e+02
1.878137499452986390e+02 2.634904430308691303e+02
1.884007354723918581e+02 2.626148692907926261e+02
1.889989764860533796e+02 2.617481190728445313e+02
1.896082406245213576e+02 2.608902377818108675e+02
1.902282720344194900e+02 2.600412223485079153e+02
1.908587965135367313e+02 2.592010998532581993e+02
1.914995496372479238e+02 2.583698868084524065e+02
1.921503269569344354e+02 2.575475449908468590e+02
1.928108377380566196e+02 2.567341350745301725e+02
1.934808754388444640e+02 2.559296209803372619e+02
1.941602217420564216e+02 2.551339972804732383e+02
1.948486263892234263e+02 2.543472933028091063e+02
1.955458881342613040e+02 2.535694867074942920e+02
1.962517876619369304e+02 2.528005698147209728e+02
1.969661082949228046e+02 2.520405313534827769e+02
1.976886388153546363e+02 2.512893589171360418e+02
1.984191732401816637e+02 2.505470391162448323e+02
1.991575089409949157e+02 2.498135553099633057e+02
1.999034563158299420e+02 2.490888667797025846e+02
2.006567730033927432e+02 2.483729731869132422e+02
2.014172685452865608e+02 2.476658263593976415e+02
2.021847766248023106e+02 2.469673726216473142e+02
2.029590455486851113e+02 2.462776207195740596e+02
2.037399225379649579e+02 2.455964775954833215e+02
2.045271573551474091e+02 2.449239267881436319e+02
2.053206026408887794e+02 2.442598754099025200e+02
2.061200130474145737e+02 2.436043071616090572e+02
2.069252227938121678e+02 2.429571369222930741e+02
2.077360393612148926e+02 2.423182906157158527e+02
2.085522391191360327e+02 2.416877079036124201e+02
2.093736417283145954e+02 2.410652980195050645e+02
2.102000583791142958e+02 2.404509816816158434e+02
2.110313054795132928e+02 2.398446734609519524e+02
2.118671879286782485e+02 2.392462815115993351e+02
2.127075149083200074e+02 2.386557080326492439e+02
2.135521070677393709e+02 2.380728502416249341e+02
2.144007867488328714e+02 2.374976066658897196e+02
2.152533793920196388e+02 2.369298721302002377e+02
2.161097114447006788e+02 2.363695350909752335e+02
2.169696139500043728e+02 2.358164817125266666e+02
2.178329231042967535e+02 2.352705965494471911e+02
2.186994802750909344e+02 2.347317625941456072e+02
2.195691358365028805e+02 2.341998615020312968e+02
2.204417375145605149e+02 2.336747755692091744e+02
2.213171424440020871e+02 2.331563826579557883e+02
2.221952139531570936e+02 2.326445596048529580e+02
2.230758199680433904e+02 2.321391825489264988e+02
2.239588356469918438e+02 2.316401289082290873e+02
2.248441493345538902e+02 2.311472809992008308e+02
2.257316436441909104e+02 2.306605189470639061e+02
2.266212132828736969e+02 2.301797190990161255e+02
2.275127591213828566e+02 2.297047591242041165e+02
2.284062093147490771e+02 2.292355488323017028e+02
2.293015126173706904e+02 2.287720308729766145e+02
2.301986248201961871e+02 2.283141485885631710e+02
2.310975073126445238e+02 2.278618489581190829e+02
2.319981265863143278e+02 2.274150850079134614e+02
2.329004485643955604e+02 2.269738026848816048e+02
2.338044489694807737e+02 2.265379594151027618e+02
2.347101090716243164e+02 2.261075227168245760e+02
2.356174098992033805e+02 2.256824434402732038e+02
2.365263355463445407e+02 2.252626822277274243e+02
2.374368770175857151e+02 2.248482136736598420e+02
2.383490309450797326e+02 2.244389947543540700e+02
2.392627926285742035e+02 2.240349955331410854e+02
2.401781627685217586e+02 2.236361970097997869e+02
2.410951506822291890e+02 2.232425567661290984e+02
2.420137597965006364e+02 2.228540530825322605e+02
2.429340023360305167e+02 2.224706662948431983e+02
2.438558980862618171e+02 2.220923608818952175e+02
2.447794599326844036e+02 2.217191229399447820e+02
2.457047136182070233e+02 2.213509286385972530e+02
2.466316856828470634e+02 2.209877490374435069e+02
2.475603982620575323e+02 2.206295754706162029e+02
2.484908922523832473e+02 2.202763755816581579e+02
2.494231997807983703e+02 2.199281286421797574e+02
2.503573807168385486e+02 2.195847355914056891e+02
2.512934845140770506e+02 2.192459998804811221e+02
2.522314962707452537e+02 2.189117646558601962e+02
2.531714160966536724e+02 2.185818621851204000e+02
2.541132439432794854e+02 2.182561234375471599e+02
2.550569763087642627e+02 2.179344013081817764e+02
2.560026291369169371e+02 2.176165198081250765e+02
2.569502047803597975e+02 2.173023264793858118e+02
2.578997190080613109e+02 2.169916649683045762e+02
2.588511907211732250e+02 2.166843719833942430e+02
2.598046369419679422e+02 2.163803073880563375e+02
2.607600879134298566e+02 2.160793150269046805e+02
2.617175696683970045e+02 2.157812585803601451e+02
2.626771160706093156e+02 2.154860015603178738e+02
2.636387618503608792e+02 2.151934009823130509e+02
2.646025483742986921e+02 2.149033382503636460e+02
2.655685190110256713e+02 2.146156956891912557e+02
2.665367245954263353e+02 2.143303761614362202e+02
2.675072170205042426e+02 2.140472836103149348e+02
2.684800448099470032e+02 2.137663172864477588e+02
2.694552748879399360e+02 2.134874061058704342e+02
2.704329606948631977e+02 2.132105092549884944e+02
2.714131760504524209e+02 2.129356067549253453e+02
2.723959902051088307e+02 2.126626838194107449e+02
2.733814579986488411e+02 2.123917203002760630e+02
2.743696767982912661e+02 2.121228345026700310e+02
2.753607471138950018e+02 2.118564899067062299e+02
2.763547722174097885e+02 2.115932143904859402e+02
2.773518593465637423e+02 2.113335502708631850e+02
2.783520484703032594e+02 2.110780323322512686e+02
2.793554043548692221e+02 2.108272105200265401e+02
2.803619849284040129e+02 2.105816649058629366e+02
2.813717731376923439e+02 2.103419692841645201e+02
2.823847880807222168e+02 2.101087043485005381e+02
2.834010303141620852e+02 2.098824591156634369e+02
2.844204461297128432e+02 2.096638025254317199e+02
2.854429862430382627e+02 2.094532741990210809e+02
2.864685931024063166e+02 2.092514144104228819e+02
2.874972023846780189e+02 2.090587692519532368e+02
2.885286930857712377e+02 2.088758783209709122e+02
2.895629619728334205e+02 2.087032365240753222e+02
2.905998927600847992e+02 2.085412682320310296e+02
2.916393532325727733e+02 2.083903922335340724e+02
2.926812002981026239e+02 2.082510278156086088e+02
2.937252874082788026e+02 2.081235947032470222e+02
2.947714389117542169e+02 2.080084411908107143e+02
2.958194919711550028e+02 2.079058297973796527e+02
2.968692786290315553e+02 2.078160184142135734e+02
2.979206213081634473e+02 2.077392649713312096e+02
2.989733364113104130e+02 2.076758249016499178e+02
3.000272399712391120e+02 2.076258857053426254e+02
3.010821559002951062e+02 2.075895639446907524e+02
3.021379044408126333e+02 2.075669735805061862e+02
3.031942825491924509e+02 2.075582237102935892e+02
3.042511121020117457e+02 2.075634255104575345e+02
3.053082095340694195e+02 2.075826402789819269e+02
3.063654118379822080e+02 2.076158908015899272e+02
3.074225425887195229e+02 2.076631980964426418e+02
3.084793783475524833e+02 2.077245699431295805e+02
3.095358039833705561e+02 2.078000395447320443e+02
3.105916084411653628e+02 2.078896004186807431e+02
3.116466239235815010e+02 2.079932388460656796e+02
3.127006953308307402e+02 2.081109472694020042e+02
3.137536444513714287e+02 2.082427148368495295e+02
3.148052753655433662e+02 2.083885259530392489e+02
3.158554826126318176e+02 2.085484060712226722e+02
3.169040236134354132e+02 2.087223516777512771e+02
3.179507436253463197e+02 2.089103826034215672e+02
3.189954744307520400e+02 2.091125202799826184e+02
3.200380340425601275e+02 2.093287909214011790e+02
3.210782274975834412e+02 2.095592643875364445e+02
3.221158501806988852e+02 2.098040332274330240e+02
3.231506922273647433e+02 2.100631917522124752e+02
3.241825381942661579e+02 2.103368358457538250e+02
3.252111988155227209e+02 2.106250545270838188e+02
3.262364791831765842e+02 2.109277897460215740e+02
3.272581821865707639e+02 2.112449194097699774e+02
3.282762452514410256e+02 2.115763825712307948e+02
3.292903898436100576e+02 2.119220373341248091e+02
3.303005227273202991e+02 2.122818280218552900e+02
3.313064797257435998e+02 2.126557497483912584e+02
3.323079991004409521e+02 2.130437802592761329e+02
3.333049185707550350e+02 2.134459439787898987e+02
3.342970288758423862e+02 2.138622550185910427e+02
3.352841260541937345e+02 2.142927440443631326e+02
3.362659888887484954e+02 2.147374698448682580e+02
3.372423247934653432e+02 2.151964676228697328e+02
3.382129670824499499e+02 2.156698474200847500e+02
3.391775756383645444e+02 2.161576408878169957e+02
3.401359654611094925e+02 2.166599704256602195e+02
3.410877979014625794e+02 2.171768854765997787e+02
3.420327960688348981e+02 2.177084749362157936e+02
3.429706601672125998e+02 2.182548295329694099e+02
3.439011095447823436e+02 2.188160706057315394e+02
3.448237344838341869e+02 2.193922388343293903e+02
3.457382726662695518e+02 2.199834448307766479e+02
3.466443353914966110e+02 2.205897323374541941e+02
3.475415956150939110e+02 2.212112023847867306e+02
3.484296583709222546e+02 2.218479328735881779e+02
3.493081188951723561e+02 2.224999858942928483e+02
3.501765779620462808e+02 2.231673837008559644e+02
3.510346511084150620e+02 2.238501745706011832e+02
3.518818992201549918e+02 2.245483907928771714e+02
3.527178950422412527e+02 2.252621029191115269e+02
3.535421262893059975e+02 2.259912956206743502e+02
3.543541916234533460e+02 2.267360003808132092e+02
3.551535488714506528e+02 2.274961441125987847e+02
3.559397536462817584e+02 2.282717744565402711e+02
3.567122255022687227e+02 2.290628487401950508e+02
3.574704390294317022e+02 2.298693626862684312e+02
3.582138320937479534e+02 2.306912374981462790e+02
3.589418569765628035e+02 2.315284467045608778e+02
3.596538560170123446e+02 2.323808779286642050e+02
3.603492242812603763e+02 2.332485204200254998e+02
3.610272763300196175e+02 2.341312772239695335e+02
3.616873198291859239e+02 2.350290179719243326e+02
3.623286756717336061e+02 2.359416798421308101e+02
3.629505531001076406e+02 2.368690857166229193e+02
3.635521862702340172e+02 2.378111289607923595e+02
3.641327474165735225e+02 2.387676231529518702e+02
3.646914291005267614e+02 2.397384353343066721e+02
3.652273164432572230e+02 2.407232495647274959e+02
3.657395572499918899e+02 2.417218699573205072e+02
3.662272207454688555e+02 2.427339871222362149e+02
3.666891275035120543e+02 2.437593856705491078e+02
3.671238644666143500e+02 2.447979279953021887e+02
3.675299592270528706e+02 2.458492437744933170e+02
3.679059825784942745e+02 2.469129261810878120e+02
3.682505098209743437e+02 2.479883871238349116e+02
3.685621339777684966e+02 2.490748867353734113e+02
3.688395025563191325e+02 2.501715351007736672e+02
3.690813697723262408e+02 2.512772085091685881e+02
3.692867565185438252e+02 2.523892446375898260e+02
3.694554616849042645e+02 2.535048113205525908e+02
3.695878491665341130e+02 2.546224748398558404e+02
3.696844429075626977e+02 2.557408761050809574e+02
3.697459140829477064e+02 2.568587293778375056e+02
3.697730601336762675e+02 2.579748365886633792e+02
3.697667815787753511e+02 2.590880963372734413e+02
3.697280519420992277e+02 2.601975087739199921e+02
3.696578844225635976e+02 2.613022216770320370e+02
3.695573432160305174e+02 2.624014096736569286e+02
3.694274929816232884e+02 2.634944263307975802e+02
3.692694093283771508e+02 2.645806584648961461e+02
3.690841622483853826e+02 2.656595757351390716e+02
3.688727940033655841e+02 2.667307482883601324e+02
3.686363124309234536e+02 2.677938162601553245e+02
3.683756883901901915e+02 2.688484723110283312e+02
3.680918660989378282e+02 2.698944349810962535e+02
3.677857554818451717e+02 2.709314702327479267e+02
3.674581782020262040e+02 2.719594577643735533e+02
3.671099730231080116e+02 2.729781808240188639e+02
3.667418937257512539e+02 2.739875450067817155e+02
3.663546424530979948e+02 2.749874693331281605e+02
3.659489356755470340e+02 2.759778088759580328e+02
3.655253795008660518e+02 2.769585520078350669e+02
3.650845880090730589e+02 2.779296063248729070e+02
3.646271189316299228e+02 2.788909241741993696e+02
3.641535190843245005e+02 2.798424328595309589e+02
3.636642486851134777e+02 2.807841358261334790e+02
3.631598047477867794e+02 2.817159413059385429e+02
3.626406069736627842e+02 2.826378310196617463e+02
3.621070691075747732e+02 2.835497515897412200e+02
3.615595465017266292e+02 2.844516826103969152e+02
3.609984393903733917e+02 2.853435224935506653e+02
3.604240406017444229e+02 2.862252698152645394e+02
3.598366798070466075e+02 2.870968425337706549e+02
3.592366470268520970e+02 2.879581839503958349e+02
3.586242088962864045e+02 2.888092313857653153e+02
3.579996357762285584e+02 2.896498893453053824e+02
3.573631256242890117e+02 2.904801108630970816e+02
3.567149335773373764e+02 2.912997703549672792e+02
3.560552455021602896e+02 2.921087990027790511e+02
3.553843376209650842e+02 2.929071551758031546e+02
3.547026262084217478e+02 2.936949228509925547e+02
3.540105279051869047e+02 2.944722068084127500e+02
3.533084283193337001e+02 2.952391265438906203e+02
3.525967070003355275e+02 2.959957936539540810e+02
3.518757295988978626e+02 2.967423223299300048e+02
3.511458462052302707e+02 2.974788307503548594e+02
3.504073800648726547e+02 2.982054479247674408e+02
3.496606518910299997e+02 2.989222939855622485e+02
3.489059701643975018e+02 2.996294915680380200e+02
3.481436336012929473e+02 3.003271673049374044e+02
3.473739322925223973e+02 3.010154522604774456e+02
3.465971292405333202e+02 3.016944873753658385e+02
3.458135054616127491e+02 3.023643942493061445e+02
3.450233091630518629e+02 3.030253128764575195e+02
3.442268031044603163e+02 3.036773744365559651e+02
3.434242116748922058e+02 3.043207345127992767e+02
3.426157918593173122e+02 3.049555222188047310e+02
3.418017684865980073e+02 3.055818858527771340e+02
3.409823607887390153e+02 3.061999705684673359e+02
3.401577878377536877e+02 3.068099247192916437e+02
3.393282654259388096e+02 3.074119022232188740e+02
3.384939928917643783e+02 3.080060605176839204e+02
3.376551806152419886e+02 3.085925480268612660e+02
3.368120259250513300e+02 3.091715206150725521e+02
3.359647035773111838e+02 3.097431455120785699e+02
3.351134183614820472e+02 3.103075782345046605e+02
3.342583396625130376e+02 3.108649895024422563e+02
3.333996561009015522e+02 3.114155388732013989e+02
3.325375143538308294e+02 3.119593988766548023e+02
3.316721059585572107e+02 3.124967277117468143e+02
3.308035811448795016e+02 3.130277047423114709e+02
3.299320962987200687e+02 3.135525006628192273e+02
3.290577982585096493e+02 3.140712865231970454e+02
3.281808401914672118e+02 3.145842315243863254e+02
3.273013597895626958e+02 3.150915114634232168e+02
3.264194927219623992e+02 3.155933007741027154e+02
3.255353696933425454e+02 3.160897737204072087e+02
3.246491153558304745e+02 3.165811045289363506e+02
3.237608470920023365e+02 3.170674665409168256e+02
3.228706845260186356e+02 3.175490324701077043e+02
3.219787351582308474e+02 3.180259769150962939e+02
3.210851032729812005e+02 3.184984731934255819e+02
3.201898842418709137e+02 3.189666931664098684e+02
3.192931737878953413e+02 3.194308075295476783e+02
3.183950641276763918e+02 3.198909878891661265e+02
3.174956301585493748e+02 3.203474024339263906e+02
3.165949536212133921e+02 3.208002186828729236e+02
3.156931085305615170e+02 3.212496066242044890e+02
3.147901394347158543e+02 3.216957011719170509e+02
3.138860268343827329e+02 3.221385008124250362e+02
3.129807091199041338e+02 3.225779539616330567e+02
3.120741458648486741e+02 3.230140119089497830e+02
3.111662796790815264e+02 3.234466172765666556e+02
3.102570668227949113e+02 3.238757125732855116e+02
3.093464573179224999e+02 3.243012348908995932e+02
3.084343999810305945e+02 3.247231137439935651e+02
3.075208535680684463e+02 3.251412826536797525e+02
3.066057673972617863e+02 3.255556658337542899e+02
3.056890979617232915e+02 3.259661861548478328e+02
3.047708035406591307e+02 3.263727662150221249e+02
3.038508386699401740e+02 3.267753210746099057e+02
3.029291613079689114e+02 3.271737628139885032e+02
3.020057342321777583e+02 3.275680056579118400e+02
3.010805173923268967e+02 3.279579580749511365e+02
3.001534704226871213e+02 3.283435214996403033e+02
2.992245598302031340e+02 3.287246001641954081e+02
2.982937511010287608e+02 3.291010951674570606e+02
2.973610106227758365e+02 3.294729034930019225e+02
2.964263048102412768e+02 3.298399165987160586e+02
2.954896049962323445e+02 3.302020263354165763e+02
2.945508839334466984e+02 3.305591232639946497e+02
2.936101144927777682e+02 3.309110936177820577e+02
2.926672718855410835e+02 3.312578207510691755e+02
2.917223301517067853e+02 3.315991812852499834e+02
2.907752730961350949e+02 3.319350569713012078e+02
2.898260803823303036e+02 3.322653238581793289e+02
2.888747376305715875e+02 3.325898578440364304e+02
2.879212616066453734e+02 3.329085693374291282e+02
2.869656782048795662e+02 3.332213975147984115e+02
2.860080081225469826e+02 3.335282884204265201e+02
2.850482680842682157e+02 3.338291838669792355e+02
2.840864773949899131e+02 3.341240232808276573e+02
2.831226531764813785e+02 3.344127405158633337e+02
2.821568216776407212e+02 3.346952732673753417e+02
2.811890052514993386e+02 3.349715567733148873e+02
2.802192274981843525e+02 3.352415232120180804e+02
2.792475099292478262e+02 3.355050989019949839e+02
2.782738844833925782e+02 3.357622139613252443e+02
2.772983788925533872e+02 3.360127968137271068e+02
2.763210202649600546e+02 3.362567715033144395e+02
2.753418367673070293e+02 3.364940578206172859e+02
2.743608683882338823e+02 3.367245811271813523e+02
2.733781438751561268e+02 3.369482609897543171e+02
2.723936939459770770e+02 3.371650110818668509e+02
2.714075661521417260e+02 3.373747530366936758e+02
2.704197893506383252e+02 3.375773995606195399e+02
2.694304063398604399e+02 3.377728630557518841e+02
2.684394637853928884e+02 3.379610633771450807e+02
2.674470038027502028e+02 3.381419718442550675e+02
2.664531030481663265e+02 3.383156121283384437e+02
2.654578002748032191e+02 3.384819930418386207e+02
2.644611744191262801e+02 3.386411367926387470e+02
2.634632605709561517e+02 3.387930495583285619e+02
2.624641333199209612e+02 3.389377486202543537e+02
2.614638332430555465e+02 3.390752408476811297e+02
2.604624191893043417e+02 3.392055342722405271e+02
2.594599468048185713e+02 3.393286381476005431e+02
2.584564589047644176e+02 3.394445534631685746e+02
2.574520125208160266e+02 3.395532832389385476e+02
2.564466588142659589e+02 3.396548298539528901e+02
2.554404440728529835e+02 3.397491914061902207e+02
2.544334168865676702e+02 3.398363636512016228e+02
2.534256235340620265e+02 3.399163389256576693e+02
2.524171149562510550e+02 3.399891096548147402e+02
2.514079376160083257e+02 3.400546656706723070e+02
2.503981370558688013e+02 3.401129935937750020e+02
2.493877595076641853e+02 3.401640775440601487e+02
2.483768481701799544e+02 3.402078971040085094e+02
2.473654517365291952e+02 3.402444312129040895e+02
2.463536163090046500e+02 3.402736565637364379e+02
2.453413864150920460e+02 3.402955463897924915e+02
2.443288041910550135e+02 3.403100686428030599e+02
2.433159127159687216e+02 3.403171864780802593e+02
2.423027701317589617e+02 3.403168688704269016e+02
2.412894006257051842e+02 3.403090656604939568e+02
2.402758746495036632e+02 3.402937414453187444e+02
2.392622118150704011e+02 3.402708372848204021e+02
2.382484812165949677e+02 3.402403074501458491e+02
2.372347193013933122e+02 3.402020934521212325e+02
2.362209727979198419e+02 3.401561321678271952e+02
2.352072877732689165e+02 3.401023542808391653e+02
2.341937219177171414e+02 3.400406921507735092e+02
2.331803205728576813e+02 3.399710689291897552e+02
2.321671306246875304e+02 3.398933990500516416e+02
2.311542123177247277e+02 3.398075974041680638e+02
2.301416190292668773e+02 3.397135720704312121e+02
2.291294025590074739e+02 3.396112222940266179e+02
2.281176155536309409e+02 3.395004373549442676e+02
2.271063322088780296e+02 3.393811109782419635e+02
2.260956019187746904e+02 3.392531188013638825e+02
2.250854882714858149e+02 3.391163300292675444e+02
2.240760689746146568e+02 3.389706145158457389e+02
2.230674063504719413e+02 3.388158262045629954e+02
2.220595752631786297e+02 3.386518120307484310e+02
2.210526543564219821e+02 3.384784109040060684e+02
2.200467153223349612e+02 3.382954444635292361e+02
2.190418602871490918e+02 3.381027387978724619e+02
2.180381732166916890e+02 3.379000792838648977e+02
2.170357684718512985e+02 3.376872217736429889e+02
2.160347447576478430e+02 3.374638934346884866e+02
2.150352508028178988e+02 3.372298334280982317e+02
2.140374083102734630e+02 3.369847534639930586e+02
2.130413574845752009e+02 3.367283522020226769e+02
2.120472579536926787e+02 3.364603196099086517e+02
2.110552882735707101e+02 3.361803407446727761e+02
2.100655999188078908e+02 3.358880581238881291e+02
2.090784164118631736e+02 3.355831327702886711e+02
2.080939357015905955e+02 3.352651906577082173e+02
2.071123859653891088e+02 3.349338462484911929e+02
2.061340106966057419e+02 3.345886947853109064e+02
2.051590735254275160e+02 3.342293124190487674e+02
2.041878772378977374e+02 3.338552722206484304e+02
2.032207225301167455e+02 3.334661125405540361e+02
2.022579473642960579e+02 3.330613564997443632e+02
2.012999272744692405e+02 3.326405162631083385e+02
2.003470684256167260e+02 3.322030891958094685e+02
1.993997736042661302e+02 3.317485174568567459e+02
1.984585620050361285e+02 3.312762899162898407e+02
1.975239202410000701e+02 3.307858270968953320e+02
1.965964160669912530e+02 3.302765576287067688e+02
1.956766417054789144e+02 3.297478727138896488e+02
1.947652929938790578e+02 3.291992027735842612e+02
1.938630532961598192e+02 3.286299078841772712e+02
1.929707157546326926e+02 3.280393803422626320e+02
1.920891378259782130e+02 3.274270203110643820e+02
1.912192381736631148e+02 3.267922328796734064e+02
1.903619784555790204e+02 3.261343949052437665e+02
1.895184549496339912e+02 3.254529689088307123e+02
1.886898047340175708e+02 3.247474142674141149e+02
1.878772564104266110e+02 3.240172424330104377e+02
1.870821385441104212e+02 3.232620561100766281e+02
1.863058168355845226e+02 3.224814729289435036e+02
1.855497646986589757e+02 3.216752348734652287e+02
1.848155268292475739e+02 3.208432024246795322e+02
1.841046944930389202e+02 3.199853446410626816e+02
1.834189184498029306e+02 3.191018040095235051e+02
1.827598399770130584e+02 3.181927990881041524e+02
1.821291728764047093e+02 3.172588543711194120e+02
1.815285378121304518e+02 3.163005119197555928e+02
1.809595934307066329e+02 3.153186890005398482e+02
1.804238639257856960e+02 3.143143788477045746e+02
