1.829807125173037718e+02 3.119563555449963133e+02
1.826334448625709399e+02 3.109924809941475132e+02
1.823207635303018890e+02 3.100182744018567860e+02
1.820422462400113943e+02 3.090352647735418827e+02
1.817973165584346589e+02 3.080448373512014655e+02
1.815852705184285014e+02 3.070483152014134589e+02
1.814053156602762158e+02 3.060469156156585768e+02
1.812565874773094095e+02 3.050417670764311424e+02
1.811381608961146128e+02 3.040339060676042209e+02
1.810490652953068320e+02 3.030242747975169095e+02
1.809883126078543683e+02 3.020137172999852169e+02
1.809548900313053537e+02 3.010029974733527069e+02
1.809477925549849999e+02 2.999927873252977975e+02
1.809660165000535414e+02 2.989836860040528563e+02
1.810085665661440260e+02 2.979762191622978662e+02
1.810744764490708292e+02 2.969708424470667296e+02
1.811627964820194165e+02 2.959679537544777190e+02
1.812726121314010186e+02 2.949678931852726009e+02
1.814030340854221492e+02 2.939709523756628187e+02
1.815532036099594109e+02 2.929773767506245576e+02
1.817223059520235040e+02 2.919873718211434834e+02
1.819095473904021674e+02 2.910011073671856252e+02
1.821141720812928213e+02 2.900187199628729786e+02
1.823354608856001562e+02 2.890403185681038281e+02
1.825727261538237371e+02 2.880659869321757469e+02
1.828253072913965696e+02 2.870957851065022055e+02
1.830925790634111365e+02 2.861297541687797548e+02
1.833739470512323066e+02 2.851679181225198931e+02
1.836688425125577737e+02 2.842102845933931690e+02
1.839767218965881170e+02 2.832568466739368205e+02
1.842970818211421715e+02 2.823075905799839802e+02
1.846294238923279920e+02 2.813624841631604454e+02
1.849732865871220611e+02 2.804214914278028346e+02
1.853282292771679352e+02 2.794845670961958604e+02
1.856938311128360795e+02 2.785516580327085308e+02
1.860696902728824682e+02 2.776227041555579831e+02
1.864554358958682201e+02 2.766976447947395741e+02
1.868506972675851614e+02 2.757764064335177636e+02
1.872551366178852277e+02 2.748589179286382773e+02
1.876684292789233552e+02 2.739451029122489558e+02
1.880902624666501595e+02 2.730348801831906371e+02
1.885203444630854790e+02 2.721281679304000249e+02
1.889583972022961973e+02 2.712248819716317598e+02
1.894041510936689292e+02 2.703249341746594610e+02
1.898573596753465154e+02 2.694282373410559330e+02
1.903177786381398846e+02 2.685347008705045937e+02
1.907851915864862917e+02 2.676442362691375934e+02
1.912593790395566771e+02 2.667567533833795324e+02
1.917401420949775286e+02 2.658721603784040326e+02
1.922272906534671790e+02 2.649903662940777735e+02
1.927206575675685372e+02 2.641112879930475401e+02
1.932202194464075831e+02 2.632349298695447715e+02
1.937260409077609324e+02 2.623613534494714372e+02
1.942381843355233002e+02 2.614906307496628983e+02
1.947567123551482950e+02 2.606228401903828740e+02
1.952817074707515417e+02 2.597580660531062335e+02
1.958132310831225311e+02 2.588964103466528854e+02
1.963513671781884113e+02 2.580379728001501576e+02
1.968962003701814751e+02 2.571828659428157380e+02
1.974478017925337952e+02 2.563312134144375705e+02
1.980062566818575078e+02 2.554831374243521793e+02
1.985716473997634068e+02 2.546387714344573396e+02
1.991440564621903775e+02 2.537982553690848135e+02
1.997235662728296575e+02 2.529617354166569783e+02
2.003102589321354685e+02 2.521293638974596831e+02
2.009042157347722650e+02 2.513012984704154746e+02
2.015055253924638237e+02 2.504776961828099218e+02
2.021142465118188625e+02 2.496587335789827478e+02
2.027304587321918632e+02 2.488445752650417830e+02
2.033542566247342052e+02 2.480353898596171121e+02
2.039856787497145945e+02 2.472313791008437818e+02
2.046248212248709990e+02 2.464327011938441387e+02
2.052717139327731957e+02 2.456395601776411866e+02
2.059264530341414741e+02 2.448521220130190841e+02
2.065890585994544324e+02 2.440706059236144370e+02
2.072596040832178232e+02 2.432951909347042942e+02
2.079381412498993598e+02 2.425260684258447554e+02
2.086246871866264030e+02 2.417634479427700001e+02
2.093192908503658600e+02 2.410075189612793167e+02
2.100219879001384129e+02 2.402584861501388218e+02
2.107328129386108913e+02 2.395165536763924763e+02
2.114517818570771510e+02 2.387819267044065725e+02
2.121789068490989507e+02 2.380548108587909439e+02
2.129142056064558801e+02 2.373354109237650675e+02
2.136576891514037015e+02 2.366239390842832222e+02
2.144093633643520320e+02 2.359206089418915155e+02
2.151692263469888644e+02 2.352256323335779769e+02
2.159372724200481741e+02 2.345392240431175992e+02
2.167134925605869284e+02 2.338616025423100666e+02
2.174978741913153044e+02 2.331929899859799775e+02
2.182904083861272966e+02 2.325336090006240681e+02
2.190910647980746830e+02 2.318836942892451702e+02
2.198998180972639318e+02 2.312434770626074396e+02
2.207166407888043125e+02 2.306131915408961675e+02
2.215414986749120771e+02 2.299930772572924695e+02
2.223743557122630818e+02 2.293833816487184549e+02
2.232151912207345958e+02 2.287843569404855941e+02
2.240639395281073121e+02 2.281962779788441082e+02
2.249205561447031982e+02 2.276194061201920533e+02
2.257849879084094766e+02 2.270540045377182707e+02
2.266571044697415971e+02 2.265002057905161621e+02
2.275366308786209402e+02 2.259579941674488452e+02
2.284233073400279181e+02 2.254273275241413046e+02
2.293168929910968359e+02 2.249081556957879400e+02
2.302171583512287043e+02 2.244004278653647191e+02
2.311238166026450074e+02 2.239041159887146364e+02
2.320366534972840213e+02 2.234191621825574714e+02
2.329554676504174608e+02 2.229455121748498527e+02
2.338799763746656595e+02 2.224831369623761077e+02
2.348099767238073809e+02 2.220319702492158456e+02
2.357452798590649934e+02 2.215919463541276571e+02
2.366856092817209856e+02 2.211630212018442876e+02
2.376307735575779816e+02 2.207451145662965075e+02
2.385805930016969683e+02 2.203381519207806889e+02
2.395347995837296367e+02 2.199420784970824627e+02
2.404932238095333048e+02 2.195567955952275554e+02
2.414556704927572071e+02 2.191822134304213705e+02
2.424218986068689503e+02 2.188182465540435828e+02
2.433917544862713669e+02 2.184647853560101112e+02
2.443650312748453359e+02 2.181217355304280261e+02
2.453415251768349208e+02 2.177889833278798051e+02
2.463210953110884418e+02 2.174663992984338279e+02
2.473035160821926581e+02 2.171538683878931693e+02
2.482886274489978575e+02 2.168512536858620194e+02
2.492760835981608523e+02 2.165584127498283351e+02
2.502654540947295345e+02 2.162751129011943192e+02
2.512565927776238937e+02 2.160010258202826776e+02
2.522493129783742347e+02 2.157358301532299834e+02
2.532434487550430617e+02 2.154791939547616266e+02
2.542388982399474173e+02 2.152307842944890126e+02
2.552354747638789831e+02 2.149902673621926397e+02
2.562330931169549331e+02 2.147572953692529438e+02
2.572316377421200855e+02 2.145315292973461396e+02
2.582309904315076210e+02 2.143126234883185930e+02
2.592311028031273850e+02 2.141002348427275876e+02
2.602318558346944428e+02 2.138940205977271205e+02
2.612332118575400273e+02 2.136936339746319220e+02
2.622351142296636795e+02 2.134987347917145257e+02
2.632375001737313482e+02 2.133089774381652717e+02
2.642403720330602255e+02 2.131240247567050119e+02
2.652436678520896294e+02 2.129435411114316139e+02
2.662474015021039122e+02 2.127671938114327475e+02
2.672515671228295560e+02 2.125946558961890958e+02
2.682561550900051088e+02 2.124255958152079415e+02
2.692612143667277564e+02 2.122596965027883300e+02
2.702667367691030904e+02 2.120966490297228688e+02
2.712727803218029976e+02 2.119361520361876785e+02
2.722793925866340032e+02 2.117779111360650575e+02
2.732866054491355499e+02 2.116216273399715249e+02
2.742945235311171928e+02 2.114671482842603609e+02
2.753032456317026799e+02 2.113147003753275328e+02
2.763128900512289761e+02 2.111645787709744297e+02
2.773235882046025722e+02 2.110170931716625944e+02
2.783353992756095749e+02 2.108725471975511994e+02
2.793484224254832498e+02 2.107312549499202987e+02
2.803627520973571450e+02 2.105935517655844649e+02
2.813784131173949277e+02 2.104597660760069573e+02
2.823954741730246951e+02 2.103302339029535801e+02
2.834139891628128112e+02 2.102053007431655374e+02
2.844339677230834127e+02 2.100853083520988207e+02
2.854554289707468797e+02 2.099705994592969205e+02
2.864783870343034096e+02 2.098615218853815065e+02
2.875028516295060399e+02 2.097584305166842569e+02
2.885287879586768440e+02 2.096616756063937430e+02
2.895561776035319212e+02 2.095716024785045875e+02
2.905849912620375903e+02 2.094885466407271224e+02
2.916151859550075187e+02 2.094128445476565332e+02
2.926467091166074397e+02 2.093448345896667320e+02
2.936795041719296364e+02 2.092848582752287143e+02
2.947134896813103637e+02 2.092332369786552420e+02
2.957485892928299904e+02 2.091902713627590629e+02
2.967847188869670276e+02 2.091562628698628998e+02
2.978217833913843720e+02 2.091315142036540067e+02
2.988596794479835808e+02 2.091163283689480181e+02
2.998982974608094878e+02 2.091109846278751263e+02
3.009375265076146775e+02 2.091157380938680603e+02
3.019772474169250813e+02 2.091308442296362102e+02
3.030173186101052352e+02 2.091565548365072971e+02
3.040576112933869126e+02 2.091931248776638768e+02
3.050979858742483088e+02 2.092407840698312782e+02
3.061383106740696007e+02 2.092997445399382173e+02
3.071784380104276124e+02 2.093702177815755476e+02
3.082181798291225618e+02 2.094524038455942616e+02
3.092574210279517501e+02 2.095465239301974805e+02
3.102959705070904874e+02 2.096527661326569216e+02
3.113336630098172577e+02 2.097713114712540801e+02
3.123703363208214796e+02 2.099023458643119966e+02
3.134058049859144148e+02 2.100460521821641748e+02
3.144398644792698292e+02 2.102026074932664699e+02
3.154723719986714627e+02 2.103722115627909375e+02
3.165030792078613899e+02 2.105550337923051245e+02
3.175317962179707934e+02 2.107512608192863013e+02
3.185583168353619499e+02 2.109610799972793984e+02
3.195824185137341829e+02 2.111846801854727005e+02
3.206038647619994322e+02 2.114222726727986696e+02
3.216224066761989775e+02 2.116740799158507400e+02
3.226377850263459095e+02 2.119403242791090918e+02
3.236497298173624699e+02 2.122212277536894476e+02
3.246579893937546331e+02 2.125169849922235414e+02
3.256623455722145195e+02 2.128275352059960994e+02
3.266625965221958268e+02 2.131527092045517691e+02
3.276586382937811663e+02 2.134923864559001174e+02
3.286502113795856985e+02 2.138463834964177579e+02
3.296371923486150877e+02 2.142145792090369412e+02
3.306194131078264036e+02 2.145968708134634539e+02
3.315966397761031885e+02 2.149931348400656077e+02
3.325687111696074680e+02 2.154032840940555218e+02
3.335354335353697479e+02 2.158272249915470411e+02
3.344966197665077630e+02 2.162648727368803634e+02
3.354520798807093911e+02 2.167161438141704650e+02
3.364015790704303868e+02 2.171809323028693370e+02
3.373449715374261473e+02 2.176591905189891065e+02
3.382819937514200319e+02 2.181508147814677727e+02
3.392124928300595457e+02 2.186557653180879583e+02
3.401362219105423605e+02 2.191739327967292752e+02
3.410529816431180166e+02 2.197052350455397516e+02
3.419625597756223101e+02 2.202495951772000069e+02
3.428647584651452007e+02 2.208069630206546776e+02
3.437593004503125371e+02 2.213772307750273569e+02
3.446460147118870623e+02 2.219603341863906678e+02
3.455246519179704592e+02 2.225561659950820115e+02
3.463950057167768364e+02 2.231646651574534985e+02
3.472568286665879214e+02 2.237857618155899218e+02
3.481098707641208421e+02 2.244193829919987309e+02
3.489538895011062891e+02 2.250654376222316557e+02
3.497886540033228471e+02 2.257238615333426424e+02
3.506139018787563373e+02 2.263945895897562650e+02
3.514293794932467563e+02 2.270775933658220538e+02
3.522347806094264797e+02 2.277728051567905538e+02
3.530298588894636396e+02 2.284802138598319914e+02
3.538142843937539510e+02 2.291997534003181443e+02
3.545877846650680567e+02 2.299314507630436424e+02
3.553500064109829850e+02 2.306752899389480547e+02
3.561006187464519144e+02 2.314313081391331934e+02
3.568392522837865499e+02 2.321995308448234709e+02
3.575655393362579275e+02 2.329800369039188865e+02
3.582790453807078279e+02 2.337728680526982998e+02
3.589793591622023428e+02 2.345781517476735303e+02
3.596660027466828637e+02 2.353959961654411757e+02
3.603384693717446794e+02 2.362265258212648291e+02
3.609962447562878651e+02 2.370699324176305822e+02
3.616387385862770998e+02 2.379263562731458990e+02
3.622653592229947890e+02 2.387960064708975665e+02
3.628754460881538080e+02 2.396790772014186928e+02
3.634683092344948250e+02 2.405758352242550018e+02
3.640431749351353687e+02 2.414864451944133066e+02
3.645992806370542780e+02 2.424111698330251556e+02
3.651357811302770529e+02 2.433502173411775686e+02
3.656514935784766180e+02 2.443039450917323734e+02
3.661449037310213726e+02 2.452728196217054517e+02
3.666144070631627301e+02 2.462571122949026403e+02
3.670583779729689127e+02 2.472570279179516604e+02
3.674751477543822489e+02 2.482725900221900588e+02
3.678630252863540591e+02 2.493036457840758544e+02
3.682203272588226923e+02 2.503498571924328928e+02
3.685454208216168013e+02 2.514106217126577008e+02
3.688369155237337509e+02 2.524839093363265761e+02
3.690940956638775674e+02 2.535673101699774179e+02
3.693167384720531459e+02 2.546594671115617530e+02
3.695047877173162760e+02 2.557590042045928271e+02
3.696583437469325872e+02 2.568645355044883445e+02
3.697776517972201304e+02 2.579746868283887693e+02
3.698630889026267710e+02 2.590881136723053260e+02
3.699151583045810980e+02 2.602035167560757145e+02
3.699344495739011336e+02 2.613197044422445856e+02
3.699216411753648117e+02 2.624354751647774719e+02
3.698774494607642964e+02 2.635497897513556609e+02
3.698026433182789106e+02 2.646616225285342807e+02
3.696980510271713456e+02 2.657700259057583025e+02
3.695645174273042244e+02 2.668741595946303846e+02
3.694028816637258501e+02 2.679732611463170997e+02
3.692139718132351618e+02 2.690666296380464928e+02
3.689986202335771281e+02 2.701535966175771932e+02
3.687576800975830906e+02 2.712335641018630099e+02
3.684919367166563120e+02 2.723060938596343021e+02
3.682022182408082358e+02 2.733706301024614049e+02
3.678892694136711725e+02 2.744267873175997465e+02
3.675537982684597864e+02 2.754742142868345809e+02
3.671965788008536151e+02 2.765124938792593525e+02
3.668182688978280339e+02 2.775414115917284903e+02
3.664195518714661830e+02 2.785606547454267456e+02
3.660010503041863785e+02 2.795699865429729130e+02
3.655633900233270310e+02 2.805691486736221805e+02
3.651071140226879947e+02 2.815580193776090141e+02
3.646328294894289002e+02 2.825363526359774369e+02
3.641410466041178324e+02 2.835040236377762426e+02
3.636322763110301253e+02 2.844608683749187321e+02
3.631069593304321756e+02 2.854067877105821367e+02
3.625656115924849132e+02 2.863415718745977756e+02
3.620086052611716241e+02 2.872651778403584331e+02
3.614363718602440372e+02 2.881774499032306949e+02
3.608492907517722301e+02 2.890782808963762704e+02
3.602477097234569214e+02 2.899675625984284579e+02
3.596319779116589075e+02 2.908451370346002136e+02
3.590023432273271169e+02 2.917109333382718432e+02
3.583591418818265879e+02 2.925647613507619553e+02
3.577026108848805848e+02 2.934065296308280040e+02
3.570330970873259275e+02 2.942361672554557117e+02
3.563511018753566759e+02 2.950537468928387170e+02
3.556571261864737608e+02 2.958593682154466364e+02
3.549516307619681470e+02 2.966531573232019241e+02
3.542350735223276956e+02 2.974352286509480905e+02
3.535078848887563936e+02 2.982056909982528623e+02
3.527704579481844007e+02 2.989646425801640248e+02
3.520231493978617436e+02 2.997121996414029468e+02
3.512663188443133322e+02 3.004484637653891355e+02
3.505003125340838324e+02 3.011735404506345049e+02
3.497254617877880492e+02 3.018875364336536791e+02
3.489420829054805040e+02 3.025905583343773060e+02
3.481504551515291155e+02 3.032827319025032580e+02
3.473508927773033292e+02 3.039641469188371730e+02
3.465436622340694157e+02 3.046349267805550767e+02
3.457290598264367532e+02 3.052951774405988203e+02
3.449073253043880527e+02 3.059450529207558702e+02
3.440787580563797405e+02 3.065846562021906152e+02
3.432436080109853265e+02 3.072141257634452245e+02
3.424021217506686412e+02 3.078335959380237341e+02
3.415545571750855629e+02 3.084432139558567769e+02
3.407011770971043347e+02 3.090431439968870677e+02
3.398422211688939001e+02 3.096335602516541030e+02
3.389779524644051776e+02 3.102146177154181146e+02
3.381086152356344883e+02 3.107864859524435133e+02
3.372344300320970660e+02 3.113493758785553496e+02
3.363556830564539837e+02 3.119034808301945532e+02
3.354726000054780570e+02 3.124490299935441158e+02
3.345854450060367071e+02 3.129862265662881669e+02
3.336944105645148397e+02 3.135153120943467684e+02
3.327997877698894058e+02 3.140365048252655811e+02
3.319017997815062699e+02 3.145500844132053544e+02
3.310006856842711613e+02 3.150563147705455549e+02
3.300966692872991644e+02 3.155554642216379193e+02
3.291899899432050915e+02 3.160477955384400275e+02
3.282808693518547329e+02 3.165336048589725806e+02
3.273695336247075147e+02 3.170131957140348504e+02
3.264562011407104478e+02 3.174868733166106836e+02
3.255410802516389026e+02 3.179549453089748567e+02
3.246243679153096195e+02 3.184177227043816742e+02
3.237062738161742459e+02 3.188755218833259732e+02
3.227869861942310195e+02 3.193286725091076050e+02
3.218666889684673151e+02 3.197775033083598260e+02
3.209455494782221194e+02 3.202223458710735713e+02
3.200237388220856474e+02 3.206635283140112733e+02
3.191014231882972467e+02 3.211013813188176300e+02
3.181787329422942889e+02 3.215362429422004311e+02
3.172558181347795312e+02 3.219684425082483017e+02
3.163328113836357716e+02 3.223983169757082692e+02
3.154097885311722393e+02 3.228261508641434148e+02
3.144867196288750506e+02 3.232519661883092681e+02
3.135634836090335966e+02 3.236757179979121020e+02
3.126400145390557554e+02 3.240973453024238893e+02
3.117161990145920640e+02 3.245167941065731725e+02
3.107919605478308540e+02 3.249339936401941031e+02
3.098671977473854326e+02 3.253488623371007975e+02
3.089418064932318657e+02 3.257613077531020167e+02
3.080157088297438577e+02 3.261712329793828644e+02
3.070887970203477835e+02 3.265785412523117088e+02
3.061609857278567119e+02 3.269831244344889001e+02
3.052321887888105039e+02 3.273848685086531987e+02
3.043023073583908626e+02 3.277836543455145488e+02
3.033712542209978551e+02 3.281793555827350133e+02
3.024389532387868940e+02 3.285718448986411886e+02
3.015053158068802190e+02 3.289609917145069176e+02
3.005702529736124120e+02 3.293466545114256405e+02
2.996336952938164586e+02 3.297286883841625809e+02
2.986955649559458834e+02 3.301069480936389482e+02
2.977557861476585686e+02 3.304812834550393177e+02
2.968142825297599074e+02 3.308515379117554289e+02
2.958709909148847146e+02 3.312175504178458709e+02
2.949258478363880727e+02 3.315791589209801487e+02
2.939787879594844071e+02 3.319361974991498414e+02
2.930297518197537556e+02 3.322884957592175965e+02
2.920786752374485786e+02 3.326358774114272023e+02
2.911255204678976156e+02 3.329781650959430976e+02
2.901702317177388863e+02 3.333151803835798432e+02
2.892127694868389653e+02 3.336467410058392602e+02
2.882531700092911819e+02 3.339726852224554818e+02
2.872914683008084467e+02 3.342928849604591051e+02
2.863276699852561933e+02 3.346072277332927456e+02
2.853617675687638098e+02 3.349155996143955463e+02
2.843937616325790145e+02 3.352178825384237371e+02
2.834236473287809872e+02 3.355139537193341539e+02
2.824514439000672041e+02 3.358036910608323069e+02
2.814771580514787388e+02 3.360869736378224388e+02
2.805008002008402741e+02 3.363636768305031524e+02
2.795223761648214804e+02 3.366336707343258468e+02
2.785419175422788385e+02 3.368968255420565470e+02
2.775594433552376472e+02 3.371530133029886542e+02
2.765749717879753575e+02 3.374021030319979673e+02
2.755885242462774158e+02 3.376439590383634481e+02
2.746001489237454507e+02 3.378784480946785038e+02
2.736098658723573180e+02 3.381054350431626858e+02
2.726177014701895018e+02 3.383247792007134649e+02
2.716237194678134301e+02 3.385363450556669136e+02
2.706279396935719319e+02 3.387399932424780218e+02
2.696304142843312093e+02 3.389355807210424132e+02
2.686312014800494126e+02 3.391229742369956170e+02
2.676303425859800313e+02 3.393021234341841819e+02
2.666279498781119059e+02 3.394730439311420014e+02
2.656240554817668453e+02 3.396357436606546685e+02
2.646187786343260768e+02 3.397902370741762752e+02
2.636121473239905413e+02 3.399365295382735894e+02
2.626042734061995247e+02 3.400746307572793512e+02
2.615951992219900148e+02 3.402045444695975220e+02
2.605850064111612028e+02 3.403262730611760958e+02
2.595737704524770493e+02 3.404398208140830775e+02
2.585615429304386339e+02 3.405451850128263800e+02
2.575484045749378765e+02 3.406423630623964982e+02
2.565344250860725879e+02 3.407313522833520665e+02
2.555196659777613490e+02 3.408121462050309560e+02
2.545041943006646079e+02 3.408847359442020206e+02
2.534880737681806977e+02 3.409491094257893451e+02
2.524713774286104240e+02 3.410052541973425377e+02
2.514541707988924770e+02 3.410531555328729496e+02
2.504365186617152403e+02 3.410927957310499323e+02
2.494184878719302105e+02 3.411241547910101986e+02
2.484001408567900171e+02 3.411472084354643357e+02
2.473815502568770626e+02 3.411619316348942448e+02
2.463627848120729880e+02 3.411682974190544542e+02
2.453439113451238427e+02 3.411662756892945936e+02
2.443249936128039224e+02 3.411558313793536854e+02
2.433060978457167778e+02 3.411369249616234356e+02
2.422873146802114945e+02 3.411095233364757746e+02
2.412686820518634647e+02 3.410735743993820961e+02
2.402503105283747402e+02 3.410290417614835405e+02
2.392322335150374215e+02 3.409758652257751237e+02
2.382145598627363654e+02 3.409139992035443925e+02
2.371973502491126169e+02 3.408433854635142097e+02
2.361806815640907473e+02 3.407639619220723262e+02
2.351646306617944902e+02 3.406756608882639625e+02
2.341492912233049708e+02 3.405784173373608610e+02
2.331347406350164420e+02 3.404721576290689313e+02
2.321210596165363711e+02 3.403568007485478688e+02
2.311083473190797122e+02 3.402322674430801612e+02
2.300966947174728148e+02 3.400984723437615003e+02
2.290861920917750467e+02 3.399553221719964426e+02
2.280769323130915325e+02 3.398027151221300528e+02
2.270690350405716345e+02 3.396405562525214918e+02
2.260625918385926809e+02 3.394687332559646507e+02
2.250577128044840833e+02 3.392871291256145128e+02
2.240545251147764816e+02 3.390956292298756125e+02
2.230531405673597760e+02 3.388941049352936261e+02
2.220536865109221765e+02 3.386824235271409407e+02
2.210562962117425343e+02 3.384604463362994125e+02
2.200610986721914060e+02 3.382280196671385966e+02
2.190682552361507476e+02 3.379849967451926886e+02
2.180779101613420039e+02 3.377312027257720501e+02
2.170902361341870517e+02 3.374664498782493638e+02
2.161053946766404295e+02 3.371905264452817050e+02
2.151235941049186522e+02 3.369032344780354720e+02
2.141450222646020620e+02 3.366043531007773026e+02
2.131698872771502238e+02 3.362936521162176291e+02
2.121984173474715476e+02 3.359708963253601723e+02
2.112308593757818471e+02 3.356358491948880669e+02
2.102674466759773679e+02 3.352882400468626543e+02
2.093084715607825785e+02 3.349278170162021979e+02
2.083542141703319714e+02 3.345543027689554947e+02
2.074049839189347040e+02 3.341674139039525926e+02
2.064611093081389868e+02 3.337668552207330208e+02
2.055229419730546851e+02 3.333523202801637240e+02
2.045908675628691071e+02 3.329235046885169140e+02
2.036652823684096347e+02 3.324800827190575774e+02
2.027466183613121871e+02 3.320217219323462245e+02
2.018353423837522485e+02 3.315480875372680316e+02
2.009319522995075147e+02 3.310588407940922480e+02
2.000369646518009006e+02 3.305536112528588433e+02
1.991509703276146581e+02 3.300320665875797204e+02
1.982745644759168897e+02 3.294938399961221194e+02
1.974084026407812473e+02 3.289385780318905859e+02
1.965531764534214005e+02 3.283659149877346977e+02
1.957096434869307870e+02 3.277755208302913843e+02
1.948785847817004253e+02 3.271670398128454167e+02
1.940608536701107028e+02 3.265401484253105195e+02
1.932573540065522195e+02 3.258945468093149884e+02
1.924690394488375205e+02 3.252299594138528391e+02
1.916969131702251445e+02 3.245461194291949596e+02
1.909420501215593902e+02 3.238428279473610019e+02
1.902055662008926333e+02 3.231199169097595814e+02
1.894886325545672321e+02 3.223772760673739981e+02
1.887924680944967122e+02 3.216148748130613626e+02
1.881183246492208525e+02 3.208327328071306965e+02
1.874674965180859658e+02 3.200309664382961046e+02
1.868412986683838426e+02 3.192097913437086731e+02
1.862410535151157092e+02 3.183695208278451787e+02
1.856680781227423154e+02 3.175105904090566469e+02
1.851236694964323988e+02 3.166335247231322683e+02
1.846090868857561986e+02 3.157390117015228839e+02
1.841255294300323442e+02 3.148278117606810156e+02
1.836741174843675992e+02 3.139008579171809288e+02
1.832558630971731759e+02 3.129591677533238681e+02
