1.822433820913372529e+02 3.122776359458118236e+02
1.818504668466889029e+02 3.113010066063144450e+02
1.814904751512868302e+02 3.103122370801594343e+02
1.811632287550861520e+02 3.093128505952353748e+02
1.808683574496236020e+02 3.083041598959843554e+02
1.806053709733887729e+02 3.072874687807278633e+02
1.803736803294124229e+02 3.062639742565584697e+02
1.801726226708282184e+02 3.052348138855729189e+02
1.800014699061715930e+02 3.042010581712980297e+02
1.798594414313078289e+02 3.031637014143021815e+02
1.797457299327393514e+02 3.021236373897922363e+02
1.796594989058235683e+02 3.010817173496351415e+02
1.795999100119563536e+02 3.000386817206655223e+02
1.795661207585621923e+02 2.989952271774167230e+02
1.795572893958411100e+02 2.979519844551271603e+02
1.795725967574772994e+02 2.969094991463464908e+02
1.796112337514022386e+02 2.958682880642652435e+02
1.796724212995297023e+02 2.948287917671278251e+02
1.797553992452430123e+02 2.937914238531196247e+02
1.798594331874714101e+02 2.927565491945260305e+02
1.799838312939605203e+02 2.917244736051163159e+02
1.801279131246569420e+02 2.906955084304203751e+02
1.802910353985631104e+02 2.896699055370012275e+02
1.804725885592321220e+02 2.886478906417238477e+02
1.806719899523536128e+02 2.876296737695391812e+02
1.808886789642963606e+02 2.866154500346484610e+02
1.811221310766270278e+02 2.856053787353867506e+02
1.813718479627596594e+02 2.845996093950006411e+02
1.816373520313736378e+02 2.835982845453788173e+02
1.819181883434115434e+02 2.826015323136347774e+02
1.822139513415683325e+02 2.816094394982485483e+02
1.825242131390652673e+02 2.806221503704917382e+02
1.828486037262508432e+02 2.796397327485262849e+02
1.831867607972981489e+02 2.786622797437337340e+02
1.835383393821346942e+02 2.776898777503040492e+02
1.839030112719071894e+02 2.767226069087504357e+02
1.842804889755366560e+02 2.757605171952529872e+02
1.846704522276147600e+02 2.748037170269471403e+02
1.850726456216606834e+02 2.738522386720579220e+02
1.854868055177731492e+02 2.729061552396740922e+02
1.859126768651079544e+02 2.719655372334457297e+02
1.863500326186793643e+02 2.710304331177509312e+02
1.867986488839521826e+02 2.701009046819268065e+02
1.872583027173990331e+02 2.691770205025025575e+02
1.877288097803091773e+02 2.682588177575312329e+02
1.882099620769961064e+02 2.673463748820345245e+02
1.887016021323587438e+02 2.664397220950744440e+02
1.892035320205155529e+02 2.655389467082559918e+02
1.897155985587222631e+02 2.646440888365603996e+02
1.902376446033130151e+02 2.637552088205584369e+02
1.907695168487648516e+02 2.628723653114344643e+02
1.913110371399149585e+02 2.619955968421885473e+02
1.918620274811401885e+02 2.611249208319025570e+02
1.924223002872880102e+02 2.602603716460246801e+02
1.929916746806086110e+02 2.594019777581086146e+02
1.935700130477450784e+02 2.585497374716667878e+02
1.941571236756366261e+02 2.577037084972862999e+02
1.947528728936761127e+02 2.568638923150823530e+02
1.953571225580761563e+02 2.560303100471981566e+02
1.959697120583090282e+02 2.552030048499885027e+02
1.965905166192043509e+02 2.543819885788153954e+02
1.972194062145880196e+02 2.535672877165699219e+02
1.978562554880575988e+02 2.527589291199258241e+02
1.985009433767831126e+02 2.519569399918306090e+02
1.991533529147793047e+02 2.511613479748666009e+02
1.998133716598554486e+02 2.503721809921078147e+02
2.004809081243258504e+02 2.495894582100057448e+02
2.011558298501420268e+02 2.488132333516652182e+02
2.018380453834694492e+02 2.480435250678363275e+02
2.025274855063157986e+02 2.472803484682484338e+02
2.032240076057532292e+02 2.465237746354943624e+02
2.039275675025631074e+02 2.457738008866492123e+02
2.046380342852625631e+02 2.450304965716897243e+02
2.053553715228700867e+02 2.442938635899497797e+02
2.060794467350621630e+02 2.435639784107088985e+02
2.068102061947664367e+02 2.428408570225701908e+02
2.075475810105758683e+02 2.421245395149657895e+02
2.082914681582167020e+02 2.414150877568594069e+02
2.090418075709273182e+02 2.407125334308803986e+02
2.097985269901033405e+02 2.400169232201746183e+02
2.105615603685569681e+02 2.393283032222220470e+02
2.113308339926013844e+02 2.386467271343267385e+02
2.121062760704029699e+02 2.379722475514553537e+02
2.128878245569967476e+02 2.373049133872357856e+02
2.136754143612613746e+02 2.366447787980481507e+02
2.144689815204255012e+02 2.359918995433817202e+02
2.152684632251524590e+02 2.353463331706704480e+02
2.160737975060285692e+02 2.347081387947527560e+02
2.168849231028660256e+02 2.340773770788088086e+02
2.177017793684322271e+02 2.334541102528021952e+02
2.185243131912969830e+02 2.328383998820513057e+02
2.193524565849843952e+02 2.322303170725115820e+02
2.201861503236967792e+02 2.316299281380669868e+02
2.210253373366682865e+02 2.310373006238302764e+02
2.218699587972927247e+02 2.304525051554045092e+02
2.227199560138240031e+02 2.298756141575303502e+02
2.235752840587229286e+02 2.293066981983947699e+02
2.244358644567623173e+02 2.287458434787759245e+02
2.253016412068577381e+02 2.281931237783672941e+02
2.261725573507725926e+02 2.276486153688350953e+02
2.270485456465078187e+02 2.271123622899918928e+02
2.279294820967060389e+02 2.265843804704120998e+02
2.288152575710359429e+02 2.260646727853234381e+02
2.297057771803914648e+02 2.255532390222818435e+02
2.306009542595495816e+02 2.250500818308352677e+02
2.315006522203318298e+02 2.245552172337441732e+02
2.324047886084103141e+02 2.240686370702584895e+02
2.333132909916473068e+02 2.235903397524156446e+02
2.342260207680359088e+02 2.231203423884910535e+02
2.351429015970667820e+02 2.226586366326435495e+02
2.360638691224359320e+02 2.222052199112763162e+02
2.369887877660679010e+02 2.217601065460408165e+02
2.379175885749016572e+02 2.213232862820978255e+02
2.388502120623981284e+02 2.208947572331225615e+02
2.397865252356792212e+02 2.204745324075005044e+02
2.407264761825403809e+02 2.200625995616716750e+02
2.416699931105635244e+02 2.196589601295083014e+02
2.426169634289460362e+02 2.192636194694457856e+02
2.435673455689938010e+02 2.188765677420953182e+02
2.445210517346412189e+02 2.184978099005969909e+02
2.454779965227278637e+02 2.181273442213856981e+02
2.464381488089562424e+02 2.177651646931554410e+02
2.474013997720205111e+02 2.174112784095130735e+02
2.483676941960113425e+02 2.170656767657702630e+02
2.493367999427257189e+02 2.167283450073362587e+02
2.503083902416901196e+02 2.163991933151055491e+02
2.512823916807888054e+02 2.160780527977089491e+02
2.522586870261627041e+02 2.157647627527902046e+02
2.532371719524848004e+02 2.154591544807367143e+02
2.542178008949354080e+02 2.151610609476687159e+02
2.552004377581901338e+02 2.148703227654823991e+02
2.561850443349873103e+02 2.145867701203246725e+02
2.571715448132344477e+02 2.143102437061155570e+02
2.581598522779724476e+02 2.140405794222308771e+02
2.591499505319625882e+02 2.137776157465949609e+02
2.601417369490526426e+02 2.135211990545368508e+02
2.611351946437002880e+02 2.132711711944100159e+02
2.621302774624280119e+02 2.130273824027528349e+02
2.631269228128846294e+02 2.127896789495093230e+02
2.641251410140222333e+02 2.125579134906813294e+02
2.651248527744518810e+02 2.123319466303483694e+02
2.661260674731635731e+02 2.121116387697790344e+02
2.671287607073006711e+02 2.118968578360596950e+02
2.681328936564526657e+02 2.116874679074929588e+02
2.691384986064136342e+02 2.114833442779973893e+02
2.701455191463278993e+02 2.112843743346502663e+02
2.711539824404505339e+02 2.110904489351324571e+02
2.721638924858893347e+02 2.109014666992121647e+02
2.731752219632525112e+02 2.107173223021749209e+02
2.741880259056948148e+02 2.105379933997360240e+02
2.752023103914310695e+02 2.103636699941732218e+02
2.762181109407726467e+02 2.101945787343989309e+02
2.772354904486848568e+02 2.100309582528071815e+02
2.782544155397064287e+02 2.098730421652219320e+02
2.792749188970896626e+02 2.097210652756993738e+02
2.802970329277539463e+02 2.095752694863815861e+02
2.813206990940413448e+02 2.094358884287976821e+02
2.823459304378582146e+02 2.093031604633191876e+02
2.833727265683870655e+02 2.091773326343914050e+02
2.844010330395939263e+02 2.090586422921309406e+02
2.854308169153865151e+02 2.089473159604193313e+02
2.864620462713185134e+02 2.088435832527308946e+02
2.874946905714283503e+02 2.087476801615488569e+02
2.885286670021691862e+02 2.086598374657415604e+02
2.895639226290315378e+02 2.085802772482306580e+02
2.906003971161383674e+02 2.085092066501462682e+02
2.916380191669691726e+02 2.084468329501149810e+02
2.926767119564350423e+02 2.083933650249325638e+02
2.937164001422425486e+02 2.083490147286836986e+02
2.947569830399260695e+02 2.083139757214527492e+02
2.957983723299018379e+02 2.082884238786231208e+02
2.968404756660222574e+02 2.082725360257508100e+02
2.978831927739863090e+02 2.082664902475532074e+02
2.989264187696355179e+02 2.082704653313418248e+02
2.999700455126540533e+02 2.082846244605946993e+02
3.010139668937259785e+02 2.083091154629203174e+02
3.020580712685822959e+02 2.083440871598376134e+02
3.031022248948310107e+02 2.083896847137670534e+02
3.041463135961341209e+02 2.084460577843311171e+02
3.051902127549353736e+02 2.085133424978845369e+02
3.062338088509280283e+02 2.085916681948501150e+02
3.072769729835752628e+02 2.086811641799835968e+02
3.083195333558455218e+02 2.087819480533523517e+02
3.093614051035027046e+02 2.088941615611955456e+02
3.104024174889972301e+02 2.090179231466187844e+02
3.114424306435119547e+02 2.091533533062777792e+02
3.124813106728447565e+02 2.093005784165889906e+02
3.135189001628866663e+02 2.094597220601895913e+02
3.145550230666340212e+02 2.096309029398897223e+02
3.155895736737056154e+02 2.098142707207489650e+02
3.166223304298472385e+02 2.100099467961183564e+02
3.176531394033059428e+02 2.102180721120771238e+02
3.186818310979731450e+02 2.104387889681806598e+02
3.197082207423247837e+02 2.106722415378278583e+02
3.207321122499410535e+02 2.109185945491258565e+02
3.217532995615331970e+02 2.111780235192734665e+02
3.227715684717388740e+02 2.114507049943562151e+02
3.237866962548035303e+02 2.117368163638524550e+02
3.247984783801556432e+02 2.120365242789205524e+02
3.258067128058181083e+02 2.123498397856775739e+02
3.268111980577760960e+02 2.126767063219665488e+02
3.278118366423780685e+02 2.130171187676137663e+02
3.288083573888129649e+02 2.133710040779578776e+02
3.298006350102697297e+02 2.137383549797685873e+02
3.307884936271634615e+02 2.141191794961739845e+02
3.317716823014669103e+02 2.145134617171071056e+02
3.327500267369093763e+02 2.149212239669106452e+02
3.337233138201560223e+02 2.153424805367209274e+02
3.346913336986469858e+02 2.157772563985613772e+02
3.356538659195240939e+02 2.162255867882281564e+02
3.366106351868116349e+02 2.166874840845436836e+02
3.375614611842913746e+02 2.171630218606998142e+02
3.385060287297338277e+02 2.176522108273803155e+02
3.394441396573805605e+02 2.181551337462689730e+02
3.403754784276859482e+02 2.186718114833036282e+02
3.412997752447496396e+02 2.192022952989506734e+02
3.422167404174217040e+02 2.197466385114555294e+02
3.431260952018494663e+02 2.203049195171852546e+02
3.440274617322013455e+02 2.208771547096318670e+02
3.449205666164751278e+02 2.214634197573714687e+02
3.458050386512366572e+02 2.220637394098162929e+02
3.466805477846194776e+02 2.226781827626761299e+02
3.475467093056590215e+02 2.233068013236771208e+02
3.484031243607757915e+02 2.239496387981836278e+02
3.492493870628160266e+02 2.246067187223011103e+02
3.500850943367130412e+02 2.252780849054243504e+02
3.509097968493194912e+02 2.259637677569173206e+02
3.517230451219729161e+02 2.266638248677269871e+02
3.525243180321295426e+02 2.273782548189980730e+02
3.533131523932313485e+02 2.281071019257174441e+02
3.540889772621444536e+02 2.288503307659889572e+02
3.548512761161271669e+02 2.296079888165303373e+02
3.555994281151222935e+02 2.303800526792516337e+02
3.563328305615131057e+02 2.311665272820069674e+02
3.570508330370226417e+02 2.319673683759160667e+02
3.577527768374119432e+02 2.327825591461192687e+02
3.584379180032349268e+02 2.336120101747496847e+02
3.591055283840877905e+02 2.344556881943864823e+02
3.597548069192017692e+02 2.353134908406914860e+02
3.603849270062356709e+02 2.361852807880160583e+02
3.609950493055738434e+02 2.370709446805039136e+02
3.615842529862122205e+02 2.379702695094271974e+02
3.621516157202889872e+02 2.388830604522199508e+02
3.626961642314295204e+02 2.398090437976787825e+02
3.632169184359732412e+02 2.407479480587059584e+02
3.637128373749736738e+02 2.416993523347400981e+02
3.641829074631081653e+02 2.426628683891399021e+02
3.646260766086980425e+02 2.436379981075672845e+02
3.650411934782884487e+02 2.446242359585669703e+02
3.654270163597762462e+02 2.456210651528180904e+02
3.657823098379067801e+02 2.466278025488143726e+02
3.661058935920601698e+02 2.476437076595078395e+02
3.663966370666323087e+02 2.486679096755137266e+02
3.666534830133778655e+02 2.496994265019090449e+02
3.668754735204369126e+02 2.507371742132739882e+02
3.670617914622170019e+02 2.517799399944940717e+02
3.672120640035344650e+02 2.528258436674040013e+02
3.673265912580059194e+02 2.538730029725448958e+02
3.674059956934545994e+02 2.549201824483777727e+02
3.674510360667384816e+02 2.559662379296151755e+02
3.674625897823182186e+02 2.570101193424955568e+02
3.674416318650114590e+02 2.580508777302914609e+02
3.673892134950551736e+02 2.590876683820887365e+02
3.673064378500131397e+02 2.601197507861087388e+02
3.671944293509766908e+02 2.611464970442649474e+02
3.670543426579624793e+02 2.621673541674408625e+02
3.668873212148788525e+02 2.631818792193956824e+02
3.666945040496706270e+02 2.641896954002840516e+02
3.664770128790445938e+02 2.651905003869253505e+02
3.662359369255891011e+02 2.661840628576157997e+02
3.659723274371212938e+02 2.671702085499919690e+02
3.656871953679078615e+02 2.681488110326055789e+02
3.653815170017508080e+02 2.691197834183095097e+02
3.650562290600085475e+02 2.700830780999913259e+02
3.647122004873173182e+02 2.710386866372401187e+02
3.643502832941516090e+02 2.719866102267726546e+02
3.639712716498369787e+02 2.729268859255053030e+02
3.635759095572035449e+02 2.738595640205340942e+02
3.631649221279870972e+02 2.747847030409043896e+02
3.627389685471710550e+02 2.757023839761047270e+02
3.622986840757413916e+02 2.766126865741074425e+02
3.618446628820578326e+02 2.775157017767988918e+02
3.613774738408033613e+02 2.784115245946036907e+02
3.608976323818608307e+02 2.793002559417290627e+02
3.604056441055337245e+02 2.801819924646362665e+02
3.599019728947912427e+02 2.810568379728998707e+02
3.593870602817411850e+02 2.819248932154603722e+02
3.588613104068774078e+02 2.827862582272668419e+02
3.583251256356736576e+02 2.836410298544979582e+02
3.577788612032408651e+02 2.844893082892064058e+02
3.572228646852946667e+02 2.853311852765968979e+02
3.566574598808570045e+02 2.861667531459978022e+02
3.560829498164039819e+02 2.869961003651785063e+02
3.554996285771252928e+02 2.878193124318687524e+02
3.549077558933341265e+02 2.886364726273179713e+02
3.543075962278959423e+02 2.894476570536482427e+02
3.536993845975001136e+02 2.902529430503175831e+02
3.530833311875749132e+02 2.910523877535521819e+02
3.524596036084658408e+02 2.918460189840090493e+02
3.518283564181165843e+02 2.926338567355413716e+02
3.511897299806163915e+02 2.934159156081650508e+02
3.505438583190032205e+02 2.941922031900512593e+02
3.498908686171165527e+02 2.949627224415106070e+02
3.492308810951795408e+02 2.957274721094211145e+02
3.485640039404098616e+02 2.964864462806399388e+02
3.478903416304003144e+02 2.972396324503255869e+02
3.472099931250087934e+02 2.979870140786562729e+02
3.465230523980318935e+02 2.987285708823074515e+02
3.458296088160550426e+02 2.994642790072518892e+02
3.451297392666663768e+02 3.001941106169066416e+02
3.444235274721231690e+02 3.009180306839371042e+02
3.437110441043523110e+02 3.016360039556483343e+02
3.429923650901571364e+02 3.023479894528649652e+02
3.422675472316353193e+02 3.030539459743852717e+02
3.415366627145474467e+02 3.037538225720618357e+02
3.407997709259665839e+02 3.044475707079973859e+02
3.400569286936798790e+02 3.051351368472783747e+02
3.393081921821126343e+02 3.058164640220217052e+02
3.385536158825110533e+02 3.064914929050290198e+02
3.377932462251301899e+02 3.071601614715997357e+02
3.370271385612446124e+02 3.078224016258982942e+02
3.362553439576357732e+02 3.084781460253103660e+02
3.354778981339196662e+02 3.091273265041384093e+02
3.346948580549464509e+02 3.097698655534982777e+02
3.339062598422700034e+02 3.104056903952977677e+02
3.331121571080644230e+02 3.110347197173899758e+02
3.323125742419543371e+02 3.116568762389060225e+02
3.315075735035746334e+02 3.122720692078431739e+02
3.306971869875420111e+02 3.128802183522334985e+02
3.298814553876355831e+02 3.134812342647558125e+02
3.290604152809858078e+02 3.140750253187624139e+02
3.282341147948254729e+02 3.146614953717032108e+02
3.274025910274944522e+02 3.152405502326855640e+02
3.265658836392321405e+02 3.158120910620605741e+02
3.257240329342334348e+02 3.163760164833151975e+02
3.248770786444908936e+02 3.169322229011785339e+02
3.240250582302942348e+02 3.174806039063462890e+02
3.231680190966958435e+02 3.180210480462212672e+02
3.223059999595250247e+02 3.185534447384976033e+02
3.214390428973313760e+02 3.190776795952659768e+02
3.205671850980022555e+02 3.195936359152398154e+02
3.196904732617304035e+02 3.201011918158633875e+02
3.188089581376992214e+02 3.206002229202328522e+02
3.179226708499109009e+02 3.210906043131351453e+02
3.170316653086983933e+02 3.215722029363273009e+02
3.161359911866298376e+02 3.220448881976448661e+02
3.152357020795392373e+02 3.225085582511715074e+02
3.143309646095227095e+02 3.229632531843259358e+02
3.134219231849842799e+02 3.234090626357086649e+02
3.125087634298566286e+02 3.238460701991939459e+02
3.115916260515900262e+02 3.242743674631705062e+02
3.106706798888338881e+02 3.246940412549046755e+02
3.097460744830426052e+02 3.251051861235410456e+02
3.088179532194218382e+02 3.255078941216525550e+02
3.078864764067945998e+02 3.259022594301123945e+02
3.069517742574748809e+02 3.262883784771383944e+02
3.060139915073777956e+02 3.266663456145676605e+02
3.050732705345039335e+02 3.270362628037071318e+02
3.041297391170858191e+02 3.273982316048888492e+02
3.031835287138084141e+02 3.277523516499064726e+02
3.022347734369542991e+02 3.280987269280143437e+02
3.012835942153942028e+02 3.284374628894048556e+02
3.003301089532188257e+02 3.287686639167982321e+02
2.993744428387125822e+02 3.290924386348291364e+02
2.984167106452914027e+02 3.294088974392928435e+02
2.974570231600736747e+02 3.297181494938635069e+02
2.964954864192124546e+02 3.300203021893948971e+02
2.955322084147423425e+02 3.303154673288428853e+02
2.945672919663990683e+02 3.306037589703682897e+02
2.936008342439494641e+02 3.308852897019782517e+02
2.926329295470949319e+02 3.311601717873142547e+02
2.916636661295854651e+02 3.314285131129850015e+02
2.906931340150759979e+02 3.316904300312838245e+02
2.897214149727665813e+02 3.319460350688921153e+02
2.887485888157255545e+02 3.321954436614076940e+02
2.877747403092399736e+02 3.324388143121844905e+02
2.867999503319528571e+02 3.326763369452599477e+02
2.858242938864296434e+02 3.329082065939608697e+02
2.848478408240064823e+02 3.331346138835224906e+02
2.838706556730807051e+02 3.333557489614128144e+02
2.828927983206864383e+02 3.335717965966894099e+02
2.819143215865864249e+02 3.337829475995224584e+02
2.809352751353526401e+02 3.339893874152393209e+02
2.799557035381210426e+02 3.341912993708811541e+02
2.789756475887684246e+02 3.343888607467474117e+02
2.779951392377839170e+02 3.345822565894419540e+02
2.770142093244900252e+02 3.347716672324708043e+02
2.760328844395351098e+02 3.349572674031462043e+02
2.750511861291807350e+02 3.351392281222676388e+02
2.740691257915095207e+02 3.353177297731739372e+02
2.730867190143310381e+02 3.354929425843459967e+02
2.721039751285085231e+02 3.356650317882633203e+02
2.711208898061263994e+02 3.358341754400698846e+02
2.701374682892632109e+02 3.360005360417588918e+02
2.691537016800201627e+02 3.361642799721360007e+02
2.681695744650311894e+02 3.363255616420911451e+02
2.671850496684529617e+02 3.364843492723171607e+02
2.662000553739577526e+02 3.366405149827646710e+02
2.652145467005867090e+02 3.367939017819787182e+02
2.642284559089752065e+02 3.369443743983428021e+02
2.632417455306535885e+02 3.370917698361205908e+02
2.622543569816496642e+02 3.372359445320429927e+02
2.612662551177979253e+02 3.373767364535088973e+02
2.602773965448797640e+02 3.375139872145859954e+02
2.592877437854904770e+02 3.376475374788932413e+02
2.582972680374087417e+02 3.377772163973792203e+02
2.573059367761555336e+02 3.379028552274638741e+02
2.563137241885503386e+02 3.380242819990550061e+02
2.553206095079599436e+02 3.381413188617549963e+02
2.543265742808735013e+02 3.382537849578297369e+02
2.533316041982485842e+02 3.383614945309096811e+02
2.523356874190473604e+02 3.384642593495610186e+02
2.513388173067727394e+02 3.385618865942911384e+02
2.503409912014224972e+02 3.386541794277684403e+02
2.493422103029673735e+02 3.387409378459143454e+02
2.483424801328404499e+02 3.388219562096279560e+02
2.473418100820705092e+02 3.388970261425213835e+02
2.463402144603504667e+02 3.389659358536654850e+02
2.453377121615349665e+02 3.390284696052228242e+02
2.443343264056583735e+02 3.390844060197042609e+02
2.433300849761741347e+02 3.391335185547185347e+02
2.423250232688553467e+02 3.391755855860874931e+02
2.413191759285214459e+02 3.392103665231894070e+02
2.403125922188978905e+02 3.392376347147857132e+02
2.393053149146141436e+02 3.392571410616637309e+02
2.382974056177726254e+02 3.392686491327705198e+02
2.372889223469197191e+02 3.392719125144793679e+02
2.362799319085972058e+02 3.392666805837540096e+02
2.352705068668271053e+02 3.392526970302761811e+02
2.342607312745111301e+02 3.392297073268387635e+02
2.332506903376888374e+02 3.391974501916464533e+02
2.322404760585379506e+02 3.391556596345890284e+02
2.312301942163686306e+02 3.391040710375050935e+02
2.302199543686802201e+02 3.390424144645043043e+02
2.292098724638402416e+02 3.389704126428776476e+02
2.282000722148409295e+02 3.388877817476305268e+02
2.271906982346737607e+02 3.387942469428108438e+02
2.261818877508807475e+02 3.386895190607169184e+02
2.251737955152850361e+02 3.385733041481594228e+02
2.241665948779760811e+02 3.384453107863355399e+02
2.231604578177876306e+02 3.383052372872329556e+02
2.221555741816947034e+02 3.381527809253707346e+02
2.211521466361857051e+02 3.379876347366977711e+02
2.201503835756491014e+02 3.378094790283810198e+02
2.191505262817281334e+02 3.376180037352121985e+02
2.181527894861565642e+02 3.374129758777270922e+02
2.171573807072839770e+02 3.371942950981045328e+02
2.161644948474948649e+02 3.369618491019771227e+02
2.151743650541572777e+02 3.367155378635698071e+02
2.141872060154525172e+02 3.364552394078048110e+02
2.132032488188410468e+02 3.361808201825074889e+02
2.122227416616489393e+02 3.358921391575687494e+02
2.112459486539906663e+02 3.355890534273979142e+02
2.102731183789264264e+02 3.352713857262677379e+02
2.093045539406938360e+02 3.349389764193920200e+02
2.083405443012386513e+02 3.345916387208160927e+02
2.073814046164230263e+02 3.342291776308946964e+02
2.064274657344051604e+02 3.338513851423326741e+02
2.054790780675550081e+02 3.334580406319965959e+02
2.045366234410861352e+02 3.330489243533437502e+02
2.036004896374086002e+02 3.326237924280329707e+02
2.026710968544386446e+02 3.321823919324223198e+02
2.017488969471789062e+02 3.317244655970075087e+02
2.008343689786839832e+02 3.312497497315258670e+02
1.999280029166944246e+02 3.307579440880121524e+02
1.990303658608583532e+02 3.302487868178132544e+02
1.981420184033647445e+02 3.297219744545377011e+02
1.972635802193843233e+02 3.291772142990965904e+02
1.963956998350660967e+02 3.286141949674339457e+02
1.955390929485255072e+02 3.280326390546508719e+02
1.946944862684111968e+02 3.274322328087347387e+02
1.938626792299913006e+02 3.268126914141679435e+02
1.930445177280361122e+02 3.261737468088190326e+02
1.922408926239349398e+02 3.255151469376107798e+02
1.914527358343286210e+02 3.248366361639509137e+02
1.906810547816403982e+02 3.241380237276247840e+02
1.899268899763227694e+02 3.234191360342987309e+02
1.891913359704515472e+02 3.226798475062905140e+02
1.884755368518198964e+02 3.219201044194019232e+02
1.877806626823208660e+02 3.211398855974523485e+02
1.871079305635638264e+02 3.203392592576533389e+02
1.864585807955173209e+02 3.195183826679381127e+02
1.858338623344689893e+02 3.186774977172265721e+02
1.852350259183953085e+02 3.178169619688706575e+02
1.846633002623886455e+02 3.169372022680520899e+02
1.841198951569794531e+02 3.160388182513487436e+02
1.836059530717956534e+02 3.151224527522621770e+02
1.831225618741132450e+02 3.141889425585252980e+02
1.826706992075253595e+02 3.132391892318941018e+02
