1.762565233284927331e+02 2.931950022794427468e+02
1.759889815236623463e+02 2.921994402430265723e+02
1.757525857970495053e+02 2.911902730189940485e+02
1.755478430474125275e+02 2.901682835119502215e+02
1.753750880122827027e+02 2.891343309450913353e+02
1.752344828175544933e+02 2.880894414047655800e+02
1.751260516780847638e+02 2.870347209112599671e+02
1.750496636261011645e+02 2.859713860784501662e+02
1.750050622757574104e+02 2.849006844805069818e+02
1.749918863831643705e+02 2.838238804887124047e+02
1.750096901575422805e+02 2.827422350365158650e+02
1.750579912045189133e+02 2.816570078797441852e+02
1.751363481322586324e+02 2.805694082595684336e+02
1.752442486157629560e+02 2.794806998833884677e+02
1.753811991518026048e+02 2.783920269330079691e+02
1.755466785745866218e+02 2.773045470787496924e+02
1.757401489034681106e+02 2.762193450747348606e+02
1.759610499301157347e+02 2.751374529594565956e+02
1.762088012921904863e+02 2.740599119107289425e+02
1.764829171309834805e+02 2.729876164405697523e+02
1.767828815476458999e+02 2.719215223016784648e+02
1.771080987824023509e+02 2.708624995654829490e+02
1.774579977803353472e+02 2.698112430339072034e+02
1.778319525295955259e+02 2.687685452421026184e+02
1.782294651787222506e+02 2.677350398557150015e+02
1.786499570978917006e+02 2.667114647980825453e+02
1.790928542982930765e+02 2.656982966291494108e+02
1.795574775785041766e+02 2.646960260740045783e+02
1.800431823691820910e+02 2.637051109963533122e+02
1.805494065292080279e+02 2.627259344295625851e+02
1.810755652481257698e+02 2.617588943212523418e+02
1.816210175155892728e+02 2.608042392549540409e+02
1.821850824099172996e+02 2.598621928528811509e+02
1.827671435416175427e+02 2.589329270379221839e+02
1.833665980506252424e+02 2.580166194956346999e+02
1.839828936310922245e+02 2.571133848451850668e+02
1.846153776120225416e+02 2.562233252520190945e+02
1.852634888201451702e+02 2.553464353281005117e+02
1.859266333530831332e+02 2.544827603009130712e+02
1.866042661193527579e+02 2.536323090706553955e+02
1.872958883046970300e+02 2.527950568710338928e+02
1.880010049370852130e+02 2.519709719986997243e+02
1.887190959310922835e+02 2.511600500653178472e+02
1.894497337312376146e+02 2.503622177292612321e+02
1.901924721617538978e+02 2.495774338857262649e+02
1.909468694002664222e+02 2.488056879045046514e+02
1.917126444656278181e+02 2.480469065302871172e+02
1.924893681119689859e+02 2.473011507339774653e+02
1.932767668387806737e+02 2.465683633665939567e+02
1.940745189890691620e+02 2.458485371711343532e+02
1.948822534979385068e+02 2.451415893194131002e+02
1.956995372603364558e+02 2.444473404714483991e+02
1.965259490400920299e+02 2.437655990845325107e+02
1.973610868743871265e+02 2.430961658524345808e+02
1.982046300614955214e+02 2.424388032976360989e+02
1.990561509281474457e+02 2.417934455230752349e+02
1.999154852575410359e+02 2.411599367337016986e+02
2.007823234489760296e+02 2.405382324106054455e+02
2.016564230148874515e+02 2.399282438889836442e+02
2.025375607307748282e+02 2.393298834649525872e+02
2.034255340236944107e+02 2.387431164792716629e+02
2.043201630944643910e+02 2.381679338276878752e+02
2.052212729020147037e+02 2.376043281086802210e+02
2.061286926111331468e+02 2.370522933410797748e+02
2.070423056155817960e+02 2.365118056249012568e+02
2.079618856653538046e+02 2.359829353323885641e+02
2.088873539447010046e+02 2.354656837697379785e+02
2.098185723926478374e+02 2.349600943378384557e+02
2.107553920365708677e+02 2.344662172824352524e+02
2.116976755997019950e+02 2.339840966852827080e+02
2.126453490026017903e+02 2.335137494189795291e+02
2.135982007199323789e+02 2.330552616008197617e+02
2.145561429502200212e+02 2.326086561721469081e+02
2.155190449525606766e+02 2.321739840538534736e+02
2.164867701265678193e+02 2.317512866575649753e+02
2.174591651924335736e+02 2.313405752837205682e+02
2.184360752016343667e+02 2.309418567919609870e+02
2.194173464633532262e+02 2.305551390302429695e+02
2.204028262259221833e+02 2.301804305463663809e+02
2.213923469389944216e+02 2.298177097848210906e+02
2.223857136248385302e+02 2.294668971887771534e+02
2.233827313399700643e+02 2.291279064451334762e+02
2.243832302205114502e+02 2.288006448199145098e+02
2.253869959264016813e+02 2.284850354261874372e+02
2.263938077738281720e+02 2.281809356314399793e+02
2.274034637946341491e+02 2.278881171980656291e+02
2.284157015736388701e+02 2.276063694904848660e+02
2.294302839736006092e+02 2.273354691519267874e+02
2.304470322198598922e+02 2.270751746759301000e+02
2.314656308511256952e+02 2.268252067007101971e+02
2.324858930083049700e+02 2.265851782128142986e+02
2.335074895183346939e+02 2.263547420485350585e+02
2.345302359921406605e+02 2.261335080818719518e+02
2.355538582199938560e+02 2.259211075470941523e+02
2.365781133732069748e+02 2.257170916214660963e+02
2.376027806753241407e+02 2.255209708984257020e+02
2.386275724485691683e+02 2.253322670717602705e+02
2.396522945766659234e+02 2.251504778949689012e+02
2.406767555895419264e+02 2.249751294254965330e+02
2.417007750695539414e+02 2.248058859968358831e+02
2.427242560413447734e+02 2.246424547017435600e+02
2.437470980210327696e+02 2.244845495087843403e+02
2.447691916375104029e+02 2.243318859057242207e+02
2.457904395126346913e+02 2.241841818745737953e+02
2.468107756414383971e+02 2.240411838604534580e+02
2.478301362011613378e+02 2.239026488976435871e+02
2.488484720261438952e+02 2.237683358866940182e+02
2.498657202904417431e+02 2.236380026454432368e+02
2.508818462977919808e+02 2.235114156571881665e+02
2.518968279162887143e+02 2.233883758300077034e+02
2.529106493273710896e+02 2.232686909850841630e+02
2.539233010141208808e+02 2.231521697849898089e+02
2.549347817166228651e+02 2.230386230422136009e+02
2.559450968564233335e+02 2.229278768031747404e+02
2.569542630900040194e+02 2.228197841456602077e+02
2.579623076848595247e+02 2.227142038938296196e+02
2.589692614467248859e+02 2.226109968966926829e+02
2.599751608942252687e+02 2.225100259718446409e+02
2.609800507044540154e+02 2.224111687244804045e+02
2.619839840482178488e+02 2.223143219177671881e+02
2.629870193327802781e+02 2.222193855924842580e+02
2.639892208267136198e+02 2.221262639792304583e+02
2.649906562547070621e+02 2.220348609117596368e+02
2.659914009454110442e+02 2.219450903632010466e+02
2.669915358908685334e+02 2.218568740179024985e+02
2.679911391112070191e+02 2.217700772166664649e+02
2.689902953666226040e+02 2.216845071394581055e+02
2.699890982638392529e+02 2.215999711349088273e+02
2.709876446683035738e+02 2.215162813941675495e+02
2.719860344018561022e+02 2.214332545274492361e+02
2.729843701126970927e+02 2.213507118352960958e+02
2.739827572574322403e+02 2.212684784047142443e+02
2.749813039442610716e+02 2.211863797389666502e+02
2.759801208283292340e+02 2.211042471668909286e+02
2.769793213402899141e+02 2.210219157140474806e+02
2.779790215396642452e+02 2.209392241344371826e+02
2.789793400981655509e+02 2.208560149284864451e+02
2.799803983500231084e+02 2.207721365417667130e+02
2.809823211688888591e+02 2.206874544046092410e+02
2.819852338048414140e+02 2.206018347910669490e+02
2.829892648533793817e+02 2.205151494499264686e+02
2.839945451592436143e+02 2.204272747732351263e+02
2.850012074611258299e+02 2.203381045454118237e+02
2.860093868003413036e+02 2.202475782798478861e+02
2.870192182021590384e+02 2.201556469615766787e+02
2.880308323695690547e+02 2.200622598934282337e+02
2.890443670545132591e+02 2.199673755971254820e+02
2.900599493420561998e+02 2.198711742238204181e+02
2.910776810113138708e+02 2.197742726177524162e+02
2.920976250585330263e+02 2.196773299915204234e+02
2.931198443457782332e+02 2.195810143685075957e+02
2.941443878882870422e+02 2.194860038061352725e+02
2.951712524285970289e+02 2.193929922646286172e+02
2.962004368192991137e+02 2.193027182950165468e+02
2.972319366595619385e+02 2.192159363575988209e+02
2.982656645261739641e+02 2.191333777614817393e+02
2.993015893995332135e+02 2.190557963834309874e+02
3.003396047862332807e+02 2.189839192334339657e+02
3.013796168418716661e+02 2.189184680292276255e+02
3.024215012730300032e+02 2.188601616169640920e+02
3.034651195064024023e+02 2.188097195366391929e+02
3.045103021804375771e+02 2.187678485498101395e+02
3.055569145248302902e+02 2.187351881814346086e+02
3.066047391265600481e+02 2.187123015262357626e+02
3.076536307919329829e+02 2.186997742860335734e+02
3.087033755137186972e+02 2.186981793379649730e+02
3.097537431128330923e+02 2.187080646476515540e+02
3.108045492151111944e+02 2.187298550622879247e+02
3.118555969179225826e+02 2.187639154864160105e+02
3.129066784652230808e+02 2.188106101185544787e+02
3.139575538586993275e+02 2.188702932983545963e+02
3.150080152279520576e+02 2.189433000510746012e+02
3.160578620255143392e+02 2.190298283488121456e+02
3.171068977156492110e+02 2.191300374522262473e+02
3.181549214864975283e+02 2.192440868430579428e+02
3.192017361357106893e+02 2.193721397126350894e+02
3.202471423820255154e+02 2.195143291012679185e+02
3.212909348122840356e+02 2.196706866238386624e+02
3.223329475839366296e+02 2.198412393740792936e+02
3.233730355885278982e+02 2.200260283973917979e+02
3.244109725947878360e+02 2.202250660741411536e+02
3.254466024310032708e+02 2.204383718047931779e+02
3.264797642228887185e+02 2.206659303592966523e+02
3.275102883757759855e+02 2.209077214688959430e+02
3.285379846981854257e+02 2.211637169903674476e+02
3.295627245567224008e+02 2.214339183034661858e+02
3.305843247357299788e+02 2.217183201227058760e+02
3.316025826879190959e+02 2.220169223852752509e+02
3.326173374535507605e+02 2.223297470980303956e+02
3.336284029287185149e+02 2.226568112429297059e+02
3.346355942810121746e+02 2.229981393082178727e+02
3.356387239861231819e+02 2.233538136756554593e+02
3.366375052983416936e+02 2.237239225913564269e+02
3.376317393819767290e+02 2.241086018587564581e+02
3.386211960273483328e+02 2.245079841329307158e+02
3.396055822133520792e+02 2.249221596796882636e+02
3.405847225996398038e+02 2.253510966490566716e+02
3.415584857633125466e+02 2.257946730365150643e+02
3.425267126532555153e+02 2.262527585661060812e+02
3.434892392773115830e+02 2.267252259653379269e+02
3.444459239342843944e+02 2.272119796037835613e+02
3.453965520791890640e+02 2.277129692490985633e+02
3.463409244352613996e+02 2.282281974192450207e+02
3.472788678969793068e+02 2.287577000400754059e+02
3.482100859252233249e+02 2.293014479890684925e+02
3.491343802815137565e+02 2.298594851672222887e+02
3.500515007714515150e+02 2.304318583443221655e+02
3.509611704737384343e+02 2.310186167672752333e+02
3.518630990747192300e+02 2.316198149969086444e+02
3.527570191911901816e+02 2.322355437145740211e+02
3.536425888145951717e+02 2.328658488193842118e+02
3.545195468525297429e+02 2.335108209639003576e+02
3.553875172026002929e+02 2.341704812484703950e+02
3.562461848078005460e+02 2.348449171704387197e+02
3.570952123377289809e+02 2.355342340580714335e+02
3.579341703795378749e+02 2.362384498255965752e+02
3.587627672726364949e+02 2.369576473290077558e+02
3.595805743878885323e+02 2.376918202515762744e+02
3.603872131716544800e+02 2.384410379108232121e+02
3.611822668409187713e+02 2.392053826092439692e+02
3.619652659406194743e+02 2.399848580707566725e+02
3.627358414781551801e+02 2.407795132883074416e+02
3.634934971882229320e+02 2.415893160385103613e+02
3.642378083949863594e+02 2.424143689129617769e+02
3.649681739997101317e+02 2.432546421928441873e+02
3.656841460412898641e+02 2.441102534882943758e+02
3.663851669016505639e+02 2.449811940303035556e+02
3.670706361524831323e+02 2.458674689827162183e+02
3.677399633417350628e+02 2.467691943862766095e+02
3.683924305919731523e+02 2.476864202617828994e+02
3.690273415272782245e+02 2.486192559956421348e+02
3.696439204245148176e+02 2.495677662404316948e+02
3.702413490679376196e+02 2.505320878398024433e+02
3.708186983746839473e+02 2.515123308866226637e+02
3.713749495659194508e+02 2.525085893450255980e+02
3.719090528204101815e+02 2.535210607063734471e+02
3.724198070467263051e+02 2.545498237887272239e+02
3.729059501661495233e+02 2.555950044765382643e+02
3.733661029132735507e+02 2.566566451183331310e+02
3.737987973580484891e+02 2.577347549424428621e+02
3.742024491075260357e+02 2.588293488175082757e+02
3.745753440661129616e+02 2.599401716857509541e+02
3.749157710332290208e+02 2.610669817253698284e+02
3.752219796994775720e+02 2.622093405632081726e+02
3.754920367171031899e+02 2.633665819716704846e+02
3.757234446934641596e+02 2.645380682290108325e+02
3.759136619817238056e+02 2.657226365968832624e+02
3.760603598514994701e+02 2.669187545925994414e+02
3.761619085117335430e+02 2.681220736297670442e+02
3.762179826646580523e+02 2.693278464288474083e+02
3.762289566020684219e+02 2.705336262993219520e+02
3.761955668140663533e+02 2.717371619422958702e+02
3.761188529296398428e+02 2.729363608819610363e+02
3.760000875702424992e+02 2.741293400804262888e+02
3.758407500347148584e+02 2.753143321562792494e+02
3.756424266581101392e+02 2.764898597130238613e+02
3.754067678666494317e+02 2.776546534130067698e+02
3.751354697349026424e+02 2.788075906676060640e+02
3.748301915714899906e+02 2.799477937691491434e+02
3.744925901761416185e+02 2.810745139160981694e+02
3.741243286928948919e+02 2.821870904502287658e+02
3.737268964468051422e+02 2.832851572465494883e+02
3.733017735774549237e+02 2.843682812393312247e+02
3.728503281142774313e+02 2.854361676991662193e+02
3.723738603972211081e+02 2.864886474648876060e+02
3.718736445301192930e+02 2.875255702082343987e+02
3.713508265313639640e+02 2.885468742586887174e+02
3.708064953110388728e+02 2.895524788683300699e+02
3.702416354034008918e+02 2.905423667123713471e+02
3.696572038955462176e+02 2.915165872333956258e+02
3.690541589265093876e+02 2.924751676137508980e+02
3.684333264037686604e+02 2.934182115268573625e+02
3.677955219290918762e+02 2.943457593667020546e+02
3.671414075009353155e+02 2.952579628226511659e+02
3.664717984054007047e+02 2.961548596263257309e+02
3.657873467031442374e+02 2.970366381492813730e+02
3.650886544047297093e+02 2.979034650917089948e+02
3.643763948152524108e+02 2.987553963738560583e+02
3.636510521426889113e+02 2.995926383072097678e+02
3.629131986393207399e+02 3.004153299846008736e+02
3.621633759557404346e+02 3.012236183275473422e+02
3.614020600420935807e+02 3.020176710660568915e+02
3.606296915245052332e+02 3.027976475407320436e+02
3.598466861772671450e+02 3.035637004682976681e+02
3.590534795958278096e+02 3.043159578985161033e+02
3.582504346399882706e+02 3.050545803901433146e+02
3.574379582087182143e+02 3.057796730426192653e+02
3.566163007787723700e+02 3.064914273401487321e+02
3.557858655323072412e+02 3.071898879185400801e+02
3.549468849156942838e+02 3.078751824804172088e+02
3.540996359094000354e+02 3.085473821748146293e+02
3.532443810719747717e+02 3.092065532244433257e+02
3.523813246530403944e+02 3.098527862334294696e+02
3.515108163102177059e+02 3.104861896993142523e+02
3.506331294438686541e+02 3.111070347515125718e+02
3.497486490861708148e+02 3.117155160615001819e+02
3.488576477424272753e+02 3.123118875498354328e+02
3.479604250228195497e+02 3.128963684635743334e+02
3.470572411832130229e+02 3.134691376968916643e+02
3.461483266893207542e+02 3.140303436686175473e+02
3.452338466357821289e+02 3.145801566312563864e+02
3.443140936418571414e+02 3.151186721071259171e+02
3.433891717589482937e+02 3.156460745103313457e+02
3.424593325155150865e+02 3.161624304120128954e+02
3.415246890261815338e+02 3.166678585251074196e+02
3.405853946802786254e+02 3.171624451482643394e+02
3.396416166267260905e+02 3.176462650164782531e+02
3.386934898046505964e+02 3.181194010566718475e+02
3.377411451051863764e+02 3.185819192919174725e+02
3.367847241163668741e+02 3.190338724600113096e+02
3.358243497965776214e+02 3.194753177754842568e+02
3.348601094334982804e+02 3.199063200503613871e+02
3.338921603442573769e+02 3.203269120009363746e+02
3.329206029626671466e+02 3.207371575877667738e+02
3.319455719125680275e+02 3.211371039655638810e+02
3.309671359594113937e+02 3.215268186313222714e+02
3.299854723867833854e+02 3.219063236177552199e+02
3.290006583031182572e+02 3.222756921942939243e+02
3.280128188180005395e+02 3.226350009612564804e+02
3.270220775396790032e+02 3.229843282744681687e+02
3.260285551304186811e+02 3.233237508890435947e+02
3.250323696406008480e+02 3.236533443768444158e+02
3.240336466441690959e+02 3.239732067586948574e+02
3.230325241201969675e+02 3.242834720873419201e+02
3.220291374445374117e+02 3.245842767536229871e+02
3.210236181381860661e+02 3.248757562894977582e+02
3.200160714541696620e+02 3.251580517774037844e+02
3.190066631012601306e+02 3.254313270920657146e+02
3.179955542472114303e+02 3.256957954128899360e+02
3.169828338788296378e+02 3.259516864241177814e+02
3.159687182289868588e+02 3.261991941192995341e+02
3.149532766106278245e+02 3.264385556602009046e+02
3.139367149000866561e+02 3.266700199530309305e+02
3.129191230785341418e+02 3.268939009424559003e+02
3.119007177744650789e+02 3.271104813056657576e+02
3.108815812413196227e+02 3.273200759679828593e+02
3.098618743500246069e+02 3.275229822207040229e+02
3.088417480356640112e+02 3.277195505084335423e+02
3.078213261951282789e+02 3.279101589247911193e+02
3.068007295001190187e+02 3.280951815297074177e+02
3.057801175938251390e+02 3.282749866857884626e+02
3.047595780249967561e+02 3.284499260813379919e+02
3.037391649055981020e+02 3.286201857293851276e+02
3.027189133408908788e+02 3.287858966855054064e+02
3.016988555487245094e+02 3.289471886338218951e+02
3.006790148585401425e+02 3.291041898852702730e+02
2.996594311865131317e+02 3.292570197594689603e+02
2.986401140191690047e+02 3.294057787931260464e+02
2.976210776031418277e+02 3.295505591224559225e+02
2.966023342037815382e+02 3.296914513366957067e+02
2.955838940837445534e+02 3.298285444513506377e+02
2.945657639658235212e+02 3.299619191800896942e+02
2.935479452190802476e+02 3.300916387705801185e+02
2.925304372293208530e+02 3.302177625045553100e+02
2.915132379231918662e+02 3.303403479613361355e+02
2.904963437237782387e+02 3.304594508852666763e+02
2.894797459939449595e+02 3.305751167353233768e+02
2.884634351734854363e+02 3.306873757539231633e+02
2.874474030583233457e+02 3.307962559970191592e+02
2.864316346654611607e+02 3.309017839030076402e+02
2.854161162903880609e+02 3.310039833062352272e+02
2.844008318999098037e+02 3.311028680260807278e+02
2.833857632521631444e+02 3.311984410245102026e+02
2.823708914278271891e+02 3.312907028474219828e+02
2.813561968974349838e+02 3.313796520688354690e+02
2.803416594415121494e+02 3.314652847760220311e+02
2.793272561611371430e+02 3.315475873641409521e+02
2.783129626589833379e+02 3.316265379532540010e+02
2.772988228001935340e+02 3.317021356116680977e+02
2.762849064560584793e+02 3.317744204475981178e+02
2.752711981657179763e+02 3.318434451362131199e+02
2.742576722778707108e+02 3.319092551039854015e+02
2.732443027276031557e+02 3.319718902926005626e+02
2.722310633933013264e+02 3.320313882650697792e+02
2.712179280994164969e+02 3.320877842512340976e+02
2.702048705539629623e+02 3.321411102828393496e+02
2.691918641181646876e+02 3.321913911520472311e+02
2.681788821420159934e+02 3.322386476362595999e+02
2.671658972036638033e+02 3.322828977948888678e+02
2.661528843748117197e+02 3.323241580716552903e+02
2.651398175661790901e+02 3.323624417184201434e+02
2.641266696515032208e+02 3.323977551918125641e+02
2.631134144918565312e+02 3.324301016984551325e+02
2.621000261888428895e+02 3.324594821825530175e+02
2.610864783045751665e+02 3.324858949223461764e+02
2.600727450847630280e+02 3.325093339420442362e+02
2.590588034365624708e+02 3.325297877057075766e+02
2.580446274192229339e+02 3.325472412017203965e+02
2.570301925395596072e+02 3.325616771163327599e+02
2.560154746680973403e+02 3.325730748225767570e+02
2.550004517311555219e+02 3.325813407025232777e+02
2.539851072352845165e+02 3.325862632322342165e+02
2.529694237282421341e+02 3.325876147311284399e+02
2.519534031979404745e+02 3.325851697337628252e+02
2.509370466166618030e+02 3.325787014198700149e+02
2.499203548699229032e+02 3.325679801721755098e+02
2.489033218256979012e+02 3.325527677483012212e+02
2.478859918603359915e+02 3.325328401105017520e+02
2.468683644638257420e+02 3.325079592723364499e+02
2.458504622541954632e+02 3.324778855420279342e+02
2.448323339821723152e+02 3.324423909289712356e+02
2.438139855421387665e+02 3.324012324868742780e+02
2.427954887991266730e+02 3.323541838073588224e+02
2.417768623730019044e+02 3.323010005000340925e+02
2.407581698966533281e+02 3.322414460294619971e+02
2.397394700490331729e+02 3.321752895220447499e+02
2.387208070835765170e+02 3.321022936232359939e+02
2.377022556499809127e+02 3.320222254970250901e+02
2.366838914869774158e+02 3.319348518735831135e+02
2.356657835325063672e+02 3.318399348405923774e+02
2.346480125034873083e+02 3.317372441964221252e+02
2.336306643062636965e+02 3.316265509731827024e+02
2.326138306056497811e+02 3.315076243538699714e+02
2.315976090017959166e+02 3.313802316803256645e+02
2.305821028815987859e+02 3.312441403627634031e+02
2.295674193203043671e+02 3.310991224537353901e+02
2.285536563510036672e+02 3.309449414016028186e+02
2.275409678481822766e+02 3.307813790256662401e+02
2.265294535312064852e+02 3.306081945905399948e+02
2.255192513295706362e+02 3.304251536564412959e+02
2.245105072436748230e+02 3.302320247971762797e+02
2.235033723703395196e+02 3.300285756345578534e+02
2.224979765789449573e+02 3.298145564949746245e+02
2.214945151344367957e+02 3.295897385641912365e+02
2.204931468636956140e+02 3.293538734622606512e+02
2.194940539380853863e+02 3.291067092512253112e+02
2.184974307358163230e+02 3.288479924027872698e+02
2.175034820241573641e+02 3.285774677396151446e+02
2.165124039473692221e+02 3.282948660724545107e+02
2.155244584929028235e+02 3.279999331035495516e+02
2.145398650485417420e+02 3.276923787110869171e+02
2.135588865239702443e+02 3.273719205687810359e+02
2.125817867781998984e+02 3.270382677195062797e+02
2.116088710684914247e+02 3.266911405021974701e+02
2.106404356722128455e+02 3.263302228036413339e+02
2.096768178345358535e+02 3.259551880021460306e+02
2.087183747470827484e+02 3.255657097327656402e+02
2.077654746952466382e+02 3.251614553485728152e+02
2.068185049799461410e+02 3.247421280466104463e+02
2.058777654010408185e+02 3.243077390558603383e+02
2.049434817481023856e+02 3.238584489186924316e+02
2.040158889117248293e+02 3.233944114466009978e+02
2.030952402141473101e+02 3.229157793606067912e+02
2.021817957213732484e+02 3.224227033716101118e+02
2.012758152486664756e+02 3.219153485680417361e+02
2.003775434596689422e+02 3.213938608610550887e+02
1.994872732510063429e+02 3.208584040033518932e+02
1.986052731775071436e+02 3.203091076395064078e+02
1.977318443535291408e+02 3.197461131970547399e+02
1.968672855528373304e+02 3.191695841718118913e+02
1.960118974592818404e+02 3.185796744416692832e+02
1.951659948348325599e+02 3.179765218184338096e+02
1.943299179121188445e+02 3.173602576755501445e+02
1.935040213363620580e+02 3.167310140783759493e+02
1.926886578211935728e+02 3.160889264840752162e+02
1.918842106656021258e+02 3.154341352118053123e+02
1.910910680941245801e+02 3.147667451592874386e+02
1.903096587938315736e+02 3.140868582605099277e+02
1.895404358134377389e+02 3.133945760104044780e+02
1.887838616282938347e+02 3.126899751729009154e+02
1.880404446734328019e+02 3.119731392378956230e+02
1.873107162394437637e+02 3.112441242608663288e+02
1.865952474787686413e+02 3.105029673523284828e+02
1.858946549082694446e+02 3.097497081327091450e+02
1.852095884386495186e+02 3.089843540582521655e+02
1.845407472102690178e+02 3.082069170655244079e+02
1.838888725410651546e+02 3.074173765411824775e+02
1.832547572828904379e+02 3.066157290259648107e+02
1.826392429190890425e+02 3.058019390984821939e+02
1.820432230808113161e+02 3.049759829238076918e+02
1.814676368560448054e+02 3.041378231288294387e+02
1.809134661643544746e+02 3.032874370938825450e+02
1.803817335890074673e+02 3.024248043292751049e+02
1.798734977277426026e+02 3.015499203068178531e+02
1.793898424119691981e+02 3.006627967662151377e+02
1.789318551203052721e+02 2.997634766811304985e+02
1.785006274430496944e+02 2.988520250088596981e+02
1.780972263675132581e+02 2.979285478921193544e+02
1.777226710816467801e+02 2.969931940103696775e+02
1.773779377761709952e+02 2.960461438635059039e+02
1.770638916883813181e+02 2.950876419124565473e+02
1.767813048935412610e+02 2.941179674340165775e+02
