1.762192965122291639e+02 2.932028129432727610e+02
1.759520920800497379e+02 2.922054660666898940e+02
1.757165251982617349e+02 2.911945335351394419e+02
1.755130796926386552e+02 2.901708690057951117e+02
1.753420598537188937e+02 2.891353871281180545e+02
1.752035928369506621e+02 2.880891612914196003e+02
1.750976646837700628e+02 2.870333348142912655e+02
1.750241043760762238e+02 2.859691537149362262e+02
1.749826147342070897e+02 2.848978862005064912e+02
1.749727939327767388e+02 2.838208096759770456e+02
1.749941564964410077e+02 2.827391913764073479e+02
1.750461783967340068e+02 2.816542907915578553e+02
1.751283725930755963e+02 2.805673096666823767e+02
1.752401827412430180e+02 2.794794991495866725e+02
1.753810738925595274e+02 2.783919860162201303e+02
1.755504859254037626e+02 2.773059070073393286e+02
1.757478451587500956e+02 2.762223232063292357e+02
1.759725589504716652e+02 2.751422410392860343e+02
1.762240168172093888e+02 2.740666740425106696e+02
1.765017045917553560e+02 2.729964880986097455e+02
1.768050804130868130e+02 2.719326089488811817e+02
1.771335297877799348e+02 2.708758785459030491e+02
1.774864684446602041e+02 2.698269665234938088e+02
1.778632587926571205e+02 2.687866395746379453e+02
1.782633917405548232e+02 2.677555067319354407e+02
1.786862796824344741e+02 2.667342808770161469e+02
1.791313475640296247e+02 2.657234203032377309e+02
1.795979204313378830e+02 2.647234005757271689e+02
1.800853580510232916e+02 2.637346654468798874e+02
1.805931022467995319e+02 2.627575852617374039e+02
1.811205734245665440e+02 2.617925463662127186e+02
1.816671415406319738e+02 2.608397916299215353e+02
1.822321388766995369e+02 2.598995415548814663e+02
1.828149615262920804e+02 2.589719663398872171e+02
1.834150188246943571e+02 2.580572426770650054e+02
1.840317704994050132e+02 2.571554859416131649e+02
1.846645784424420924e+02 2.562668013844808002e+02
1.853128954108618132e+02 2.553911889282593961e+02
1.859761414375753361e+02 2.545286992545661917e+02
1.866537846115790842e+02 2.536793476843720043e+02
1.873453384568758224e+02 2.528431166491858164e+02
1.880503196569380293e+02 2.520199818460874894e+02
1.887682196641593464e+02 2.512099463687314085e+02
1.894986213647368061e+02 2.504129454867118625e+02
1.902410889462370278e+02 2.496289467685403451e+02
1.909951900717607032e+02 2.488579476887944679e+02
1.917606505806696475e+02 2.480998830054430471e+02
1.925370490882339993e+02 2.473548204513458018e+02
1.933241183597301074e+02 2.466227110696052307e+02
1.941215432201701105e+02 2.459035554570184274e+02
1.949289570906759366e+02 2.451972768273636234e+02
1.957459290327243764e+02 2.445036994618683366e+02
1.965720397343444290e+02 2.438226353338107515e+02
1.974068890269095107e+02 2.431538887244634850e+02
1.982501572675128330e+02 2.424972261136159091e+02
1.991014178263457381e+02 2.418525824786805742e+02
1.999605043145216143e+02 2.412198027334379731e+02
2.008271064090064044e+02 2.405988418280890073e+02
2.017009803689874730e+02 2.399896109495728638e+02
2.025819015738160260e+02 2.393920221069150784e+02
2.034696652157830101e+02 2.388060387267884153e+02
2.043640887367064352e+02 2.382316488384277875e+02
2.052649944346897826e+02 2.376688420701135271e+02
2.061722089187675238e+02 2.371176093830814580e+02
2.070856125117325917e+02 2.365779238223781249e+02
2.080049763427770415e+02 2.360498502986925189e+02
2.089302173241594005e+02 2.355333848939489485e+02
2.098611939368719845e+02 2.350285652417230438e+02
2.107977540505307559e+02 2.345354356336727619e+02
2.117397571132314624e+02 2.340540338853686819e+02
2.126871245430929491e+02 2.335843696910582707e+02
2.136396418656458991e+02 2.331265206302363708e+02
2.145972171663512427e+02 2.326805018139897072e+02
2.155597163171637476e+02 2.322463559149092305e+02
2.165269994854852484e+02 2.318241158605725047e+02
2.174989101973346237e+02 2.314137840084915752e+02
2.184752905173303361e+02 2.310153581053571372e+02
2.194559840108682920e+02 2.306288367807682107e+02
2.204408354302654800e+02 2.302542192688956106e+02
2.214296752898631269e+02 2.298914752244180306e+02
2.224223074885750009e+02 2.295405173853957308e+02
2.234185362228011513e+02 2.292012517990256413e+02
2.244181906799433364e+02 2.288735781704242811e+02
2.254210564320615617e+02 2.285574117424419569e+02
2.264269136529815114e+02 2.282526041737532125e+02
2.274355619639718782e+02 2.279589244944194775e+02
2.284467416063319547e+02 2.276761591032509386e+02
2.294602178937624899e+02 2.274040818272128206e+02
2.304758138967649188e+02 2.271424488812043307e+02
2.314932192434752380e+02 2.268909815434354584e+02
2.325122513182604678e+02 2.266492976374779289e+02
2.335325873705641015e+02 2.264170541009367241e+02
2.345540472914069312e+02 2.261938658393247579e+02
2.355763626602856675e+02 2.259793689810178705e+02
2.365992971512781082e+02 2.257731240163716109e+02
2.376226368240482145e+02 2.255746535883079105e+02
2.386461017359796699e+02 2.253834911828676866e+02
2.396695039487323697e+02 2.251991469599060451e+02
2.406926580459329443e+02 2.250211590994736639e+02
2.417153893441537207e+02 2.248492018575252303e+02
2.427376052017121992e+02 2.246829917924208644e+02
2.437592094264014406e+02 2.245222523640400141e+02
2.447800969411260610e+02 2.243667085701144686e+02
2.458001742867764108e+02 2.242160877623052500e+02
2.468193785935495725e+02 2.240701447866794922e+02
2.478376489832487550e+02 2.239286448113141148e+02
2.488549389366054925e+02 2.237913549675791387e+02
2.498711883167251813e+02 2.236580413003226226e+02
2.508863645156966697e+02 2.235284781170833242e+02
2.519004469309990384e+02 2.234024726434457762e+02
2.529134210590478915e+02 2.232798387801706497e+02
2.539252785378219244e+02 2.231603913108740755e+02
2.549360190890080275e+02 2.230439472035934898e+02
2.559456487906799680e+02 2.229303378860404621e+02
2.569541844600333889e+02 2.228194202926823380e+02
2.579616533738254134e+02 2.227110569468311496e+02
2.589680862591389428e+02 2.226051124091989948e+02
2.599735194506703237e+02 2.225014532031961778e+02
2.609779971920123671e+02 2.223999598567300779e+02
2.619815719552938162e+02 2.223005310105639865e+02
2.629843013873267523e+02 2.222030685104683414e+02
2.639862489860688015e+02 2.221074783843208991e+02
2.649874815561916535e+02 2.220136662509025882e+02
2.659880734389091685e+02 2.219215473546431099e+02
2.669881044888978749e+02 2.218310441946124456e+02
2.679876499224524196e+02 2.217420231031915705e+02
2.689867911407841348e+02 2.216542922468793790e+02
2.699856197440446408e+02 2.215676597287482252e+02
2.709842306845620783e+02 2.214819384507858047e+02
2.719827218948430527e+02 2.213969456986475848e+02
2.729811941961104935e+02 2.213125034069973083e+02
2.739797512127743744e+02 2.212284372635615171e+02
2.749784991090874087e+02 2.211445734351277110e+02
2.759775468640303870e+02 2.210607444810463562e+02
2.769770061650989987e+02 2.209767868954470202e+02
2.779769913209607353e+02 2.208925408711613159e+02
2.789776192447515655e+02 2.208078503172661158e+02
2.799790095110332686e+02 2.207225652959270974e+02
2.809812854116038920e+02 2.206365538948499818e+02
2.819845701105020908e+02 2.205496853312294263e+02
2.829889904292381857e+02 2.204618342578646946e+02
2.839946753414741920e+02 2.203728799445378854e+02
2.850017556149109623e+02 2.202827194819106467e+02
2.860103643273576495e+02 2.201912970155414087e+02
2.870206343376195832e+02 2.200985683811602485e+02
2.880326937407296555e+02 2.200044876885279450e+02
2.890466780716993185e+02 2.199090182520474741e+02
2.900627118881369029e+02 2.198123463156724142e+02
2.910808942862792037e+02 2.197150974368592813e+02
2.921012845252240595e+02 2.196179397625728882e+02
2.931239424018260706e+02 2.195215502438570638e+02
2.941489137062897044e+02 2.194266157734349463e+02
2.951761908221325257e+02 2.193338368131750258e+02
2.962057692393889283e+02 2.192439554454961410e+02
2.972376415068496271e+02 2.191577294405654470e+02
2.982717154240746709e+02 2.190758932072886864e+02
2.993079570524504334e+02 2.189992036728288838e+02
3.003462559721733669e+02 2.189283870286916738e+02
3.013865155460402434e+02 2.188641607636040476e+02
3.024286085750702568e+02 2.188072393019064918e+02
3.034723937760181798e+02 2.187583377403962288e+02
3.045176990391563550e+02 2.187181580557543441e+02
3.055643880406394715e+02 2.186873317454686401e+02
3.066122413767241710e+02 2.186664115897167164e+02
3.076611132296123969e+02 2.186559731122320045e+02
3.087107885585610347e+02 2.186565789131684312e+02
3.097610364307752775e+02 2.186687665881211444e+02
3.108116724464243816e+02 2.186929499804537329e+02
3.118624998691439032e+02 2.187294826787015154e+02
3.129133113737278222e+02 2.187787175882293980e+02
3.139638675389419404e+02 2.188409977581668784e+02
3.150139614777159522e+02 2.189166474967355498e+02
3.160633932683037983e+02 2.190058563495424551e+02
3.171119670448231318e+02 2.191087758371588166e+02
3.181594828470860534e+02 2.192255577262668567e+02
3.192057445283927564e+02 2.193563575272523565e+02
3.202505536832625808e+02 2.195013018977276431e+02
3.212937048196998830e+02 2.196604199603515610e+02
3.223350319315781576e+02 2.198337370700015185e+02
3.233743897464461270e+02 2.200212925194111904e+02
3.244115517812903136e+02 2.202230969110984802e+02
3.254463610700473737e+02 2.204391699198671404e+02
3.264786545594781728e+02 2.206695007105428203e+02
3.275082601200685986e+02 2.209140738341737347e+02
3.285349848472670260e+02 2.211728658859228744e+02
3.295586970817696510e+02 2.214458829212675823e+02
3.305792094338619904e+02 2.217331270429730239e+02
3.315963135371730459e+02 2.220346093444160545e+02
3.326098419607737924e+02 2.223503630374111424e+02
3.336196017003910015e+02 2.226804160970299620e+02
3.346254004291481579e+02 2.230248039934915596e+02
3.356270405173815448e+02 2.233836249271446377e+02
3.366242227810318468e+02 2.237569876607470292e+02
3.376167345700210944e+02 2.241450480949529833e+02
3.386043309921623745e+02 2.245479584957805912e+02
3.395867039183881957e+02 2.249658279556844320e+02
3.405636636827908319e+02 2.253986380637599893e+02
3.415350650406786031e+02 2.258462765788022466e+02
3.425007345735198783e+02 2.263086224527964987e+02
3.434604932007385969e+02 2.267855570648918047e+02
3.444141830989235586e+02 2.272769926028009593e+02
3.453615733463142305e+02 2.277828856980278829e+02
3.463024471916061771e+02 2.283032446121057149e+02
3.472366126562758382e+02 2.288381099028486005e+02
3.481637547950060707e+02 2.293874568842815052e+02
3.490836550166798133e+02 2.299513315240406541e+02
3.499960439307729985e+02 2.305297785524912513e+02
3.509006252375056647e+02 2.311228432042951511e+02
3.517970883631451784e+02 2.317305748454681407e+02
3.526851439480018371e+02 2.323530571792302908e+02
3.535644296225761991e+02 2.329903260937467735e+02
3.544346657936487759e+02 2.336424524679755734e+02
3.552954603244820078e+02 2.343094361413323554e+02
3.561464796958616716e+02 2.349913405967025426e+02
3.569873672129539841e+02 2.356882451045046309e+02
3.578176792574668639e+02 2.364001367070603692e+02
3.586371128282298173e+02 2.371270532008863654e+02
3.594452326113064942e+02 2.378689428177731884e+02
3.602416511417586662e+02 2.386258256995588454e+02
3.610259431441915581e+02 2.393977326559604535e+02
3.617976384710081561e+02 2.401846092481473534e+02
3.625563721016263798e+02 2.409864323263168444e+02
3.633016584050496931e+02 2.418030986734682983e+02
3.640330798327354955e+02 2.426346331067606172e+02
3.647500521819284813e+02 2.434809324371225046e+02
3.654521433050020391e+02 2.443420255985636231e+02
3.661388253863783575e+02 2.452178136477755857e+02
3.668095327027132839e+02 2.461082105575181345e+02
3.674637098076113375e+02 2.470132350093415425e+02
3.681006843983537351e+02 2.479328437120315982e+02
3.687198099480672795e+02 2.488670465386573767e+02
3.693203718670163198e+02 2.498158109891238325e+02
3.699016187588331945e+02 2.507791740854997045e+02
3.704627005098954555e+02 2.517571513506136114e+02
3.710026889874845324e+02 2.527497480031707937e+02
3.715206286789463661e+02 2.537570707713551883e+02
3.720154306573587633e+02 2.547791248552655929e+02
3.724859550294161181e+02 2.558159664054172424e+02
3.729309617450781502e+02 2.568675855755767543e+02
3.733491354553607380e+02 2.579339549538472056e+02
3.737390540628764484e+02 2.590150684359686011e+02
3.740991857877332336e+02 2.601106932520814325e+02
3.744280064405540429e+02 2.612206249820077346e+02
3.747239628642571461e+02 2.623445020341576992e+02
3.749853102485003546e+02 2.634817880673381865e+02
3.752096842278017448e+02 2.646320085596030367e+02
3.753946599006147267e+02 2.657942193767382832e+02
3.755380053632432578e+02 2.669671344054027031e+02
3.756381750106678510e+02 2.681469529241634291e+02
3.756948442542857833e+02 2.693294953078745948e+02
3.757083109527449665e+02 2.705125985734716210e+02
3.756792051594565010e+02 2.716942541482359275e+02
3.756084382860018991e+02 2.728725767466291927e+02
3.754971400527975902e+02 2.740458512081864342e+02
3.753466320393016531e+02 2.752124498558794130e+02
3.751583343236688961e+02 2.763709891111686829e+02
3.749337332023718545e+02 2.775202595878956799e+02
3.746743655310277177e+02 2.786591735825832075e+02
3.743817419942918718e+02 2.797868559962407176e+02
3.740573758364520813e+02 2.809025411675844452e+02
3.737027913857272097e+02 2.820055371982597876e+02
3.733193576003408225e+02 2.830954164390409460e+02
3.729084404810310502e+02 2.841716872624490975e+02
3.724713073570619599e+02 2.852339829020165212e+02
3.720091695739109241e+02 2.862820531560857376e+02
3.715232195366149881e+02 2.873156664758375882e+02
3.710145324533003759e+02 2.883346737701766074e+02
3.704841323476506432e+02 2.893389088050442979e+02
3.699329481713937184e+02 2.903282659992508457e+02
3.693618929029287870e+02 2.913027098148196501e+02
3.687718855533448732e+02 2.922621886943061895e+02
3.681637202883942450e+02 2.932067249107077487e+02
3.675381819341179153e+02 2.941362828664614426e+02
3.668959110994511548e+02 2.950509356469872273e+02
3.662377053978600543e+02 2.959506593812720325e+02
3.655642093569062467e+02 2.968355783990731993e+02
3.648760183954109948e+02 2.977057986263484395e+02
3.641737960843812516e+02 2.985613221922281468e+02
3.634580261966400485e+02 2.994022993037305014e+02
3.627292848174560049e+02 3.002288262479905825e+02
3.619881194033911811e+02 3.010410105973438704e+02
3.612350129025024330e+02 3.018389817667349462e+02
3.604704130027254223e+02 3.026228627519411702e+02
3.596947444611968763e+02 3.033927740531949553e+02
3.589084550673455851e+02 3.041488191939506578e+02
3.581119214929148029e+02 3.048911353492681542e+02
3.573055622344618314e+02 3.056198073627875829e+02
3.564896424434171536e+02 3.063350050412636278e+02
3.556645762578658605e+02 3.070367581633880718e+02
3.548306122416993276e+02 3.077251803639938998e+02
3.539880415171097638e+02 3.084003314445966453e+02
3.531371403100652060e+02 3.090622673280274171e+02
3.522781272971101885e+02 3.097110689052390171e+02
3.514113699250502805e+02 3.103468457713588577e+02
3.505371673741216227e+02 3.109698780180435733e+02
3.496559270197404317e+02 3.115803727830582943e+02
3.487679447011570346e+02 3.121785961281871664e+02
3.478735412638546336e+02 3.127647808633406044e+02
3.469729950393797822e+02 3.133391169079730503e+02
3.460665522083473888e+02 3.139017619815696776e+02
3.451543938630813386e+02 3.144528956209209127e+02
3.442368254329626893e+02 3.149926248408485208e+02
3.433139663246590771e+02 3.155211438124260326e+02
3.423860785437007053e+02 3.160385293857758029e+02
3.414532869205908128e+02 3.165449086470192697e+02
3.405157552003479395e+02 3.170403772007070415e+02
3.395736601016736813e+02 3.175250196414986021e+02
3.386271460248890435e+02 3.179989285736911597e+02
3.376763520658226412e+02 3.184621787462757538e+02
3.367214271294764103e+02 3.189148316103150478e+02
3.357625014120094988e+02 3.193569531933347889e+02
3.347996696407535069e+02 3.197886170771657817e+02
3.338330948350953236e+02 3.202098653308259486e+02
3.328628833375138356e+02 3.206207699316741468e+02
3.318891746550968946e+02 3.210213863323348846e+02
3.309120432534772362e+02 3.214117899586690896e+02
3.299316699172558742e+02 3.217920118581436668e+02
3.289481365600398135e+02 3.221621330444165778e+02
3.279615715856705265e+02 3.225222371048670880e+02
3.269721016166745358e+02 3.228724093146626615e+02
3.259798501327692293e+02 3.232127334441055382e+02
3.249849377989411892e+02 3.235432921525998609e+02
3.239874921465989246e+02 3.238641895375736794e+02
3.229876522401456214e+02 3.241755640934059102e+02
3.219855543613628583e+02 3.244775565528920538e+02
3.209813308216863561e+02 3.247703068331056215e+02
3.199750879228648159e+02 3.250539602109359407e+02
3.189669906956104342e+02 3.253286832456719253e+02
3.179571990912746173e+02 3.255946896580487646e+02
3.169458020167818404e+02 3.258522091232680395e+02
3.159330132336477277e+02 3.261014365184506119e+02
3.149189020826779029e+02 3.263426087470522816e+02
3.139036713181290565e+02 3.265759728063822536e+02
3.128874094024374131e+02 3.268018380928865554e+02
3.118703291203721619e+02 3.270204834933816187e+02
3.108525112739150131e+02 3.272322193067970488e+02
3.098341137501390676e+02 3.274373383911974429e+02
3.088152841403332900e+02 3.276361841199495188e+02
3.077961432235127859e+02 3.278291260585677946e+02
3.067768086208567411e+02 3.280165297088518628e+02
3.057574362856552739e+02 3.281987550648699994e+02
3.047381112238688274e+02 3.283761450126781369e+02
3.037188847168911252e+02 3.285488764231894265e+02
3.026997892013566229e+02 3.287170710189927263e+02
3.016808544328071662e+02 3.288808490951698218e+02
3.006621015829008456e+02 3.290403294947586232e+02
2.996435683655530511e+02 3.291956224743171333e+02
2.986252629708413338e+02 3.293468206487214616e+02
2.976071984491651392e+02 3.294940085212188023e+02
2.965893860346187694e+02 3.296372690168153099e+02
2.955718351261302814e+02 3.297766834592438272e+02
2.945545518650152985e+02 3.299123253422511652e+02
2.935375374563380433e+02 3.300442518449222575e+02
2.925207912910728965e+02 3.301725163342388214e+02
2.915043114325195006e+02 3.302971704623270170e+02
2.904880945764115268e+02 3.304182640452328314e+02
2.894721326453041570e+02 3.305358372399052769e+02
2.884564169120055226e+02 3.306499160120407055e+02
2.874409400911766852e+02 3.307605242386270561e+02
2.864256882988699999e+02 3.308676841667752910e+02
2.854106490032574470e+02 3.309714154736287242e+02
2.843958075534005729e+02 3.310717284731377390e+02
2.833811472910891212e+02 3.311686233407452846e+02
2.823666509619745284e+02 3.312620978852591520e+02
2.813523007789972894e+02 3.313521479579250126e+02
2.803380783503080238e+02 3.314387669779464431e+02
2.793239627724467482e+02 3.315219392621770567e+02
2.783099317687288021e+02 3.316016413079203176e+02
2.772960306202573975e+02 3.316778706824474625e+02
2.762823304283865582e+02 3.317506660232230615e+02
2.752688180015447301e+02 3.318200784870476809e+02
2.742554701188021795e+02 3.318861524677816988e+02
2.732422631625610734e+02 3.319489271503131249e+02
2.722291734493800845e+02 3.320084393771319355e+02
2.712161772340051584e+02 3.320647236910633069e+02
2.702032506531717218e+02 3.321178115384930152e+02
2.691903695146053224e+02 3.321677275437834851e+02
2.681775096077360558e+02 3.322144924829222532e+02
2.671646459455037075e+02 3.322581244454392504e+02
2.661517559891183851e+02 3.322986399382156719e+02
2.651388160446470010e+02 3.323360524024672600e+02
2.641258013932891799e+02 3.323703688662320133e+02
2.631126882747670948e+02 3.324015932188113425e+02
2.620994531488822759e+02 3.324297271170237877e+02
2.610860719300895312e+02 3.324547695816518171e+02
2.600725211950310154e+02 3.324767155886516434e+02
2.590587801211057695e+02 3.324955550171165441e+02
2.580448250631671954e+02 3.325112743628467342e+02
2.570306337782117794e+02 3.325238578481022387e+02
2.560161843607935452e+02 3.325332864536277953e+02
2.550014568638262915e+02 3.325394712382363309e+02
2.539864366728971561e+02 3.325422103555272315e+02
2.529711081209383678e+02 3.325412862880918397e+02
2.519554744447826806e+02 3.325364837410389782e+02
2.509395377614377480e+02 3.325275860753633310e+02
2.499233000064665475e+02 3.325143737284977874e+02
2.489067562069691633e+02 3.324966183812883855e+02
2.478899505565188406e+02 3.324741058498325401e+02
2.468728833845759141e+02 3.324466080768081611e+02
2.458555775148175826e+02 3.324138952479791556e+02
2.448380811460424411e+02 3.323757487419105132e+02
2.438204007526146597e+02 3.323319347289116195e+02
2.428026069151961792e+02 3.322822357558595741e+02
2.417847184042147717e+02 3.322264165275001915e+02
2.407667977075799968e+02 3.321642493961829814e+02
2.397489025133805001e+02 3.320955115612175064e+02
2.387310765510537749e+02 3.320199733594845952e+02
2.377133930443303029e+02 3.319374095422954838e+02
2.366959262508781876e+02 3.318475944177191650e+02
2.356787438607114211e+02 3.317502975065555120e+02
2.346619251101069494e+02 3.316452949829597969e+02
2.336455543373292301e+02 3.315323638734434439e+02
2.326297215014816402e+02 3.314112793332231490e+02
2.316145223562597266e+02 3.312818146523067071e+02
2.306000583385205687e+02 3.311437429359767179e+02
2.295864346333965784e+02 3.309968410599104800e+02
2.285737478205701620e+02 3.308408771706617131e+02
2.275621485474999872e+02 3.306756374431184327e+02
2.265517352013213497e+02 3.305008858543483257e+02
2.255426432679758193e+02 3.303163923020011907e+02
2.245350162009740984e+02 3.301219292721838769e+02
2.235290025091971131e+02 3.299172682176325679e+02
2.225247303793985907e+02 3.297021635003692381e+02
2.215223913010117656e+02 3.294763898505980819e+02
2.205221416863005857e+02 3.292397029600824112e+02
2.195241606239358987e+02 3.289918551704702168e+02
2.185286391574461788e+02 3.287325971917051675e+02
2.175357785416299237e+02 3.284616780213026459e+02
2.165457719422076082e+02 3.281788328131257231e+02
2.155588760671402895e+02 3.278838118719425552e+02
2.145753065375258473e+02 3.275763311624122593e+02
2.135953211787875432e+02 3.272561140999133613e+02
2.126191789684504840e+02 3.269228755029741365e+02
2.116471789885482053e+02 3.265763411850345506e+02
2.106796114514331748e+02 3.262162028398316806e+02
2.097168059220905718e+02 3.258421429484792498e+02
2.087591113803636631e+02 3.254538440573468279e+02
2.078068877493832076e+02 3.250509823130896052e+02
2.068605133956704378e+02 3.246332685337669091e+02
2.059202811551386105e+02 3.242007138205879642e+02
2.049864118988826078e+02 3.237534746609775880e+02
2.040591353830407968e+02 3.232917005784550497e+02
2.031386992151648201e+02 3.228155396479288015e+02
2.022253576628986593e+02 3.223251374249642254e+02
2.013193652908657043e+02 3.218206519429061245e+02
2.004209625470375897e+02 3.213022216378592475e+02
1.995304364889198609e+02 3.207700018587671593e+02
1.986480511156746047e+02 3.202241142541640784e+02
1.977741023413306323e+02 3.196646907780212246e+02
1.969088851703203034e+02 3.190918821810191730e+02
1.960526972454412089e+02 3.185058287926310072e+02
1.952058504370019705e+02 3.179066546759288485e+02
1.943686818134080454e+02 3.172944769855098457e+02
1.935415434806800477e+02 3.166694120951658533e+02
1.927247877860505696e+02 3.160315768780722010e+02
1.919187976801950697e+02 3.153810920381993128e+02
1.911239621977854029e+02 3.147180431157286193e+02
1.903407106439692313e+02 3.140425120375626875e+02
1.895694975385942769e+02 3.133545790859196245e+02
1.888107890014980228e+02 3.126542986302687837e+02
1.880650972233904952e+02 3.119417309339128792e+02
1.873329584889746968e+02 3.112169089702667861e+02
1.866149498138523768e+02 3.104798466057966948e+02
1.859116942209851402e+02 3.097305597908218715e+02
1.852238496880273431e+02 3.089690325996180604e+02
1.845521243998443879e+02 3.081952533130406096e+02
1.838972704938684615e+02 3.074091780628432957e+02
1.832600929289153555e+02 3.066107801106288093e+02
1.826414466607088229e+02 3.058000021143217282e+02
1.820422400807725296e+02 3.049767993464828351e+02
1.814634292983572550e+02 3.041411144754714542e+02
1.809060157051990245e+02 3.032929061422318000e+02
1.803710439298300798e+02 3.024321368176935607e+02
1.798595967384373466e+02 3.015587877874820606e+02
1.793727846041056750e+02 3.006728596684608874e+02
1.789117247303666147e+02 2.997743879858385867e+02
1.784775411583691778e+02 2.988634342063766667e+02
1.780713362252788556e+02 2.979401064860403494e+02
1.776941668076771350e+02 2.970045616976191809e+02
1.773470481350358909e+02 2.960569945660244571e+02
1.770308859002596193e+02 2.950976728355629461e+02
1.767464918514001795e+02 2.941269055188385551e+02
