1.762328676081586138e+02 2.931999655531720350e+02
1.759726877283107456e+02 2.922021018049255758e+02
1.757441942530194297e+02 2.911912644697748647e+02
1.755478055944947187e+02 2.901682862974779482e+02
1.753837646262654744e+02 2.891340534820774337e+02
1.752521417299882387e+02 2.880896015374996182e+02
1.751528716679775641e+02 2.870360304936087914e+02
1.750857379886994636e+02 2.859745368395551850e+02
1.750504039626351300e+02 2.849063367135274802e+02
1.750464338113882832e+02 2.838326538485414403e+02
1.750733132612057261e+02 2.827547013251351586e+02
1.751304940964292314e+02 2.816736844188595228e+02
1.752174685467233246e+02 2.805907533649968855e+02
1.753336637808581315e+02 2.795071059641959437e+02
1.754785303949902016e+02 2.784238208488112605e+02
1.756514968982785376e+02 2.773419866113670196e+02
1.758519854699029565e+02 2.762626211875585795e+02
1.760794073826841952e+02 2.751866930262721098e+02
1.763331580323736318e+02 2.741151789267552203e+02
1.766127279515492035e+02 2.730489146236472493e+02
1.769175821603580516e+02 2.719887950267240626e+02
1.772471215000760765e+02 2.709356379330029654e+02
1.776007819282036166e+02 2.698900984141863546e+02
1.779779477828610652e+02 2.688529272923003646e+02
1.783781289079502983e+02 2.678247242204197960e+02
1.788007589107305364e+02 2.668061911538298432e+02
1.792452872153407384e+02 2.657977861075024748e+02
1.797110676929700048e+02 2.647999864170176352e+02
1.801974877174187384e+02 2.638132398891501111e+02
1.807040145648406622e+02 2.628379241909948405e+02
1.812300941415464024e+02 2.618744336227816234e+02
1.817751221519957312e+02 2.609230230300621542e+02
1.823384568814370255e+02 2.599839261198040958e+02
1.829195187164477545e+02 2.590573283589451421e+02
1.835177406196090146e+02 2.581434223425471259e+02
1.841326038633372093e+02 2.572423408348299745e+02
1.847634904503203472e+02 2.563542046156844094e+02
1.854098705422346427e+02 2.554790311815269774e+02
1.860711819402041556e+02 2.546168881087748446e+02
1.867469093032496232e+02 2.537678087057404355e+02
1.874365806117572504e+02 2.529317933777397229e+02
1.881397238996817407e+02 2.521088333757274142e+02
1.888558417321419824e+02 2.512989464714683265e+02
1.895845264596976278e+02 2.505020840378961395e+02
1.903253519266939975e+02 2.497182292886409982e+02
1.910778943690241931e+02 2.489473940603198798e+02
1.918418841638030017e+02 2.481895271871258046e+02
1.926169065088379853e+02 2.474447079815372774e+02
1.934026982627253233e+02 2.467129011447075584e+02
1.941989488990062114e+02 2.459941199950777673e+02
1.950052922605862591e+02 2.452882958503578834e+02
1.958212928463465232e+02 2.445952551026924198e+02
1.966465265840545840e+02 2.439148112187031643e+02
1.974805886166276139e+02 2.432467697737504295e+02
1.983231538130862361e+02 2.425908989769928894e+02
1.991737921730848484e+02 2.419471327726134007e+02
2.000323305563999554e+02 2.413153167238621677e+02
2.008984543561668943e+02 2.406954043936968617e+02
2.017719147853111963e+02 2.400873060823365392e+02
2.026524821439274433e+02 2.394909327381718640e+02
2.035399464117228945e+02 2.389062456461442991e+02
2.044341196667215002e+02 2.383332300841485960e+02
2.053348189977283198e+02 2.377718727483938039e+02
2.062418659595507791e+02 2.372221615027083885e+02
2.071551350946386663e+02 2.366840664526345677e+02
2.080743931989092061e+02 2.361576468539285258e+02
2.089995504407078215e+02 2.356428939899344925e+02
2.099304597863335289e+02 2.351398398425687333e+02
2.108669640003533061e+02 2.346485227645273710e+02
2.118089172178703734e+02 2.341689742397052783e+02
2.127562336993143219e+02 2.337011966036033641e+02
2.137086943369132541e+02 2.332452579864704489e+02
2.146662005550410299e+02 2.328011652448164455e+02
2.156286126470982651e+02 2.323689521362539949e+02
2.165957852123055432e+02 2.319486420722105606e+02
2.175675557996632676e+02 2.315402264890026629e+02
2.185437606861378868e+02 2.311436918251422412e+02
2.195242379613483479e+02 2.307590252357388749e+02
2.205088272144253381e+02 2.303862143206816313e+02
2.214973541030221895e+02 2.300252169324735121e+02
2.224896179716324127e+02 2.296759338320673578e+02
2.234854187794472296e+02 2.293382589443795894e+02
2.244845812512977261e+02 2.290120799776036336e+02
2.254868880214093849e+02 2.286972995050533939e+02
2.264921168675670913e+02 2.283937579344445794e+02
2.275000648182512180e+02 2.281012152484675823e+02
2.285104716083441758e+02 2.278194480039422274e+02
2.295231017769470725e+02 2.275482203641747390e+02
2.305377763293579108e+02 2.272872796853060606e+02
2.315541879704124142e+02 2.270363400831664080e+02
2.325721538930014844e+02 2.267950170950133497e+02
2.335913562579665381e+02 2.265629633985902842e+02
2.346116153771133952e+02 2.263397915410362771e+02
2.356326669409371561e+02 2.261251343537291518e+02
2.366542790366198403e+02 2.259185544821636142e+02
2.376762422195972420e+02 2.257195800725552601e+02
2.386982841104054387e+02 2.255277490642537828e+02
2.397202209218749829e+02 2.253425773912874206e+02
2.407418721387291214e+02 2.251636093342542324e+02
2.417630711956725236e+02 2.249905280946706227e+02
2.427837312316833618e+02 2.248230616550982290e+02
2.438037620446996243e+02 2.246609448499920632e+02
2.448230651014119985e+02 2.245039139041277849e+02
2.458415531364421440e+02 2.243517076454859307e+02
2.468591684576992691e+02 2.242040931459509068e+02
2.478758554850573148e+02 2.240608478901616536e+02
2.488915721652029447e+02 2.239217515854346061e+02
2.499062638772133198e+02 2.237865825718692179e+02
2.509199018968371320e+02 2.236551276574049325e+02
2.519324691603097790e+02 2.235272058729569267e+02
2.529439544462103413e+02 2.234026428546891339e+02
2.539543523378083023e+02 2.232812652093845145e+02
2.549636649808634843e+02 2.231629018461019029e+02
2.559719006778041148e+02 2.230473954319664642e+02
2.569790779900035886e+02 2.229346128195518588e+02
2.579852250854670501e+02 2.228244264658039526e+02
2.589903735204711097e+02 2.227167108570957055e+02
2.599945601462314926e+02 2.226113424617736598e+02
2.609978292341203883e+02 2.225082108381708963e+02
2.620002327731672267e+02 2.224072224257519110e+02
2.630018276561145285e+02 2.223082867976389423e+02
2.640026761505249056e+02 2.222113177532052362e+02
2.650028441218225908e+02 2.221162285467760000e+02
2.660024041709220342e+02 2.220229411599533194e+02
2.670014342698502219e+02 2.219313839069056371e+02
2.680000132807838327e+02 2.218414281746724441e+02
2.689982258862921753e+02 2.217528873783337531e+02
2.699961609816298846e+02 2.216655755749021921e+02
2.709939103247192520e+02 2.215793107170428016e+02
2.719915685014423730e+02 2.214939145271591769e+02
2.729892328048943568e+02 2.214092133170247791e+02
2.739870033379611414e+02 2.213250370820309456e+02
2.749849829787662543e+02 2.212412160572656319e+02
2.759832767626780878e+02 2.211575857546056909e+02
2.769819925755121517e+02 2.210739850737485597e+02
2.779812408995118744e+02 2.209902565477872542e+02
2.789811347962526611e+02 2.209062463630307889e+02
2.799817899513418524e+02 2.208218063822473596e+02
2.809833253786953264e+02 2.207368045678155113e+02
2.819858609115947274e+02 2.206511093991278756e+02
2.829895193584048343e+02 2.205645947511016800e+02
2.839944258199063825e+02 2.204771390502048121e+02
2.850007073327977309e+02 2.203886371513370364e+02
2.860084932086267600e+02 2.202990269565859478e+02
2.870179129255843691e+02 2.202082572774735354e+02
2.880290920433672568e+02 2.201162751720842436e+02
2.890421628073448232e+02 2.200230368070121472e+02
2.900572471470403570e+02 2.199287169671965216e+02
2.910744420284128182e+02 2.198339212320639433e+02
2.920938068267435028e+02 2.197392968515307246e+02
2.931154002395907128e+02 2.196454997931109858e+02
2.941392673386756655e+02 2.195531959397092123e+02
2.951654026693997821e+02 2.194630646765818938e+02
2.961938026272950424e+02 2.193758265685310391e+02
2.972244603334181079e+02 2.192922177852388472e+02
2.982572884876994976e+02 2.192129515446637242e+02
2.992922541886719614e+02 2.191387633562775363e+02
3.003292514848136534e+02 2.190703612092517005e+02
3.013681867360533033e+02 2.190084469263676965e+02
3.024089367399983530e+02 2.189537195060038641e+02
3.034513644065552853e+02 2.189068786708173207e+02
3.044953027114225961e+02 2.188686117324355678e+02
3.055406181298902197e+02 2.188395416612204940e+02
3.065870966713184771e+02 2.188202173026184880e+02
3.076345945555549406e+02 2.188112098280114139e+02
3.086829010116919676e+02 2.188130778715528493e+02
3.097317894176561595e+02 2.188263561614473929e+02
3.107810771214938086e+02 2.188514627284838241e+02
3.118305688702033649e+02 2.188887586045194382e+02
3.128800586666893082e+02 2.189386041548626167e+02
3.139293089341063592e+02 2.190013500341600547e+02
3.149781130404560372e+02 2.190773290119732621e+02
3.160262703641121220e+02 2.191667442848662972e+02
3.170735835957533482e+02 2.192697624472380085e+02
3.181198508991855647e+02 2.193865502584410763e+02
3.191648735890669855e+02 2.195172780738091660e+02
3.202084502544569204e+02 2.196620880314279134e+02
3.212503720896830828e+02 2.198210269516941651e+02
3.222904681442253718e+02 2.199941378960997724e+02
3.233285870875270120e+02 2.201814775324799882e+02
3.243644979230066951e+02 2.203830742557902056e+02
3.253980367979388575e+02 2.205989651521113615e+02
3.264290333778018862e+02 2.208291572750009095e+02
3.274573078682183223e+02 2.210736529810740763e+02
3.284826595877731847e+02 2.213324465941126959e+02
3.295049469275743945e+02 2.216055611462721231e+02
3.305239729737695029e+02 2.218930163088533050e+02
3.315395192704855845e+02 2.221948412346719692e+02
3.325514065048583916e+02 2.225110865352106941e+02
3.335594295991123204e+02 2.228417973973131723e+02
3.345633832385582309e+02 2.231870261731636447e+02
3.355630546153408318e+02 2.235468897810748103e+02
3.365581294394121414e+02 2.239215182896883789e+02
3.375483766078446024e+02 2.243110875256878955e+02
3.385335322637485547e+02 2.247157692372175575e+02
3.395132702941077127e+02 2.251356907414187560e+02
3.404873870331377930e+02 2.255708358961247768e+02
3.414557269437437981e+02 2.260210844574549469e+02
3.424181068532126915e+02 2.264863070873691697e+02
3.433743378120830130e+02 2.269663765000896660e+02
3.443242512596818869e+02 2.274611950193341272e+02
3.452676076902716886e+02 2.279707068239480350e+02
3.462041812142437607e+02 2.284949055798415998e+02
3.471337694006262495e+02 2.290338160906788971e+02
3.480560502140476160e+02 2.295873991687494708e+02
3.489707951344245771e+02 2.301556827295004837e+02
3.498777289025577488e+02 2.307386875355961990e+02
3.507765508401831198e+02 2.313364327971842158e+02
3.516669462027183499e+02 2.319489413141271541e+02
3.525486201615454434e+02 2.325762687113630420e+02
3.534212090850933237e+02 2.332184208536604331e+02
3.542844344855807321e+02 2.338754275663177680e+02
3.551379111757909754e+02 2.345472480846042913e+02
3.559813101760379936e+02 2.352339027536134779e+02
3.568142799487024490e+02 2.359354268917875572e+02
3.576363897420066564e+02 2.366517622032846191e+02
3.584473503150015858e+02 2.373828888313337870e+02
3.592467483175844336e+02 2.381287003615387050e+02
3.600342164334686004e+02 2.388891594898293533e+02
3.608093518685680579e+02 2.396642395442747784e+02
3.615717145449777377e+02 2.404538286686275228e+02
3.623209701453184266e+02 2.412578387761908232e+02
3.630566731178267901e+02 2.420761070785577829e+02
3.637784424001824277e+02 2.429085934578502020e+02
3.644857433283502246e+02 2.437551393718043187e+02
3.651781854478248306e+02 2.446157111235654611e+02
3.658552928171615690e+02 2.454901565697341823e+02
3.665165566683253928e+02 2.463783391673083543e+02
3.671614785945956783e+02 2.472802241494731845e+02
3.677894541330041989e+02 2.481957243853242403e+02
3.683999002991831730e+02 2.491248105894784999e+02
3.689921708739768746e+02 2.500674224735587359e+02
3.695655864004434079e+02 2.510235708073765579e+02
3.701193784172093046e+02 2.519932546600525427e+02
3.706527078701977871e+02 2.529764735323038281e+02
3.711647013846218215e+02 2.539733354544558495e+02
3.716543609344363404e+02 2.549838689371105147e+02
3.721206408659311933e+02 2.560081603504192458e+02
3.725624040246091226e+02 2.570462488227220774e+02
3.729784408166380558e+02 2.580981725044551922e+02
3.733674282637977058e+02 2.591640087459952611e+02
3.737279383906520707e+02 2.602436441856697797e+02
3.740585439097873746e+02 2.613370037173344826e+02
3.743577853565299733e+02 2.624438823905489357e+02
3.746239904027885927e+02 2.635639354412980424e+02
3.748548037786373470e+02 2.646968979174718015e+02
3.750477835485445439e+02 2.658420619084947703e+02
3.752006555524152418e+02 2.669983793187019501e+02
3.753118130591466297e+02 2.681624563339227052e+02
3.753808109789806053e+02 2.693304851087976886e+02
3.754077809581275460e+02 2.705004608319101180e+02
3.753931735868675901e+02 2.716704859545644695e+02
3.753377150084655227e+02 2.728387457224078503e+02
3.752423500985840974e+02 2.740035562863556038e+02
3.751082193717838891e+02 2.751632914944421486e+02
3.749365705824521342e+02 2.763165342323933373e+02
3.747287297509523682e+02 2.774620160804366265e+02
3.744860865844799491e+02 2.785985716358151194e+02
3.742100200278825923e+02 2.797252291105471045e+02
3.739019293837548048e+02 2.808411172867993173e+02
3.735632417410875519e+02 2.819454341151763401e+02
3.731952437409130994e+02 2.830376318520865198e+02
3.727992284315027405e+02 2.841171013876894449e+02
3.723764018725260598e+02 2.851833565292546382e+02
3.719279336779305254e+02 2.862360336987611618e+02
3.714549881917414496e+02 2.872747960635642244e+02
3.709586188088792937e+02 2.882993924392386020e+02
3.704398320606721882e+02 2.893095592327667873e+02
3.698995453496988830e+02 2.903050983162255534e+02
3.693386768309129593e+02 2.912858956979179652e+02
3.687581586210152409e+02 2.922518315459075211e+02
3.681587992009888808e+02 2.932028646714039155e+02
3.675413981542778288e+02 2.941389008914721899e+02
3.669066134139312680e+02 2.950599609114167379e+02
3.662552714782125349e+02 2.959659823417922553e+02
3.655880483868696160e+02 2.968570587540672818e+02
3.649055697957880398e+02 2.977332696124607878e+02
3.642085289501255829e+02 2.985945936370488312e+02
3.634974392056648753e+02 2.994411636793000753e+02
3.627729117102943519e+02 3.002730675042949997e+02
3.620355287362210106e+02 3.010904085259375051e+02
3.612858062051395791e+02 3.018933150506252900e+02
3.605242231845112997e+02 3.026819115248275125e+02
3.597512349935406633e+02 3.034563229220013341e+02
3.589673204079541620e+02 3.042166606610189206e+02
3.581728852910117666e+02 3.049630724229856469e+02
3.573683766778657400e+02 3.056956546365012741e+02
3.565540852924926298e+02 3.064145915806794278e+02
3.557304512515571560e+02 3.071199264542451601e+02
3.548977453503796369e+02 3.078117880598361467e+02
3.540562805611816657e+02 3.084902517448393837e+02
3.532063539007143618e+02 3.091553899876687410e+02
3.523482030485790801e+02 3.098073014896845621e+02
3.514822122327126976e+02 3.104461097657060691e+02
3.506086921013592246e+02 3.110721069296961332e+02
3.497280626369745846e+02 3.116855111193870584e+02
3.488406302210678973e+02 3.122866008975347540e+02
3.479467261051792661e+02 3.128756211142473376e+02
3.470466350216194087e+02 3.134527687399869365e+02
3.461406067604108898e+02 3.140182049002473832e+02
3.452288248623667641e+02 3.145721131616983826e+02
3.443115993702220976e+02 3.151146032135221162e+02
3.433890507318767504e+02 3.156458734610766328e+02
3.424614424902167684e+02 3.161659992018600178e+02
3.415288975747040467e+02 3.166751053776125673e+02
3.405915787237336758e+02 3.171732848830371836e+02
3.396496620637669821e+02 3.176606193706796262e+02
3.387032905444080484e+02 3.181371980446920134e+02
3.377525999178590723e+02 3.186030883176820225e+02
3.367977355899250824e+02 3.190583427696462309e+02
3.358388241641808918e+02 3.195030186198184197e+02
3.348759562970065531e+02 3.199371808932935437e+02
3.339092922239439076e+02 3.203608612464179828e+02
3.329389328404071762e+02 3.207741185261124315e+02
3.319650130019005019e+02 3.211769937925842555e+02
3.309876013983607095e+02 3.215695486486212076e+02
3.300068759865115453e+02 3.219517989122617792e+02
3.290229133083550437e+02 3.223238105416122607e+02
3.280358367806894648e+02 3.226856494376914952e+02
3.270457683142702763e+02 3.230373827593048759e+02
3.260528270841656990e+02 3.233790760182641293e+02
3.250571298565478173e+02 3.237107934815471140e+02
3.240588006833253303e+02 3.240326207615146927e+02
3.230579755752011692e+02 3.243446778012348091e+02
3.220547881643912547e+02 3.246470866737180927e+02
3.210493685156697552e+02 3.249399685292970048e+02
3.200418204661225445e+02 3.252234501192216385e+02
3.190323092508153877e+02 3.254976810071469231e+02
3.180209958041029950e+02 3.257628603941429333e+02
3.170079683672345254e+02 3.260192042567758222e+02
3.159934442969843076e+02 3.262668922400499696e+02
3.149774926362252359e+02 3.265061479456334155e+02
3.139603217193929936e+02 3.267372086131483684e+02
3.129420233115054089e+02 3.269603789091446515e+02
3.119228177426634261e+02 3.271759316801154682e+02
3.109027895024914301e+02 3.273841726004343400e+02
3.098821031797454566e+02 3.275853898938404427e+02
3.088609148719856989e+02 3.277799297497672342e+02
3.078393541225564718e+02 3.279681685454935973e+02
3.068175473735554419e+02 3.281504786763628090e+02
3.057956606522365632e+02 3.283272267297867302e+02
3.047737876727851472e+02 3.284987644244550324e+02
3.037519913350825504e+02 3.286652860881992524e+02
3.027303161190190508e+02 3.288269340249035508e+02
3.017088033593431078e+02 3.289838493147520921e+02
3.006874851989862236e+02 3.291361718182909044e+02
2.996664104825171080e+02 3.292840332287627234e+02
2.986455978111418972e+02 3.294275492561863530e+02
2.976250704357776158e+02 3.295668279156816425e+02
2.966048492827841301e+02 3.297019758219205414e+02
2.955849529329494771e+02 3.298330981592260969e+02
2.945653961916456183e+02 3.299602924258128951e+02
2.935461884013080862e+02 3.300836399148004716e+02
2.925273365698079147e+02 3.302032182513360681e+02
2.915088458537990164e+02 3.303191034903766194e+02
2.904907195116044250e+02 3.304313699798323114e+02
2.894729553739919083e+02 3.305400819381640645e+02
2.884555499349826846e+02 3.306452885504411370e+02
2.874385005822918515e+02 3.307470369440003992e+02
2.864217975933254365e+02 3.308453727214930495e+02
2.854054320725734897e+02 3.309403389778871087e+02
2.843893923127033645e+02 3.310319685308317048e+02
2.833736639142910576e+02 3.311202830364666738e+02
2.823582313788040210e+02 3.312053018004917817e+02
2.813430781723053542e+02 3.312870422376043393e+02
2.803281866326577187e+02 3.313655193122710330e+02
2.793135359571037952e+02 3.314407377860633233e+02
2.782991033931818379e+02 3.315126937701031125e+02
2.772849302342092415e+02 3.315814048070595277e+02
2.762710808343323947e+02 3.316469297031028418e+02
2.752575379235694868e+02 3.317093392247871861e+02
2.742442741136542281e+02 3.317686962687433265e+02
2.732312612144440322e+02 3.318250579454402214e+02
2.722184706259853328e+02 3.318784789629920624e+02
2.712058733436862212e+02 3.319290116705071227e+02
2.701934398923564800e+02 3.319767051143751360e+02
2.691811400778990446e+02 3.320216006505769997e+02
2.681689433522399213e+02 3.320637354358541415e+02
2.671568181496660372e+02 3.321031438603872630e+02
2.661447348439255620e+02 3.321398586624644622e+02
2.651326624231035112e+02 3.321739092453166222e+02
2.641205686029976505e+02 3.322053178522551207e+02
2.631084216843900663e+02 3.322341033501735978e+02
2.620961898838953630e+02 3.322602822786190018e+02
2.610838406336025628e+02 3.322838684404638911e+02
2.600713416686499500e+02 3.323048711365640315e+02
2.590586627960076385e+02 3.323232936030951805e+02
2.580457709959902672e+02 3.323391354513306624e+02
2.570326342536986317e+02 3.323523939052914784e+02
2.560192205897318445e+02 3.323630626400641859e+02
2.550054999894861112e+02 3.323710521724281648e+02
2.539914484253745286e+02 3.323761385430012183e+02
2.529770419139225908e+02 3.323780800530644228e+02
2.519622747961627169e+02 3.323766370964652879e+02
2.509471413890547353e+02 3.323715686295284968e+02
2.499316367966858365e+02 3.323626301102575553e+02
2.489157505790209086e+02 3.323495676441996238e+02
2.478995189908019370e+02 3.323321412010140534e+02
2.468829383255577454e+02 3.323100970193440276e+02
2.458660266821862592e+02 3.322831794659530829e+02
2.448488269560694164e+02 3.322511439284549510e+02
2.438313434369634649e+02 3.322137307363357763e+02
2.428136419712205623e+02 3.321706963019672116e+02
2.417957399713576763e+02 3.321217794354632815e+02
2.407776972634888182e+02 3.320667265103029422e+02
2.397595698020738837e+02 3.320052896946750138e+02
2.387414006889522113e+02 3.319372148565064435e+02
2.377232621440381308e+02 3.318622521861150290e+02
2.367052281497206536e+02 3.317801514637578748e+02
2.356873669024433582e+02 3.316906580853996047e+02
2.346697581361018763e+02 3.315935260658218908e+02
2.336524870347089688e+02 3.314885109992155208e+02
2.326356448479358505e+02 3.313753666356341796e+02
2.316193290698179510e+02 3.312538448924373711e+02
2.306036432129783122e+02 3.311236982123879216e+02
2.295886945179674115e+02 3.309846853755591951e+02
2.285745818948002182e+02 3.308365570639113571e+02
2.275614585803404566e+02 3.306790820045212627e+02
2.265494260406543958e+02 3.305120067941862771e+02
2.255386229370343472e+02 3.303350849229767618e+02
2.245291957902543061e+02 3.301480748632036466e+02
2.235212964247616299e+02 3.299507344566524694e+02
2.225150562982821327e+02 3.297428044159886440e+02
2.215106710858630947e+02 3.295240460197690595e+02
2.205083010183635679e+02 3.292942022074267356e+02
2.195081290877119784e+02 3.290530139232214992e+02
2.185103505161871738e+02 3.288002206570479302e+02
2.175151710265229497e+02 3.285355602400708790e+02
2.165227880529411664e+02 3.282587565723013086e+02
2.155334641391176262e+02 3.279695490119030978e+02
2.145474197203069480e+02 3.276676421335749865e+02
2.135649184627752675e+02 3.273527482303318266e+02
2.125862251351696557e+02 3.270245709596997017e+02
2.116116458386067336e+02 3.266828252056726001e+02
2.106414778735541518e+02 3.263271895070079722e+02
2.096760594602728816e+02 3.259573319021047269e+02
2.087157488444804301e+02 3.255729206469854944e+02
2.077609154079140694e+02 3.251736176563709364e+02
2.068119475840456118e+02 3.247591207113168821e+02
2.058691461616014635e+02 3.243294363336917172e+02
2.049327376936597318e+02 3.238847206442621882e+02
2.040029578246896165e+02 3.234251229274465231e+02
2.030800607563952838e+02 3.229507913132068211e+02
2.021643077624465548e+02 3.224618712600889125e+02
2.012559615260381065e+02 3.219585191468596577e+02
2.003552699793746115e+02 3.214408707029413108e+02
1.994625302830822307e+02 3.209090797990896249e+02
1.985780148639524043e+02 3.203632658445762900e+02
1.977020297453809405e+02 3.198035597922254851e+02
1.968348799995505658e+02 3.192301129976875131e+02
1.959768731529831882e+02 3.186430667501641665e+02
1.951283312728427006e+02 3.180425462995496559e+02
1.942896027894293240e+02 3.174286707222605628e+02
1.934610513469688726e+02 3.168015600616413394e+02
1.926430390292260597e+02 3.161613378400239185e+02
1.918359600173706951e+02 3.155081331425565736e+02
1.910402132882915680e+02 3.148420392908556664e+02
1.902562399964158999e+02 3.141631474957492287e+02
1.894845065532624915e+02 3.134715500504407260e+02
1.887254878537905824e+02 3.127673155966722334e+02
1.879797071456664810e+02 3.120505212019730834e+02
1.872477109455054745e+02 3.113212166152818554e+02
1.865300869026393684e+02 3.105794334746507843e+02
1.858274697079778832e+02 3.098252091347984560e+02
1.851405264595960887e+02 3.090585502403131954e+02
1.844699762549304296e+02 3.082794705639647646e+02
1.838165804256582021e+02 3.074879515201254208e+02
1.831811557051866828e+02 3.066839959190368745e+02
1.825645666062847852e+02 3.058675760287666208e+02
1.819677325163880823e+02 3.050386809971752768e+02
1.813916185374343968e+02 3.041972881810692115e+02
1.808372352444646083e+02 3.033433947976815261e+02
1.803056346572350890e+02 3.024770037985583144e+02
1.797979070145928802e+02 3.015981398379987013e+02
1.793151684273415754e+02 3.007068491446697749e+02
1.788585390675540907e+02 2.998032162884607033e+02
1.784291415468553339e+02 2.988873532013620888e+02
1.780280727415949968e+02 2.979594213679355903e+02
1.776563785805339819e+02 2.970196318849297654e+02
1.773150567787172633e+02 2.960682322715406940e+02
1.770049896023338079e+02 2.951055430846318473e+02
1.767269578623956079e+02 2.941319207786348215e+02
