1.762725167868528331e+02 2.931916466466149132e+02
1.760047312031020112e+02 2.921968675614742210e+02
1.757682722501112096e+02 2.911884196835314924e+02
1.755636369142252420e+02 2.901671088570384995e+02
1.753911483828571249e+02 2.891338173623927901e+02
1.752509553455421099e+02 2.880895907792501589e+02
1.751430671412761058e+02 2.870355517523729532e+02
1.750673368877171754e+02 2.859729296739924393e+02
1.750234916331053796e+02 2.849029818591296817e+02
1.750111532418216882e+02 2.838269793531186451e+02
1.750298589773902620e+02 2.827461869080037218e+02
1.750791088932330695e+02 2.816618652027086682e+02
1.751584428928741488e+02 2.805752220241783448e+02
1.752673305561666837e+02 2.794875164405445958e+02
1.754052607204202729e+02 2.783998868088471568e+02
1.755716954403183365e+02 2.773134827278572061e+02
1.757660820413093461e+02 2.762293801235106230e+02
1.759878480172868933e+02 2.751486017259617824e+02
1.762364016158359163e+02 2.740721781339107110e+02
1.765112457491859459e+02 2.730009935443993072e+02
1.768118544043663007e+02 2.719359920430158581e+02
1.771376257306087325e+02 2.708780333776957718e+02
1.774879854000650141e+02 2.698278042922314626e+02
1.778623049885870557e+02 2.687860882968318492e+02
1.782600838237181620e+02 2.677535111650171871e+02
1.786807416422789743e+02 2.667308021498573680e+02
1.791237061811621629e+02 2.657184329474217748e+02
1.795883025883713913e+02 2.647168905587425911e+02
1.800738905100940030e+02 2.637266296106761274e+02
1.805799116040253978e+02 2.627480306682043079e+02
1.811057853071390866e+02 2.617814894776226424e+02
1.816508767739297809e+02 2.608272547560467842e+02
1.822145120399580662e+02 2.598855511404350978e+02
1.827960812341431165e+02 2.589565521932767069e+02
1.833949878610863209e+02 2.580404374630940083e+02
1.840106855713608809e+02 2.571373240049055084e+02
1.846425278400640764e+02 2.562473164509609660e+02
1.852899590334925222e+02 2.553704126422014156e+02
1.859523908778581358e+02 2.545066609173274230e+02
1.866292835696064003e+02 2.536560736508303648e+02
1.873201428054307200e+02 2.528186294157700900e+02
1.880244767634885932e+02 2.519942987180519651e+02
1.887417683728101849e+02 2.511830790771712145e+02
1.894715926810080759e+02 2.503848994469618958e+02
1.902135061806623924e+02 2.495997208996178927e+02
1.909670686440444456e+02 2.488275337955076623e+02
1.917319982650554948e+02 2.480682641442840008e+02
1.925078654305427790e+02 2.473219713198314764e+02
1.932943957939629627e+02 2.465885969979839274e+02
1.940912671377303411e+02 2.458681324820941825e+02
1.948981080264236425e+02 2.451604936291100216e+02
1.957144852029810238e+02 2.444654999620852038e+02
1.965399773224801834e+02 2.437829587842335854e+02
1.973741823375717388e+02 2.431126696127151945e+02
1.982167792944148346e+02 2.424543938084807735e+02
1.990673397550022798e+02 2.418080626756375864e+02
1.999256974683826513e+02 2.411735168540452605e+02
2.007915412713402077e+02 2.405507078441984845e+02
2.016646270888857941e+02 2.399395430317694888e+02
2.025447301853106978e+02 2.393399306390231800e+02
2.034316462512448140e+02 2.387518312924594284e+02
2.043251936646863385e+02 2.381752307690496480e+02
2.052251957061129986e+02 2.376101164609364957e+02
2.061314800091820700e+02 2.370564771015579879e+02
2.070439286081821990e+02 2.365142835061348308e+02
2.079623143754428440e+02 2.359836010708470724e+02
2.088865577947125018e+02 2.354644262802459878e+02
2.098165202728708891e+02 2.349567976366380435e+02
2.107520524224967460e+02 2.344607604460298944e+02
2.116930169545842659e+02 2.339763542689958058e+02
2.126393411549584300e+02 2.335035933364921732e+02
2.135908150463142192e+02 2.330425617604906279e+02
2.145473525976122176e+02 2.325932803820620904e+02
2.155088248346742432e+02 2.321557980657788391e+02
2.164750977396132896e+02 2.317301555567478033e+02
2.174460227324227333e+02 2.313163673929392701e+02
2.184214498276023164e+02 2.309144444358142039e+02
2.194012301835518315e+02 2.305243986327646724e+02
2.203852157990080514e+02 2.301462427508668895e+02
2.213732451631622951e+02 2.297799623124965649e+02
2.223651317383402386e+02 2.294254901774351083e+02
2.233606889641885971e+02 2.290827532223190417e+02
2.243597551987034819e+02 2.287516720082990389e+02
2.253621236206159892e+02 2.284321834254714361e+02
2.263675825414453016e+02 2.281241625076089292e+02
2.273759412355162794e+02 2.278274035175011250e+02
2.283869473577932183e+02 2.275417192496458370e+02
2.294003733903572879e+02 2.272669099680781812e+02
2.304160503996351679e+02 2.270027578622591591e+02
2.314336716001329251e+02 2.267490110789779862e+02
2.324530614474524555e+02 2.265053119089340896e+02
2.334738987041051814e+02 2.262713439729805884e+02
2.344960085857593128e+02 2.260467471928712371e+02
2.355191237142884972e+02 2.258311838661324487e+02
2.365430079650826087e+02 2.256242356594777050e+02
2.375674469640392203e+02 2.254254433773714084e+02
2.385921565172359635e+02 2.252343599282531841e+02
2.396169472591099918e+02 2.250505137076156643e+02
2.406416301968980065e+02 2.248734589456684887e+02
2.416660185078041536e+02 2.247028695674870278e+02
2.426900077163037963e+02 2.245384535945938183e+02
2.437134894602928057e+02 2.243799259195017157e+02
2.447363458080255327e+02 2.242270030581593687e+02
2.457584703967296775e+02 2.240794025537504695e+02
2.467797870979952961e+02 2.239368642142542285e+02
2.478002213392607587e+02 2.237991367554859039e+02
2.488197137981042033e+02 2.236659704710463359e+02
2.498381906029315758e+02 2.235371147055617769e+02
2.508556069033545270e+02 2.234123260106261455e+02
2.518719297537987813e+02 2.232913923193930827e+02
2.528871326359970908e+02 2.231741077832744793e+02
2.539011956838801893e+02 2.230602671975981650e+02
2.549141077751241085e+02 2.229496672822373000e+02
2.559258645417334321e+02 2.228421196326737572e+02
2.569364730288637588e+02 2.227374622693187405e+02
2.579459516597302127e+02 2.226355386390781632e+02
2.589543226189538245e+02 2.225361940769206797e+02
2.599616142174021434e+02 2.224392757312950266e+02
2.609678634755829307e+02 2.223446461001762486e+02
2.619731164790927096e+02 2.222521876459748853e+02
2.629774249411024698e+02 2.221617860274538145e+02
2.639808469329416880e+02 2.220733309336821719e+02
2.649834440868845036e+02 2.219867116307166270e+02
2.659852864384747022e+02 2.219018285727136970e+02
2.669864501161300154e+02 2.218185909301404308e+02
2.679870067360642452e+02 2.217368516936783749e+02
2.689870362153822612e+02 2.216564053819903677e+02
2.699866302721306965e+02 2.215770463602329698e+02
2.709858844697832296e+02 2.214985746905908570e+02
2.719848977375779668e+02 2.214207953995087337e+02
2.729837721717852332e+02 2.213435182010070150e+02
2.739826129795397378e+02 2.212665565931257277e+02
2.749815283447571801e+02 2.211897244472080217e+02
2.759806293173281233e+02 2.211128411622255783e+02
2.769800300191466249e+02 2.210357297181436422e+02
2.779798475176406782e+02 2.209582168406246865e+02
2.789802018036242544e+02 2.208801330248161889e+02
2.799812158247955267e+02 2.208013143249404209e+02
2.809830162291250986e+02 2.207216119440749935e+02
2.819857306916530888e+02 2.206408774305641032e+02
2.829894903956327994e+02 2.205589678563681844e+02
2.839944291563037382e+02 2.204757449831172664e+02
2.850006830872183627e+02 2.203910869072067271e+02
2.860083909550659200e+02 2.203049142206575652e+02
2.870176920850774991e+02 2.202171584475823067e+02
2.880287223497479090e+02 2.201277495174384740e+02
2.890416246349188896e+02 2.200366266297799314e+02
2.900565319096722305e+02 2.199439478147429270e+02
2.910735525268966626e+02 2.198503021561029982e+02
2.920927578683945285e+02 2.197563206098440389e+02
2.931142187891724120e+02 2.196626430225159083e+02
2.941379928773542360e+02 2.195699194912498911e+02
2.951640873727230314e+02 2.194788201987262255e+02
2.961925105374266991e+02 2.193900652971420868e+02
2.972232672082438398e+02 2.193043913167155949e+02
2.982562821379717093e+02 2.192225120374058633e+02
2.992915339912120203e+02 2.191451641332917859e+02
3.003289274459829699e+02 2.190730666802534756e+02
3.013683779323118870e+02 2.190069418109507353e+02
3.024097707538482496e+02 2.189475092811564707e+02
3.034529767823217412e+02 2.188954896561844521e+02
3.044978362790344022e+02 2.188515917742154500e+02
3.055442215363175933e+02 2.188164673554514650e+02
3.065919225010235891e+02 2.187906985563791125e+02
3.076407989729133874e+02 2.187748900115693687e+02
3.086906425961632863e+02 2.187696337525096340e+02
3.097412282381600335e+02 2.187754976450631261e+02
3.107923745410569722e+02 2.187929313997703105e+02
3.118438868071280581e+02 2.188223270237969302e+02
3.128955588392522600e+02 2.188640758053225568e+02
3.139471517508328589e+02 2.189185591840711140e+02
3.149984578621829883e+02 2.189861385157564371e+02
3.160492770254263064e+02 2.190670351075235089e+02
3.170994127507850635e+02 2.191614306477115406e+02
3.181486637406996465e+02 2.192695070001554143e+02
3.191968317503928461e+02 2.193914496766068680e+02
3.202437167204524258e+02 2.195274111445915537e+02
3.212891143970736039e+02 2.196774337503139236e+02
3.223328602645989349e+02 2.198415536672472683e+02
3.233748104858123043e+02 2.200198210733759936e+02
3.244147399658210702e+02 2.202122574748816817e+02
3.254524951567466928e+02 2.204188861625343634e+02
3.264879212176244891e+02 2.206396851609394503e+02
3.275208553645658185e+02 2.208746263456158090e+02
3.285511145122939070e+02 2.211236739011577015e+02
3.295785779904695119e+02 2.213868217286030244e+02
3.306030734046795487e+02 2.216640496117144323e+02
3.316244133366967048e+02 2.219553322579056385e+02
3.326424536777728349e+02 2.222606663088887160e+02
3.336570261466144984e+02 2.225800439035118927e+02
3.346679652054881444e+02 2.229134646901556494e+02
3.356751095149725188e+02 2.232609732551361503e+02
3.366782044706752117e+02 2.236226073868693902e+02
3.376770871132834486e+02 2.239984535855846275e+02
3.386715652500276406e+02 2.243885964434512061e+02
3.396613845684306057e+02 2.247930806157438042e+02
3.406464038995832766e+02 2.252118484492994241e+02
3.416265226703195594e+02 2.256447653900818011e+02
3.426016135593156946e+02 2.260916898584982846e+02
3.435715457086435549e+02 2.265524845656550497e+02
3.445362128573723908e+02 2.270270457921409388e+02
3.454954361527040874e+02 2.275153170556764053e+02
3.464490545384390430e+02 2.280172971588225437e+02
3.473969363530710552e+02 2.285330209660924652e+02
3.483388244761861756e+02 2.290624583402573933e+02
3.492745648374830694e+02 2.296056581879030034e+02
3.502039475792078065e+02 2.301626828383330690e+02
3.511267358968975145e+02 2.307336018722432982e+02
3.520426812425600360e+02 2.313184927835928022e+02
3.529515618745272150e+02 2.319174733508666577e+02
3.538530764670431950e+02 2.325306236387381773e+02
3.547469995127933657e+02 2.331580928503363737e+02
3.556329831848615868e+02 2.337999635863077685e+02
3.565107463846322275e+02 2.344563913287426260e+02
3.573799872383251568e+02 2.351275538253745765e+02
3.582402977790795831e+02 2.358135523425734164e+02
3.590914004303467664e+02 2.365145878982568775e+02
3.599328676655397317e+02 2.372307720004943121e+02
3.607643269752334731e+02 2.379623002488456223e+02
3.615853655527207025e+02 2.387093857919364268e+02
3.623954970366911539e+02 2.394721785666772291e+02
3.631943228091016067e+02 2.402509076967597537e+02
3.639812988585775315e+02 2.410457162267292972e+02
3.647559606108401340e+02 2.418568972107462400e+02
3.655176410688310398e+02 2.426845981754286470e+02
3.662658267449619416e+02 2.435291510135989483e+02
3.669998566239117395e+02 2.443907631125400428e+02
3.677190131672194866e+02 2.452696549602259495e+02
3.684225865765605477e+02 2.461661693423659472e+02
3.691097117347543417e+02 2.470805686761645177e+02
3.697795307773918125e+02 2.480131869109187619e+02
3.704310756263423059e+02 2.489643028353447676e+02
3.710633202458748769e+02 2.499342672539286525e+02
3.716750968457482145e+02 2.509233838962477989e+02
3.722651189005635501e+02 2.519319179092068737e+02
3.728320604757109322e+02 2.529602328034391689e+02
3.733744022483729168e+02 2.540085219135304158e+02
3.738905410448627435e+02 2.550770053839553952e+02
3.743787181972940630e+02 2.561657664181884684e+02
3.748370613766791166e+02 2.572748044705088546e+02
3.752635798632649085e+02 2.584040684840911695e+02
3.756561195558615509e+02 2.595531249037634893e+02
3.760125281700314304e+02 2.607215090511130597e+02
3.763306027345656162e+02 2.619084609351435802e+02
3.766080117152176285e+02 2.631128610189245478e+02
3.768420706276990586e+02 2.643335291546865164e+02
3.770301210842082469e+02 2.655686502275425482e+02
3.771697808153392089e+02 2.668160014244784861e+02
3.772594125329733288e+02 2.680699380959695759e+02
3.772988772596571039e+02 2.693244395590918430e+02
3.772889078969489560e+02 2.705764353869853380e+02
3.772306607077480862e+02 2.718231745174480238e+02
3.771256335927340615e+02 2.730621735616416004e+02
3.769755773370015390e+02 2.742912705755244929e+02
3.767824598709715360e+02 2.755085035188235452e+02
3.765483493421783692e+02 2.767123122639689541e+02
3.762753581052431286e+02 2.779014284877194427e+02
3.759656192207501704e+02 2.790747935379926048e+02
3.756211930647871782e+02 2.802316651900875399e+02
3.752440972412401266e+02 2.813714681377919646e+02
3.748363175242635066e+02 2.824937391987562592e+02
3.743996211323248531e+02 2.835983625426061394e+02
3.739357444555808456e+02 2.846851497085533538e+02
3.734462775562824390e+02 2.857540709135664656e+02
3.729326940552509200e+02 2.868052220698310180e+02
3.723964084986632770e+02 2.878387045742013584e+02
3.718386849853190483e+02 2.888547113840111251e+02
3.712607170273304860e+02 2.898534072370065928e+02
3.706635736978683440e+02 2.908350166193692417e+02
3.700482573142111278e+02 2.917998055957330621e+02
3.694157532200896981e+02 2.927479951959657569e+02
3.687669038959337513e+02 2.936798790893445812e+02
3.681025397688867997e+02 2.945956739693590976e+02
3.674233230039960745e+02 2.954957022356188645e+02
3.667300496827872394e+02 2.963801332245497520e+02
3.660233370817340415e+02 2.972492792305291118e+02
3.653037530329436890e+02 2.981034208079546488e+02
3.645719411967653514e+02 2.989427149409528965e+02
3.638283456437276868e+02 2.997674638630576851e+02
3.630734876911125184e+02 3.005778762619484610e+02
3.623078562673168221e+02 3.013741589002244154e+02
3.615318755490921490e+02 3.021565339166478452e+02
3.607459363640714400e+02 3.029252091824686772e+02
3.599504042425330681e+02 3.036803778202179274e+02
3.591456618259764468e+02 3.044221966064935714e+02
3.583320195324205883e+02 3.051508502848076887e+02
3.575098350853898523e+02 3.058664630361808463e+02
3.566793099541080210e+02 3.065692433009318165e+02
3.558408037341575891e+02 3.072592483251924591e+02
3.549945065874445618e+02 3.079366186829635694e+02
3.541406558405453211e+02 3.086014351671254872e+02
3.532794759537262053e+02 3.092537712447460194e+02
3.524111339590007219e+02 3.098937223132139707e+02
3.515359362734101296e+02 3.105213877041028354e+02
3.506541057594944846e+02 3.111370157944291464e+02
3.497659794054087001e+02 3.117407751637658180e+02
3.488717833198089693e+02 3.123328918678423634e+02
3.479717736176182257e+02 3.129135561908707928e+02
3.470661776540881078e+02 3.134829297464794422e+02
3.461552005306279511e+02 3.140411520540851598e+02
3.452389830427076731e+02 3.145883837114780022e+02
3.443177946474631312e+02 3.151247095401891443e+02
3.433917175219223736e+02 3.156503035125047063e+02
3.424609871153137419e+02 3.161652289853597040e+02
3.415257032409044200e+02 3.166696049382629212e+02
3.405860064459199066e+02 3.171635174850522390e+02
3.396420514186423247e+02 3.176470407552152437e+02
3.386939614743416200e+02 3.181202575532270203e+02
3.377418586901549133e+02 3.185832380300772115e+02
3.367858768160759269e+02 3.190360403096918844e+02
3.358261310847874483e+02 3.194787267801998496e+02
3.348627011360317169e+02 3.199113672399689108e+02
3.338957367958701639e+02 3.203339992462344412e+02
3.329253311502101838e+02 3.207466916529004379e+02
3.319516115960088314e+02 3.211494963744249276e+02
3.309746396048604424e+02 3.215424855760008995e+02
3.299945854294395531e+02 3.219256857018860387e+02
3.290115181036156287e+02 3.222991725595681487e+02
3.280255528880334168e+02 3.226630208713891648e+02
3.270368034546759759e+02 3.230173063364941868e+02
3.260453807113211724e+02 3.233621028671061026e+02
3.250513930905189000e+02 3.236974829323597760e+02
3.240549545955979625e+02 3.240235362774817531e+02
3.230561886866982491e+02 3.243403806879086346e+02
3.220552164216359756e+02 3.246481353305773609e+02
3.210521554849513564e+02 3.249469182347891660e+02
3.200470973342507932e+02 3.252368525140868201e+02
3.190401917266007104e+02 3.255180752237430397e+02
3.180315810404767376e+02 3.257907635087985909e+02
3.170213350323513168e+02 3.260551106274969015e+02
3.160096538939288848e+02 3.263112729014387128e+02
3.149965888751582952e+02 3.265594497736918242e+02
3.139823279026550722e+02 3.267998416154384813e+02
3.129669389151680434e+02 3.270327073728939808e+02
3.119506210833960154e+02 3.272582729326263689e+02
3.109334370751208212e+02 3.274767971764166532e+02
3.099155315405762963e+02 3.276885192515446192e+02
3.088970377272330552e+02 3.278937237300587526e+02
3.078780612372870564e+02 3.280927189161865840e+02
3.068587061154125308e+02 3.282858085676967903e+02
3.058391189900718246e+02 3.284732897130498941e+02
3.048193758048989253e+02 3.286554501404834809e+02
3.037995323719242151e+02 3.288324501319854676e+02
3.027796296752587750e+02 3.290044080686497523e+02
3.017597060347429760e+02 3.291714410183823816e+02
3.007397907596199502e+02 3.293336648172364676e+02
2.997199317684248285e+02 3.294911881642467506e+02
2.987001473352053154e+02 3.296441089660452803e+02
2.976804614083801539e+02 3.297925183870924570e+02
2.966608959507603913e+02 3.299365061600976787e+02
2.956414709270453045e+02 3.300761605647380748e+02
2.946222032333714651e+02 3.302115637320219435e+02
2.936031054331419909e+02 3.303427852491994372e+02
2.925841881080713165e+02 3.304698915719499723e+02
2.915654602232596631e+02 3.305929475989987054e+02
2.905469290931467299e+02 3.307120165655272217e+02
2.895285970176221326e+02 3.308271534738512401e+02
2.885104659897075408e+02 3.309384012024966637e+02
2.874925393772539337e+02 3.310458008277659587e+02
2.864748129727425976e+02 3.311493920628280989e+02
2.854572838017217578e+02 3.312492121712832613e+02
2.844399464931807415e+02 3.313452897909337480e+02
2.834227933790518819e+02 3.314376442144043722e+02
2.824058157893926477e+02 3.315262925387109476e+02
2.813890041062597902e+02 3.316112500360474655e+02
2.803723476872997935e+02 3.316925296739338478e+02
2.793558328313733909e+02 3.317701354509030125e+02
2.783394439996517349e+02 3.318440636606269436e+02
2.773232402409178121e+02 3.319143309158652642e+02
2.763073082470956479e+02 3.319809949564304929e+02
2.752916399779535936e+02 3.320441273665322797e+02
2.742762157384619854e+02 3.321037927421236304e+02
2.732610149257648686e+02 3.321600503053510351e+02
2.722460163916828151e+02 3.322129569774184006e+02
2.712311984534150042e+02 3.322625674155415254e+02
2.702165388358122868e+02 3.323089331009027774e+02
2.692020144379274029e+02 3.323520981094898161e+02
2.681876016901692878e+02 3.323921024721506114e+02
2.671732757370306217e+02 3.324289835438948444e+02
2.661590139654817335e+02 3.324627770860300302e+02
2.651447920546973478e+02 3.324935156344654388e+02
2.641305841387723490e+02 3.325212247094072495e+02
2.631163649815778740e+02 3.325459265356624314e+02
2.621021091744070759e+02 3.325676410828368148e+02
2.610877903181784632e+02 3.325863856564852767e+02
2.600733823262081614e+02 3.326021732449525530e+02
2.590588614811704247e+02 3.326150111268077580e+02
2.580442006539392423e+02 3.326249030711623504e+02
2.570293738240915218e+02 3.326318505241683283e+02
2.560143549396141793e+02 3.326358515289566071e+02
2.549991197174985302e+02 3.326368266098707522e+02
2.539836493927561776e+02 3.326345709952665857e+02
2.529679240371578430e+02 3.326288630416477758e+02
2.519519433968096109e+02 3.326194833007352258e+02
2.509357059206497240e+02 3.326062109163869422e+02
2.499192098368760355e+02 3.325888217014651218e+02
2.489024462780348870e+02 3.325670822472415580e+02
2.478854571618364560e+02 3.325407733086053099e+02
2.468682390733627301e+02 3.325096616378433509e+02
2.458508118495301176e+02 3.324735122148575783e+02
2.448332213782865381e+02 3.324321009808894019e+02
2.438154708207855492e+02 3.323851883554213487e+02
2.427976289991509589e+02 3.323325512264818826e+02
2.417797117967830047e+02 3.322739485014780030e+02
2.407617797932506960e+02 3.322091467746254239e+02
2.397438887176004982e+02 3.321379172771156618e+02
2.387260801974091464e+02 3.320600242336640804e+02
2.377084259162648152e+02 3.319752363172053720e+02
2.366909986505226300e+02 3.318833217385111993e+02
2.356738645981712352e+02 3.317840438808177055e+02
2.346571017678198814e+02 3.316771727282076085e+02
2.336407934247535252e+02 3.315624790925215848e+02
2.326250286072571214e+02 3.314397319136025430e+02
2.316099023008886775e+02 3.313086982678470349e+02
2.305955153257681047e+02 3.311691450625944526e+02
2.295819723863277204e+02 3.310208430233586228e+02
2.285693696233665264e+02 3.308635541442596946e+02
2.275578577699901359e+02 3.306970585301867231e+02
2.265475350096284046e+02 3.305211140176776894e+02
2.255385370085424768e+02 3.303354844494717781e+02
2.245310075509314345e+02 3.301399363389705286e+02
2.235250956175722763e+02 3.299342351961332724e+02
2.225209298812976897e+02 3.297181294325101817e+02
2.215187027818945751e+02 3.294913879277502247e+02
2.205185716255543298e+02 3.292537604914479061e+02
2.195207166448261944e+02 3.290049936160881998e+02
2.185253302198289589e+02 3.287448322082441905e+02
2.175326151288077767e+02 3.284730195128394712e+02
2.165427661890674926e+02 3.281892849645143428e+02
2.155560421724660216e+02 3.278933731308956112e+02
2.145726608319449724e+02 3.275849941067742748e+02
2.135928824467695222e+02 3.272638655372451240e+02
2.126169686471178011e+02 3.269296965497252359e+02
2.116452214783485033e+02 3.265822073566756103e+02
2.106779344531695983e+02 3.262210836944088328e+02
2.097154408821282061e+02 3.258460018731050241e+02
2.087580938000444917e+02 3.254566384048549139e+02
2.078062574991326983e+02 3.250526635621483820e+02
2.068603148441843587e+02 3.246337830549092587e+02
2.059205613460235043e+02 3.242000084939151634e+02
2.049872194696291103e+02 3.237514999616549858e+02
2.040605205874849446e+02 3.232884107019243629e+02
2.031407139434843430e+02 3.228108926062770365e+02
2.022280553928156053e+02 3.223190953027831256e+02
2.013228006861573363e+02 3.218131819078913622e+02
2.004251913601745798e+02 3.212932964122406929e+02
1.995355154114389222e+02 3.207595997743877660e+02
1.986540378841924621e+02 3.202122194376911466e+02
1.977810554998369241e+02 3.196512934769436924e+02
1.969168635210586160e+02 3.190769797907300926e+02
1.960617596794837709e+02 3.184894262232370465e+02
1.952160558565979045e+02 3.178887645057539544e+02
1.943800889438104491e+02 3.172751195708974024e+02
1.935542105722998940e+02 3.166486158965618074e+02
1.927387722287568863e+02 3.160093791736859430e+02
1.919341555224237936e+02 3.153575390168952026e+02
1.911407482158140851e+02 3.146931902305537392e+02
1.903589778391705067e+02 3.140164240232439283e+02
1.895892967158478655e+02 3.133273299741339883e+02
1.888321688449597389e+02 3.126259721057709839e+02
1.880881034237970937e+02 3.119124201430576591e+02
1.873576335805571489e+02 3.111867168897827014e+02
1.866413326971494655e+02 3.104488862168429932e+02
1.859398193568455326e+02 3.096989534856811019e+02
1.852537472823803739e+02 3.089369123594481721e+02
1.845838191389710232e+02 3.081627602628226441e+02
1.839307813978368813e+02 3.073764631349619663e+02
1.832954314328931389e+02 3.065780029617191644e+02
1.826786167776318166e+02 3.057673313478963451e+02
1.820812367593892986e+02 3.049444109727080559e+02
1.815042378244215797e+02 3.041091921549228800e+02
1.809486097309722084e+02 3.032616397757592495e+02
1.804153842669481378e+02 3.024017219089491846e+02
1.799056292750630064e+02 3.015294235012798936e+02
1.794204387221277273e+02 3.006447471035228318e+02
1.789609113853883571e+02 2.997477272712597482e+02
1.785281518960220239e+02 2.988384224771031086e+02
1.781232414220561395e+02 2.979169335313881106e+02
1.777472147890025269e+02 2.969834058224839168e+02
1.774010654583422593e+02 2.960380197290077149e+02
1.770856766268434228e+02 2.950810211633387325e+02
1.768018396811694117e+02 2.941126952238811327e+02
