1.765932511796602569e+02 2.931243524546213166e+02
1.763225167978303887e+02 2.921449578613255653e+02
1.760820274269288461e+02 2.911513498887560445e+02
1.758723336629166170e+02 2.901441498086705337e+02
1.756938377714981243e+02 2.891241378825624793e+02
1.755467760315280259e+02 2.880922733099783954e+02
1.754312504383037208e+02 2.870496233370574828e+02
1.753472080129701567e+02 2.859973738219234747e+02
1.752944680575893983e+02 2.849367614116719096e+02
1.752727405935760885e+02 2.838690528300614346e+02
1.752816454690151033e+02 2.827955218648715459e+02
1.753207670975781696e+02 2.817174495027429657e+02
1.753897355772370759e+02 2.806360817567762069e+02
1.754881064389322773e+02 2.795527159600492837e+02
1.756154442952557986e+02 2.784685447100790725e+02
1.757712808971612333e+02 2.773847716586301431e+02
1.759551286014471998e+02 2.763025333016371405e+02
1.761664770344284534e+02 2.752229164779977850e+02
1.764047920044402815e+02 2.741470147233223997e+02
1.766696258033753111e+02 2.730757824527138382e+02
1.769604989850137997e+02 2.720102287209498968e+02
1.772768478652344868e+02 2.709512766563452715e+02
1.776181272834807601e+02 2.698996777309863546e+02
1.779837375439495304e+02 2.688562736470610162e+02
1.783732014943965680e+02 2.678217516597521808e+02
1.787859616150425381e+02 2.667968962132117667e+02
1.792214542951714122e+02 2.657822309056392669e+02
1.796790081618599118e+02 2.647782863234755837e+02
1.801579852648560802e+02 2.637855586939928116e+02
1.806578281809182727e+02 2.628044692538325080e+02
1.811779559485912330e+02 2.618354505545431152e+02
1.817177237068648878e+02 2.608787803378436365e+02
1.822764445522786616e+02 2.599347069548207969e+02
1.828534955297533600e+02 2.590034260638233832e+02
1.834482675677437840e+02 2.580851371035212765e+02
1.840602006897314880e+02 2.571799748711563893e+02
1.846886316307552818e+02 2.562880558956813957e+02
1.853329868024748635e+02 2.554093881622855804e+02
1.859926610930236563e+02 2.545440279770120071e+02
1.866670981993563885e+02 2.536919945297116499e+02
1.873557878742550429e+02 2.528532722636568622e+02
1.880582234264769284e+02 2.520278367531019796e+02
1.887738737410350041e+02 2.512156893674348623e+02
1.895022998406459465e+02 2.504167624199596105e+02
1.902430449106727792e+02 2.496310192496358695e+02
1.909956577991619895e+02 2.488584535454463378e+02
1.917598487807013896e+02 2.480989981903301782e+02
1.925351817234886198e+02 2.473527185451778223e+02
1.933213751538834515e+02 2.466195625553935429e+02
1.941181001323195687e+02 2.458995270489562301e+02
1.949249765016238598e+02 2.451925305311689556e+02
1.957415598639953203e+02 2.444983915823485745e+02
1.965674178901655864e+02 2.438169159003982998e+02
1.974021378482873672e+02 2.431479009780260299e+02
1.982453882219051309e+02 2.424911062328168896e+02
1.990967341888849091e+02 2.418464637457517199e+02
1.999560045511636872e+02 2.412138189823319578e+02
2.008228842314558165e+02 2.405931275179657121e+02
2.016971248956615170e+02 2.399843009604594783e+02
2.025784976198093545e+02 2.393872518530189097e+02
2.034667953057789020e+02 2.388019468095053242e+02
2.043618342380082140e+02 2.382283786435839943e+02
2.052634355054531738e+02 2.376665417687632669e+02
2.061714244381915933e+02 2.371164319126334306e+02
2.070856801474261886e+02 2.365780270842265622e+02
2.080059733658629284e+02 2.360513985631939420e+02
2.089322208469566817e+02 2.355365493841844398e+02
2.098642807546832501e+02 2.350335241705819840e+02
2.108020005052726731e+02 2.345423742224782302e+02
2.117452388447502756e+02 2.340631442267488467e+02
2.126939158218727925e+02 2.335958501398940541e+02
2.136478155654350815e+02 2.331405755001897262e+02
2.146068444317502610e+02 2.326973415038714563e+02
2.155708664919453668e+02 2.322661968744619116e+02
2.165397393100834336e+02 2.318471793966791950e+02
2.175133018736832184e+02 2.314402929062868850e+02
2.184913913827854230e+02 2.310455359768535004e+02
2.194738465377359091e+02 2.306629079921546577e+02
2.204605072072305916e+02 2.302924088421112288e+02
2.214511974833561680e+02 2.299340057414956959e+02
2.224457120864496744e+02 2.295876031785145415e+02
2.234438459639880534e+02 2.292530981333100328e+02
2.244454190831964979e+02 2.289303811618768236e+02
2.254502084409014628e+02 2.286193578283961187e+02
2.264579835727181205e+02 2.283198652136126441e+02
2.274685304410174922e+02 2.280316516552722987e+02
2.284815768448295614e+02 2.277544817593318669e+02
2.294968760394881997e+02 2.274881073552981547e+02
2.305142385490980530e+02 2.272322625483224954e+02
2.315333422596320077e+02 2.269866407991085850e+02
2.325539889848326141e+02 2.267508290016635613e+02
2.335758444711325978e+02 2.265244512874660359e+02
2.345987148087650667e+02 2.263070907057452246e+02
2.356223210744862513e+02 2.260983500833009430e+02
2.366464157538479753e+02 2.258977556159723861e+02
2.376707735020989389e+02 2.257047949563882128e+02
2.386951067329081297e+02 2.255189652219857805e+02
2.397192179643291183e+02 2.253397409713564912e+02
2.407429147212649241e+02 2.251666270903189400e+02
2.417660248605132551e+02 2.249992825856232912e+02
2.427884587220760295e+02 2.248374175172985190e+02
2.438101237059552204e+02 2.246807487279239126e+02
2.448309194528931414e+02 2.245289943104392307e+02
2.458507578091422658e+02 2.243818761167312914e+02
2.468695821704768605e+02 2.242391498059896264e+02
2.478873388568395626e+02 2.241005829361172630e+02
2.489039878182652217e+02 2.239659453196418326e+02
2.499194771666895747e+02 2.238350052629668312e+02
2.509337812333901638e+02 2.237075411594326795e+02
2.519468874245650056e+02 2.235833680048012297e+02
2.529587893421481226e+02 2.234623082189189631e+02
2.539694864942700860e+02 2.233441852436786235e+02
2.549789859626698103e+02 2.232288249106635476e+02
2.559873015729978363e+02 2.231160682472926169e+02
2.569944581842722755e+02 2.230057832579617809e+02
2.580004900120931666e+02 2.228978440188043066e+02
2.590054347730884956e+02 2.227921266917481375e+02
2.600093354639788004e+02 2.226885095263212122e+02
2.610122426201255053e+02 2.225868846919493080e+02
2.620142146260378695e+02 2.224871623126226723e+02
2.630153147098138788e+02 2.223892558108616981e+02
2.640156112300936115e+02 2.222930829600045399e+02
2.650151765079815505e+02 2.221985610079316018e+02
2.660140892081857942e+02 2.221056159592795609e+02
2.670124334573455371e+02 2.220141801143367672e+02
2.680102989921222161e+02 2.219241283475072066e+02
2.690077812651219915e+02 2.218352778286642035e+02
2.700049749492407614e+02 2.217474470904249131e+02
2.710019770545926008e+02 2.216604579246142634e+02
2.719988871772424091e+02 2.215741355034875824e+02
2.729958073604327637e+02 2.214883096745766409e+02
2.739928423577546823e+02 2.214028140422427668e+02
2.749900997787995607e+02 2.213174823915174727e+02
2.759876887568497068e+02 2.212321530656147104e+02
2.769857212913900071e+02 2.211466674967133201e+02
2.779843118587231174e+02 2.210608708107336327e+02
2.789835773982063643e+02 2.209746118452446240e+02
2.799836373604223354e+02 2.208877451774313272e+02
2.809846142020867319e+02 2.208001415759774488e+02
2.819866316828097865e+02 2.207116723723821394e+02
2.829898159382305494e+02 2.206222143551882482e+02
2.839942953623817061e+02 2.205316489066876784e+02
2.850002002298021466e+02 2.204398744726359212e+02
2.860076628610601688e+02 2.203468343420368569e+02
2.870168156712580867e+02 2.202524830744011695e+02
2.880277872212135435e+02 2.201567735178305441e+02
2.890407121850288945e+02 2.200596676324248619e+02
2.900557150081579607e+02 2.199613435814904108e+02
2.910728953023952386e+02 2.198624055021217600e+02
2.920923155743905113e+02 2.197634986891587516e+02
2.931140372530933291e+02 2.196652771700020139e+02
2.941381082915083880e+02 2.195684050203722677e+02
2.951645261857759124e+02 2.194735637962019723e+02
2.961932894677936474e+02 2.193814815458304963e+02
2.972243932419322618e+02 2.192929023239044000e+02
2.982577520884884734e+02 2.192085472587023389e+02
2.992933347375129642e+02 2.191291599453119545e+02
3.003310362487194993e+02 2.190554598254191205e+02
3.013707633818881391e+02 2.189881633214542376e+02
3.024123929206588173e+02 2.189279841312057329e+02
3.034557874287589243e+02 2.188756366578527661e+02
3.045007790546311526e+02 2.188318228454229200e+02
3.055472335059995430e+02 2.187971802972723196e+02
3.065949348883380026e+02 2.187722723163036846e+02
3.076437381212356286e+02 2.187576846365290919e+02
3.086934301998508090e+02 2.187539903158339598e+02
3.097437819256555258e+02 2.187617377947434250e+02
3.107946090959698608e+02 2.187813542898468313e+02
3.118457149588940638e+02 2.188132079678725574e+02
3.128968918690280816e+02 2.188576662954494338e+02
3.139479000815308609e+02 2.189150869220631250e+02
3.149985315757706985e+02 2.189858081133211840e+02
3.160485857318618059e+02 2.190700311229677197e+02
3.170978658774168366e+02 2.191679184935358080e+02
3.181461710011691366e+02 2.192796329836187681e+02
3.191933035917798520e+02 2.194053410434730722e+02
3.202390641840320313e+02 2.195451784230331214e+02
3.212832477228618586e+02 2.196991777967649568e+02
3.223256886181044933e+02 2.198673669584983941e+02
3.233662419639756536e+02 2.200497876476923977e+02
3.244046820838818235e+02 2.202464530393807536e+02
3.254408534976807914e+02 2.204573819646019217e+02
3.264745969758200204e+02 2.206825560196865865e+02
3.275057448459647276e+02 2.209219515094704605e+02
3.285341090282437335e+02 2.211755369442480514e+02
3.295595630512734715e+02 2.214433103430982328e+02
3.305819268929972736e+02 2.217252609967876538e+02
3.316010025061021906e+02 2.220213805028676859e+02
3.326166338051046409e+02 2.223316824442634356e+02
3.336286399471875939e+02 2.226561755604802499e+02
3.346368418069806694e+02 2.229948760778154053e+02
3.356410596948400666e+02 2.233478539387394903e+02
3.366410168696687037e+02 2.237151809991650282e+02
3.376365253474219799e+02 2.240969768928747783e+02
3.386273665230689858e+02 2.244933585106191742e+02
3.396132593887575126e+02 2.249044012425456458e+02
3.405940387614887186e+02 2.253300650111486618e+02
3.415695821460034267e+02 2.257702240618881149e+02
3.425397397539068152e+02 2.262247447759378360e+02
3.435043572787208745e+02 2.266934969171749970e+02
3.444633032868137548e+02 2.271763824364100515e+02
3.454163736027937261e+02 2.276733494450374735e+02
3.463633799132564377e+02 2.281843995681573176e+02
3.473041609093671696e+02 2.287095685510252849e+02
3.482384315722543988e+02 2.292488272614106393e+02
3.491660061398353037e+02 2.298022213978246384e+02
3.500866452635584665e+02 2.303698036736809911e+02
3.510000825950727403e+02 2.309516309560716820e+02
3.519060387958613205e+02 2.315477661294221434e+02
3.528042584006187781e+02 2.321583092883469988e+02
3.536944096117526897e+02 2.327833183911795061e+02
3.545762386114171250e+02 2.334229047480874613e+02
3.554493742824367359e+02 2.340771113224298574e+02
3.563135077636536039e+02 2.347460490415081438e+02
3.571683081028914444e+02 2.354298477419908977e+02
3.580133475217478463e+02 2.361285538525855543e+02
3.588483318175401564e+02 2.368422901969958048e+02
3.596728257407237379e+02 2.375710903722888077e+02
3.604864448770588865e+02 2.383150654478995705e+02
3.612887654844650456e+02 2.390743402945454363e+02
3.620793040232031217e+02 2.398489660160935273e+02
3.628576718615884715e+02 2.406390490696875020e+02
3.636233473374480809e+02 2.414446127277832090e+02
3.643758815752491955e+02 2.422658181811954421e+02
3.651146414099083017e+02 2.431026897363241517e+02
3.658391456213264519e+02 2.439554079880613244e+02
3.665487918812941075e+02 2.448240265303417971e+02
3.672429302829762037e+02 2.457086110268347738e+02
3.679209191611399206e+02 2.466093391610579317e+02
3.685819809650017191e+02 2.475263165211371756e+02
3.692253561617236528e+02 2.484597076529317690e+02
3.698501976779867277e+02 2.494096261767147098e+02
3.704556109677403697e+02 2.503762549129205297e+02
3.710405816716627214e+02 2.513597412868214462e+02
3.716039979143733376e+02 2.523602067454074813e+02
3.721447176347851951e+02 2.533778686072805328e+02
3.726614383252450580e+02 2.544128071098849375e+02
3.731527911093170360e+02 2.554651399944092418e+02
3.736172810830552180e+02 2.565348831664518912e+02
3.740533210916990470e+02 2.576220010481439999e+02
3.744592156165287520e+02 2.587264418515491116e+02
3.748331364868446940e+02 2.598478511919838070e+02
3.751732623372532203e+02 2.609858733318940835e+02
3.754777348881133321e+02 2.621399287581159570e+02
3.757445395447074361e+02 2.633091745404116750e+02
3.759711803381361506e+02 2.644927701379443192e+02
3.761551471281881618e+02 2.656893300289390822e+02
3.762941653758212510e+02 2.668970998203071758e+02
3.763866778570344422e+02 2.681113962476601955e+02
3.764324795406573116e+02 2.693271703565246753e+02
3.764321038144437921e+02 2.705418309657676446e+02
3.763864581637364495e+02 2.717530243260463862e+02
3.762967582554209685e+02 2.729585928800381680e+02
3.761644523356003447e+02 2.741566244956380842e+02
3.759911899563541056e+02 2.753453513974946532e+02
3.757787174957402385e+02 2.765233264150222112e+02
3.755288347446729063e+02 2.776893338199532764e+02
3.752433755458478117e+02 2.788423226561303636e+02
3.749241236003705922e+02 2.799815037162679801e+02
3.745728408281630664e+02 2.811062245559819530e+02
3.741912771209359221e+02 2.822159246829725703e+02
3.737809964790179720e+02 2.833103449897238306e+02
3.733435450667088276e+02 2.843891592769725776e+02
3.728803469677653197e+02 2.854521809535528405e+02
3.723927386118367053e+02 2.864993418159670568e+02
3.718820160107078436e+02 2.875305847050705097e+02
3.713493423081724814e+02 2.885459377185982248e+02
3.707958198552695421e+02 2.895454062265467314e+02
3.702224417962058851e+02 2.905290543218293919e+02
3.696301579047783434e+02 2.914969993181711061e+02
3.690199112489747222e+02 2.924493272970640874e+02
3.683925124378145028e+02 2.933861959045881918e+02
3.677487612365362111e+02 2.943076958460029573e+02
3.670893025908922596e+02 2.952140227392152383e+02
3.664149236085943357e+02 2.961052475188678841e+02
3.657262470462149508e+02 2.969815837983754250e+02
3.650238468249025345e+02 2.978432199560235745e+02
3.643083680008960528e+02 2.986902318574339006e+02
3.635802681614079006e+02 2.995228396467959442e+02
3.628400885836547332e+02 3.003411903771083189e+02
3.620883404299150925e+02 3.011454354187093827e+02
3.613254709822290351e+02 3.019357442190816982e+02
3.605518935956010864e+02 3.027122757378051574e+02
3.597679982518862971e+02 3.034751807033175623e+02
3.589741958547270997e+02 3.042245845155486563e+02
3.581708264894180047e+02 3.049606430441305633e+02
3.573582743438140596e+02 3.056834562557715458e+02
3.565367702993875128e+02 3.063932076660789221e+02
3.557066984962210654e+02 3.070899381999205389e+02
3.548682789120499592e+02 3.077737737271382912e+02
3.540217759247980780e+02 3.084447841198810352e+02
3.531674400231571553e+02 3.091030337417191163e+02
3.523054645877500661e+02 3.097486102526361833e+02
3.514361867699630011e+02 3.103816190478714816e+02
3.505598692949059227e+02 3.110023254350954858e+02
3.496768849869744145e+02 3.116109192161837882e+02
3.487874961346194027e+02 3.122076479677297129e+02
3.478919921691064019e+02 3.127927252153476729e+02
3.469906277874354146e+02 3.133663303056275709e+02
3.460836310498643229e+02 3.139286166461170069e+02
3.451711654867449397e+02 3.144797590480845884e+02
3.442535201297162075e+02 3.150198588212555251e+02
3.433307982965068845e+02 3.155491049565899857e+02
3.424032504564919464e+02 3.160675737852068323e+02
3.414709913551147338e+02 3.165753945556395479e+02
3.405341750997192776e+02 3.170726646231965447e+02
3.395929690939558441e+02 3.175594699905699372e+02
3.386475087688050394e+02 3.180359049161406801e+02
3.376979257472065115e+02 3.185020479113244960e+02
3.367443620818896193e+02 3.189579647254463453e+02
3.357869411166554983e+02 3.194037255617398614e+02
3.348257505581437385e+02 3.198394081434664145e+02
3.338609467367271577e+02 3.202650578177526768e+02
3.328926281701108678e+02 3.206807483417493927e+02
3.319209267708264974e+02 3.210865363032199866e+02
3.309459088963120621e+02 3.214824984105010799e+02
3.299677484291905785e+02 3.218686662983513429e+02
3.289865183145653305e+02 3.222451196164388989e+02
3.280023360971989064e+02 3.226119348956505632e+02
3.270153174764960227e+02 3.229691893997026568e+02
3.260255752871021855e+02 3.233169586786486889e+02
3.250332197811756600e+02 3.236553168885139371e+02
3.240383661766634873e+02 3.239843543249043591e+02
3.230411383079863299e+02 3.243041875047186409e+02
3.220416575263691925e+02 3.246149341910718817e+02
3.210400417994799227e+02 3.249167110319302196e+02
3.200363829462506260e+02 3.252096396948110169e+02
3.190308303828644512e+02 3.254938547532984785e+02
3.180235258111518419e+02 3.257695295958755537e+02
3.170145385787658938e+02 3.260368535693679632e+02
3.160040680427621282e+02 3.262959792596506645e+02
3.149921651361734689e+02 3.265471021393975093e+02
3.139790169184893784e+02 3.267904180422380023e+02
3.129646906344606236e+02 3.270261807523935431e+02
3.119493846119293039e+02 3.272546110486016460e+02
3.109331609403268999e+02 3.274759626284897536e+02
3.099161636931719954e+02 3.276904694964727014e+02
3.088985257373585682e+02 3.278984112497395245e+02
3.078803523919530676e+02 3.281000913118029416e+02
3.068617474762812094e+02 3.282958085583986190e+02
3.058428575865240759e+02 3.284858550935553012e+02
3.048237585132216054e+02 3.286705134422650190e+02
3.038045054899990873e+02 3.288499366359166629e+02
3.027851388877556360e+02 3.290242351161033980e+02
3.017656965800347848e+02 3.291935179836528391e+02
3.007462075617801815e+02 3.293578930921446499e+02
2.997267198281600145e+02 3.295174614507094475e+02
2.987072520751430602e+02 3.296723145360473382e+02
2.976878289269490097e+02 3.298225373353218970e+02
2.966684731578796459e+02 3.299682133964471973e+02
2.956492056831148716e+02 3.301094248099822721e+02
2.946300446040835936e+02 3.302462480141363130e+02
2.936110040806436814e+02 3.303787480811001842e+02
2.925920964335323902e+02 3.305069871277718221e+02
2.915733324721768440e+02 3.306310257231236278e+02
2.905547214654563959e+02 3.307509227915329575e+02
2.895362678631190647e+02 3.308667296123898041e+02
2.885179761165792911e+02 3.309784862598752397e+02
2.874998521863920473e+02 3.310862311012551231e+02
2.864818944553638289e+02 3.311900011786328264e+02
2.854641026608037464e+02 3.312898311210188922e+02
2.844464743181318340e+02 3.313857475002681667e+02
2.834290048142227647e+02 3.314777681683719379e+02
2.824116886021952837e+02 3.315659088435807575e+02
2.813945192526933852e+02 3.316501834518624605e+02
2.803774893843183804e+02 3.317306036786250161e+02
2.793605886659374278e+02 3.318071727220208800e+02
2.783438050267112658e+02 3.318798864502611536e+02
2.773272021282776905e+02 3.319487609735862179e+02
2.763108715709754506e+02 3.320138535738087739e+02
2.752948087176981744e+02 3.320752356534056275e+02
2.742789971277568384e+02 3.321329720261894636e+02
2.732634194396497946e+02 3.321871223493073444e+02
2.722480577159964810e+02 3.322377440213052182e+02
2.712328934565591680e+02 3.322848922166045895e+02
2.702179075466004292e+02 3.323286190242069438e+02
2.692030800392994365e+02 3.323689694552559217e+02
2.681883904955945468e+02 3.324059846143163099e+02
2.671738171562212756e+02 3.324397029679398088e+02
2.661593404933784655e+02 3.324701614249935346e+02
2.651449392377927552e+02 3.324973937949270635e+02
2.641305905595745571e+02 3.325214272323160003e+02
2.631162722360972452e+02 3.325422857061017794e+02
2.621019618441005150e+02 3.325599909655183524e+02
2.610876359494634471e+02 3.325745621315899712e+02
2.600732714122729590e+02 3.325860142639230617e+02
2.590588474140938047e+02 3.325943572807714759e+02
2.580443397112663320e+02 3.325995977045010363e+02
2.570297251272631343e+02 3.326017397693385078e+02
2.560149804213811535e+02 3.326007843802490811e+02
2.550000840264616215e+02 3.325966576840491484e+02
2.539850196643603795e+02 3.325891650240042168e+02
2.529697698316014112e+02 3.325780953181073869e+02
2.519543361669518617e+02 3.325632396955006129e+02
2.509387189120976132e+02 3.325443878953635704e+02
2.499229180397944958e+02 3.325213261650275740e+02
2.489069266750310874e+02 3.324938313658068978e+02
2.478907870867708425e+02 3.324616944437511279e+02
2.468744976151091635e+02 3.324246924516959325e+02
2.458580791469231883e+02 3.323826006208102513e+02
2.448415776447489804e+02 3.323352045141619442e+02
2.438249980832449637e+02 3.322822738944789762e+02
2.428084085075536791e+02 3.322235947809671188e+02
2.417918262785245247e+02 3.321589354434860866e+02
2.407753116530191164e+02 3.320880715650499724e+02
2.397589203825508832e+02 3.320107823595140530e+02
2.387426950104446064e+02 3.319268395486464556e+02
2.377267068659604661e+02 3.318360191760002067e+02
2.367110284264077222e+02 3.317380968467173261e+02
2.356957261476952681e+02 3.316328431560949070e+02
2.346808780878477592e+02 3.315200336682628404e+02
2.336665675943513918e+02 3.313994442222836483e+02
2.326528837452252390e+02 3.312708488077628886e+02
2.316399215232110578e+02 3.311340195752950422e+02
2.306277817828035950e+02 3.309887280856277130e+02
2.296165696227308217e+02 3.308347480826841434e+02
2.286063826317139274e+02 3.306718444121398193e+02
2.275973699859923443e+02 3.304997994979248119e+02
2.265896320528992476e+02 3.303183742550157262e+02
2.255833049755274260e+02 3.301273347595882228e+02
2.245785332442035269e+02 3.299264484256528362e+02
2.235754668014695028e+02 3.297154815483975767e+02
2.225742374247085991e+02 3.294941838869271464e+02
2.215750369032718936e+02 3.292623248615518605e+02
2.205780251525805227e+02 3.290196552813790163e+02
2.195833844649731077e+02 3.287659219722801822e+02
2.185913092925962360e+02 3.285008702059588472e+02
2.176020046364347991e+02 3.282242437261372743e+02
2.166156692805576256e+02 3.279357730779983058e+02
2.156325620351586565e+02 3.276352032599754693e+02
2.146529052112293243e+02 3.273222465818313367e+02
2.136769615887208147e+02 3.269966224802263355e+02
2.127049966147197892e+02 3.266580424361166024e+02
2.117373141011995301e+02 3.263062286503567861e+02
2.107742116303726618e+02 3.259408717757472687e+02
2.098160248194735686e+02 3.255616542763448820e+02
2.088631090551341458e+02 3.251682590888992763e+02
2.079158320778823565e+02 3.247603635476083355e+02
2.069745792925572800e+02 3.243376811436434650e+02
2.060396453011562699e+02 3.239002375364027557e+02
2.051112520404950033e+02 3.234482113213292678e+02
2.041896299399397776e+02 3.229817745007991334e+02
2.032750258412942230e+02 3.225010974952419360e+02
2.023676926250864199e+02 3.220063489403289623e+02
2.014678817625801628e+02 3.214977129068411728e+02
2.005758327100486440e+02 3.209753566046526316e+02
1.996918258375524147e+02 3.204394621397394189e+02
1.988161229008137809e+02 3.198901806750470200e+02
1.979490137942180468e+02 3.193276725158723934e+02
1.970907867042596990e+02 3.187521167656011585e+02
1.962417330167424154e+02 3.181636831458705501e+02
1.954021581231197047e+02 3.175625259629182437e+02
1.945723902954244124e+02 3.169487923648075594e+02
1.937527719657223599e+02 3.163226277142201184e+02
1.929436482824258405e+02 3.156841765059313616e+02
1.921453909095219501e+02 3.150335852023941925e+02
1.913583813774663724e+02 3.143709689647630512e+02
1.905830366632394544e+02 3.136964378542587610e+02
1.898197975533826991e+02 3.130100974443060409e+02
1.890691228157459136e+02 3.123120276903059676e+02
1.883315100279091325e+02 3.116023106969163905e+02
1.876074828181249927e+02 3.108810050238574831e+02
1.868976037727873063e+02 3.101481513771367986e+02
1.862024760934441758e+02 3.094037865927844564e+02
1.855227435831435514e+02 3.086479183459732099e+02
1.848590918520801836e+02 3.078805541195585533e+02
1.842122539470322522e+02 3.071016763325471857e+02
1.835830024319382687e+02 3.063112752738771860e+02
1.829721647868236118e+02 3.055093165974230374e+02
1.823806108651126578e+02 3.046957682477741969e+02
1.818092589590833938e+02 3.038705904857665132e+02
1.812590618465471550e+02 3.030337507833111204e+02
1.807310116721102418e+02 3.021852197497601082e+02
1.802261256875798097e+02 3.013249779270452109e+02
1.797454411543995150e+02 3.004530186157970775e+02
1.792899931003617269e+02 2.995693546278636745e+02
1.788608216151545207e+02 2.986740177413034303e+02
1.784589368835205505e+02 2.977670630716178266e+02
1.780853015534891597e+02 2.968485746527454694e+02
1.777408420989516173e+02 2.959186653074436322e+02
1.774263721399076701e+02 2.949774790063803493e+02
1.771426273539810552e+02 2.940251995918264356e+02
