1.747274428400921522e+02 2.935158229904969858e+02
1.744638195467130970e+02 2.924485726839392896e+02
1.742381202227101085e+02 2.913692052954417591e+02
1.740505896910183310e+02 2.902796404095342950e+02
1.739011536789147101e+02 2.891814647997503585e+02
1.737895018952339115e+02 2.880763381773395508e+02
1.737151424703175451e+02 2.869658282009464187e+02
1.736774066441616640e+02 2.858515321541284493e+02
1.736754961052508577e+02 2.847349425699309222e+02
1.737085188002173197e+02 2.836174647883809143e+02
1.737755194791479880e+02 2.825004120666131371e+02
1.738754975950924688e+02 2.813850200953727381e+02
1.740074696561363226e+02 2.802723679861954338e+02
1.741704027545488032e+02 2.791635717926919824e+02
1.743633339534688389e+02 2.780595343093132783e+02
1.745853049337281391e+02 2.769611588378719489e+02
1.748353732296269527e+02 2.758692344142459092e+02
1.751125997613816594e+02 2.747844735560352660e+02
1.754160513734117899e+02 2.737075954829949183e+02
1.757449321074688271e+02 2.726391313074914251e+02
1.760984337125850345e+02 2.715796925943813562e+02
1.764757211657884284e+02 2.705298124528348467e+02
1.768760374348028677e+02 2.694898438797332005e+02
1.772985760229040579e+02 2.684602653346724992e+02
1.777426850651609413e+02 2.674413800271721016e+02
1.782076399105039570e+02 2.664336226789667421e+02
1.786927992564361887e+02 2.654371898538037158e+02
1.791974495296003056e+02 2.644523343521216816e+02
1.797209181287847173e+02 2.634792855411738515e+02
1.802626222929290520e+02 2.625182033237892369e+02
1.808219660969601250e+02 2.615692814395089840e+02
1.813983544509520129e+02 2.606326106783485557e+02
1.819911712404426112e+02 2.597082856223028671e+02
1.825998650657041651e+02 2.587963584439532383e+02
1.832238959939625715e+02 2.578968979164214943e+02
1.838627813688219987e+02 2.570099236761168413e+02
1.845159641436152356e+02 2.561354789070671814e+02
1.851829848550495399e+02 2.552735130273945003e+02
1.858633466710105608e+02 2.544240360746698002e+02
1.865565987963518069e+02 2.535870289198927878e+02
1.872623357740469885e+02 2.527624477260984577e+02
1.879801582179806303e+02 2.519502541577609520e+02
1.887096390660831844e+02 2.511504444719238904e+02
1.894504407641637158e+02 2.503629513748116153e+02
1.902022037154738427e+02 2.495877451473965607e+02
1.909645653764333701e+02 2.488248264609171372e+02
1.917373130456593628e+02 2.480741291959003263e+02
1.925200831332830376e+02 2.473357235687224147e+02
1.933126649750618355e+02 2.466095654485999376e+02
1.941147979596628943e+02 2.458956635114775793e+02
1.949261745071292466e+02 2.451939589853241444e+02
1.957464283708113157e+02 2.445043060821591610e+02
1.965752031302941134e+02 2.438265499687035174e+02
1.974121592652369372e+02 2.431605306239328854e+02
1.982570347653021372e+02 2.425060516670134234e+02
1.991094454874179576e+02 2.418630698647250483e+02
1.999692544576741682e+02 2.412314386072833372e+02
2.008361797447629158e+02 2.406111217129930822e+02
2.017100050637997697e+02 2.400020403005640048e+02
2.025905317390582070e+02 2.394041163006940280e+02
2.034775731898253639e+02 2.388173139150736120e+02
2.043709605614719180e+02 2.382416165558335308e+02
2.052705295963835113e+02 2.376770095607339783e+02
2.061761201584459684e+02 2.371234799798531867e+02
2.070876251886458874e+02 2.365809966486815199e+02
2.080048255471102721e+02 2.360496161300146412e+02
2.089276466756840307e+02 2.355293246496580650e+02
2.098559557137009506e+02 2.350201501107887054e+02
2.107896092462722493e+02 2.345221272503069372e+02
2.117284759590250474e+02 2.340352852170637163e+02
2.126724886621038308e+02 2.335596281823808624e+02
2.136214443107450620e+02 2.330952295045287883e+02
2.145752628305410212e+02 2.326421000258100094e+02
2.155338218031793929e+02 2.322002784305053353e+02
2.164969953729375618e+02 2.317697979280326877e+02
2.174646471624066066e+02 2.313506728552760023e+02
2.184366399733457058e+02 2.309429153442591200e+02
2.194128376372904654e+02 2.305465388379505782e+02
2.203931047556232272e+02 2.301615578841557976e+02
2.213772960584389864e+02 2.297879673827418401e+02
2.223652478579585363e+02 2.294257237889824239e+02
2.233567964971971662e+02 2.290747796068111768e+02
2.243518025665864002e+02 2.287350814910376471e+02
2.253500808238704849e+02 2.284065932808462662e+02
2.263514462761251025e+02 2.280892302646522580e+02
2.273557416116266268e+02 2.277828439434038046e+02
2.283627463999174836e+02 2.274873064371525686e+02
2.293722634514118397e+02 2.272024781094126809e+02
2.303841536231927023e+02 2.269282024326690816e+02
2.313981425185398848e+02 2.266643044485825556e+02
2.324140925161355256e+02 2.264105157911246806e+02
2.334317151207364134e+02 2.261666120766677750e+02
2.344508687140376821e+02 2.259323249852311903e+02
2.354713144978659045e+02 2.257074112475989978e+02
2.364928466738863051e+02 2.254915559614632343e+02
2.375152812518424810e+02 2.252844091924820304e+02
2.385383583795348272e+02 2.250856352783557952e+02
2.395619130215249015e+02 2.248948738113746231e+02
2.405857733696810783e+02 2.247117813102784964e+02
2.416097415063044878e+02 2.245360678052560388e+02
2.426336944383528191e+02 2.243674483484358291e+02
2.436575045688898626e+02 2.242056447198544618e+02
2.446810334581431050e+02 2.240503804289806169e+02
2.457041527969712718e+02 2.239013756971944815e+02
2.467267601549864935e+02 2.237583546323544965e+02
2.477487531072544300e+02 2.236210451110802353e+02
2.487700456787752614e+02 2.234891759316704167e+02
2.497905359868793482e+02 2.233624750174949156e+02
2.508101524201916561e+02 2.232406730907389374e+02
2.518288330784808693e+02 2.231235218241370717e+02
2.528465228455061435e+02 2.230107768134381558e+02
2.538631742779998604e+02 2.229021937583586919e+02
2.548787499334365521e+02 2.227975296901564946e+02
2.558932193723609032e+02 2.226965543483566421e+02
2.569065637938721807e+02 2.225990600274697044e+02
2.579187775959275086e+02 2.225048433977360105e+02
2.589298599144632931e+02 2.224137025867455577e+02
2.599398173232569320e+02 2.223254370737307397e+02
2.609486666022421559e+02 2.222398621163380312e+02
2.619564351345619571e+02 2.221568136775186133e+02
2.629631572657807510e+02 2.220761305820512064e+02
2.639688752050664675e+02 2.219976552642544050e+02
2.649736356807480320e+02 2.219212295571890934e+02
2.659774959203705293e+02 2.218467085498698737e+02
2.669805207879548448e+02 2.217739580074153025e+02
2.679827700578856593e+02 2.217027875433157931e+02
2.689843156659654824e+02 2.216329476734487969e+02
2.699852460298831147e+02 2.215641883585180381e+02
2.709856550797288719e+02 2.214962671430905061e+02
2.719856414870325807e+02 2.214289477359455702e+02
2.729853082727795481e+02 2.213619985367152765e+02
2.739847627313679368e+02 2.212951917353790634e+02
2.749841164141825516e+02 2.212282998393632170e+02
2.759834847185107947e+02 2.211611004254441468e+02
2.769829872815781187e+02 2.210933744961074865e+02
2.779827478157380938e+02 2.210249068870848816e+02
2.789828940699385385e+02 2.209554863113166334e+02
2.799835578275910848e+02 2.208849064455424127e+02
2.809848753045207559e+02 2.208129730058730615e+02
2.819869857276623293e+02 2.207394912744364603e+02
2.829900324187956926e+02 2.206642722545367121e+02
2.839941625760243369e+02 2.205871318334363878e+02
2.849995269571151084e+02 2.205079014598345850e+02
2.860062800068590150e+02 2.204264523796846902e+02
2.870145781957238569e+02 2.203426664860655819e+02
2.880245765555126241e+02 2.202564243777252670e+02
2.890364372901304364e+02 2.201676164258237804e+02
2.900503128350928250e+02 2.200763818583506861e+02
2.910663278816807065e+02 2.199833501187449372e+02
2.920845702116347411e+02 2.198891997560589289e+02
2.931051235244048030e+02 2.197946182692076320e+02
2.941280566175020681e+02 2.197003036394130220e+02
2.951533884022746861e+02 2.196069797758051436e+02
2.961811345284156687e+02 2.195154280207071906e+02
2.972113046004171792e+02 2.194264465595924776e+02
2.982438298223824518e+02 2.193408111431029965e+02
2.992786894806528153e+02 2.192593201148362994e+02
3.003157896304454653e+02 2.191827571728768191e+02
3.013550435477279166e+02 2.191119113744851745e+02
3.023963329915597456e+02 2.190475694003795866e+02
3.034395232687430735e+02 2.189905185360532585e+02
3.044844476577372347e+02 2.189415336309249369e+02
3.055309696030700479e+02 2.189013257154361725e+02
3.065788710103087737e+02 2.188705322152522683e+02
3.076280001800680566e+02 2.188498124063673629e+02
3.086781369331212090e+02 2.188398128632496196e+02
3.097290431473049352e+02 2.188411536920918650e+02
3.107805252275111911e+02 2.188543220617972338e+02
3.118323766984628378e+02 2.188797409248569181e+02
3.128843787454960648e+02 2.189178322349345081e+02
3.139362792127968191e+02 2.189690078705329199e+02
3.149878565499968204e+02 2.190336562051114697e+02
3.160388993599087257e+02 2.191120111463047522e+02
3.170892004713992378e+02 2.192042626568025412e+02
3.181385476044307552e+02 2.193106006753347970e+02
3.191867311645481209e+02 2.194312185642687041e+02
3.202335400465839257e+02 2.195662742037687849e+02
3.212787606864241639e+02 2.197158083995916229e+02
3.223222192982335059e+02 2.198798542672833491e+02
3.233637625920324581e+02 2.200584587213045609e+02
3.244031564582945748e+02 2.202516399791843185e+02
3.254402375508322507e+02 2.204594187334019466e+02
3.264748405743694093e+02 2.206817722393293195e+02
3.275067920816508149e+02 2.209186716352486712e+02
3.285358982607318694e+02 2.211700801726936731e+02
3.295620270078249519e+02 2.214359905462619338e+02
3.305849925701083407e+02 2.217163869874487716e+02
3.316045909888970300e+02 2.220112564284689540e+02
3.326206603209769241e+02 2.223206077344865150e+02
3.336330138391167566e+02 2.226444448023410700e+02
3.346414664382339765e+02 2.229827791454173394e+02
3.356458303712454381e+02 2.233356811981571752e+02
3.366458184337752186e+02 2.237032281406320635e+02
3.376412318646880522e+02 2.240855449042267367e+02
3.386318408073329351e+02 2.244827533348405666e+02
3.396173526803180494e+02 2.248949328564472694e+02
3.405975931779066741e+02 2.253220407625052815e+02
3.415724323228414505e+02 2.257639441864425294e+02
3.425417127261275709e+02 2.262205020490810341e+02
3.435052723609261989e+02 2.266915763797588284e+02
3.444629715325125972e+02 2.271770619504117974e+02
3.454145944661589169e+02 2.276769056320528364e+02
3.463599393572798704e+02 2.281911101337641981e+02
3.472988307257138558e+02 2.287197116558563437e+02
3.482309688974237929e+02 2.292626809363480902e+02
3.491561525504334895e+02 2.298200629269148294e+02
3.500741255989086085e+02 2.303919096601331375e+02
3.509846040586717208e+02 2.309782766973346213e+02
3.518872901392045378e+02 2.315792246355112809e+02
3.527819088223885728e+02 2.321948500533577544e+02
3.536681090065778790e+02 2.328252050530253427e+02
3.545456187623767619e+02 2.334703892733381281e+02
3.554140493785944841e+02 2.341304323596961297e+02
3.562730730091346913e+02 2.348054301021343804e+02
3.571223387593457232e+02 2.354954954633699913e+02
3.579614019847072086e+02 2.362006530112230109e+02
3.587899554508928190e+02 2.369209925408380855e+02
3.596075530575952826e+02 2.376565131104133002e+02
3.604137982964135176e+02 2.384072886808832266e+02
3.612082552936707884e+02 2.391734048591933401e+02
3.619904350142170983e+02 2.399548656590318956e+02
3.627599498898802608e+02 2.407517175191429715e+02
3.635162834694069147e+02 2.415639233042997773e+02
3.642589904935899767e+02 2.423915794310223930e+02
3.649874474391597232e+02 2.432346469839032466e+02
3.657011867212256675e+02 2.440932297479180875e+02
3.663996326684795690e+02 2.449672991567182407e+02
3.670821663334025402e+02 2.458568379706988196e+02
3.677481783975638905e+02 2.467619372579675030e+02
3.683969317838098618e+02 2.476826183296690260e+02
3.690277156920989228e+02 2.486189545160206364e+02
3.696397436327922037e+02 2.495709683293582373e+02
3.702321874948437994e+02 2.505387510624816230e+02
3.708041095003306395e+02 2.515223636855284042e+02
3.713544846592002955e+02 2.525218469654381579e+02
3.718822645387446073e+02 2.535373375116018906e+02
3.723862557113728826e+02 2.545688490265566770e+02
3.728652078062476107e+02 2.556164392733814736e+02
3.733177585552733717e+02 2.566800806875853027e+02
3.737424643509437487e+02 2.577597104380955670e+02
3.741377788716158648e+02 2.588552673759340337e+02
3.745020374580817588e+02 2.599664242118361699e+02
3.748335863329892845e+02 2.610928694695404602e+02
3.751307419591698817e+02 2.622341024313097932e+02
3.753916483992542794e+02 2.633894056188778450e+02
3.756138970716587551e+02 2.645580988473549837e+02
3.757950438511816174e+02 2.657389968694803883e+02
3.759328620559459182e+02 2.669305632773535422e+02
3.760258290912495340e+02 2.681285379097045052e+02
3.760737109095119877e+02 2.693283011587364513e+02
3.760769517495254490e+02 2.705274871596377011e+02
3.760363468726969813e+02 2.717239313385251762e+02
3.759529838684698575e+02 2.729156329996854993e+02
3.758281728988392274e+02 2.741008023870505212e+02
3.756634167765361667e+02 2.752777677719654434e+02
3.754603116606932076e+02 2.764451407249101749e+02
3.752205105741740567e+02 2.776017358746508421e+02
3.749457062130633176e+02 2.787465108758401584e+02
3.746375508125651663e+02 2.798786596316916757e+02
3.742976837569360669e+02 2.809974976288185644e+02
3.739277410167894686e+02 2.821024214748211989e+02
3.735291869655111441e+02 2.831931082137804765e+02
3.731034744387179103e+02 2.842691682568462852e+02
3.726519451894617418e+02 2.853303423303751174e+02
3.721758671069727598e+02 2.863764859178132838e+02
3.716764769123516885e+02 2.874074672770954635e+02
3.711548864232136111e+02 2.884232366766414088e+02
3.706121514281441023e+02 2.894237232726723619e+02
3.700492256689537385e+02 2.904089142819335621e+02
3.694670318445120074e+02 2.913788561350711461e+02
3.688664916663979625e+02 2.923335702330784329e+02
3.682483989080511151e+02 2.932731492004779739e+02
3.676135373838400255e+02 2.941976227133182533e+02
3.669625421322825787e+02 2.951071256133381553e+02
3.662961963847480433e+02 2.960016812976523966e+02
3.656151254806131874e+02 2.968814567931954116e+02
3.649199062115037577e+02 2.977465967466068264e+02
3.642111848290236935e+02 2.985971377671202731e+02
3.634894251473257896e+02 2.994332611775415671e+02
3.627551786376487257e+02 3.002550847106340370e+02
3.620089677537048942e+02 3.010627334366799346e+02
3.612512512899346575e+02 3.018563518700452164e+02
3.604824538034705483e+02 3.026360757626571854e+02
3.597029771343617313e+02 3.034020353762020932e+02
3.589132454603886799e+02 3.041543400537387356e+02
3.581136125617887842e+02 3.048931308047688162e+02
3.573044750844186979e+02 3.056184946493028178e+02
3.564860773059410803e+02 3.063306021174585112e+02
3.556588140901999395e+02 3.070294833295011472e+02
3.548229167001080100e+02 3.077152524292001203e+02
3.539786597501153551e+02 3.083879688548736908e+02
3.531263036448446542e+02 3.090476872567218152e+02
3.522660519311762073e+02 3.096944862265292500e+02
3.513982553510250568e+02 3.103284696759879466e+02
3.505231953659667283e+02 3.109499080965570670e+02
3.496412619833910185e+02 3.115589983555134381e+02
3.487527347164553930e+02 3.121559953283099276e+02
3.478579189414366510e+02 3.127411204699419045e+02
3.469570816848563481e+02 3.133145571261795794e+02
3.460504607641931898e+02 3.138764598945156763e+02
3.451382294875643879e+02 3.144270048346110116e+02
3.442206852990630637e+02 3.149662955162206117e+02
3.432979408092076596e+02 3.154945223475205012e+02
3.423702526405197091e+02 3.160117616133712204e+02
3.414377417592501729e+02 3.165181408692922673e+02
3.405005679742478719e+02 3.170137561874403218e+02
3.395589040966126504e+02 3.174986925542109475e+02
3.386128909616767260e+02 3.179730430593836559e+02
3.376626649053086453e+02 3.184368842380333717e+02
3.367083722911953032e+02 3.188902797458744658e+02
3.357501408526833302e+02 3.193332977260175767e+02
3.347880629739194660e+02 3.197660137700858058e+02
3.338222990002366828e+02 3.201884718553579319e+02
3.328529525014551496e+02 3.206007450834732140e+02
3.318801600564099203e+02 3.210028899005695280e+02
3.309039934040043249e+02 3.213949825885421205e+02
3.299246303242045997e+02 3.217770551419240519e+02
3.289421494988498011e+02 3.221491882040675137e+02
3.279566748528067137e+02 3.225114623867734736e+02
3.269683284824124598e+02 3.228639595405228988e+02
3.259772294612533301e+02 3.232067599245539782e+02
3.249834941457805257e+02 3.235399425622020999e+02
3.239872447749991693e+02 3.238636052442586220e+02
3.229886136222858113e+02 3.241778760272503064e+02
3.219877303121710952e+02 3.244828847190088936e+02
3.209847207790410266e+02 3.247787601753801709e+02
3.199796851186254685e+02 3.250656363474926138e+02
3.189727809692311666e+02 3.253436643376014672e+02
3.179641596567123543e+02 3.256130379923343412e+02
3.169539016274151209e+02 3.258739668032543477e+02
3.159422131170535408e+02 3.261266251096070619e+02
3.149291557550210996e+02 3.263712290152695346e+02
3.139149241788227300e+02 3.266080001889231426e+02
3.128995975964207332e+02 3.268372196697741856e+02
3.118833810002133191e+02 3.270591374142926497e+02
3.108663471924849659e+02 3.272740348889432767e+02
3.098486472180263718e+02 3.274821753850308141e+02
3.088304214926414488e+02 3.276838697073270623e+02
3.078117836599976727e+02 3.278794532962228345e+02
3.067928450023844675e+02 3.280692573110967487e+02
3.057737564783071775e+02 3.282536070482846071e+02
3.047545995298343087e+02 3.284328150692587087e+02
3.037354295296709665e+02 3.286070513809036697e+02
3.027162853616397911e+02 3.287764388783598974e+02
3.016972031711505338e+02 3.289410991243469766e+02
3.006782103719181123e+02 3.291011523406255606e+02
2.996593515330175137e+02 3.292567114594260147e+02
2.986406424312810941e+02 3.294078765707996581e+02
2.976221038973758937e+02 3.295547407574518957e+02
2.966037547384975710e+02 3.296973956416717328e+02
2.955856117225065987e+02 3.298359313626517064e+02
2.945676884079583147e+02 3.299704314538191170e+02
2.935499937629552392e+02 3.301009658660103128e+02
2.925325347286337205e+02 3.302276012375751293e+02
2.915153166159880698e+02 3.303504026132080185e+02
2.904983430681043615e+02 3.304694333320910573e+02
2.894816127895756495e+02 3.305847480807250918e+02
2.884651238240608109e+02 3.306963888713262349e+02
2.874488753530860095e+02 3.308043958621225897e+02
2.864328594883279493e+02 3.309088077109160508e+02
2.854170693627827404e+02 3.310096606195843947e+02
2.844014956829996095e+02 3.311069819757515234e+02
2.833861268289270470e+02 3.312007896181823412e+02
2.823709501749822266e+02 3.312910991388214939e+02
2.813559521434010549e+02 3.313779242614799614e+02
2.803411181265593655e+02 3.314612763663515693e+02
2.793264305716482454e+02 3.315411578760417228e+02
2.783118701207533832e+02 3.316175635152046652e+02
2.772974849305099383e+02 3.316905090997950651e+02
2.762833482409374142e+02 3.317600516177687382e+02
2.752694477308976957e+02 3.318262606928913101e+02
2.742557605183462783e+02 3.318891990211017742e+02
2.732422628830852886e+02 3.319489240037394211e+02
2.722289306133334321e+02 3.320054907091004566e+02
2.712157390134007642e+02 3.320589519095484548e+02
2.702026628460598658e+02 3.321093572135745262e+02
2.691896761073723496e+02 3.321567490357879251e+02
2.681767523644306266e+02 3.322011658007219239e+02
2.671638640163571949e+02 3.322426432245304682e+02
2.661509854945525149e+02 3.322812154146134844e+02
2.651380896794320847e+02 3.323169132421598420e+02
2.641251480279812540e+02 3.323497606246311307e+02
2.631121325645863749e+02 3.323797781822266870e+02
2.620990151538812825e+02 3.324069842529078187e+02
2.610857667432622407e+02 3.324313944823018687e+02
2.600723585509948066e+02 3.324530200819374954e+02
2.590587639870200860e+02 3.324718663054970875e+02
2.580449533178805837e+02 3.324879348336232852e+02
2.570308978364378731e+02 3.325012249966277977e+02
2.560165688077024129e+02 3.325117327367428288e+02
2.550019391925812613e+02 3.325193795158513126e+02
2.539869872404742637e+02 3.325239664865684404e+02
2.529716901311305435e+02 3.325252783666043115e+02
2.519560437437620806e+02 3.325231020014009005e+02
2.509400428246471790e+02 3.325172227756478378e+02
2.499236819167001045e+02 3.325074223192430622e+02
2.489069486202571682e+02 3.324934725790395191e+02
2.478898795410777609e+02 3.324751594895250832e+02
2.468724674500828087e+02 3.324522550177093763e+02
2.458547274551726218e+02 3.324245292255332060e+02
2.448367001194388592e+02 3.323917626637910985e+02
2.438183839836752327e+02 3.323537200727215009e+02
2.427998420308490211e+02 3.323101824821360424e+02
2.417810848524258631e+02 3.322609129188053885e+02
2.407621670330221093e+02 3.322056819784125423e+02
2.397431381979673972e+02 3.321442650271505386e+02
2.387240335225839374e+02 3.320764304214042681e+02
2.377049179652791793e+02 3.320019508433018700e+02
2.366858573626420537e+02 3.319205983900536694e+02
2.356669105012821888e+02 3.318321404024415529e+02
2.346481474982704185e+02 3.317363520081738102e+02
2.336296432831590550e+02 3.316330094691098225e+02
2.326114781637457156e+02 3.315218869899237575e+02
2.315937379862016599e+02 3.314027567123065978e+02
2.305765138805323886e+02 3.312753911032942256e+02
2.295598998562155657e+02 3.311395688699520861e+02
2.285439800131122183e+02 3.309950602173354355e+02
2.275288944830827234e+02 3.308416535573591091e+02
2.265147277193090645e+02 3.306791142413544549e+02
2.255016018905116937e+02 3.305072151283856101e+02
2.244896458202194935e+02 3.303257354083358450e+02
2.234789924779165347e+02 3.301344534398087376e+02
2.224697516879516854e+02 3.299331295562726041e+02
2.214620996326255806e+02 3.297215449020854408e+02
2.204561727860790938e+02 3.294994632134576023e+02
2.194521288781559463e+02 3.292666492805830103e+02
2.184501364741065856e+02 3.290228660755958572e+02
2.174503731397587956e+02 3.287678741129842592e+02
2.164530050265186958e+02 3.285014188012077625e+02
2.154582643442880965e+02 3.282232651143788189e+02
2.144663336779207157e+02 3.279331455511901936e+02
2.134774387364165591e+02 3.276307999439519563e+02
2.124918029030359605e+02 3.273159577595313863e+02
2.115096907097603491e+02 3.269883593916965197e+02
2.105313500438143990e+02 3.266477133462593656e+02
2.095570662930637127e+02 3.262937218070916288e+02
2.085871416128157421e+02 3.259260851987712613e+02
2.076218846136455625e+02 3.255444947671928162e+02
2.066616224566358540e+02 3.251486693257033949e+02
2.057066145314576602e+02 3.247385784581696839e+02
2.047570542492231311e+02 3.243143077488342669e+02
2.038131437132300618e+02 3.238759336313286212e+02
2.028751046002665248e+02 3.234235298879764287e+02
2.019431661564096885e+02 3.229571634665483657e+02
2.010175640933676959e+02 3.224768982614332344e+02
2.000985163254568988e+02 3.219827684447790830e+02
1.991862982917779163e+02 3.214748274495127589e+02
1.982811523761335764e+02 3.209530873484108042e+02
1.973833614732452588e+02 3.204175677688572819e+02
1.964932149409785325e+02 3.198682932705280564e+02
1.956110048644452490e+02 3.193052707412357449e+02
1.947370377471370944e+02 3.187284865195861130e+02
1.938716504273688770e+02 3.181379180855533377e+02
1.930151995789758530e+02 3.175335372347297493e+02
1.921680435921269918e+02 3.169153048388488401e+02
1.913305837874081305e+02 3.162831858442065709e+02
1.905032188762148735e+02 3.156370974422338804e+02
1.896864012734127698e+02 3.149769539176604098e+02
1.888806172565629993e+02 3.143026677651391196e+02
1.880863553284407885e+02 3.136141133372204308e+02
1.873041733225682890e+02 3.129111774709141969e+02
1.865346509294461441e+02 3.121937064021155948e+02
1.857784169081425318e+02 3.114615203615314840e+02
1.850361680653378471e+02 3.107144535921336228e+02
1.843086271156761029e+02 3.099522946134683252e+02
1.835965982132340457e+02 3.091748468109412897e+02
1.829009251951896715e+02 3.083818574218343542e+02
1.822225535642500063e+02 3.075731180261387863e+02
1.815624709588848305e+02 3.067483704825465907e+02
1.809217627814803677e+02 3.059074026404763913e+02
1.803015703671506742e+02 3.050499743832202739e+02
1.797031276526493286e+02 3.041758923825277066e+02
1.791277369725024187e+02 3.032849735371728457e+02
1.785767898416877699e+02 3.023770939600182146e+02
1.780517422355754888e+02 3.014521813915922053e+02
1.775541031073360045e+02 3.005102616202981380e+02
1.770854097772305806e+02 2.995514228592404606e+02
1.766472226130589149e+02 2.985758987034788561e+02
1.762410793123296173e+02 2.975840623090302302e+02
1.758684696728124379e+02 2.965763795266247485e+02
1.755307986962338873e+02 2.955535704296742665e+02
1.752293273800790132e+02 2.945164303606674707e+02
