1.759039434655003049e+02 2.932689780597935396e+02
1.756384156192575858e+02 2.922567045472677592e+02
1.754063880124497246e+02 2.912311758686521443e+02
1.752082635222743647e+02 2.901935394395732715e+02
1.750442300923863854e+02 2.891449112055250339e+02
1.749142815792409920e+02 2.880865377888195553e+02
1.748182590735517863e+02 2.870196918316962069e+02
1.747558406144999879e+02 2.859457233626032462e+02
1.747265767017086091e+02 2.848659688475925691e+02
1.747299157551275925e+02 2.837817453659533271e+02
1.747652277954086344e+02 2.826943351670120137e+02
1.748318398505073503e+02 2.816049903422117495e+02
1.749291055338996159e+02 2.805148767937170078e+02
1.750563153637601772e+02 2.794251994474892058e+02
1.752127938323649516e+02 2.783370161844377435e+02
1.753978495296651943e+02 2.772513875768088951e+02
1.756107875297585679e+02 2.761692875883317129e+02
1.758509027357351613e+02 2.750916285935790029e+02
1.761174801294795316e+02 2.740193266705911697e+02
1.764099109000353280e+02 2.729531420470565308e+02
1.767275651166193882e+02 2.718938959458658928e+02
1.770697596899358075e+02 2.708423297782558734e+02
1.774358586869782926e+02 2.697990162800849703e+02
1.778251763546332427e+02 2.687646287617854455e+02
1.782371603503633537e+02 2.677396821217439538e+02
1.786711846886860542e+02 2.667247989369724337e+02
1.791266609678096131e+02 2.657203614690816380e+02
1.796029144935018564e+02 2.647267809001536989e+02
1.800993065161994195e+02 2.637444397814246031e+02
1.806152810150330765e+02 2.627736503708578084e+02
1.811502641260414066e+02 2.618147457286386270e+02
1.817036499876842015e+02 2.608679323222804669e+02
1.822748017250282828e+02 2.599334030433797693e+02
1.828631452034245228e+02 2.590113041985226232e+02
1.834681187737667187e+02 2.581017915077389375e+02
1.840892120680154562e+02 2.572049644189078208e+02
1.847258252030982248e+02 2.563209218587986697e+02
1.853774491998063070e+02 2.554496632009679900e+02
1.860435416302436522e+02 2.545912404406968790e+02
1.867236065045755424e+02 2.537456729076564557e+02
1.874171917240451819e+02 2.529129496411484297e+02
1.881238474249670674e+02 2.520930550522340639e+02
1.888430979007523263e+02 2.512860022174801031e+02
1.895745567080089131e+02 2.504917390260943932e+02
1.903178180526266772e+02 2.497102466222411010e+02
1.910724766473352076e+02 2.489415346846520265e+02
1.918382787157071618e+02 2.481855484454319765e+02
1.926148244239449525e+02 2.474423643863238453e+02
1.934018652585741336e+02 2.467119450642837819e+02
1.941991049314600275e+02 2.459943025528346823e+02
1.950061947386968200e+02 2.452893719293918764e+02
1.958227205661177379e+02 2.445969895663864691e+02
1.966482792637083321e+02 2.439169801223236504e+02
1.974824861580706852e+02 2.432491611797402413e+02
1.983250353130650012e+02 2.425933134130332576e+02
1.991755108895287663e+02 2.419493781143992805e+02
2.000337495867223652e+02 2.413172037395973746e+02
2.008994462865295532e+02 2.406967468757798372e+02
2.017723613966089715e+02 2.400879211822033028e+02
2.026522739746815773e+02 2.394906410126802143e+02
2.035389806878807235e+02 2.389048687172249856e+02
2.044322990721674103e+02 2.383305892758269522e+02
2.053320515623624942e+02 2.377677892177503054e+02
2.062380649671055437e+02 2.372164563821295360e+02
2.071502190608430567e+02 2.366765609668530601e+02
2.080682857359276738e+02 2.361481626521463681e+02
2.089921803577835533e+02 2.356312532162529578e+02
2.099217609532598772e+02 2.351258652911033664e+02
2.108568752394728563e+02 2.346320380101709020e+02
2.117973827493161423e+02 2.341498045766512348e+02
2.127432053793114619e+02 2.336791726275515089e+02
2.136941315824306855e+02 2.332202169859818071e+02
2.146500705273030576e+02 2.327729511410566943e+02
2.156108898998137136e+02 2.323374157416303376e+02
2.165764528394136619e+02 2.319136437190712741e+02
2.175466089034294441e+02 2.315016431358239117e+02
2.185212065370669450e+02 2.311014185563995227e+02
2.195000954839050280e+02 2.307129755665929451e+02
2.204831264954623009e+02 2.303363205317131133e+02
2.214701381737849886e+02 2.299714348891337465e+02
2.224609464094570512e+02 2.296182518649508779e+02
2.234553672768224430e+02 2.292766992374143342e+02
2.244532409514977189e+02 2.289466988840042063e+02
2.254543641216205856e+02 2.286281883743951653e+02
2.264585303454389020e+02 2.283210488826429128e+02
2.274655551738965187e+02 2.280250883332787453e+02
2.284751948500386334e+02 2.277401326460581572e+02
2.294872293230623370e+02 2.274659957501984877e+02
2.305014946584382471e+02 2.272024750165164164e+02
2.315176964418132570e+02 2.269493388355400896e+02
2.325356670569208006e+02 2.267062589408964755e+02
2.335550993526839534e+02 2.264729460472552773e+02
2.345758255128936298e+02 2.262490700764203098e+02
2.355975892893489743e+02 2.260343223071417924e+02
2.366201651872027867e+02 2.258283212538950124e+02
2.376433485873687061e+02 2.256306495008435320e+02
2.386668683906963793e+02 2.254409004833427161e+02
2.396905425149896018e+02 2.252586451997839561e+02
2.407141876242118883e+02 2.250834764826928165e+02
2.417376156348262555e+02 2.249150792915256432e+02
2.427607130612100264e+02 2.247531629020665491e+02
2.437833631646006438e+02 2.245974430514528706e+02
2.448054409030136185e+02 2.244476365580213439e+02
2.458268323499133601e+02 2.243034600173983790e+02
2.468474509560857086e+02 2.241646474190193317e+02
2.478672121086354423e+02 2.240309398661207183e+02
2.488860457218343356e+02 2.239020801136144598e+02
2.499038698211248857e+02 2.237778090837345246e+02
2.509206293130711174e+02 2.236578746498213093e+02
2.519362810004504070e+02 2.235420537814677857e+02
2.529507884781276346e+02 2.234301290605387749e+02
2.539641222612659988e+02 2.233218835233659831e+02
2.549762614843431550e+02 2.232171020352698747e+02
2.559871929435527420e+02 2.231155838670194385e+02
2.569969154889591323e+02 2.230171542100326576e+02
2.580054384349671182e+02 2.229216437466062644e+02
2.590127757023809068e+02 2.228288847439351628e+02
2.600189476538085955e+02 2.227387111183091122e+02
2.610239837606491164e+02 2.226509723929529230e+02
2.620279229731378337e+02 2.225655384567928650e+02
2.630308101797015752e+02 2.224822822741798234e+02
2.640326962543442733e+02 2.224010807912979999e+02
2.650336376997550474e+02 2.223218100965499957e+02
2.660336985824718568e+02 2.222443575864922991e+02
2.670329501497424758e+02 2.221686191872425695e+02
2.680314802494049786e+02 2.220944319444593589e+02
2.690293873859882865e+02 2.220215747887086195e+02
2.700267626076372380e+02 2.219498291153388436e+02
2.710237000746038802e+02 2.218789804785632214e+02
2.720202976322980817e+02 2.218088183416295749e+02
2.730166563252446963e+02 2.217391368469571091e+02
2.740128810700729787e+02 2.216697338653928284e+02
2.750090815198080918e+02 2.216004068355098866e+02
2.760053681924834450e+02 2.215309539987295295e+02
2.770018559928670925e+02 2.214611750203763165e+02
2.779986634098720515e+02 2.213908733072818791e+02
2.789959124852047694e+02 2.213198560507209436e+02
2.799937287845744436e+02 2.212479341346595447e+02
2.809922405456773049e+02 2.211749251106801069e+02
2.819915820416121619e+02 2.211006444070008570e+02
2.829918887107538694e+02 2.210249131290463538e+02
2.839932999762307873e+02 2.209475571217877814e+02
2.849959589081574336e+02 2.208684145556950682e+02
2.860000116482389672e+02 2.207873540656270563e+02
2.870056071309539334e+02 2.207042531111830215e+02
2.880128950712210099e+02 2.206189878031793228e+02
2.890220293174183439e+02 2.205314436792519643e+02
2.900331559837053987e+02 2.204417338372969937e+02
2.910463956283567768e+02 2.203504194510564673e+02
2.920618391896734352e+02 2.202581061329925944e+02
2.930795699993259404e+02 2.201654082200542177e+02
2.940996580961073619e+02 2.200729505987560799e+02
2.951221322232720468e+02 2.199813876406938959e+02
2.961470138779993704e+02 2.198914349016665426e+02
2.971743178252800703e+02 2.198038249613589983e+02
2.982039928439529035e+02 2.197192691807356368e+02
2.992360250930801158e+02 2.196385011679332990e+02
3.002703366971610421e+02 2.195622536446377353e+02
3.013068524630613183e+02 2.194912762481961863e+02
3.023454683530202374e+02 2.194263171179855760e+02
3.033860644017280492e+02 2.193681251903882696e+02
3.044284908603399344e+02 2.193174392706269487e+02
3.054726216471180464e+02 2.192749551141093605e+02
3.065182549640666139e+02 2.192413098423963334e+02
3.075652469151214632e+02 2.192171614953012693e+02
3.086133904334960789e+02 2.192031563942511525e+02
3.096624602854776072e+02 2.191999173286890823e+02
3.107122691501558620e+02 2.192079531611858556e+02
3.117626157974179932e+02 2.192277172634768476e+02
3.128132860477285817e+02 2.192596620698880940e+02
3.138640331661530922e+02 2.193042302577201781e+02
3.149146374594682811e+02 2.193618421822336586e+02
3.159648877962262645e+02 2.194327718176542135e+02
3.170145757125730483e+02 2.195172513861260200e+02
3.180634865620640426e+02 2.196155129473379759e+02
3.191114068898392588e+02 2.197277917200390505e+02
3.201581213562696462e+02 2.198542858923260610e+02
3.212034135996358373e+02 2.199950723395929515e+02
3.222471045556260947e+02 2.201502187825569195e+02
3.232890339153985906e+02 2.203198063008053396e+02
3.243289631776339661e+02 2.205038880299711366e+02
3.253667224661272712e+02 2.207025131354760958e+02
3.264021433078252130e+02 2.209156762986412730e+02
3.274350494913296643e+02 2.211433647733165913e+02
3.284652447507238548e+02 2.213855580751875607e+02
3.294925921115615211e+02 2.216422642054675975e+02
3.305169053477994225e+02 2.219134744903875003e+02
3.315379845683546591e+02 2.221991710418472508e+02
3.325556712063094551e+02 2.224993567091392777e+02
3.335697829415963156e+02 2.228140297801477914e+02
3.345801395545092305e+02 2.231431956469662055e+02
3.355865636618712529e+02 2.234869046761467359e+02
3.365887864644225829e+02 2.238452016822536450e+02
3.375866269960217210e+02 2.242181784851592283e+02
3.385798752408401242e+02 2.246059247594935755e+02
3.395682609295133716e+02 2.250084893045997489e+02
3.405516308625810211e+02 2.254258026752995647e+02
3.415298765831229275e+02 2.258577084544562297e+02
3.425028640596195260e+02 2.263040431547348703e+02
3.434704560753877445e+02 2.267646473876781670e+02
3.444325389857544906e+02 2.272393952541824547e+02
3.453889256706466995e+02 2.277282131232912832e+02
3.463394445730164080e+02 2.282310837878295047e+02
3.472839521560924254e+02 2.287480249188174355e+02
3.482221832086171958e+02 2.292789906482933873e+02
3.491539715385983982e+02 2.298240120042018191e+02
3.500790950606066758e+02 2.303831350758256349e+02
3.509973045932469518e+02 2.309564131858614360e+02
3.519083389236782864e+02 2.315439067283855081e+02
3.528119617927316654e+02 2.321457145163972484e+02
3.537078595681116440e+02 2.327618978280363535e+02
3.545957911415352442e+02 2.333925831547678627e+02
3.554753969085745098e+02 2.340378315716836823e+02
3.563463803215329904e+02 2.346977735573212556e+02
3.572084234005511121e+02 2.353725600436973764e+02
3.580611066057675203e+02 2.360622653902595687e+02
3.589041363522898678e+02 2.367670551672386807e+02
3.597370748083263265e+02 2.374870072457264598e+02
3.605595352952785788e+02 2.382222787728975106e+02
3.613710909538024794e+02 2.389730421023676570e+02
3.621712463227515855e+02 2.397394041248986980e+02
3.629595915006627820e+02 2.405215409238443840e+02
3.637355778830726649e+02 2.413195444732337194e+02
3.644987299808294665e+02 2.421336475416075018e+02
3.652483803177921686e+02 2.429639424507827528e+02
3.659840079899207126e+02 2.438106896222139426e+02
3.667049560964559873e+02 2.446740253548858561e+02
3.674105141657074682e+02 2.455540959950506306e+02
3.680999769892833342e+02 2.464511606093033436e+02
3.687724936428045908e+02 2.473653999696721257e+02
3.694272233655555056e+02 2.482970551403578554e+02
3.700632258691684910e+02 2.492463105849082012e+02
3.706795063526181480e+02 2.502134155412311713e+02
3.712749389892472891e+02 2.511985732773874247e+02
3.718482900802682138e+02 2.522019488627966552e+02
3.723982936472060601e+02 2.532237935002500251e+02
3.729235108876424647e+02 2.542641992295827436e+02
3.734224286982953913e+02 2.553232820619047345e+02
3.738933963247220049e+02 2.564010326379654998e+02
3.743346654627806060e+02 2.574973656240775881e+02
3.747443892404324401e+02 2.586121498727334824e+02
3.751205844633689139e+02 2.597449104652947085e+02
3.754612783608658333e+02 2.608951498138358147e+02
3.757644635033142890e+02 2.620621107835955854e+02
3.760280110339904240e+02 2.632447262718943080e+02
3.762494195198326565e+02 2.644418945208830110e+02
3.764262125437145414e+02 2.656519436355657717e+02
3.765561777217785107e+02 2.668728325678291640e+02
3.766378439560498919e+02 2.680994649213137109e+02
3.766711508652970224e+02 2.693264180888001533e+02
3.766568264469029259e+02 2.705509070156949747e+02
3.765959889501057773e+02 2.717704355798652500e+02
3.764900721468443408e+02 2.729827504146343244e+02
3.763407429586554827e+02 2.741858885933716010e+02
3.761498645262515765e+02 2.753780685426830246e+02
3.759193860417026372e+02 2.765578680789383270e+02
3.756512976013289631e+02 2.777241267283444017e+02
3.753476093741778641e+02 2.788758727318649449e+02
3.750102652932475849e+02 2.800124178990681685e+02
3.746411646760367944e+02 2.811332223794366314e+02
3.742421728109694641e+02 2.822378451106065995e+02
3.738149545480041525e+02 2.833261550934397519e+02
3.733611455840484723e+02 2.843979562882854566e+02
3.728822471761407655e+02 2.854531946005302530e+02
3.723796491048578901e+02 2.864919267194688359e+02
3.718546833293574991e+02 2.875142124943600948e+02
3.713085428317198762e+02 2.885201933793457556e+02
3.707423546132187653e+02 2.895099847407520883e+02
3.701571303024201711e+02 2.904837552749476117e+02
3.695538184246765354e+02 2.914417108549991440e+02
3.689333505916294484e+02 2.923840161589246804e+02
3.682965257200428937e+02 2.933109012247600731e+02
3.676441304010518820e+02 2.942225256366978670e+02
3.669767951520448150e+02 2.951191451884041044e+02
3.662952762531613189e+02 2.960008786632744204e+02
3.656001647353198791e+02 2.968679762899881780e+02
3.648920040561750966e+02 2.977206588989326406e+02
3.641714073443742450e+02 2.985590339609050829e+02
3.634388029169099354e+02 2.993833436141854918e+02
3.626946943085600310e+02 3.001937486279675795e+02
3.619395550949348603e+02 3.009904092473958030e+02
3.611737975259438826e+02 3.017735000543766546e+02
3.603978016722678035e+02 3.025431824791959912e+02
3.596119250736952040e+02 3.032996066112784774e+02
3.588165450560636600e+02 3.040428942143417999e+02
3.580119709161838841e+02 3.047731940098037740e+02
3.571985555313089549e+02 3.054905987562406722e+02
3.563765040287734678e+02 3.061952797649038303e+02
3.555461721362453318e+02 3.068872709623453829e+02
3.547077594889610737e+02 3.075666893593062809e+02
3.538615093405522316e+02 3.082335968213150181e+02
3.530076520251956254e+02 3.088880487480295756e+02
3.521463631757955000e+02 3.095301218348826637e+02
3.512779592867308338e+02 3.101599112503789115e+02
3.504026867752911585e+02 3.107776674946652520e+02
3.495208987717248306e+02 3.113835678495445336e+02
3.486328419550405897e+02 3.119778444385739249e+02
3.477387897981734568e+02 3.125606964382626529e+02
3.468389870646191184e+02 3.131322964909547863e+02
3.459336560566791263e+02 3.136927968963710782e+02
3.450229566726591202e+02 3.142423701844861625e+02
3.441071697975160077e+02 3.147811182116752775e+02
3.431863973131617058e+02 3.153092271366155046e+02
3.422608853655532926e+02 3.158267789118265796e+02
3.413307501609930910e+02 3.163339081515966313e+02
3.403961454958802051e+02 3.168307186686955674e+02
3.394572376963753868e+02 3.173173033379423487e+02
3.385141621909338028e+02 3.177937632505487500e+02
3.375670515638955749e+02 3.182601863429530340e+02
3.366160484821515411e+02 3.187166489742425028e+02
3.356612772255057280e+02 3.191632317465645201e+02
3.347028273198371267e+02 3.196000223023431772e+02
3.337408540140135074e+02 3.200270770825057411e+02
3.327754561953764210e+02 3.204444791098744076e+02
3.318067645684038780e+02 3.208522947733846422e+02
3.308348462894277873e+02 3.212506095599773630e+02
3.298598719340579919e+02 3.216394658157781805e+02
3.288819137352481903e+02 3.220189502929494552e+02
3.279010849791757778e+02 3.223891430293796247e+02
3.269174968057504316e+02 3.227501241566985755e+02
3.259312574681174510e+02 3.231019720493263776e+02
3.249424725763975061e+02 3.234447635686263993e+02
3.239512507017910821e+02 3.237785870110515134e+02
3.229577061023477427e+02 3.241035495566357554e+02
3.219619505610897932e+02 3.244197588451654042e+02
3.209640927496448057e+02 3.247273212412900989e+02
3.199642160455135809e+02 3.250263473940822792e+02
3.189624570597032971e+02 3.253169534344835370e+02
3.179589425112544632e+02 3.255992853841972305e+02
3.169537292586052217e+02 3.258735037753909864e+02
3.159470008636824332e+02 3.261397336009951573e+02
3.149387971221312341e+02 3.263981402041038677e+02
3.139292875880597649e+02 3.266488806738724975e+02
3.129185238248995802e+02 3.268921613460418598e+02
3.119066859024951555e+02 3.271281562729247980e+02
3.108938221063067431e+02 3.273570709020612526e+02
3.098800612303795674e+02 3.275790903050681209e+02
3.088655195262746815e+02 3.277944353013307364e+02
3.078502861552078684e+02 3.280033452495346751e+02
3.068344500307263161e+02 3.282060545918299681e+02
3.058181433729125729e+02 3.284027909003781929e+02
3.048014321285400001e+02 3.285937779980174014e+02
3.037843727046736717e+02 3.287791456302663278e+02
3.027670104704652658e+02 3.289589929439997036e+02
3.017493885018205901e+02 3.291334177993085746e+02
3.007315412883119734e+02 3.293025168320397142e+02
2.997135227465710727e+02 3.294663819495581834e+02
2.986953597849437756e+02 3.296251025583198953e+02
2.976770855066067725e+02 3.297787632781483467e+02
2.966587311418248305e+02 3.299274473990673755e+02
2.956403260464689424e+02 3.300712368686415061e+02
2.946218972166595336e+02 3.302102101459769870e+02
2.936034687138624122e+02 3.303444392796494071e+02
2.925850627382683342e+02 3.304739941968933294e+02
2.915666997949697361e+02 3.305989434161958798e+02
2.905483986747881886e+02 3.307193539812978429e+02
2.895301736190837687e+02 3.308352876225433192e+02
2.885120392679374959e+02 3.309467985237668017e+02
2.874940114804570612e+02 3.310539396337956646e+02
2.864760982786598333e+02 3.311567627138104513e+02
2.854583086979886275e+02 3.312553173289713300e+02
2.844406495170345579e+02 3.313496469443419983e+02
2.834231253188011124e+02 3.314397884427272629e+02
2.824057393384128432e+02 3.315257768224050210e+02
2.813884934929225778e+02 3.316076454315972342e+02
2.803713883191841205e+02 3.316854256018728506e+02
2.793544211446333065e+02 3.317591415814102902e+02
2.783375872042801689e+02 3.318288113842525036e+02
2.773209552493001979e+02 3.318944736139943643e+02
2.763046202743092294e+02 3.319562082482076448e+02
2.752885822921619479e+02 3.320141093232583671e+02
2.742728292160209094e+02 3.320682650651858694e+02
2.732573474698370433e+02 3.321187589954065515e+02
2.722421222986529301e+02 3.321656724503179703e+02
2.712271377885016932e+02 3.322090846024363486e+02
2.702123768248274018e+02 3.322490716387515590e+02
2.691978208937239287e+02 3.322857029864201763e+02
2.681834504081688806e+02 3.323190442944899701e+02
2.671692439197414046e+02 3.323491585950508238e+02
2.661551815200750184e+02 3.323761073826966026e+02
2.651412410361347156e+02 3.323999490482232204e+02
2.641273982146605022e+02 3.324207353001595493e+02
2.631136288009609530e+02 3.324385146466360084e+02
2.620999077712481835e+02 3.324533333560608526e+02
2.610862085677900950e+02 3.324652350393311622e+02
2.600725043337587863e+02 3.324742590805708460e+02
2.590587698260231377e+02 3.324804393639947193e+02
2.580449760050107102e+02 3.324838062763060975e+02
2.570310942759181785e+02 3.324843878556397385e+02
2.560170954202350231e+02 3.324822086147494815e+02
2.550029515427282831e+02 3.324772094028301126e+02
2.539886401242543457e+02 3.324691957439009684e+02
2.529741378372455642e+02 3.324579553405825436e+02
2.519594396937330316e+02 3.324432780073657909e+02
2.509445397062891630e+02 3.324249520828490176e+02
2.499294319635267527e+02 3.324027617859233033e+02
2.489141044039512281e+02 3.323764812804135431e+02
2.478985917426467438e+02 3.323458985676660973e+02
2.468828874420983652e+02 3.323107878393958572e+02
2.458670065756899135e+02 3.322709213078517791e+02
2.448509883757760122e+02 3.322260808295669108e+02
2.438348333669586054e+02 3.321760321565278105e+02
2.428186024603319879e+02 3.321205569782240445e+02
2.418023084395230740e+02 3.320594193918275892e+02
2.407860053421904354e+02 3.319923906549821595e+02
2.397697431679090982e+02 3.319192453322267511e+02
2.387535593972091306e+02 3.318397503995811348e+02
2.377375194258515023e+02 3.317536769726571038e+02
2.367216899964578545e+02 3.316607956644291448e+02
2.357061321690319176e+02 3.315608721384024875e+02
2.346909182785072687e+02 3.314536774735256586e+02
2.336761258835234685e+02 3.313389831304550057e+02
2.326618382268017911e+02 3.312165586203812495e+02
2.316481444019042897e+02 3.310861715103544611e+02
2.306351392428783242e+02 3.309475890568407976e+02
2.296229214898299062e+02 3.308005820493859233e+02
2.286115822990560957e+02 3.306449126149747144e+02
2.276012637936522083e+02 3.304803602255044552e+02
2.265920596760866772e+02 3.303066827985472855e+02
2.255840987432048905e+02 3.301236441185556032e+02
2.245775174474702567e+02 3.299310114379944139e+02
2.235724573619058333e+02 3.297285510423275809e+02
2.225690414063458320e+02 3.295160124142358882e+02
2.215674524171755593e+02 3.292931645302693369e+02
2.205678403705264827e+02 3.290597590508528469e+02
2.195703765083727603e+02 3.288155460625985711e+02
2.185752436429944794e+02 3.285602740120517069e+02
2.175826345688624315e+02 3.282936894386604649e+02
2.165927347503910880e+02 3.280155251967361778e+02
2.156057896195181058e+02 3.277255305403301691e+02
2.146220052823136371e+02 3.274234235105571997e+02
2.136416280736509350e+02 3.271089290090912982e+02
2.126649056096464676e+02 3.267817631892312988e+02
2.116921238261265046e+02 3.264416526752867753e+02
2.107235593767815658e+02 3.260882936837801367e+02
2.097595257343834589e+02 3.257213753957255449e+02
2.088003548621157393e+02 3.253405865401875872e+02
2.078463890962212872e+02 3.249456089282509197e+02
2.068979884184164746e+02 3.245361567372471541e+02
2.059554313794286884e+02 3.241122298902342322e+02
2.050189277251119222e+02 3.236739658621410740e+02
2.040886957099759229e+02 3.232214944610587395e+02
2.031649708175868057e+02 3.227549432739508006e+02
2.022479953198102578e+02 3.222744357264382415e+02
2.013380140927197601e+02 3.217801013829244994e+02
2.004352591414748304e+02 3.212720476086943222e+02
1.995400084441278921e+02 3.207503976444133400e+02
1.986525173880505122e+02 3.202152404368331986e+02
1.977730737957477913e+02 3.196666725730332246e+02
1.969019680801771983e+02 3.191048022919993059e+02
1.960394945413549692e+02 3.185297250515109795e+02
1.951859620977731140e+02 3.179415190702788436e+02
1.943417054733534712e+02 3.173402546860130542e+02
1.935070761775972130e+02 3.167259987925521045e+02
1.926824291579800388e+02 3.160988133295962825e+02
1.918681521706763533e+02 3.154587627647821364e+02
1.910646394077621721e+02 3.148058746959271730e+02
1.902723275036850339e+02 3.141401723692798100e+02
1.894916808818176150e+02 3.134616762017307110e+02
1.887231766346315851e+02 3.127703777709227211e+02
1.879673421757700851e+02 3.120662746527888771e+02
1.872247305243282653e+02 3.113493351218909311e+02
1.864959382374335632e+02 3.106195070308697268e+02
1.857816124300726131e+02 3.098767423656277060e+02
1.850824354624388945e+02 3.091209598361611484e+02
1.843991468367484572e+02 3.083520839977810510e+02
1.837325318351919350e+02 3.075700037255277266e+02
1.830834390817955750e+02 3.067746299854322842e+02
1.824527675936974447e+02 3.059658420480637915e+02
1.818414793710172717e+02 3.051435395186583150e+02
1.812505887752337514e+02 3.043076081977432068e+02
1.806811672979178525e+02 3.034579572867343700e+02
1.801343377607790330e+02 3.025945035699297705e+02
1.796112735388362864e+02 3.017171938636673190e+02
1.791131858917407271e+02 3.008260045793754784e+02
1.786413052664100292e+02 2.999209638434962812e+02
1.781968764256317002e+02 2.990021381778541922e+02
1.777811342172696243e+02 2.980696664990857130e+02
1.773952750315553146e+02 2.971237616546505933e+02
1.770404539679847744e+02 2.961646928745299761e+02
1.767177224788995886e+02 2.951928476027221677e+02
1.764280274815296536e+02 2.942086697478637234e+02
