1.764779548123414372e+02 2.931485431122262071e+02
1.762101726061375189e+02 2.921633090811446891e+02
1.759736468748565414e+02 2.911641549199389942e+02
1.757688678895783596e+02 2.901518449842905625e+02
1.755961620378907639e+02 2.891272613825226472e+02
1.754556819872870506e+02 2.880914472603326999e+02
1.753474413296356715e+02 2.870455310562691125e+02
1.752712967913686555e+02 2.859907436805368661e+02
1.752269778395628634e+02 2.849283481728809306e+02
1.752141070271576950e+02 2.838596222594002825e+02
1.752322203471898945e+02 2.827858375238344024e+02
1.752808148811251669e+02 2.817082600113603803e+02
1.753594247894519356e+02 2.806281061200002114e+02
1.754675139426182113e+02 2.795466345853616872e+02
1.756045617881602539e+02 2.784649898647591613e+02
1.757700208077015418e+02 2.773843215735804506e+02
1.759633309560746852e+02 2.763057072726879255e+02
1.761839160632071355e+02 2.752301716100036515e+02
1.764311812876434544e+02 2.741587427320782240e+02
1.767046224533520729e+02 2.730923082788970646e+02
1.770037086603608998e+02 2.720318086718529003e+02
1.773278397245867666e+02 2.709781029291461323e+02
1.776764453878512882e+02 2.699318850618837473e+02
1.780489042893186422e+02 2.688939385947628580e+02
1.784447183716720531e+02 2.678648956447539717e+02
1.788633139522856368e+02 2.668454851849066927e+02
1.793041279073440819e+02 2.658361900813076772e+02
1.797665005024505547e+02 2.648375071513944476e+02
1.802498055581629046e+02 2.638499014194070469e+02
1.807534965461901777e+02 2.628737662820210517e+02
1.812770060287716944e+02 2.619095090482470596e+02
1.818197149885524766e+02 2.609573951657259840e+02
1.823809671222692259e+02 2.600176664837832163e+02
1.829601684273274600e+02 2.590905153773572351e+02
1.835567380944185629e+02 2.581761397355456324e+02
1.841701440485243495e+02 2.572746768459339819e+02
1.847997567304846598e+02 2.563862511804857149e+02
1.854450348273913676e+02 2.555108837812500440e+02
1.861054054685119752e+02 2.546486443986193535e+02
1.867803428473829115e+02 2.537995679031020018e+02
1.874693655335456697e+02 2.529636564964250169e+02
1.881719947836960500e+02 2.521409047553343896e+02
1.888877272212197340e+02 2.513313334245392809e+02
1.896161490116344055e+02 2.505348968584358147e+02
1.903568282430108241e+02 2.497515806468414041e+02
1.911093373882439437e+02 2.489814003220507459e+02
1.918734054975353445e+02 2.482243121130023837e+02
1.926486176757739486e+02 2.474804020780132987e+02
1.934347097713758217e+02 2.467496423502738594e+02
1.942313704863492774e+02 2.460320532077957978e+02
1.950382309842618440e+02 2.453275706754634484e+02
1.958548508205564644e+02 2.446360229684078718e+02
1.966808009388018945e+02 2.439572250003336364e+02
1.975156715782645733e+02 2.432909836194638160e+02
1.983591324192730099e+02 2.426370685461876349e+02
1.992107505902489208e+02 2.419954154772401012e+02
2.000703494644446891e+02 2.413658739787589695e+02
2.009376121364359165e+02 2.407484006728718953e+02
2.018122870563795743e+02 2.401429091955558874e+02
2.026941416535402709e+02 2.395493137966862207e+02
2.035829630015554415e+02 2.389675786939200179e+02
2.044785601698787900e+02 2.383976919108044683e+02
2.053807472218315411e+02 2.378396428263669407e+02
2.062893426677503896e+02 2.372934219297860352e+02
2.072042172021785404e+02 2.367590018732567785e+02
2.081251336040024000e+02 2.362364409852834513e+02
2.090519958492165529e+02 2.357257295750098365e+02
2.099846515008629808e+02 2.352268980602948432e+02
2.109229381772302361e+02 2.347399830109397953e+02
2.118667040720645502e+02 2.342650128667685578e+02
2.128158535181699165e+02 2.338019820818848018e+02
2.137701590490122499e+02 2.333509480114959445e+02
2.147295120950091132e+02 2.329119076680080411e+02
2.156937639425726729e+02 2.324848843295721679e+02
2.166627589896264396e+02 2.320698880218339752e+02
2.176363208483871006e+02 2.316668889850425899e+02
2.186142717481191653e+02 2.312758507934586589e+02
2.195964363591199913e+02 2.308967373797413529e+02
2.205826414601415593e+02 2.305295127398398449e+02
2.215726984975496805e+02 2.301741067777021215e+02
2.225663895954335771e+02 2.298303843727282469e+02
2.235634980512332390e+02 2.294982022640604669e+02
2.245638322704450047e+02 2.291774108242703107e+02
2.255671609151716552e+02 2.288678740820610926e+02
2.265732468155547963e+02 2.285693903374778984e+02
2.275818696152955454e+02 2.282816734062690500e+02
2.285927550000824056e+02 2.280044518698616969e+02
2.296056541240870104e+02 2.277374417343721973e+02
2.306203737742850706e+02 2.274803427053480505e+02
2.316365987049196065e+02 2.272328195674512301e+02
2.326541335523775160e+02 2.269944414360348333e+02
2.336726559535376850e+02 2.267648113832051138e+02
2.346919767700382522e+02 2.265434945565033331e+02
2.357118285502006927e+02 2.263300747480511177e+02
2.367319779844762593e+02 2.261240729744465341e+02
2.377522156026790299e+02 2.259249802042704971e+02
2.387722746133042051e+02 2.257322953944721746e+02
2.397919732798474683e+02 2.255454970652925226e+02
2.408111372339136267e+02 2.253640972130412763e+02
2.418296231131556340e+02 2.251877841108089342e+02
2.428473687843027164e+02 2.250163083590112763e+02
2.438643089561335273e+02 2.248494276369583531e+02
2.448803706137565257e+02 2.246869010720611470e+02
2.458954918138557559e+02 2.245284925776155376e+02
2.469096406678035009e+02 2.243740024903716801e+02
2.479227877020805408e+02 2.242232439037695428e+02
2.489349154599910037e+02 2.240760328012450771e+02
2.499459946583843362e+02 2.239321838127386286e+02
2.509560195652080097e+02 2.237915213154994944e+02
2.519649956671100313e+02 2.236539033679545128e+02
2.529729334476209033e+02 2.235191952512431328e+02
2.539798481479931240e+02 2.233872636675897070e+02
2.549857613632821653e+02 2.232579780796735633e+02
2.559906997461871470e+02 2.231312207508933341e+02
2.569946986490203358e+02 2.230068959865295426e+02
2.579978015825295188e+02 2.228849138603561926e+02
2.590000546196569644e+02 2.227651867836340500e+02
2.600015080772598708e+02 2.226476294270564154e+02
2.610022181778602430e+02 2.225321673961862246e+02
2.620022472839377201e+02 2.224187401955767882e+02
2.630016617025655137e+02 2.223072905018278789e+02
2.640005322072848912e+02 2.221977654622081388e+02
2.649989321571107439e+02 2.220901118100364613e+02
2.659969403373561931e+02 2.219842830595626992e+02
2.669946396192104316e+02 2.218802372832090271e+02
2.679921090970111095e+02 2.217778761905058786e+02
2.689894298028982575e+02 2.216770438890405899e+02
2.699866882363555192e+02 2.215775847805160765e+02
2.709839730569645440e+02 2.214793468479350906e+02
2.719813749472439213e+02 2.213821816273293450e+02
2.729789866524191666e+02 2.212859451607246513e+02
2.739769028967002100e+02 2.211904971000058993e+02
2.749752199744316954e+02 2.210956976576721615e+02
2.759740364507488266e+02 2.210014148290213143e+02
2.769734527242835611e+02 2.209075210417878736e+02
2.779735709531881866e+02 2.208138922364362600e+02
2.789744950497835703e+02 2.207204078687770448e+02
2.799763307669276742e+02 2.206269540093986734e+02
2.809791871323394048e+02 2.205334375704679246e+02
2.819831712079175077e+02 2.204397672411939197e+02
2.829883934700654891e+02 2.203458568777268738e+02
2.839949655396256958e+02 2.202516246959184798e+02
2.850029998141442888e+02 2.201570064878357584e+02
2.860126102983191458e+02 2.200619849012043687e+02
2.870239096514019934e+02 2.199665539896515156e+02
2.880370040809326042e+02 2.198707057418307045e+02
2.890520074931155250e+02 2.197744407653349015e+02
2.900690233226144983e+02 2.196779454851063633e+02
2.910881339729994579e+02 2.195817724721714512e+02
2.921093829961964730e+02 2.194865080306332175e+02
2.931328190457691107e+02 2.193927472563571541e+02
2.941584793358791785e+02 2.193010950559589389e+02
2.951863481091094172e+02 2.192121658907713311e+02
2.962164176472751933e+02 2.191266108290352577e+02
2.972486806444769059e+02 2.190450964224328914e+02
2.982830444351531014e+02 2.189682656845677400e+02
2.993194809301006103e+02 2.188967848567679937e+02
3.003578850915495764e+02 2.188312929699792164e+02
3.013981689458302640e+02 2.187724240747491251e+02
3.024402158264343825e+02 2.187208095131953769e+02
3.034838974382645347e+02 2.186770816334868073e+02
3.045290564751137481e+02 2.186418612620220188e+02
3.055755722195484623e+02 2.186157141888249953e+02
3.066232396271831249e+02 2.185991372381098188e+02
3.076719304209010488e+02 2.185926507437767441e+02
3.087214476553237432e+02 2.185967623381031331e+02
3.097715795471651745e+02 2.186119578737869062e+02
3.108221588945215785e+02 2.186386202516887067e+02
3.118730050873652431e+02 2.186770813003030867e+02
3.129239275700090275e+02 2.187276725057300553e+02
3.139747041501460671e+02 2.187907157725684613e+02
3.150251455367430822e+02 2.188665177926717718e+02
3.160750665346070036e+02 2.189552652722844357e+02
3.171242852196572244e+02 2.190571113500696754e+02
3.181726156812026716e+02 2.191722096489941976e+02
3.192198760228058632e+02 2.193007178027405928e+02
3.202658819915665731e+02 2.194427655861189521e+02
3.213104414960697000e+02 2.195983876989227213e+02
3.223534022366427507e+02 2.197676158472987993e+02
3.233946330123798703e+02 2.199504960221187559e+02
3.244339206440745897e+02 2.201470455222743965e+02
3.254711237060486724e+02 2.203572866136494497e+02
3.265060977504452921e+02 2.205812020155186417e+02
3.275386900956200407e+02 2.208187691251107196e+02
3.285687276069702989e+02 2.210699577772614077e+02
3.295961001287275280e+02 2.213347678512287757e+02
3.306206459330963980e+02 2.216131835956168459e+02
3.316421890527465166e+02 2.219051821855578055e+02
3.326605974171793036e+02 2.222107629545829468e+02
3.336757148216854603e+02 2.225299209624903654e+02
3.346873882179456814e+02 2.228626587218961106e+02
3.356954723301302010e+02 2.232090159967981720e+02
3.366997316810677034e+02 2.235690182449312147e+02
3.377000241489380414e+02 2.239427402169940819e+02
3.386961791326686466e+02 2.243302553688560010e+02
3.396879637226094815e+02 2.247315991184661641e+02
3.406752521084725913e+02 2.251467223712539578e+02
3.416579544638115067e+02 2.255755108282148740e+02
3.426359538585925293e+02 2.260178436540352038e+02
3.436091297542396887e+02 2.264736046951884987e+02
3.445773870218014281e+02 2.269427110264948624e+02
3.455405610611651923e+02 2.274251201531999413e+02
3.464985074972652228e+02 2.279208425953975166e+02
3.474511125261199140e+02 2.284299260938847169e+02
3.483981356441539106e+02 2.289523533631765417e+02
3.493394416117633909e+02 2.294881882174793759e+02
3.502748391049794350e+02 2.300375095887204395e+02
3.512041101144840809e+02 2.306004049517580370e+02
3.521270255056398355e+02 2.311769709368678889e+02
3.530433846145186294e+02 2.317673464388456637e+02
3.539529049550956188e+02 2.323716355814731571e+02
3.548553781444650213e+02 2.329900218756733636e+02
3.557504700920705432e+02 2.336226234359832574e+02
3.566379160531434422e+02 2.342696344191103037e+02
3.575174311519025423e+02 2.349312734557233000e+02
3.583886175029085166e+02 2.356076881258063054e+02
3.592512038212271932e+02 2.362991428108260834e+02
3.601047624538122705e+02 2.370058122963763481e+02
3.609489230341112034e+02 2.377279596206354881e+02
3.617832737512603103e+02 2.384658676815561478e+02
3.626073179568844012e+02 2.392197648166952604e+02
3.634206389829978434e+02 2.399899766906220293e+02
3.642226654178819558e+02 2.407767404847792250e+02
3.650129088127762884e+02 2.415804507397443501e+02
3.657906649444279878e+02 2.424013498505660209e+02
3.665553803485841513e+02 2.432398852453524114e+02
3.673063320777797571e+02 2.440963827496576926e+02
3.680427328735810306e+02 2.449711801910393660e+02
3.687638012222114412e+02 2.458647424846511171e+02
3.694685851371635863e+02 2.467774462226132357e+02
3.701561278222849296e+02 2.477097475487191218e+02
3.708253427759266856e+02 2.486620424983111945e+02
3.714750762115803013e+02 2.496347966651023853e+02
3.721040155781544740e+02 2.506284156015798601e+02
3.727107131931692834e+02 2.516432520447370393e+02
3.732936736612429058e+02 2.526797524051218602e+02
3.738511843387352087e+02 2.537381632954185591e+02
3.743814358820590655e+02 2.548187427027556566e+02
3.748824432178780057e+02 2.559215790281336638e+02
3.753520954564043564e+02 2.570466446154229629e+02
3.757881672193882991e+02 2.581938241909049339e+02
3.761882555738243923e+02 2.593625566171158994e+02
3.765499607972216154e+02 2.605522206273426491e+02
3.768708296580381898e+02 2.617618436715108032e+02
3.771483217490643369e+02 2.629900195782136052e+02
3.773796874841661975e+02 2.642352267188162500e+02
3.775622524383625205e+02 2.654952566074302922e+02
3.776936569092678155e+02 2.667674806824801976e+02
3.777723164150792741e+02 2.680455732488593981e+02
3.777982446267212708e+02 2.693228656039738667e+02
3.777724145323198854e+02 2.705959631502320235e+02
3.776962524134185628e+02 2.718618635115756206e+02
3.775715431636553490e+02 2.731178967991543232e+02
3.774003311859282803e+02 2.743617793634127224e+02
3.771848763183498932e+02 2.755914778564477956e+02
3.769275269994089967e+02 2.768054206920895126e+02
3.766306613734813595e+02 2.780023736591815009e+02
3.762966614671146885e+02 2.791813471647258780e+02
3.759278148994290518e+02 2.803417043956113162e+02
3.755263375974349742e+02 2.814829939892401285e+02
3.750943860188889403e+02 2.826048875446638249e+02
3.746338747446959019e+02 2.837074256907175709e+02
3.741466736833986602e+02 2.847905754052831639e+02
3.736344879446706955e+02 2.858544698454806507e+02
3.730988760809259475e+02 2.868993628009248482e+02
3.725413164696591934e+02 2.879255041020030603e+02
3.719631262852239502e+02 2.889332334465552208e+02
3.713655447183680280e+02 2.899228570781846201e+02
3.707496766981699352e+02 2.908947363351687159e+02
3.701165375365939099e+02 2.918492571842892858e+02
3.694671142865205411e+02 2.927867477864326702e+02
3.688022476936943690e+02 2.937076037579037688e+02
3.681227648706082505e+02 2.946121373392524561e+02
3.674293197978947774e+02 2.955007593333864406e+02
3.667226854659307378e+02 2.963737093894146142e+02
3.660034512930507731e+02 2.972313609762666715e+02
3.652721581200849528e+02 2.980740501723404350e+02
3.645294226605835206e+02 2.989019854157578493e+02
3.637756609088788196e+02 2.997155125055589906e+02
3.630113575090342124e+02 3.005148711490298297e+02
3.622369642068517805e+02 3.013002932553886808e+02
3.614528698845099370e+02 3.020720220424474860e+02
3.606594316958559716e+02 3.028302830116672339e+02
3.598569814124533650e+02 3.035752820647712156e+02
3.590458652606977807e+02 3.043071824856733087e+02
3.582263592757748256e+02 3.050261715425278339e+02
3.573987870839455354e+02 3.057323746370088884e+02
3.565633204077559526e+02 3.064259968936887049e+02
3.557202867671831541e+02 3.071070936212465199e+02
3.548698489838676551e+02 3.077757992597721000e+02
3.540122169581080129e+02 3.084321880296737959e+02
3.531475889670388710e+02 3.090763253579307843e+02
3.522761082577587217e+02 3.097082962289449029e+02
3.513980541579060741e+02 3.103281877648914815e+02
3.505136252833826234e+02 3.109362297622972164e+02
3.496231318817997362e+02 3.115325735629925248e+02
3.487267774151879394e+02 3.121174248903504349e+02
3.478247955974285333e+02 3.126909543468175912e+02
3.469173983235107244e+02 3.132533120446324233e+02
3.460047801204023585e+02 3.138046319333456609e+02
3.450870736651338007e+02 3.143450675852770360e+02
3.441645359915240192e+02 3.148746994145388385e+02
3.432372441227959712e+02 3.153936934717136182e+02
3.423054264482715325e+02 3.159021152481618628e+02
3.413691824430103452e+02 3.164000860934035018e+02
3.404286506431806743e+02 3.168876954959201271e+02
3.394839830230126836e+02 3.173650213040182848e+02
3.385353018427075540e+02 3.178321503660806684e+02
3.375827307951279295e+02 3.182891622903919142e+02
3.366264053385213515e+02 3.187361268205510783e+02
3.356664428612932056e+02 3.191731176688208507e+02
3.347029264104284607e+02 3.196002152754935537e+02
3.337360062338555622e+02 3.200174705196747027e+02
3.327657798669798126e+02 3.204249674588774610e+02
3.317923774669062027e+02 3.208227748745634358e+02
3.308158660046183286e+02 3.212109804125033747e+02
3.298364154106802744e+02 3.215896287639621960e+02
3.288540993101949539e+02 3.219588117240778615e+02
3.278690353627628724e+02 3.223186213996602305e+02
3.268813393239860829e+02 3.226691510099317384e+02
3.258911238476413246e+02 3.230104920736279155e+02
3.248984987597543750e+02 3.233427347171045199e+02
3.239035783171383400e+02 3.236659845308455488e+02
3.229064847184368432e+02 3.239803722621223869e+02
3.219073374345241518e+02 3.242860298061644926e+02
3.209062523433374849e+02 3.245830879366620820e+02
3.199033202062929604e+02 3.248716817736723783e+02
3.188986848367434277e+02 3.251519564762579648e+02
3.178924814604810649e+02 3.254240913446512877e+02
3.168847769581710168e+02 3.256882797991912639e+02
3.158757600173663036e+02 3.259446815038818386e+02
3.148654796923752883e+02 3.261934950355846468e+02
3.138541103718346221e+02 3.264349146853172670e+02
3.128417129453774805e+02 3.266691840908929407e+02
3.118284705245312125e+02 3.268965167642378447e+02
3.108144391493437411e+02 3.271171558909175019e+02
3.097997507602902942e+02 3.273313256228828436e+02
3.087845243223966918e+02 3.275392847444133508e+02
3.077688521342878971e+02 3.277413097668282944e+02
3.067528252736933041e+02 3.279376724936161054e+02
3.057365745010978912e+02 3.281286388422893765e+02
3.047201654296774791e+02 3.283144655912542476e+02
3.037036452692075272e+02 3.284952913970919894e+02
3.026870477498414971e+02 3.286712159418897841e+02
3.016704043694373354e+02 3.288423374614453678e+02
3.006537385422820421e+02 3.290087526996321117e+02
2.996370910716528329e+02 3.291705520116542516e+02
2.986204758053164028e+02 3.293278157683868699e+02
2.976039120295282032e+02 3.294806180071645940e+02
2.965874174202299969e+02 3.296290312425635420e+02
2.955710080343561685e+02 3.297731264519683805e+02
2.945546973747144648e+02 3.299129689668981769e+02
2.935384952853689242e+02 3.300486128756456878e+02
2.925224100135453114e+02 3.301801092703325935e+02
2.915064485323219401e+02 3.303075076293042116e+02
2.904906165147431238e+02 3.304308557308968375e+02
2.894749153618296305e+02 3.305501940894558857e+02
2.884593465374744028e+02 3.306655527924869489e+02
2.874439129552656027e+02 3.307769602902032489e+02
2.864286108247572429e+02 3.308844435374531940e+02
2.854134376628647942e+02 3.309880271124760611e+02
2.843983891041530114e+02 3.310877282327447801e+02
2.833834589850021075e+02 3.311835561698902666e+02
2.823686404018890812e+02 3.312755180743277492e+02
2.813539257586612052e+02 3.313636192778087093e+02
2.803393067089051556e+02 3.314478629108303949e+02
2.793247724079140539e+02 3.315282445042760742e+02
2.783103105758955849e+02 3.316047529440697872e+02
2.772959762690968546e+02 3.316773983536240280e+02
2.762818495981860565e+02 3.317462321249540764e+02
2.752679256894072068e+02 3.318113184423004896e+02
2.742541893207085195e+02 3.318727157397853489e+02
2.732406245102077946e+02 3.319304778209850610e+02
2.722272148031296410e+02 3.319846562622965394e+02
2.712139432836960395e+02 3.320353004440281097e+02
2.702007925343184525e+02 3.320824568531655814e+02
2.691877444598825946e+02 3.321261658425301562e+02
2.681747805646864435e+02 3.321664642082960199e+02
2.671618812101143590e+02 3.322033861363366896e+02
2.661490287558285104e+02 3.322369643042356415e+02
2.651362040560017590e+02 3.322672285265770711e+02
2.641233866174933951e+02 3.322942027729213805e+02
2.631105565019162214e+02 3.323179080455923895e+02
2.620976936099297063e+02 3.323383631626158490e+02
2.610847769611996796e+02 3.323555843490404982e+02
2.600717858530983904e+02 3.323695840877863361e+02
2.590587016703260019e+02 3.323803704362695157e+02
2.580455027616324060e+02 3.323879481886266944e+02
2.570321684359329879e+02 3.323923198885175339e+02
2.560186779585837371e+02 3.323934848332739875e+02
2.550050122119162097e+02 3.323913708687923076e+02
2.539911571488028699e+02 3.323857904219436250e+02
2.529770979051542099e+02 3.323765400401022703e+02
2.519628371561426832e+02 3.323634184624832528e+02
2.509483766238663520e+02 3.323462230721154356e+02
2.499337180497575730e+02 3.323247478002468256e+02
2.489188571764959192e+02 3.322987772781895615e+02
2.479038347013891439e+02 3.322681100001101413e+02
2.468886515873272174e+02 3.322325308350045248e+02
2.458733295629126303e+02 3.321918227356499642e+02
2.448579135731863516e+02 3.321457785601899104e+02
2.438424112160732875e+02 3.320941754573906337e+02
2.428268882472073926e+02 3.320368064162776705e+02
2.418113640198440635e+02 3.319734470814285601e+02
2.407958976349428326e+02 3.319038801738896041e+02
2.397805442885596676e+02 3.318278915408503167e+02
2.387653471606543576e+02 3.317452594439403128e+02
2.377503763261869381e+02 3.316557662547097038e+02
2.367357031601539745e+02 3.315591939194502515e+02
2.357213936478015057e+02 3.314553193893731304e+02
2.347075247915321654e+02 3.313439240784403523e+02
2.336941787451815742e+02 3.312247895015709105e+02
2.326814432321185677e+02 3.310976953000241565e+02
2.316694117161825091e+02 3.309624192488095105e+02
2.306581833721860448e+02 3.308187384631125951e+02
2.296478615470121269e+02 3.306664320725593598e+02
2.286385427381104591e+02 3.305052703978267914e+02
2.276303721845472410e+02 3.303350407876288841e+02
2.266234493851829939e+02 3.301555096595866985e+02
2.256179077491640044e+02 3.299664483694605792e+02
2.246138886954026646e+02 3.297676298796993137e+02
2.236115389920003906e+02 3.295588260432073184e+02
2.226109884508925916e+02 3.293397924428106762e+02
2.216124239137087670e+02 3.291103036169264442e+02
2.206160021372768654e+02 3.288701164663613099e+02
2.196219011390113565e+02 3.286189846038706719e+02
2.186303106659103719e+02 3.283566600386053551e+02
2.176414306943067061e+02 3.280828931257501040e+02
2.166554555086856340e+02 3.277974211707756353e+02
2.156726365012234226e+02 3.274999962775389122e+02
2.146931902220957795e+02 3.271903396870199572e+02
2.137173719704648818e+02 3.268681792813312654e+02
2.127454397761358962e+02 3.265332349293058201e+02
2.117776884449781676e+02 3.261852367747911217e+02
2.108144065209138489e+02 3.258238857181358412e+02
2.098559186590556465e+02 3.254488756587038552e+02
2.089025685165296977e+02 3.250599006177845922e+02
2.079547116844096308e+02 3.246566487108011643e+02
2.070127207872565407e+02 3.242388422690870584e+02
2.060768815046404541e+02 3.238065025545562889e+02
2.051474099506631035e+02 3.233597967755745231e+02
2.042245305470432299e+02 3.228988851564124616e+02
2.033084836526393246e+02 3.224239258779119268e+02
2.023995158142063531e+02 3.219350743491823437e+02
2.014978737767472410e+02 3.214324972978723736e+02
2.006037935511079979e+02 3.209163431635632833e+02
1.997175511232892404e+02 3.203867744698814022e+02
1.988394048754379071e+02 3.198439228625967985e+02
1.979696413752273827e+02 3.192879274254890447e+02
1.971085477800164654e+02 3.187189416782223930e+02
1.962564155055227673e+02 3.181371085479242424e+02
1.954135504109545707e+02 3.175425552046235111e+02
1.945802815697171013e+02 3.169354012083190355e+02
1.937569533210310624e+02 3.163157629738327046e+02
1.929439149299784617e+02 3.156837532524866106e+02
1.921415432378209402e+02 3.150394860504557641e+02
1.913502258814662866e+02 3.143830437525589900e+02
1.905703869700348037e+02 3.137145033193624499e+02
1.898024757883678717e+02 3.130339369556739939e+02
1.890469607142145492e+02 3.123413906420541366e+02
1.883043508289287900e+02 3.116369125688917165e+02
1.875751826596102205e+02 3.109205270245061570e+02
1.868600334234742775e+02 3.101922402894350057e+02
1.861595228549749663e+02 3.094520563387006860e+02
1.854743118091852807e+02 3.086999506330203076e+02
1.848051062250183065e+02 3.079358995093458020e+02
1.841526611457415186e+02 3.071598536409931626e+02
1.835177758988590142e+02 3.063717741503701291e+02
1.829013053163002098e+02 3.055715987047215663e+02
1.823041506374266589e+02 3.047592716670661730e+02
1.817272642902524922e+02 3.039347305161505233e+02
1.811716386847286913e+02 3.030979242105932485e+02
1.806383096589682395e+02 3.022488079733369091e+02
1.801283438533097865e+02 3.013873532375832269e+02
1.796428326433576785e+02 3.005135503924743148e+02
1.791828706264269329e+02 2.996274183791250039e+02
1.787495607256017252e+02 2.987290026590754906e+02
1.783439806384298549e+02 2.978183850204760006e+02
1.779671629532642214e+02 2.968956890841068343e+02
1.776201034662847746e+02 2.959610775510768121e+02
1.773036862272063843e+02 2.950147649803435570e+02
1.770187114754128288e+02 2.940570144107941815e+02
