1.745363158573276507e+02 2.935559238844507490e+02
1.742702519203906490e+02 2.924801916043925303e+02
1.740442779746050235e+02 2.913921075226781454e+02
1.738585620446573898e+02 2.902939222963357224e+02
1.737129170349780907e+02 2.891874842800053216e+02
1.736068971265538323e+02 2.880746822995517391e+02
1.735398578269708594e+02 2.869572692985804565e+02
1.735109665710077707e+02 2.858369951569082446e+02
1.735192552187720878e+02 2.847154657935135447e+02
1.735636603811366001e+02 2.835941658891249517e+02
1.736430574045529625e+02 2.824744574941712472e+02
1.737562746093487647e+02 2.813575973714949328e+02
1.739021536430441586e+02 2.802446563254798662e+02
1.740794928569367244e+02 2.791367242875737702e+02
1.742871707224803686e+02 2.780346550693688528e+02
1.745240792294127914e+02 2.769392899348691799e+02
1.747891410039013920e+02 2.758513444603572111e+02
1.750812971253148476e+02 2.747714507690625396e+02
1.753995028851983307e+02 2.737002409514918213e+02
1.757428587309746604e+02 2.726381522349351485e+02
1.761104603683573373e+02 2.715856989954711480e+02
1.765013988167234515e+02 2.705433211908494968e+02
1.769148608282288251e+02 2.695112848694931245e+02
1.773499887520241600e+02 2.684899807630332020e+02
1.778060825567409324e+02 2.674796258305415790e+02
1.782823760257209926e+02 2.664805682673780893e+02
1.787782089587961991e+02 2.654929348129547293e+02
1.792928635920741840e+02 2.645169171457314974e+02
1.798256643715726284e+02 2.635526860771028623e+02
1.803760255383858748e+02 2.626003465471500817e+02
1.809433524780534981e+02 2.616600405032428966e+02
1.815270691431858552e+02 2.607318238974439737e+02
1.821265856562435204e+02 2.598157639989881886e+02
1.827413754141337847e+02 2.589118895618186116e+02
1.833709230147061646e+02 2.580202479754332217e+02
1.840147711272010724e+02 2.571408431825109346e+02
1.846723990391385257e+02 2.562737120259274093e+02
1.853433827461537931e+02 2.554188050416924227e+02
1.860272612951132771e+02 2.545761337855175839e+02
1.867236177932933288e+02 2.537456836310369965e+02
1.874320797074194616e+02 2.529274190238817823e+02
1.881522823584833475e+02 2.521213141958786821e+02
1.888838338958348402e+02 2.513273788687153854e+02
1.896264284033890419e+02 2.505455631651139470e+02
1.903797379025134262e+02 2.497758550331015215e+02
1.911434303968482880e+02 2.490182726009400369e+02
1.919173174361284282e+02 2.482727705171431865e+02
1.927010639765797180e+02 2.475394356457325102e+02
1.934944820303036011e+02 2.468182459539467004e+02
1.942973346581011924e+02 2.461092311982611989e+02
1.951093346531377790e+02 2.454123518645273805e+02
1.959301324229019485e+02 2.447274787349586802e+02
1.967593872971188773e+02 2.440544739395293163e+02
1.975967746920274806e+02 2.433931950745824793e+02
1.984420442865586267e+02 2.427434652524367493e+02
1.992948236894399656e+02 2.421052490936872630e+02
2.001549746886739740e+02 2.414784079586150938e+02
2.010222197390323231e+02 2.408629089033366313e+02
2.018963444860716265e+02 2.402586781294406535e+02
2.027771513264415546e+02 2.396656424000698564e+02
2.036644513314061555e+02 2.390837647432408062e+02
2.045580710334516823e+02 2.385130239871932361e+02
2.054578416756655770e+02 2.379534007007382570e+02
2.063635987661193383e+02 2.374048770302669880e+02
2.072752284433672685e+02 2.368674172917076248e+02
2.081925069943159770e+02 2.363410642683740264e+02
2.091153480487517413e+02 2.358257920335458095e+02
2.100436101044998907e+02 2.353216142174937318e+02
2.109771420792788490e+02 2.348285506775761462e+02
2.119158042308072822e+02 2.343466146756920523e+02
2.128595155494101334e+02 2.338757914088125460e+02
2.138080658284275728e+02 2.334161296145365725e+02
2.147613622420281558e+02 2.329676188773969443e+02
2.157192724583607912e+02 2.325302749570657852e+02
2.166816608122055925e+02 2.321041069283955949e+02
2.176483803730195348e+02 2.316891021517507738e+02
2.186192838626674018e+02 2.312852450057874023e+02
2.195942257577260932e+02 2.308925208504708166e+02
2.205730620374732212e+02 2.305109158401289733e+02
2.215556398768054862e+02 2.301403968326114011e+02
2.225417893691555378e+02 2.297808931927727087e+02
2.235313414003646528e+02 2.294323302166899623e+02
2.245241503841455426e+02 2.290946277896820789e+02
2.255200287509401562e+02 2.287677213580163311e+02
2.265187907919120960e+02 2.284515023993091631e+02
2.275202783150247967e+02 2.281458054255999457e+02
2.285242752304942542e+02 2.278504837136706556e+02
2.295305878026407811e+02 2.275653793679846899e+02
2.305390769566311917e+02 2.272903197675937008e+02
2.315494813961223883e+02 2.270251189079787082e+02
2.325616685258239613e+02 2.267695103113104551e+02
2.335753673555227579e+02 2.265232667218461984e+02
2.345904424988065671e+02 2.262861217501050533e+02
2.356066702651903597e+02 2.260578319197820463e+02
2.366238607359844082e+02 2.258380962075425202e+02
2.376418460285920844e+02 2.256265872127354157e+02
2.386603894339418162e+02 2.254229894437380608e+02
2.396793407243257832e+02 2.252269659104337052e+02
2.406985440665643807e+02 2.250381961913558939e+02
2.417178219635065943e+02 2.248564119999294633e+02
2.427370653601447543e+02 2.246813524678514398e+02
2.437561612264223925e+02 2.245127633048348628e+02
2.447749870139014661e+02 2.243503916213093987e+02
2.457934296662998293e+02 2.241939821540410662e+02
2.468114002942970728e+02 2.240432866880785809e+02
2.478288104253406345e+02 2.238980614154858415e+02
2.488455862831799266e+02 2.237580640341462299e+02
2.498616403306403129e+02 2.236230508324590858e+02
2.508769119100831233e+02 2.234927815863738942e+02
2.518913494903784454e+02 2.233670362240172551e+02
2.529049077564758363e+02 2.232455986142207394e+02
2.539175483018585737e+02 2.231282529678389324e+02
2.549292416154539751e+02 2.230147851151374141e+02
2.559399645837140440e+02 2.229049919246313038e+02
2.569497044803759991e+02 2.227986895976916060e+02
2.579584600972787598e+02 2.226956986974369386e+02
2.589662347296925304e+02 2.225958412919732723e+02
2.599730384099698881e+02 2.224989408715215120e+02
2.609788901631246745e+02 2.224048340395691810e+02
2.619838183429139917e+02 2.223133745137738799e+02
2.629878576991310979e+02 2.222244186929417822e+02
2.639910500233969515e+02 2.221378266947353950e+02
2.649934418410372245e+02 2.220534578138812378e+02
2.659950886412204909e+02 2.219711818085377217e+02
2.669960529912112293e+02 2.218908764182725690e+02
2.679963982629798238e+02 2.218123623582834796e+02
2.689961979480376613e+02 2.217354016512884414e+02
2.699955345214792146e+02 2.216597564881737696e+02
2.709944952202636159e+02 2.215851944693060034e+02
2.719931717467199519e+02 2.215114879113310735e+02
2.729916599626401421e+02 2.214384136691664651e+02
2.739900599837749837e+02 2.213657522411248806e+02
2.749884762919915602e+02 2.212932841842890070e+02
2.759870166803776783e+02 2.212207942710733448e+02
2.769857932537246370e+02 2.211480702307954971e+02
2.779849221289629213e+02 2.210749034891954921e+02
2.789845233971702214e+02 2.210010892151005635e+02
2.799847211232906830e+02 2.209264274695990764e+02
2.809856436190315208e+02 2.208507305006242234e+02
2.819874224950776807e+02 2.207738100616142276e+02
2.829901930694614407e+02 2.206954835068009402e+02
2.839940945083926636e+02 2.206155729436129036e+02
2.849992694899268599e+02 2.205339157590271668e+02
2.860058642689067483e+02 2.204503885545244373e+02
2.870140271127494884e+02 2.203648783681523469e+02
2.880239049008841334e+02 2.202772708212720261e+02
2.890356514205358849e+02 2.201874610480929846e+02
2.900494114796450731e+02 2.200955760559991177e+02
2.910653043378557641e+02 2.200021995454654302e+02
2.920834142332309966e+02 2.199079603645996315e+02
2.931038225180801078e+02 2.198134962936558452e+02
2.941265970907587644e+02 2.197194556295966095e+02
2.951517577084719619e+02 2.196265133401899163e+02
2.961793219233616128e+02 2.195354027856805033e+02
2.972093024806312656e+02 2.194468743141656262e+02
2.982416356646913869e+02 2.193616560125371961e+02
2.992763065005820522e+02 2.192804989233029005e+02
3.003132279174711812e+02 2.192041454742503390e+02
3.013523203010824432e+02 2.191333490351414071e+02
3.023934735976137063e+02 2.190688609884433617e+02
3.034365622760961969e+02 2.190114335046885685e+02
3.044814297152099698e+02 2.189618075148685534e+02
3.055279484318678556e+02 2.189206716952762122e+02
3.065759092633517184e+02 2.188886486972238288e+02
3.076251694287553846e+02 2.188663832400378908e+02
3.086755183919046885e+02 2.188545075574367900e+02
3.097267278254598750e+02 2.188536291739534647e+02
3.107786120414496054e+02 2.188642341768278925e+02
3.118309716396515796e+02 2.188867495387561348e+02
3.128835948537760032e+02 2.189216013643345775e+02
3.139362365568445057e+02 2.189692057945830470e+02
3.149886819509683846e+02 2.190299565548915552e+02
3.160407253142787454e+02 2.191040975944158617e+02
3.170921646664365312e+02 2.191918303266646149e+02
3.181427927181833866e+02 2.192933562135150680e+02
3.191924047042022039e+02 2.194088802202738577e+02
3.202407945078102216e+02 2.195385705984866718e+02
3.212877543473064748e+02 2.196824745936000625e+02
3.223331165616771159e+02 2.198406311634496149e+02
3.233767342103635656e+02 2.200130932577938552e+02
3.244183790353281438e+02 2.201998850850686722e+02
3.254578955393214983e+02 2.204010285653043582e+02
3.264951296000731986e+02 2.206164921305000917e+02
3.275299197923652059e+02 2.208462371458683435e+02
3.285620846502310428e+02 2.210902173565006592e+02
3.295915058308441417e+02 2.213484163577706738e+02
3.306180147419897821e+02 2.216207999275419809e+02
3.316414299996304749e+02 2.219073236784000756e+02
3.326616146426866862e+02 2.222079651319419042e+02
3.336784081187020092e+02 2.225226975522165844e+02
3.346916534799493093e+02 2.228515018137466939e+02
3.357012008624835175e+02 2.231943992145372420e+02
3.367068092123605538e+02 2.235513996672283668e+02
3.377083312525607539e+02 2.239225625125591250e+02
3.387055914856667869e+02 2.243079457317951153e+02
3.396983524122738345e+02 2.247075685495843231e+02
3.406864871157249581e+02 2.251213588569378317e+02
3.416699072598420344e+02 2.255491748937925252e+02
3.426484980268734262e+02 2.259908683732369639e+02
3.436221416635235641e+02 2.264462958277541418e+02
3.445907460001601521e+02 2.269153485693624646e+02
3.455541449696061136e+02 2.273979682651034864e+02
3.465121909027517404e+02 2.278941540628263738e+02
3.474647669530590974e+02 2.284039423205551032e+02
3.484116291958824263e+02 2.289273039963419762e+02
3.493526390728187607e+02 2.294642920639323336e+02
3.502875996565391006e+02 2.300149782679710597e+02
3.512162864970075020e+02 2.305794437491073836e+02
3.521384638428303333e+02 2.311577784684822632e+02
3.530539243435169396e+02 2.317501143570302133e+02
3.539623783430216690e+02 2.323565481493036486e+02
3.548636100799441806e+02 2.329772559881731695e+02
3.557572775112017780e+02 2.336123480039310323e+02
3.566431078526711644e+02 2.342620099246331336e+02
3.575208078434990853e+02 2.349264512831184106e+02
3.583899716908970845e+02 2.356058085453808815e+02
3.592503219533570018e+02 2.363003317349117935e+02
3.601014248719837951e+02 2.370101802090289027e+02
3.609429038700158685e+02 2.377356008167909351e+02
3.617743408091330934e+02 2.384768593090026627e+02
3.625952351674787906e+02 2.392341631215525979e+02
3.634051698255312317e+02 2.400078118402376219e+02
3.642035739327728834e+02 2.407980157864901685e+02
3.649899596101336670e+02 2.416051414207261985e+02
3.657636247147939343e+02 2.424294027075955000e+02
3.665240216859516522e+02 2.432712127354064648e+02
3.672704393576073585e+02 2.441308589592719898e+02
3.680021041550600671e+02 2.450086405221362327e+02
3.687182493717722309e+02 2.459049827009372109e+02
3.694179409806812373e+02 2.468202228142132526e+02
3.701002465713309562e+02 2.477547733166541661e+02
3.707641107461296315e+02 2.487089853237107491e+02
3.714084139408044507e+02 2.496832802115339121e+02
3.720318822494753590e+02 2.506780218401086131e+02
3.726331116214356598e+02 2.516935240638369748e+02
3.732106567631607277e+02 2.527301942325456707e+02
3.737628630594562082e+02 2.537882457534186074e+02
3.742879840460479386e+02 2.548679082671545757e+02
3.747841038400324578e+02 2.559692503468779421e+02
3.752491858338459565e+02 2.570922335298155303e+02
3.756810817146523505e+02 2.582367419547261420e+02
3.760774712985263477e+02 2.594022306268021225e+02
3.764360396494566317e+02 2.605881051839615452e+02
3.767544208702419724e+02 2.617934369468325713e+02
3.770301502194779459e+02 2.630168863029384170e+02
3.772605094920372721e+02 2.642570182359301043e+02
3.774428419793575245e+02 2.655117261610418495e+02
3.775747965391818752e+02 2.667784893797992822e+02
3.776547894978795625e+02 2.680511562157052481e+02
3.776828095239200138e+02 2.693232294436695042e+02
3.776597789030399213e+02 2.705914140463711419e+02
3.775870634902439633e+02 2.718527903052533361e+02
3.774663815811509835e+02 2.731047552470970459e+02
3.772997073995688879e+02 2.743450758980366118e+02
3.770892281724669601e+02 2.755717561437759286e+02
3.768372194631423326e+02 2.767832453539890025e+02
3.765459887819043274e+02 2.779783173387393731e+02
3.762178507502939624e+02 2.791559801072130540e+02
3.758550302278721347e+02 2.803155837266713775e+02
3.754596863845557095e+02 2.814566570990567698e+02
3.750339248498269740e+02 2.825788473302524153e+02
3.745796150423107065e+02 2.836821636087465777e+02
3.740985852839100971e+02 2.847665400780164759e+02
3.735925038472480537e+02 2.858320738524926128e+02
3.730629000234556543e+02 2.868789826645149219e+02
3.725112284108053018e+02 2.879074814267627858e+02
3.719387853916314270e+02 2.889178744204882037e+02
3.713467915986284424e+02 2.899104328687547536e+02
3.707363362352338640e+02 2.908854835953990801e+02
3.701084253416145771e+02 2.918433819701436960e+02
3.694640400995434675e+02 2.927844282725047265e+02
3.688040164502610878e+02 2.937089912202785058e+02
3.681291774777105843e+02 2.946173572449004610e+02
3.674401746000825142e+02 2.955099131907372225e+02
3.667377834232688087e+02 2.963868793965867212e+02
3.660225973644889450e+02 2.972486127021911670e+02
3.652951611878312974e+02 2.980954338274816564e+02
3.645560959671992123e+02 2.989275364156604269e+02
3.638058224116538781e+02 2.997452541568714537e+02
3.630448335971085498e+02 3.005488186547129885e+02
3.622735901118556967e+02 3.013384554427064472e+02
3.614924891200153070e+02 3.021144024953511007e+02
3.607018956469960926e+02 3.028768809625291851e+02
3.599021499402621771e+02 3.036260942757525640e+02
3.590936087619177783e+02 3.043622061911722199e+02
3.582765580455680947e+02 3.050854059195822288e+02
3.574513314398643047e+02 3.057958209708378376e+02
3.566181088887252599e+02 3.064936603453012935e+02
3.557772284633024924e+02 3.071789834732128384e+02
3.549288629468542240e+02 3.078519325337595660e+02
3.540732324366585999e+02 3.085125896564161962e+02
3.532105448810223720e+02 3.091610286957479730e+02
3.523409520586051826e+02 3.097973439581512025e+02
3.514647421396823006e+02 3.104216307323002297e+02
3.505821199716750129e+02 3.110341278977890056e+02
3.496934033684194105e+02 3.116349949115277127e+02
3.487988015558930215e+02 3.122244469040037984e+02
3.478985541673700368e+02 3.128026635238939548e+02
3.469928771206241436e+02 3.133698018007302721e+02
3.460819676086783261e+02 3.139260010615060423e+02
3.451659597721667296e+02 3.144714209564834846e+02
3.442451143700077409e+02 3.150061465449209663e+02
3.433195084886146446e+02 3.155303504132178887e+02
3.423893723049366713e+02 3.160441004201812234e+02
3.414548038548381896e+02 3.165475207111767304e+02
3.405159410793459074e+02 3.170407030197366680e+02
3.395729357144815026e+02 3.175237272181930166e+02
3.386259088327212226e+02 3.179966819785631742e+02
3.376749814341708316e+02 3.184596457553329287e+02
3.367202862137355055e+02 3.189126859224094801e+02
3.357619374919977417e+02 3.193558739710232430e+02
3.348000144233866990e+02 3.197892885212457372e+02
3.338346648744248455e+02 3.202129765860757971e+02
3.328659807968430187e+02 3.206270157454715672e+02
3.318940876354782290e+02 3.210314669370898741e+02
3.309190458758314435e+02 3.214264108116628904e+02
3.299410226719642196e+02 3.218118832480132028e+02
3.289600850245094534e+02 3.221879672492236182e+02
3.279763439128066693e+02 3.225547419739103248e+02
3.269899084995016665e+02 3.229122870734628918e+02
3.260008851538468093e+02 3.232606803572962235e+02
3.250093777096477083e+02 3.235999980792406632e+02
3.240154940030552098e+02 3.239303301032348372e+02
3.230193490404606109e+02 3.242517886271733119e+02
3.220210554154289753e+02 3.245644866032724281e+02
3.210207225411860463e+02 3.248685357052928566e+02
3.200184339770909219e+02 3.251640522049867741e+02
3.190143286927435042e+02 3.254511601670167806e+02
3.180085363356730568e+02 3.257300167273721740e+02
3.170011149975844660e+02 3.260007943071590262e+02
3.159922523153750262e+02 3.262636286837528132e+02
3.149819886986097686e+02 3.265186974505386388e+02
3.139704978755594311e+02 3.267661715280203225e+02
3.129578332018248261e+02 3.270062740475619876e+02
3.119441792073532724e+02 3.272391949323607037e+02
3.109295854358326210e+02 3.274651565659113999e+02
3.099141835516770129e+02 3.276843605902784589e+02
3.088980924766971725e+02 3.278970463948624001e+02
3.078814033568926902e+02 3.281034730692325070e+02
3.068642068035897523e+02 3.283038948234884060e+02
3.058466373284680913e+02 3.284985587635942466e+02
3.048287607626733688e+02 3.286877060974750293e+02
3.038106294566702559e+02 3.288714697597349073e+02
3.027922833554262070e+02 3.290499472663639153e+02
3.017737601751850889e+02 3.292232347625793523e+02
3.007550889728172478e+02 3.293914271271369785e+02
2.997363184712905309e+02 3.295546131421291420e+02
2.987174689097162172e+02 3.297128750133168182e+02
2.976985668728898418e+02 3.298662890870515412e+02
2.966796372798086168e+02 3.300149302733997274e+02
2.956607033799364217e+02 3.301588720328005593e+02
2.946417860008501179e+02 3.302981830562122241e+02
2.936229026585456268e+02 3.304329227428826243e+02
2.926040692244542356e+02 3.305631478581527176e+02
2.915853001874984329e+02 3.306889136474387101e+02
2.905666086328458277e+02 3.308102737571493890e+02
2.895480031300238011e+02 3.309272752913498152e+02
2.885294927416716746e+02 3.310399558709111716e+02
2.875110882055840307e+02 3.311483515969882205e+02
2.864927926321198015e+02 3.312524973175936225e+02
2.854746106266208017e+02 3.313524255419055180e+02
2.844565448160986989e+02 3.314481617473796291e+02
2.834385959302713900e+02 3.315397238176296355e+02
2.824207638150675166e+02 3.316271276176147467e+02
2.814030474778489292e+02 3.317103872814688543e+02
2.803854450285865028e+02 3.317895148194587591e+02
2.793679517503833836e+02 3.318645146146401999e+02
2.783505612848072133e+02 3.319353843889767859e+02
2.773333447146254684e+02 3.320021419971482715e+02
2.763164014584738766e+02 3.320648465409328765e+02
2.752997323027083212e+02 3.321235716820126527e+02
2.742833259391180150e+02 3.321783851643686489e+02
2.732671700551750291e+02 3.322293499400899464e+02
2.722512516495406203e+02 3.322765267715033701e+02
2.712355570491529875e+02 3.323199742605365259e+02
2.702200718671242043e+02 3.323597480605282044e+02
2.692047808089340606e+02 3.323958972289303802e+02
2.681896679874520260e+02 3.324284671214250579e+02
2.671747160787708140e+02 3.324575005121694176e+02
2.661599099119596303e+02 3.324830386702680016e+02
2.651452324581005087e+02 3.325051199227214624e+02
2.641306650368839541e+02 3.325237763720196540e+02
2.631161894812632909e+02 3.325390370707642091e+02
2.621017873216908924e+02 3.325509288998841271e+02
2.610874389860242673e+02 3.325594761594971942e+02
2.600731251086421025e+02 3.325646993805140710e+02
2.590588285188956661e+02 3.325666145931349433e+02
2.580445285426184228e+02 3.325652345630422246e+02
2.570302054585353631e+02 3.325605698103265127e+02
2.560158393754486497e+02 3.325526277886293656e+02
2.550014116015489947e+02 3.325413566682473174e+02
2.539869074912564884e+02 3.325266090945595465e+02
2.529723102009560876e+02 3.325082236324823270e+02
2.519576204277102534e+02 3.324860410284328509e+02
2.509428364650866001e+02 3.324599005778896412e+02
2.499279554293442516e+02 3.324296371940139352e+02
2.489129670916440489e+02 3.323950754204057034e+02
2.478979072896785283e+02 3.323560536382233295e+02
2.468827689636161722e+02 3.323123963642912031e+02
2.458675657641788348e+02 3.322639260365490941e+02
2.448523343313977421e+02 3.322104735790436507e+02
2.438370717507234531e+02 3.321518529067672034e+02
2.428218339701354296e+02 3.320878937241428730e+02
2.418066282160810658e+02 3.320184080863192548e+02
2.407915014346882003e+02 3.319432148164497107e+02
2.397764956862720851e+02 3.318621338366926921e+02
2.387616399805710614e+02 3.317749762761816328e+02
2.377469896572519303e+02 3.316815571668444136e+02
2.367326003280894327e+02 3.315816908486925740e+02
2.357185211935964730e+02 3.314751861036265836e+02
2.347048118109985069e+02 3.313618543220695756e+02
2.336915360161847559e+02 3.312415061207983626e+02
2.326787622398610722e+02 3.311139499062550158e+02
2.316665636480423132e+02 3.309789918573096088e+02
2.306550180972615749e+02 3.308364370078431875e+02
2.296442066053601820e+02 3.306860916240321444e+02
2.286342021435197296e+02 3.305277526078222081e+02
2.276251256262551976e+02 3.303612334722238870e+02
2.266170506147190054e+02 3.301863261992863272e+02
2.256100833982618497e+02 3.300028278685423402e+02
2.246043366297853083e+02 3.298105382607479896e+02
2.235999268496489094e+02 3.296092556400696481e+02
2.225969516577818297e+02 3.293987611569980345e+02
2.215955650341985290e+02 3.291788543733572965e+02
2.205958879007112046e+02 3.289493186232745643e+02
2.195980597650592472e+02 3.287099371285957545e+02
2.186022298151055736e+02 3.284604908489045556e+02
2.176085553837544069e+02 3.282007579373825479e+02
2.166171850521056115e+02 3.279305021615418809e+02
2.156283227949895718e+02 3.276495060050241932e+02
2.146421312111583575e+02 3.273575243405680908e+02
2.136588097527534273e+02 3.270543175520580803e+02
2.126785567360392406e+02 3.267396358433318824e+02
2.117016054404685690e+02 3.264132386332177589e+02
2.107281745172371075e+02 3.260748614519728790e+02
2.097585134351290037e+02 3.257242371335716484e+02
2.087928862613527770e+02 3.253610958459768199e+02
2.078315632697519675e+02 3.249851581498130599e+02
2.068748309402674579e+02 3.245961664221287037e+02
2.059229185411299170e+02 3.241940747085172916e+02
2.049760003335371721e+02 3.237789333729533041e+02
2.040342588096572172e+02 3.233507827271477595e+02
2.030978937352470268e+02 3.229096589209650006e+02
2.021671121953670820e+02 3.224555901545386405e+02
2.012421281171804992e+02 3.219885989600305152e+02
2.003231422051994173e+02 3.215086787672478863e+02
1.994104046367916681e+02 3.210158377519842929e+02
1.985041395160961883e+02 3.205100451466329332e+02
1.976046074015881686e+02 3.199912725374888396e+02
1.967120786532560146e+02 3.194594879212193064e+02
1.958268289363649330e+02 3.189146395598189088e+02
1.949491488908257395e+02 3.183566542376397024e+02
1.940793577892548001e+02 3.177854475359724233e+02
1.932177962806974278e+02 3.172009240846894045e+02
1.923648139643948412e+02 3.166029684342245787e+02
1.915208018906599250e+02 3.159914644570749260e+02
1.906861537557961128e+02 3.153662494335553674e+02
1.898613147634320057e+02 3.147271539028309917e+02
1.890467668239610077e+02 3.140740002767291230e+02
1.882430037769749163e+02 3.134065670975630837e+02
1.874505875068011562e+02 3.127246401263531084e+02
1.866701068507892387e+02 3.120279645216618860e+02
1.859022026399068750e+02 3.113162574515155825e+02
1.851475870941850417e+02 3.105892437498875438e+02
1.844070078164010340e+02 3.098466000984496986e+02
1.836812970341627249e+02 3.090880146388624325e+02
1.829713347419497609e+02 3.083131202953579191e+02
1.822781069772464093e+02 3.075215911564284852e+02
1.816026525068326976e+02 3.067130528113556238e+02
1.809461164122359662e+02 3.058871759308266860e+02
1.803097110491344495e+02 3.050436063644547744e+02
1.796947527194931808e+02 3.041820400458324229e+02
1.791026392410303174e+02 3.033021891305135682e+02
1.785348711422217320e+02 3.024038340177810937e+02
1.779930282972077293e+02 3.014868184696380240e+02
1.774787599875295996e+02 3.005510999617497987e+02
1.769937593960696631e+02 2.995967163014569792e+02
1.765397591289449224e+02 2.986238755265863460e+02
1.761184835567012783e+02 2.976329542825490648e+02
1.757316194087486281e+02 2.966244513542787331e+02
1.753807790908988125e+02 2.955991634971693998e+02
1.750674315950875553e+02 2.945579963419658611e+02
