1.755186652875302684e+02 2.933498143662847042e+02
1.752329974064662679e+02 2.923229288765322735e+02
1.749826481385782699e+02 2.912812402224005268e+02
1.747681468785438312e+02 2.902262727267030868e+02
1.745897578262001275e+02 2.891594444376073625e+02
1.744475186016379382e+02 2.880823051367789276e+02
1.743412844209045431e+02 2.869964018309003677e+02
1.742707226514394563e+02 2.859033528063612266e+02
1.742353530457890542e+02 2.848047335747206716e+02
1.742345782512203414e+02 2.837020757224871090e+02
1.742677116628203180e+02 2.825968520304708136e+02
1.743340010870218748e+02 2.814904814254825283e+02
1.744326933135553190e+02 2.803842565146031234e+02
1.745629647460997091e+02 2.792795031747991175e+02
1.747240329059618773e+02 2.781773590873631292e+02
1.749150996759203451e+02 2.770789565718216636e+02
1.751353514542703067e+02 2.759853135456800146e+02
1.753839485507390350e+02 2.748973623706245348e+02
1.756600437449249625e+02 2.738160313449100158e+02
1.759629104273738847e+02 2.727420632117982677e+02
1.762918012057073724e+02 2.716762649702278054e+02
1.766459110951711011e+02 2.706193475576844776e+02
1.770244860177851933e+02 2.695718275567571141e+02
1.774267205182629823e+02 2.685343300388192347e+02
1.778519571551007914e+02 2.675073005984984320e+02
1.782994630698841831e+02 2.664913015164922854e+02
1.787685607647537154e+02 2.654866376573866660e+02
1.792584880804229215e+02 2.644936494374226754e+02
1.797685238263656800e+02 2.635126450548204957e+02
1.802980368467136714e+02 2.625438557254469742e+02
1.808463818586449747e+02 2.615875367960894096e+02
1.814129011441035288e+02 2.606438232620070607e+02
1.819969124780531047e+02 2.597128424406806744e+02
1.825978003778959646e+02 2.587946728026332153e+02
1.832149629958759078e+02 2.578894034719610318e+02
1.838478573181109255e+02 2.569970685378934832e+02
1.844958654553053066e+02 2.561177187752194868e+02
1.851584688538250418e+02 2.552513058825504118e+02
1.858351135235234324e+02 2.543978383078364232e+02
1.865252936537905271e+02 2.535572915340783595e+02
1.872285530115247525e+02 2.527296148226463401e+02
1.879444488441101555e+02 2.519147655456603729e+02
1.886725129024422642e+02 2.511127344240518937e+02
1.894123683613102003e+02 2.503234459318339589e+02
1.901636175466698546e+02 2.495468604033112570e+02
1.909258663430690888e+02 2.487829726730184632e+02
1.916988820375501348e+02 2.480317191957463479e+02
1.924822814652215186e+02 2.472931740028402601e+02
1.932758359588240751e+02 2.465672949492251860e+02
1.940792669042726857e+02 2.458540922254096870e+02
1.948922470458965961e+02 2.451535052288485872e+02
1.957143883475086170e+02 2.444653822973278352e+02
1.965453130993186051e+02 2.437895616940570278e+02
1.973846611603934491e+02 2.431258757114559614e+02
1.982321511779169327e+02 2.424741197877285686e+02
1.990873856213263196e+02 2.418342507193087840e+02
1.999502208176782574e+02 2.412061278175112022e+02
2.008203675730647717e+02 2.405897214635427019e+02
2.016976026441758734e+02 2.399849589443684863e+02
2.025817206050408004e+02 2.393917684997854565e+02
2.034725302018274249e+02 2.388101236234904263e+02
2.043698590530059107e+02 2.382400187960704443e+02
2.052735392028295962e+02 2.376814504305368700e+02
2.061834066219505530e+02 2.371344166374461793e+02
2.070993497568581745e+02 2.365988969690760371e+02
2.080211433052585335e+02 2.360749557696291276e+02
2.089487053829441265e+02 2.355625860997338918e+02
2.098818958229266798e+02 2.350618225268844412e+02
2.108205639062507828e+02 2.345727063027774193e+02
2.117645693941745435e+02 2.340952705546650634e+02
2.127138292290407264e+02 2.336295131449845712e+02
2.136681244951413419e+02 2.331754971847725528e+02
2.146273583104004672e+02 2.327332236926782230e+02
2.155913921987379354e+02 2.323027209403387303e+02
2.165600809211946398e+02 2.318840048238046734e+02
2.175332591816961951e+02 2.314770534771593873e+02
2.185107601804079707e+02 2.310818389375436368e+02
2.194924192675843244e+02 2.306983338537575037e+02
2.204780736225840485e+02 2.303265111962842013e+02
2.214675456337959361e+02 2.299663117093651863e+02
2.224606295661183140e+02 2.296176144337940457e+02
2.234571206093929732e+02 2.292802908927336603e+02
2.244568395198859321e+02 2.289542060979783571e+02
2.254595650276170318e+02 2.286392399548082608e+02
2.264650711275626804e+02 2.283352085525380630e+02
2.274731514147130724e+02 2.280418453411010375e+02
2.284835420938759967e+02 2.277589003748435630e+02
2.294960050926996189e+02 2.274861110250857053e+02
2.305103602602076762e+02 2.272231974475020877e+02
2.315262989277089787e+02 2.269698484451493812e+02
2.325436401960421051e+02 2.267256544595805110e+02
2.335620665491283034e+02 2.264902439541026240e+02
2.345814014852784624e+02 2.262632042563742800e+02
2.356013830619361045e+02 2.260441439524722966e+02
2.366217848314688013e+02 2.258326053125182966e+02
2.376424050102168337e+02 2.256280984643698275e+02
2.386629774851534478e+02 2.254301440967950327e+02
2.396833272942547808e+02 2.252382401527477782e+02
2.407032841836811201e+02 2.250519164645094463e+02
2.417226983859532652e+02 2.248708654326961209e+02
2.427415047277376630e+02 2.246948333941201952e+02
2.437596339950512174e+02 2.245235740480115396e+02
2.447770074064943060e+02 2.243568431109401899e+02
2.457935572499088437e+02 2.241944003114884083e+02
2.468092471278541495e+02 2.240360382815199785e+02
2.478240420746047619e+02 2.238815618507921954e+02
2.488379207035152660e+02 2.237307782692698197e+02
2.498508464048669566e+02 2.235834943742135579e+02
2.508628094073985153e+02 2.234395253265928716e+02
2.518738106506971519e+02 2.232987188032001029e+02
2.528838560464583622e+02 2.231609294698518511e+02
2.538929565982621170e+02 2.230260133195607750e+02
2.549011305425615319e+02 2.228938288933619845e+02
2.559084006329412091e+02 2.227642478097519927e+02
2.569147982064977214e+02 2.226371640166892973e+02
2.579203647330184594e+02 2.225124768259434518e+02
2.589251438582282390e+02 2.223900879959627730e+02
2.599291838286579832e+02 2.222699015124575510e+02
2.609325393224917775e+02 2.221518331654394274e+02
2.619352717046091357e+02 2.220358138206413230e+02
2.629374465994090997e+02 2.219217775756926017e+02
2.639391352107405737e+02 2.218096628538986010e+02
2.649404095638196281e+02 2.216994080908401941e+02
2.659413491199555892e+02 2.215909601595879508e+02
2.669420370596966450e+02 2.214842723602757815e+02
2.679425298802195812e+02 2.213792445681733057e+02
2.689428853636185295e+02 2.212757183758469353e+02
2.699431895701664530e+02 2.211735327257149208e+02
2.709435322794739704e+02 2.210725331555331934e+02
2.719440055544869779e+02 2.209725707559569230e+02
2.729447039604700649e+02 2.208735011491992282e+02
2.739457236950742072e+02 2.207751836381528960e+02
2.749471611765413286e+02 2.206774789184826489e+02
2.759491176018459555e+02 2.205802602481529391e+02
2.769516950732391933e+02 2.204834075271751601e+02
2.779549972283204511e+02 2.203868042155694127e+02
2.789591292376838965e+02 2.202903373236287052e+02
2.799641979350306542e+02 2.201939019442647805e+02
2.809703147682405415e+02 2.200974205016501344e+02
2.819775848151857076e+02 2.200008191499904058e+02
2.829861192927788238e+02 2.199040291351399787e+02
2.839960296857281605e+02 2.198069860944357572e+02
2.850074274003477512e+02 2.197096463679690999e+02
2.860204255190413392e+02 2.196120223981626793e+02
2.870351341753909651e+02 2.195141397164481987e+02
2.880516536139741675e+02 2.194160216667371230e+02
2.890700949305104359e+02 2.193177004035616164e+02
2.900905558118793692e+02 2.192194151063716276e+02
2.911131102457524662e+02 2.191218132485907120e+02
2.921377841179223083e+02 2.190255804518138518e+02
2.931646126858299226e+02 2.189314112098035423e+02
2.941936175646639526e+02 2.188400092856350909e+02
2.952247574426961592e+02 2.187520726535648237e+02
2.962580054485060259e+02 2.186683165340567712e+02
2.972933364697448724e+02 2.185894702180202103e+02
2.983306254652367215e+02 2.185162378455129044e+02
2.993698254333216937e+02 2.184493465402917707e+02
3.004108031399721881e+02 2.183894686207522113e+02
3.014534498798356026e+02 2.183372472221708449e+02
3.024976261623431242e+02 2.182933212951174369e+02
3.035431812414341266e+02 2.182583305483797176e+02
3.045899338527189570e+02 2.182329002307182293e+02
3.056377480175466417e+02 2.182175733175801042e+02
3.066863986653881398e+02 2.182128045791830289e+02
3.077357476622327681e+02 2.182190732816088143e+02
3.087855836195644201e+02 2.182368450013154302e+02
3.098356815796377077e+02 2.182665615112398996e+02
3.108858676422882468e+02 2.183085486245701929e+02
3.119359558114057336e+02 2.183630749996820555e+02
3.129857515119630875e+02 2.184304089535229707e+02
3.140350287501006505e+02 2.185108090186028278e+02
3.150835977470095486e+02 2.186045206058345229e+02
3.161312716873883915e+02 2.187116762756135131e+02
3.171778677634339374e+02 2.188323771927417454e+02
3.182232003473620239e+02 2.189667250860190961e+02
3.192670892497356476e+02 2.191148258607498178e+02
3.203093508932504392e+02 2.192767649340056266e+02
3.213497880791212538e+02 2.194525548303016365e+02
3.223882435923758294e+02 2.196422094899412230e+02
3.234245816494547512e+02 2.198457570629744282e+02
3.244585830081124413e+02 2.200631965105990560e+02
3.254900972180924441e+02 2.202945463667457204e+02
3.265189609644842790e+02 2.205398145174386855e+02
3.275450001558208442e+02 2.207990064259726068e+02
3.285680188628904830e+02 2.210721192931960957e+02
3.295878825847411235e+02 2.213591801130594376e+02
3.306043958235695754e+02 2.216602216946980377e+02
3.316173358540937102e+02 2.219752997384608761e+02
3.326265193880587390e+02 2.223044926937038781e+02
3.336317356073852238e+02 2.226478730139958486e+02
3.346327723992004053e+02 2.230055206780272954e+02
3.356294043243845522e+02 2.233775934953329738e+02
3.366212958151942871e+02 2.237642739549234250e+02
3.376081947878157621e+02 2.241657909686552443e+02
3.385898136608297477e+02 2.245823682117344049e+02
3.395657991325488751e+02 2.250141838034672901e+02
3.405359174933787472e+02 2.254612762852194123e+02
3.414999793983468521e+02 2.259235817694247714e+02
3.424577647905310300e+02 2.264010257063252141e+02
3.434090451928060475e+02 2.268935340571796360e+02
3.443536105801487679e+02 2.274010599456674981e+02
3.452911802062367883e+02 2.279235894336609931e+02
3.462214862532535449e+02 2.284611533024781522e+02
3.471442817707991821e+02 2.290138115130466190e+02
3.480591969379092347e+02 2.295815576051698770e+02
3.489659546031390391e+02 2.301644473000768301e+02
3.498642353238561213e+02 2.307625131632237583e+02
3.507536941394247378e+02 2.313757797818572328e+02
3.516339697333618233e+02 2.320042727696570637e+02
3.525047178342407506e+02 2.326480474540732075e+02
3.533655282395308177e+02 2.333070988416332341e+02
3.542160879583586279e+02 2.339814177164780631e+02
3.550559807017584717e+02 2.346709177166191296e+02
3.558848439049462513e+02 2.353755697319406011e+02
3.567022908478326144e+02 2.360953558514883071e+02
3.575078671364369711e+02 2.368301484950699773e+02
3.583012772566898434e+02 2.375798228428455161e+02
3.590821095520378776e+02 2.383441640667266768e+02
3.598499972076091353e+02 2.391230217368282638e+02
3.606045398162068523e+02 2.399162525702238895e+02
3.613453183822917936e+02 2.407236108240112173e+02
3.620720381218046668e+02 2.415448447035053334e+02
3.627843058269781409e+02 2.423796296309365061e+02
3.634817911175408085e+02 2.432277558399431996e+02
3.641640274390524610e+02 2.440889031736917332e+02
3.648306963004112617e+02 2.449628548438523410e+02
3.654814198218703609e+02 2.458492746218869627e+02
3.661157990606589010e+02 2.467478441189606997e+02
3.667334502478544209e+02 2.476583416811077996e+02
3.673339037320719171e+02 2.485805050748928977e+02
3.679167153039546179e+02 2.495141321435501709e+02
3.684813941986532768e+02 2.504590034870795137e+02
3.690274290271945574e+02 2.514149732857156891e+02
3.695542422677665400e+02 2.523818999526494906e+02
3.700612062682378109e+02 2.533596613874861418e+02
3.705476556091505245e+02 2.543482581176479016e+02
3.710128245056360470e+02 2.553476512726153089e+02
3.714559161264871250e+02 2.563578759727083707e+02
3.718760690014503325e+02 2.573789588354470652e+02
3.722723670379743908e+02 2.584109628563204524e+02
3.726437828934275558e+02 2.594540315756252085e+02
3.729892074636393886e+02 2.605081981386109078e+02
3.733075328449664312e+02 2.615735682148462615e+02
3.735976260719434094e+02 2.626501891653293228e+02
3.738581014564504699e+02 2.637380630637724153e+02
3.740867398568308886e+02 2.648373372536075863e+02
3.742811836284492415e+02 2.659477943425532089e+02
3.744391961123475312e+02 2.670689047300767243e+02
3.745591725860522274e+02 2.681982095631254310e+02
3.746405323030870136e+02 2.693328183918424088e+02
3.746831481414826612e+02 2.704711945156922184e+02
3.746871667047059873e+02 2.716118193250146646e+02
3.746529813333020229e+02 2.727531777514507212e+02
3.745811886251380542e+02 2.738938040281739177e+02
3.744725651937333168e+02 2.750322258167704490e+02
3.743279885553889699e+02 2.761670947418492119e+02
3.741484281619726175e+02 2.772971466614477549e+02
3.739349357866187802e+02 2.784211709655563141e+02
3.736885785890339662e+02 2.795380963131548242e+02
3.734104669838209247e+02 2.806469184013304243e+02
3.731017612191691910e+02 2.817466775922066518e+02
3.727635140767448547e+02 2.828366283506647960e+02
3.723968028914235902e+02 2.839159628665672699e+02
3.720026444070555840e+02 2.849839793819593865e+02
3.715820570967547951e+02 2.860400975011618812e+02
3.711360808011421000e+02 2.870837712998728080e+02
3.706656617332758401e+02 2.881145374607802410e+02
3.701717107036496373e+02 2.891319250077128231e+02
3.696550661362616097e+02 2.901355312965606572e+02
3.691166062417377702e+02 2.911250622526965230e+02
3.685572417431444592e+02 2.921002371568675926e+02
3.679777670461639332e+02 2.930608579599276595e+02
3.673789697181712768e+02 2.940066830434901703e+02
3.667615073881803482e+02 2.949375929642638994e+02
3.661262318699608045e+02 2.958534205873705218e+02
3.654738570446850190e+02 2.967541657013235863e+02
3.648050454021124551e+02 2.976398221213983675e+02
3.641205242531626709e+02 2.985102918279059736e+02
3.634208477997741511e+02 2.993656384342709202e+02
3.627066805927626660e+02 3.002059037056512238e+02
3.619786596269290158e+02 3.010311540283036038e+02
3.612373537360342652e+02 3.018414857419880377e+02
3.604832926826935022e+02 3.026369963094212494e+02
3.597169815509084856e+02 3.034177896060334092e+02
3.589389492706351348e+02 3.041839633291386917e+02
3.581496503898889046e+02 3.049356553189490455e+02
3.573495782142139774e+02 3.056729558407986929e+02
3.565390681961575297e+02 3.063960455550686675e+02
3.557185988562784473e+02 3.071049626052539452e+02
3.548884726602888122e+02 3.077998254628581662e+02
3.540490323565325070e+02 3.084807006037420933e+02
3.532006036107450768e+02 3.091476533236605633e+02
3.523434520112994619e+02 3.098007770559592018e+02
3.514779957121741631e+02 3.104402015918377060e+02
3.506045854069177494e+02 3.110662373106223981e+02
3.497236796589850201e+02 3.116791228880020412e+02
3.488356218909040081e+02 3.122791589263576952e+02
3.479407781423932420e+02 3.128666127776074291e+02
3.470394576899817594e+02 3.134416916475598782e+02
3.461319277007216328e+02 3.140045580005844954e+02
3.452183885158207772e+02 3.145553970678415112e+02
3.442991661490462434e+02 3.150943209582108580e+02
3.433743965494181793e+02 3.156215300441536442e+02
3.424443544269883546e+02 3.161370966247305319e+02
3.415091724061605873e+02 3.166411398937150921e+02
3.405690226334600084e+02 3.171337473154480904e+02
3.396240904024218707e+02 3.176149954123290513e+02
3.386745279742279990e+02 3.180849686079768617e+02
3.377204808958491640e+02 3.185437308734454973e+02
3.367621042951381014e+02 3.189913320031691342e+02
3.357995344829402597e+02 3.194278265717914564e+02
3.348328721075053522e+02 3.198532769457166864e+02
3.338622878578336781e+02 3.202677154391286649e+02
3.328878982503242696e+02 3.206712107836657424e+02
3.319098538373442580e+02 3.210638165166040494e+02
3.309282396182835555e+02 3.214456065286466924e+02
3.299432474859357285e+02 3.218166102131901880e+02
3.289549727651369153e+02 3.221769138493501714e+02
3.279635640045877949e+02 3.225266212019283216e+02
3.269691682601830962e+02 3.228658401872204422e+02
3.259719287760760267e+02 3.231946776218498485e+02
3.249719854226901816e+02 3.235132398129519515e+02
3.239694898257482123e+02 3.238216679395454207e+02
3.229646126241438537e+02 3.241201583751483781e+02
3.219575209226921402e+02 3.244089121618990248e+02
3.209483763628921338e+02 3.246881301888257099e+02
3.199373137427158440e+02 3.249580198793306636e+02
3.189245313605857746e+02 3.252188288168595705e+02
3.179102279115566603e+02 3.254708717132334073e+02
3.168945305441999380e+02 3.257144804911929441e+02
3.158776858433292318e+02 3.259499542710114497e+02
3.148597975112652421e+02 3.261776348108784305e+02
3.138411022837283895e+02 3.263978916539971920e+02
3.128217275884715036e+02 3.266111678299961341e+02
3.118019175916137442e+02 3.268178786690791640e+02
3.107817860715611573e+02 3.270184701802838845e+02
3.097615177665315400e+02 3.272133735608778125e+02
3.087412863868843260e+02 3.274030768852103961e+02
3.077212376978763473e+02 3.275880977347078442e+02
3.067015107776286413e+02 3.277689504952517154e+02
3.056822770063250232e+02 3.279461455748223671e+02
3.046636302444056810e+02 3.281201550201827786e+02
3.036455940656472876e+02 3.282911714498113156e+02
3.026281622113640992e+02 3.284592933910003580e+02
3.016113264029283982e+02 3.286246173456092947e+02
3.005950708135177365e+02 3.287872377105062469e+02
2.995793938568149315e+02 3.289472340809535353e+02
2.985642612633729982e+02 3.291046459955586556e+02
2.975496431738403658e+02 3.292594996001815275e+02
2.965355092771888508e+02 3.294118187876368893e+02
2.955218287812591598e+02 3.295616251814389557e+02
2.945085680161149071e+02 3.297089276396657169e+02
2.934956876079273229e+02 3.298537079495100102e+02
2.924831477638359161e+02 3.299959419667800944e+02
2.914709091085737782e+02 3.301356031833134921e+02
2.904589326433732595e+02 3.302726625887747218e+02
2.894471759297529161e+02 3.304070782351100206e+02
2.884355967698647873e+02 3.305387891820158757e+02
2.874241562328044779e+02 3.306677314456831596e+02
2.864128110260929816e+02 3.307938388028279064e+02
2.854015211059677881e+02 3.309170419198215427e+02
2.843902462372062701e+02 3.310372609260157901e+02
2.833789461419624445e+02 3.311544045967987699e+02
2.823675820650008745e+02 3.312683788382875036e+02
2.813561168748474302e+02 3.313790871604124959e+02
2.803445150318598849e+02 3.314864302771869120e+02
2.793327407649482552e+02 3.315903001111029766e+02
2.783207591821500273e+02 3.316905809425471148e+02
2.773086086123511222e+02 3.317871774230127357e+02
2.762963596923084424e+02 3.318800346214361525e+02
2.752839986391583125e+02 3.319691104896337492e+02
2.742715035512879354e+02 3.320543576456488495e+02
2.732588543048675547e+02 3.321357242142135533e+02
2.722460327801076119e+02 3.322131559759814081e+02
2.712330228487327304e+02 3.322865964344071017e+02
2.702198103294525140e+02 3.323559864108136139e+02
2.692063828594965003e+02 3.324212620132499296e+02
2.681927300575276263e+02 3.324823563198881970e+02
2.671788425692395208e+02 3.325391998717742581e+02
2.661647157675072890e+02 3.325917217773645120e+02
2.651503456657864035e+02 3.326398489812931984e+02
2.641357290789653121e+02 3.326835047833993144e+02
2.631208657713660273e+02 3.327226101691429676e+02
2.621057575769953019e+02 3.327570841680512217e+02
2.610904075086770035e+02 3.327868434824684414e+02
2.600748212052632766e+02 3.328118026240224481e+02
2.590590091844856602e+02 3.328318750574576939e+02
2.580429803482164175e+02 3.328469717992073242e+02
2.570267469744147206e+02 3.328570019972642626e+02
2.560103234672104122e+02 3.328618728932192425e+02
2.549937264894445264e+02 3.328614850813019643e+02
2.539769752230456561e+02 3.328557294554931900e+02
2.529600843114042732e+02 3.328444910770860474e+02
2.519430870421588793e+02 3.328276576280544532e+02
2.509260121451826535e+02 3.328051157240717544e+02
2.499088850951329732e+02 3.327767493844557407e+02
2.488917208641255741e+02 3.327424341241565457e+02
2.478745864128829339e+02 3.327020600993093922e+02
2.468574968624848509e+02 3.326555034253872236e+02
2.458404897357661412e+02 3.326026385964353835e+02
2.448236273816399375e+02 3.325433497522190578e+02
2.438069247190695421e+02 3.324775042179273896e+02
2.427904627231510801e+02 3.324049860659337128e+02
2.417742648251166031e+02 3.323256612269179868e+02
2.407583982327856802e+02 3.322394030105754723e+02
2.397429229884073152e+02 3.321460852280252425e+02
2.387278830570176353e+02 3.320455724737450964e+02
2.377133504741091485e+02 3.319377337324818313e+02
2.366993959676161978e+02 3.318224374094369864e+02
2.356860818398989750e+02 3.316995459452383557e+02
2.346734808824769800e+02 3.315689222219506291e+02
2.336616694276959834e+02 3.314304276439622754e+02
2.326507275594733528e+02 3.312839215610539441e+02
2.316407392605737243e+02 3.311292612477197395e+02
2.306317925526155364e+02 3.309663019802767394e+02
2.296239784736971785e+02 3.307948966429626125e+02
2.286173790983258414e+02 3.306148879591908099e+02
2.276121252997085094e+02 3.304261357250751985e+02
2.266082981741981541e+02 3.302284780364710741e+02
2.256060122772021543e+02 3.300217566393382640e+02
2.246053888452649687e+02 3.298058116534826354e+02
2.236065525809250687e+02 3.295804811945745314e+02
2.226096092218583067e+02 3.293455865983617628e+02
2.216147199206058360e+02 3.291009677052800839e+02
2.206220134695377908e+02 3.288464461431335621e+02
2.196316379163235979e+02 3.285818397446435029e+02
2.186437508562649725e+02 3.283069640423980786e+02
2.176585178469553910e+02 3.280216321370495507e+02
2.166760968227016804e+02 3.277256434402374339e+02
2.156966985381866664e+02 3.274188135263122490e+02
2.147204965610469571e+02 3.271009294001106014e+02
2.137476996935160116e+02 3.267717835138137730e+02
2.127785168610724327e+02 3.264311591182428742e+02
2.118131896462985253e+02 3.260788484962316147e+02
2.108519485465306502e+02 3.257146207465804650e+02
2.098950538267809520e+02 3.253382417823097512e+02
2.089427805028386729e+02 3.249494756600477672e+02
2.079954114986460638e+02 3.245480783067088737e+02
2.070532448794635343e+02 3.241338291934921472e+02
2.061165163643859728e+02 3.237067294168271587e+02
2.051854075269316127e+02 3.232668838160051337e+02
2.042601079494602914e+02 3.228143884153503791e+02
2.033408223520112870e+02 3.223493355316653606e+02
2.024277615612596435e+02 3.218718121768944229e+02
2.015211385153015442e+02 3.213819096953236567e+02
2.006211564028036491e+02 3.208796975696946561e+02
1.997280572563774115e+02 3.203652569762645044e+02
1.988420656769557695e+02 3.198386362466817445e+02
1.979634348726239637e+02 3.192998860747763956e+02
1.970924234038084535e+02 3.187490596506331713e+02
1.962292953985753741e+02 3.181861946360643856e+02
1.953743293968138914e+02 3.176113099099848682e+02
1.945278274743882605e+02 3.170244135747582845e+02
1.936901092657168135e+02 3.164255042065902330e+02
1.928615041171588587e+02 3.158145651053157508e+02
1.920423720409273471e+02 3.151915765120192532e+02
1.912330833145818190e+02 3.145564815958219356e+02
1.904340476354740304e+02 3.139092142464119775e+02
1.896457038970698648e+02 3.132496981833305654e+02
1.888685112787113951e+02 3.125778213865284556e+02
1.881029768194506175e+02 3.118934708606206527e+02
1.873496365903354501e+02 3.111965018898341668e+02
1.866090715505337982e+02 3.104867447646016672e+02
1.858819141270871853e+02 3.097640258952890804e+02
1.851688382912399504e+02 3.090281336515632233e+02
1.844705766927757224e+02 3.082788550025940708e+02
1.837879138239495092e+02 3.075159372112421465e+02
1.831217006046201163e+02 3.067391416797609622e+02
1.824728452571595199e+02 3.059481947359852256e+02
1.818423250997949765e+02 3.051428371055109778e+02
1.812311798639011329e+02 3.043227907477838698e+02
1.806405178396855717e+02 3.034877962332751622e+02
1.800715122202045109e+02 3.026375982599476515e+02
1.795254029487863079e+02 3.017719709575972615e+02
1.790034861105309005e+02 3.008907197047614090e+02
1.785070983467363703e+02 2.999937082165046149e+02
1.780376118747508372e+02 2.990808464127909474e+02
1.775964140304055263e+02 2.981521343978574237e+02
1.771848781108897413e+02 2.972076692958319200e+02
1.768043568378305679e+02 2.962476274645946432e+02
1.764561243057213460e+02 2.952723509658972034e+02
1.761413623145479619e+02 2.942822696811189189e+02
