1.737261155767578771e+02 2.937259143016200937e+02
1.734570140020301494e+02 2.926130325424082912e+02
1.732315874945054190e+02 2.914881259202670094e+02
1.730498839855439428e+02 2.903540670136092672e+02
1.729115153612685276e+02 2.892131117107239220e+02
1.728157977666001557e+02 2.880675085336770849e+02
1.727618219492202627e+02 2.869192789020019063e+02
1.727484755779485965e+02 2.857703986381943082e+02
1.727745052806113506e+02 2.846226262790987676e+02
1.728385654205445974e+02 2.834775422607224300e+02
1.729392580486607187e+02 2.823365552951991049e+02
1.730751427171784655e+02 2.812009288256869013e+02
1.732447977231384471e+02 2.800716871474130585e+02
1.734467686452766770e+02 2.789498682140639971e+02
1.736797066856501033e+02 2.778362227899899040e+02
1.739422915490690400e+02 2.767314841041006162e+02
1.742332554219816814e+02 2.756362397953345749e+02
1.745513680893342894e+02 2.745509852168484599e+02
1.748954252934379952e+02 2.734762171928979910e+02
1.752643900457585175e+02 2.724122137427862640e+02
1.756572270916984166e+02 2.713593433985046772e+02
1.760729190656940943e+02 2.703179025684108296e+02
1.765105694039017976e+02 2.692880069042227547e+02
1.769692371839192901e+02 2.682699147183224113e+02
1.774481541380393708e+02 2.672636983611600385e+02
1.779464859732768218e+02 2.662695784921170912e+02
1.784635353902773716e+02 2.652875545723230744e+02
1.789985564482052212e+02 2.643177098482161682e+02
1.795508489672419330e+02 2.633601102154534601e+02
1.801198076583775673e+02 2.624147560690135492e+02
1.807048211045696746e+02 2.614816936085290422e+02
1.813053164320524218e+02 2.605608970208546680e+02
1.819207128568997973e+02 2.596523628267699451e+02
1.825504945156645249e+02 2.587560516049198895e+02
1.831941562166244637e+02 2.578719473782747968e+02
1.838512547961677228e+02 2.569999950255392491e+02
1.845212924886687915e+02 2.561401872795352119e+02
1.852038727754271576e+02 2.552924337750755512e+02
1.858985596938995855e+02 2.544567105245718039e+02
1.866049613743798830e+02 2.536329695074172150e+02
1.873227314618478658e+02 2.528211452877671945e+02
1.880515340202303776e+02 2.520211887019676169e+02
1.887910048790519397e+02 2.512330899273464127e+02
1.895408662544377876e+02 2.504567804683809129e+02
1.903008166825413809e+02 2.496922324817709864e+02
1.910705485528229701e+02 2.489394494114100382e+02
1.918498968508560836e+02 2.481983694755765555e+02
1.926385469208414918e+02 2.474690664340468800e+02
1.934363324494033236e+02 2.467515047788031666e+02
1.942430370272715265e+02 2.460457030446716260e+02
1.950584016909652689e+02 2.453516214245402409e+02
1.958821144194476176e+02 2.446691441196299479e+02
1.967138714673494064e+02 2.439981490727650453e+02
1.975533839265243330e+02 2.433385111903884308e+02
1.984004360863888792e+02 2.426900715031949858e+02
1.992546817645449835e+02 2.420528074348833343e+02
2.001160048905882434e+02 2.414265862173704988e+02
2.009841479255662477e+02 2.408113823754975442e+02
2.018589164003004441e+02 2.402071299248030698e+02
2.027401317724357739e+02 2.396137637109380876e+02
2.036276206474497599e+02 2.390312515591994043e+02
2.045212230059241278e+02 2.384595751962404790e+02
2.054207831779361584e+02 2.378987184801706292e+02
2.063261494310476394e+02 2.373486672442016925e+02
2.072372206633045550e+02 2.368093894455397788e+02
2.081537838699587155e+02 2.362809316198175793e+02
2.090757641245471063e+02 2.357632706877444093e+02
2.100030305743573535e+02 2.352564237801539093e+02
2.109354424254308071e+02 2.347604146043179298e+02
2.118728704816636821e+02 2.342752611060968206e+02
2.128152463794692721e+02 2.338009557325012793e+02
2.137623710930804748e+02 2.333375564372215649e+02
2.147141640899036190e+02 2.328850614520196700e+02
2.156705045004469810e+02 2.324434957720407624e+02
2.166312690191008699e+02 2.320128801669284258e+02
2.175963260412992781e+02 2.315932201345379440e+02
2.185655436363468027e+02 2.311845196349298988e+02
2.195387910509472249e+02 2.307867839843036109e+02
2.205159384801653175e+02 2.304000196929219726e+02
2.214968489073689284e+02 2.300242186033595999e+02
2.224813715456816965e+02 2.296593435232585989e+02
2.234693559072652818e+02 2.293053545762723786e+02
2.244606745985248608e+02 2.289622067117904010e+02
2.254551562502394404e+02 2.286298715951907070e+02
2.264526333463939807e+02 2.283082828925414560e+02
2.274529693743773464e+02 2.279973245556306267e+02
2.284559669840614049e+02 2.276969012057392376e+02
2.294614502789401058e+02 2.274069066240841437e+02
2.304692985221610115e+02 2.271272198641463831e+02
2.314792652427910014e+02 2.268577131242842597e+02
2.324912379247766694e+02 2.265981802971519983e+02
2.335049582931954149e+02 2.263484576130352650e+02
2.345203073187224447e+02 2.261083405151926797e+02
2.355370718631573084e+02 2.258776495802676436e+02
2.365550728147007078e+02 2.256561479281960771e+02
2.375741525855029010e+02 2.254435725625676241e+02
2.385940789065148522e+02 2.252396743626311206e+02
2.396147082303797617e+02 2.250441816093701846e+02
2.406358853516500744e+02 2.248568304860576461e+02
2.416574073783941685e+02 2.246773466803020938e+02
2.426791345507111259e+02 2.245054353007500083e+02
2.437009233617899611e+02 2.243408076026294111e+02
2.447226206312918748e+02 2.241831760140038909e+02
2.457440827503807270e+02 2.240322467982653620e+02
2.467651881664301357e+02 2.238877184588700686e+02
2.477858155734016918e+02 2.237492895695470168e+02
2.488058604855012845e+02 2.236166593625616201e+02
2.498252047287325297e+02 2.234895254223555128e+02
2.508437595285314501e+02 2.233675859467233238e+02
2.518614453639108319e+02 2.232505534447010973e+02
2.528781904832731868e+02 2.231381427989895769e+02
2.538939320144977785e+02 2.230300685983040978e+02
2.549086181206109245e+02 2.229260464168470435e+02
2.559222052500018094e+02 2.228258027977008737e+02
2.569346624415205724e+02 2.227290839424429691e+02
2.579459727190942431e+02 2.226356399253149903e+02
2.589561255588747599e+02 2.225452218930272466e+02
2.599651193592960681e+02 2.224575820388415082e+02
2.609729642109383576e+02 2.223724878930328259e+02
2.619796823230234395e+02 2.222897272214437976e+02
2.629853044586602095e+02 2.222090904110162342e+02
2.639898705967233923e+02 2.221303713045035408e+02
2.649934276165546976e+02 2.220533628495623191e+02
2.659960340765249498e+02 2.219778710190474555e+02
2.669977581740416213e+02 2.219037121546753326e+02
2.679986721963913396e+02 2.218306454580090872e+02
2.689988618958871598e+02 2.217583713175764615e+02
2.699984233712295918e+02 2.216865905449371326e+02
2.709974591653093512e+02 2.216150102518637937e+02
2.719960779252537009e+02 2.215433429197679516e+02
2.729943939852483936e+02 2.214713058135118899e+02
2.739925275021123525e+02 2.213986200994861520e+02
2.749906046240080855e+02 2.213250071517524020e+02
2.759887560821845227e+02 2.212501919788800251e+02
2.769871184867186003e+02 2.211739024873014898e+02
2.779858339737325537e+02 2.210958706339535240e+02
2.789850501537971468e+02 2.210158324976710560e+02
2.799849201153421632e+02 2.209335300091850343e+02
2.809856027127281664e+02 2.208487202307248651e+02
2.819872615119282955e+02 2.207611608889667139e+02
2.829900650702188045e+02 2.206706157813311506e+02
2.839941871739063117e+02 2.205768539516489000e+02
2.849998063943132252e+02 2.204796673266726259e+02
2.860071057760954432e+02 2.203789085922776110e+02
2.870162707828885686e+02 2.202744452775129105e+02
2.880274853118841634e+02 2.201661440120152236e+02
2.890409412949558714e+02 2.200538821942421066e+02
2.900568177217004404e+02 2.199378615004337689e+02
2.910752564570249774e+02 2.198189228391564143e+02
2.920963530517973368e+02 2.196979736474505387e+02
2.931201947206616296e+02 2.195759303151181712e+02
2.941468481718164298e+02 2.194537198303744390e+02
2.951763186879134082e+02 2.193323051494997173e+02
2.962086036118448078e+02 2.192127208842081529e+02
2.972436897167778511e+02 2.190960191728327686e+02
2.982814694684691403e+02 2.189832281346340892e+02
2.993218873947618590e+02 2.188753973282834124e+02
3.003648031751961867e+02 2.187735323779664043e+02
3.014100852203739578e+02 2.186786180104398909e+02
3.024575636401602878e+02 2.185916344115371146e+02
3.035070474750729659e+02 2.185135613713661087e+02
3.045583075814578820e+02 2.184453586679901775e+02
3.056111566214725030e+02 2.183878505306026057e+02
3.066653199953842091e+02 2.183417390731321461e+02
3.077205995176448710e+02 2.183077484623847226e+02
3.087767195673083052e+02 2.182865881698940029e+02
3.098333862324727761e+02 2.182789293649722140e+02
3.108903679616991553e+02 2.182852327095256726e+02
3.119474260488279924e+02 2.183058599815052219e+02
3.130043108404473742e+02 2.183411714876247345e+02
3.140607382621901138e+02 2.183915166224590507e+02
3.151164624056206662e+02 2.184572131205706569e+02
3.161712569418438079e+02 2.185383831248535387e+02
3.172249054742973726e+02 2.186350931601363641e+02
3.182771897172942204e+02 2.187474099668708618e+02
3.193278980664784967e+02 2.188754042035244538e+02
3.203768196545608475e+02 2.190191127288441351e+02
3.214237406423962398e+02 2.191784595059345122e+02
3.224684931574936968e+02 2.193533629330490839e+02
3.235109345634897409e+02 2.195437561968750231e+02
3.245508375228482123e+02 2.197495424800561921e+02
3.255880494915444388e+02 2.199706448240599173e+02
3.266224076355653096e+02 2.202069739934631230e+02
3.276537406033602338e+02 2.204584383996000270e+02
3.286818567766209753e+02 2.207249383127730482e+02
3.297066318954139774e+02 2.210064056990572112e+02
3.307278763898397074e+02 2.213027908046958885e+02
3.317453687206860309e+02 2.216140846119084813e+02
3.327589304611547050e+02 2.219403033418458904e+02
3.337683561999686503e+02 2.222814572098595818e+02
3.347734407170960935e+02 2.226375659073777911e+02
3.357739563752849676e+02 2.230087580374762695e+02
3.367695502119913726e+02 2.233952142501092339e+02
3.377599572434323250e+02 2.237971645360468074e+02
3.387448754430387226e+02 2.242148329010867371e+02
3.397239325863085924e+02 2.246483978404755248e+02
3.406968692330864883e+02 2.250979207784021696e+02
3.416634627409408722e+02 2.255633742850254464e+02
3.426234562713791547e+02 2.260447187657869677e+02
3.435765823822731022e+02 2.265419137993317520e+02
3.445225892754328925e+02 2.270549502221655018e+02
3.454611325480245227e+02 2.275838840398851914e+02
3.463918707844188134e+02 2.281288301016422224e+02
3.473144806343142932e+02 2.286899305687764752e+02
3.482285050390513561e+02 2.292672548316012922e+02
3.491335787773307402e+02 2.298609364211374668e+02
3.500292802009842035e+02 2.304710932314735317e+02
3.509151532087116721e+02 2.310978338266770038e+02
3.517907187236299364e+02 2.317412625095043381e+02
3.526555094746004784e+02 2.324015084885848808e+02
3.535089865216917815e+02 2.330786254466702871e+02
3.543507184088031181e+02 2.337726360528188252e+02
3.551801624990923756e+02 2.344834719907085514e+02
3.559968261777299858e+02 2.352111164983705578e+02
3.568001852865602359e+02 2.359555551420925212e+02
3.575896582114127682e+02 2.367166244461184590e+02
3.583648623870752203e+02 2.374940981038415089e+02
3.591252985045383070e+02 2.382876424346673048e+02
3.598705105214590958e+02 2.390969805370133656e+02
3.606000058164013922e+02 2.399218314753588857e+02
3.613133103042069934e+02 2.407617528498872446e+02
3.620101325793206115e+02 2.416162186367411948e+02
3.626900930087264783e+02 2.424846191653752783e+02
3.633528783676337639e+02 2.433664510108391426e+02
3.639980513991534963e+02 2.442610948370249560e+02
3.646253663167886998e+02 2.451679807159313214e+02
3.652345748861796437e+02 2.460863777922295981e+02
3.658254273407491723e+02 2.470155715089688329e+02
3.663977029349064196e+02 2.479549387317269122e+02
3.669511217440793303e+02 2.489038219175360211e+02
3.674854557328692408e+02 2.498616152982036454e+02
3.680004657699486756e+02 2.508277016885464832e+02
3.684959184069674052e+02 2.518015415729149140e+02
3.689715513470611086e+02 2.527826176975583223e+02
3.694270874882854514e+02 2.537704575956715871e+02
3.698622100645206956e+02 2.547647411068871577e+02
3.702765381767267741e+02 2.557651614065788124e+02
3.706696963774678011e+02 2.567715108390956971e+02
3.710412942890336581e+02 2.577836269578930910e+02
3.713909256867684689e+02 2.588014409603426316e+02
3.717180853544029446e+02 2.598250329398874214e+02
3.720222323856114599e+02 2.608544907736333585e+02
3.723028477972183055e+02 2.618900386699584146e+02
3.725594160824982737e+02 2.629319587349579592e+02
3.727911274588364563e+02 2.639806434617985360e+02
3.729961308139269249e+02 2.650367534813726138e+02
3.731723752232991842e+02 2.661007254980461312e+02
3.733178758814723892e+02 2.671727599932779640e+02
3.734312374668964480e+02 2.682517906875568769e+02
3.735118898747335265e+02 2.693363757579091953e+02
3.735595278751508772e+02 2.704258139791392068e+02
3.735740355901069734e+02 2.715193221378193584e+02
3.735554799621032771e+02 2.726160281283746940e+02
3.735040852135054479e+02 2.737150057520042878e+02
3.734201951031259341e+02 2.748152373915393127e+02
3.733042029941522628e+02 2.759157005404200618e+02
3.731565938215719598e+02 2.770153567188722832e+02
3.729779455756528250e+02 2.781131414652538751e+02
3.727688756655109046e+02 2.792080370427817684e+02
3.725300350684511272e+02 2.802990201761171534e+02
3.722621169854180039e+02 2.813850485298614217e+02
3.719657536034703753e+02 2.824652092388163851e+02
3.716416251621749325e+02 2.835385133348710838e+02
3.712903889673210642e+02 2.846040339070481764e+02
3.709127327053558929e+02 2.856609308175853812e+02
3.705093872380804214e+02 2.867083833555363412e+02
3.700810215200565949e+02 2.877456313546622937e+02
3.696282910962184474e+02 2.887719017633240242e+02
3.691518096783190686e+02 2.897864803629428252e+02
3.686522873181910427e+02 2.907887817374201518e+02
3.681304956712086778e+02 2.917782517132558837e+02
3.675871084701764175e+02 2.927544143906091563e+02
3.670228002852828126e+02 2.937167587108899625e+02
3.664381434902492742e+02 2.946649001097225096e+02
3.658339584740936630e+02 2.955984693622751251e+02
3.652109571782120270e+02 2.965172776035936408e+02
3.645698018676662286e+02 2.974211396973730075e+02
3.639112170088679932e+02 2.983097914004322888e+02
3.632357757269668355e+02 2.991831425852358848e+02
3.625442015046925803e+02 3.000411365514544855e+02
3.618371977833576807e+02 3.008837585339914540e+02
3.611153984532189156e+02 3.017110309249332545e+02
3.603793958742825794e+02 3.025229848186613140e+02
3.596297646599907694e+02 3.033196752047580844e+02
3.588671205563456397e+02 3.041011817584445112e+02
3.580920046629350395e+02 3.048676335578576300e+02
3.573049921808602107e+02 3.056191190336516001e+02
3.565064981007615756e+02 3.063558216789024868e+02
3.556970795142197517e+02 3.070777940728700628e+02
3.548771211008929640e+02 3.077851809391228244e+02
3.540470441002476036e+02 3.084780806285573931e+02
3.532072491120123914e+02 3.091565944398034844e+02
3.523580731911950465e+02 3.098208558121551732e+02
3.515000051058668760e+02 3.104710410774952152e+02
3.506334647918727114e+02 3.111075140579398521e+02
3.497589774173739556e+02 3.117305697007617482e+02
3.488769492882549343e+02 3.123405680766821320e+02
3.479878056264508928e+02 3.129378370644695906e+02
3.470919001371141803e+02 3.135226283888602552e+02
3.461895338412891192e+02 3.140951375389723808e+02
3.452809383368908129e+02 3.146555843005219231e+02
3.443664712030678174e+02 3.152041153767364676e+02
3.434462948948455505e+02 3.157409670310863703e+02
3.425207046429186448e+02 3.162662346069161003e+02
3.415898469582235180e+02 3.167800563340482540e+02
3.406539078120217141e+02 3.172825387701714135e+02
3.397130859674555268e+02 3.177737778198418823e+02
3.387675445693238316e+02 3.182538757792276556e+02
3.378174328562286064e+02 3.187229025985392923e+02
3.368629076361301600e+02 3.191809099902649223e+02
3.359041063555811206e+02 3.196279547739450777e+02
3.349411296405366443e+02 3.200641021807139168e+02
3.339741482606199270e+02 3.204893826667388339e+02
3.330032706326930452e+02 3.209038512612513045e+02
3.320286393527322844e+02 3.213075443026515927e+02
3.310503295414312106e+02 3.217005194352807393e+02
3.300685277019259161e+02 3.220827876221477482e+02
3.290833176177381461e+02 3.224544128716269711e+02
3.280948324841872363e+02 3.228154629463307970e+02
3.271032040393618558e+02 3.231660076294718920e+02
3.261085610781854598e+02 3.235061152526521937e+02
3.251110298377623735e+02 3.238358532011752118e+02
3.241107465436920165e+02 3.241553172189362044e+02
3.231078634403945102e+02 3.244646482470598130e+02
3.221025301485237833e+02 3.247639906134760963e+02
3.210948920898794086e+02 3.250534880559728208e+02
3.200850676074699663e+02 3.253332908904970395e+02
3.190732417364168327e+02 3.256035850403353606e+02
3.180595991553441877e+02 3.258646204019256629e+02
3.170442496443100708e+02 3.261166652893914488e+02
3.160274331939425565e+02 3.263599512921680912e+02
3.150092380739455962e+02 3.265947564862440231e+02
3.139898981936966038e+02 3.268213878349938568e+02
3.129695311744389414e+02 3.270402325419905765e+02
3.119483834845844399e+02 3.272516461502357856e+02
3.109265617836488786e+02 3.274560183380713170e+02
3.099042526834965656e+02 3.276537230109465781e+02
3.088816361750574515e+02 3.278452058620018761e+02
3.078588650673144684e+02 3.280309501663685410e+02
3.068360866766484492e+02 3.282114358815586570e+02
3.058134860168851787e+02 3.283871375793042375e+02
3.047911682466487946e+02 3.285585011922177614e+02
3.037691832405528203e+02 3.287257363566351955e+02
3.027475546961475743e+02 3.288889737605202299e+02
3.017263034827294064e+02 3.290483425449014590e+02
3.007054414860097609e+02 3.292039703645877466e+02
2.996849968215094577e+02 3.293559719310853779e+02
2.986649634510783358e+02 3.295044301719757982e+02
2.976453400474917999e+02 3.296494164316103479e+02
2.966261238131536402e+02 3.297910002542781172e+02
2.956073104535880702e+02 3.299292493555776673e+02
2.945888919846656790e+02 3.300642200098448029e+02
2.935708541456978082e+02 3.301959439540681274e+02
2.925531812289813161e+02 3.303244477077839747e+02
2.915358568399146293e+02 3.304497558227492391e+02
2.905188638489444770e+02 3.305718907231716912e+02
2.895021802914778846e+02 3.306908618468019085e+02
2.884857834977388507e+02 3.308066592061620668e+02
2.874696531662101506e+02 3.309192700029962566e+02
2.864537629451688190e+02 3.310286796282777573e+02
2.854380888381230648e+02 3.311348705706994906e+02
2.844226052905943334e+02 3.312378136654234027e+02
2.834072853479152627e+02 3.313374671200077159e+02
2.823921024721720414e+02 3.314337864476692630e+02
2.813770306405924657e+02 3.315267250060811648e+02
2.803620442788625837e+02 3.316162334589383249e+02
2.793471161483523133e+02 3.317022520651476043e+02
2.783322186230001876e+02 3.317847122408160772e+02
2.773173986491003689e+02 3.318635656302362804e+02
2.763027329588689440e+02 3.319388046727773371e+02
2.752882080332960868e+02 3.320104351331691532e+02
2.742738005938921333e+02 3.320784556957791551e+02
2.732594880637177539e+02 3.321428596055113758e+02
2.722452489099826494e+02 3.322036377318399332e+02
2.712310626405086396e+02 3.322607786305906075e+02
2.702169097450763502e+02 3.323142678227362126e+02
2.692027714942580019e+02 3.323640843544897621e+02
2.681886302236282518e+02 3.324102035744535897e+02
2.671744684717726841e+02 3.324525982027295754e+02
2.661602725412654422e+02 3.324912394327108132e+02
2.651460285279181903e+02 3.325260957452744037e+02
2.641317224911830408e+02 3.325571302605900428e+02
2.631173425803440296e+02 3.325843032895687088e+02
2.621028782067969587e+02 3.326075730434822049e+02
2.610883192140764777e+02 3.326268952494814926e+02
2.600736572216309810e+02 3.326422225851645749e+02
2.590588876987472986e+02 3.326535048245405619e+02
2.580440040049199411e+02 3.326606888556364083e+02
2.570290020076574251e+02 3.326637195034233514e+02
2.560138789184994721e+02 3.326625392824577148e+02
2.549986337460720449e+02 3.326570700701395253e+02
2.539832682327797500e+02 3.326472012934374334e+02
2.529677803795326270e+02 3.326328142782692225e+02
2.519521854910323952e+02 3.326137927199076216e+02
2.509364950447309468e+02 3.325900190235434479e+02
2.499207179255666347e+02 3.325613719482002466e+02
2.489048538340445873e+02 3.325277206460344814e+02
2.478889501669512754e+02 3.324889483987218455e+02
2.468730073889798007e+02 3.324449245291535249e+02
2.458570466839939286e+02 3.323955164058150444e+02
2.448411123343739746e+02 3.323406000974014773e+02
2.438252053911261044e+02 3.322800345335998031e+02
2.428093879597984426e+02 3.322136947344015425e+02
2.417936693295603163e+02 3.321414377956143653e+02
2.407780994820261071e+02 3.320631276928062903e+02
2.397627220218814728e+02 3.319786288286416607e+02
2.387475656565112558e+02 3.318877963490130583e+02
2.377326854982342468e+02 3.317904893699817421e+02
2.367181356576242024e+02 3.316865662209982588e+02
2.357039623388061216e+02 3.315758793043996775e+02
2.346902215301716410e+02 3.314582823231555153e+02
2.336769725320534121e+02 3.313336276433385592e+02
2.326642782012158648e+02 3.312017652828760106e+02
2.316522050759800777e+02 3.310625428756474662e+02
2.306408233834031307e+02 3.309158063467337456e+02
2.296302056709332362e+02 3.307614011959070126e+02
2.286204150963428390e+02 3.305991629372987290e+02
2.276115628477871837e+02 3.304289436850663151e+02
2.266037102558947822e+02 3.302505734948611575e+02
2.255969510700631417e+02 3.300638869298780946e+02
2.245913845131871369e+02 3.298687198495942425e+02
2.235871125313858840e+02 3.296649060863446721e+02
2.225842164547487414e+02 3.294522618777003800e+02
2.215828337510343715e+02 3.292306216981494913e+02
2.205830668200313482e+02 3.289998031266505905e+02
2.195850355845232116e+02 3.287596231116521039e+02
2.185888683330288131e+02 3.285098958160286884e+02
2.175947000948395385e+02 3.282504320238209061e+02
2.166026553610071517e+02 3.279810274455261947e+02
2.156129130207067703e+02 3.277014969430304632e+02
2.146256077546458130e+02 3.274116277848330014e+02
2.136409097800204506e+02 3.271112120840751345e+02
2.126589861063807803e+02 3.268000307632358954e+02
2.116800372044665153e+02 3.264778732769617022e+02
2.107042452564816131e+02 3.261445068680854433e+02
2.097318204745708954e+02 3.257996972854152773e+02
2.087629852137893636e+02 3.254432062368465495e+02
2.077979651616844592e+02 3.250747841158785150e+02
2.068370016252422658e+02 3.246941963224199981e+02
2.058802953236792064e+02 3.243013704621158126e+02
2.049280010443442279e+02 3.238963028594865818e+02
2.039802819119738899e+02 3.234789784816724136e+02
2.030373187698812387e+02 3.230493772067419513e+02
2.020993000290814905e+02 3.226074694777754530e+02
2.011664219856543525e+02 3.221532168293956033e+02
2.002388665405950974e+02 3.216865488448265751e+02
1.993168677695166195e+02 3.212074095631961654e+02
1.984006310009984873e+02 3.207157011339662631e+02
1.974904002885313901e+02 3.202113260681870770e+02
1.965864318744682748e+02 3.196941776957705201e+02
1.956889873292542745e+02 3.191641262336412410e+02
1.947983430768194353e+02 3.186210178584170194e+02
1.939148056085452367e+02 3.180646855805117070e+02
1.930387047613332072e+02 3.174949475998555499e+02
1.921703810467462006e+02 3.169115945639567258e+02
1.913102209088248742e+02 3.163144146656738371e+02
1.904586104196301335e+02 3.157031434126024578e+02
1.896159919453317286e+02 3.150775079183657681e+02
1.887828493799150635e+02 3.144372232451826221e+02
1.879596778343523340e+02 3.137819505408015175e+02
1.871470502285446571e+02 3.131113583815408106e+02
1.863455663642658067e+02 3.124250675053218060e+02
1.855558821803086289e+02 3.117226655006683131e+02
1.847787377164774512e+02 3.110037472047567348e+02
1.840149094276084440e+02 3.102678478506780948e+02
1.832652738099977796e+02 3.095145164460116121e+02
1.825307556088266665e+02 3.087432344629655745e+02
1.818124098247604081e+02 3.079535343117871093e+02
1.811113472720653021e+02 3.071448867655484491e+02
1.804288117651340428e+02 3.063168190917326683e+02
1.797661229605583344e+02 3.054688261624586971e+02
1.791247315112347849e+02 3.046004670827475707e+02
1.785061872111028265e+02 3.037113207528632870e+02
1.779121735522049335e+02 3.028010545837332188e+02
1.773444782045581860e+02 3.018694172323885141e+02
1.768049881120420821e+02 3.009163055171126757e+02
1.762956523143848244e+02 2.999417194794546049e+02
1.758184892181740793e+02 2.989458848045019295e+02
1.753755281965072186e+02 2.979292496445710299e+02
1.749687650454576158e+02 2.968924216335332176e+02
1.746001405473943748e+02 2.958364105271414815e+02
1.742714319028219450e+02 2.947623655188656926e+02
