1.763030396977933663e+02 2.931852425481611704e+02
1.760349420854203686e+02 2.921919326686773388e+02
1.757974810158783612e+02 2.911849687031727854e+02
1.755911821433463729e+02 2.901650602049215877e+02
1.754164067789358796e+02 2.891330096428473553e+02
1.752733482239164005e+02 2.880897938400473777e+02
1.751620651638217794e+02 2.870364793990681278e+02
1.750824630590598758e+02 2.859742508048150853e+02
1.750343227720172479e+02 2.849043320541758249e+02
1.750173201619128349e+02 2.838279712350598629e+02
1.750310457251052014e+02 2.827464194389347654e+02
1.750750567812466159e+02 2.816609331681061690e+02
1.751489581438900984e+02 2.805727263149494775e+02
1.752522822982355422e+02 2.794830723899798386e+02
1.753845778429616473e+02 2.783931306055669666e+02
1.755453632074311656e+02 2.773040772493364443e+02
1.757341382915933252e+02 2.762170192172275733e+02
1.759503793351975673e+02 2.751330136884573676e+02
1.761935400027887226e+02 2.740531294401953346e+02
1.764631664122656503e+02 2.729782899208959179e+02
1.767587721423741698e+02 2.719094814849427166e+02
1.770797844511562857e+02 2.708476036981066386e+02
1.774256504127675953e+02 2.697933785579925825e+02
1.777957602171386782e+02 2.687476268803189328e+02
1.781896317044643183e+02 2.677110095165639905e+02
1.786066992824408715e+02 2.666842923447936187e+02
1.790463934782151227e+02 2.656679727145846641e+02
1.795080337322314108e+02 2.646625590814427369e+02
1.799909738627555953e+02 2.636685260817085350e+02
1.804946504289199254e+02 2.626862720498995145e+02
1.810184755934282919e+02 2.617162091076182833e+02
1.815617978132873702e+02 2.607585927386373896e+02
1.821239226434690579e+02 2.598136503666367503e+02
1.827042209698393265e+02 2.588815561301605044e+02
1.833020774552380772e+02 2.579624891785798582e+02
1.839169270473123277e+02 2.570565631706257363e+02
1.845480994172329474e+02 2.561638751231591868e+02
1.851950161811826376e+02 2.552844112729793835e+02
1.858570661777765736e+02 2.544182083539943733e+02
1.865336880392210333e+02 2.535652655299716400e+02
1.872243668666388317e+02 2.527255463782500158e+02
1.879285900380384078e+02 2.518990047815792366e+02
1.886458196368224947e+02 2.510856213526848535e+02
1.893756119735921004e+02 2.502853060386244124e+02
1.901175049228037039e+02 2.494980008537807237e+02
1.908710398905702448e+02 2.487236767548873217e+02
1.916359194025611146e+02 2.479622376627095264e+02
1.924116959778174589e+02 2.472137229626974033e+02
1.931980807415476704e+02 2.464780514070667436e+02
1.939947367482563720e+02 2.457551920588223027e+02
1.948012846034774839e+02 2.450450452274116344e+02
1.956172910161356526e+02 2.443474237178863291e+02
1.964423351841304566e+02 2.436621287244284417e+02
1.972760157516326274e+02 2.429889536525338940e+02
1.981180138447558363e+02 2.423276529826019612e+02
1.989679015797345869e+02 2.416781560288308697e+02
1.998255189393533158e+02 2.410403002077027850e+02
2.006905578071606726e+02 2.404140364643870100e+02
2.015627783308364087e+02 2.397992708133580493e+02
2.024419603633121483e+02 2.391959104369764475e+02
2.033279062002741284e+02 2.386039187422733221e+02
2.042204420844203128e+02 2.380232865350895963e+02
2.051193989591284605e+02 2.374540064886385551e+02
2.060246119047668856e+02 2.368960728306977330e+02
2.069359719841379786e+02 2.363494622415805964e+02
2.078532616527609207e+02 2.358142544812833705e+02
2.087764156830056095e+02 2.352904608841492688e+02
2.097053076962581031e+02 2.347781362159262812e+02
2.106397996821073377e+02 2.342773425939182630e+02
2.115797668390191859e+02 2.337881387005019178e+02
2.125251557588949254e+02 2.333105664206792937e+02
2.134757722581668702e+02 2.328447429675104274e+02
2.144315489666650194e+02 2.323907205531282330e+02
2.153923733311071089e+02 2.319485807245820013e+02
2.163581290207538359e+02 2.315184012857232574e+02
2.173286900814375997e+02 2.311002452972443848e+02
2.183039288431484977e+02 2.306941747132412388e+02
2.192837173944093934e+02 2.303002532411771597e+02
2.202679272953791951e+02 2.299185460916059185e+02
2.212564175481569464e+02 2.295490964912809773e+02
2.222490249338851811e+02 2.291919044092229001e+02
2.232455848783451415e+02 2.288469655519488128e+02
2.242459568159010530e+02 2.285142695978258587e+02
2.252499511188307508e+02 2.281938242964162953e+02
2.262573728742923720e+02 2.278855775071292271e+02
2.272680492880604106e+02 2.275893981341621384e+02
2.282817409365594585e+02 2.273051758326010372e+02
2.292982320540171202e+02 2.270327879317498798e+02
2.303173658119580978e+02 2.267720928030030052e+02
2.313388368591135986e+02 2.265229109098776519e+02
2.323624739421440211e+02 2.262849480566271723e+02
2.333879504771996096e+02 2.260579547805582479e+02
2.344150914268784618e+02 2.258416354014110254e+02
2.354436215925379656e+02 2.256357174683715527e+02
2.364732912053379437e+02 2.254398305453177045e+02
2.375038680954405947e+02 2.252535528091917172e+02
2.385350451272019257e+02 2.250764758108669810e+02
2.395666127936563043e+02 2.249081650293324799e+02
2.405983556062211903e+02 2.247482006049839640e+02
2.416300310097697093e+02 2.245962047145192457e+02
2.426614718557490846e+02 2.244517993979985420e+02
2.436925086142006194e+02 2.243146124584066285e+02
2.447229639398383085e+02 2.241842722620971244e+02
2.457526734721128889e+02 2.240604030347766695e+02
2.467815007365472297e+02 2.239426329967649849e+02
2.478093122546068230e+02 2.238305933647382915e+02
2.488359927497047295e+02 2.237239156839640373e+02
2.498614161129137017e+02 2.236222291426192044e+02
2.508854883872366486e+02 2.235251695323653962e+02
2.519081311841310082e+02 2.234324044042932087e+02
2.529292759876348669e+02 2.233436066753380373e+02
2.539488643164079917e+02 2.232584488406238279e+02
2.549668495574761948e+02 2.231766044307205448e+02
2.559831972045801649e+02 2.230977668089132067e+02
2.569978906025983179e+02 2.230216664589671041e+02
2.580109267518082561e+02 2.229480401258638835e+02
2.590223100090964863e+02 2.228766256401974601e+02
2.600320541108837347e+02 2.228071622228070510e+02
2.610401864529194427e+02 2.227394129746486158e+02
2.620467486669244295e+02 2.226731725340135029e+02
2.630517908924266521e+02 2.226082391839636898e+02
2.640553714275100674e+02 2.225444150640609564e+02
2.650575575052977797e+02 2.224815015330096628e+02
2.660584269692425323e+02 2.224193176116749555e+02
2.670580684251936532e+02 2.223576966027749506e+02
2.680566011893332643e+02 2.222964117595144558e+02
2.690541604465624346e+02 2.222351784200373572e+02
2.700508654198844170e+02 2.221737162288570744e+02
2.710468393086633228e+02 2.221117494269169299e+02
2.720422103530920594e+02 2.220490065811586646e+02
2.730371110829936470e+02 2.219852214412846081e+02
2.740316794319017504e+02 2.219201319615958425e+02
2.750260601795432649e+02 2.218534751848854967e+02
2.760203985688841044e+02 2.217849830631521968e+02
2.770148461258660291e+02 2.217143866814251965e+02
2.780095595512071327e+02 2.216414214052558123e+02
2.790047006776100034e+02 2.215658269550935699e+02
2.800004363947472257e+02 2.214873460429505485e+02
2.809969369706818725e+02 2.214057228373741282e+02
2.819943826177551500e+02 2.213206983149976566e+02
2.829929547311113538e+02 2.212320198356583489e+02
2.839928407457494473e+02 2.211394401710106195e+02
2.849942336877060711e+02 2.210427295870605917e+02
2.859973308266764320e+02 2.209417027684160928e+02
2.870023338290540096e+02 2.208361864120066116e+02
2.880094470151046266e+02 2.207260066550235251e+02
2.890188787724693498e+02 2.206110006119660056e+02
2.900308265979335260e+02 2.204913376767351565e+02
2.910454495669330299e+02 2.203678419737133254e+02
2.920628681682569550e+02 2.202414066303552431e+02
2.930831863654838685e+02 2.201129335722002907e+02
2.941064874104473006e+02 2.199833359604512282e+02
2.951328014130817223e+02 2.198535847964498373e+02
2.961621395936818431e+02 2.197247507058308997e+02
2.971944981691378302e+02 2.195979236389564448e+02
2.982297921920637123e+02 2.194741710070503302e+02
2.992679709548108917e+02 2.193545813420003583e+02
3.003089066654137014e+02 2.192402245519008090e+02
3.013524698835989284e+02 2.191321715071222798e+02
3.023984924699130943e+02 2.190314895161804145e+02
3.034467821762406174e+02 2.189392452501168975e+02
3.044971077197760678e+02 2.188564860774422129e+02
3.055492713934307289e+02 2.187841307457832443e+02
3.066029930637594703e+02 2.187229818833718582e+02
3.076580572381827210e+02 2.186738624709520309e+02
3.087141738752091555e+02 2.186375812389834721e+02
3.097710324120197924e+02 2.186149059626655742e+02
3.108283823469209324e+02 2.186063768764574320e+02
3.118859665095700962e+02 2.186124280608149490e+02
3.129435150056567068e+02 2.186334916671225699e+02
3.140007228550144873e+02 2.186699887188029834e+02
3.150573204286839655e+02 2.187223020113202949e+02
3.161130627801756532e+02 2.187905923396918126e+02
3.171677156329497507e+02 2.188749569272717679e+02
3.182210419633742049e+02 2.189754928534899250e+02
3.192728102489607522e+02 2.190923006548862588e+02
3.203227907217696497e+02 2.192254404189603463e+02
3.213707560066600308e+02 2.193748400000708045e+02
3.224165242317645266e+02 2.195404174702319153e+02
3.234599381373224674e+02 2.197221053011594165e+02
3.245007580950074839e+02 2.199198063900069258e+02
3.255388181826573941e+02 2.201334393803779506e+02
3.265739447317362760e+02 2.203629037893210239e+02
3.276059562537588477e+02 2.206080958821971194e+02
3.286346516307482375e+02 2.208689037833974851e+02
3.296598958582088699e+02 2.211452467419599941e+02
3.306814893454243816e+02 2.214370642622185130e+02
3.316992000130109659e+02 2.217443389444832462e+02
3.327128379390057944e+02 2.220670782812405264e+02
3.337221866676126183e+02 2.224052836843678733e+02
3.347270296571473409e+02 2.227589661713071223e+02
3.357271241397417043e+02 2.231282540178616216e+02
3.367220996818021490e+02 2.235133360666844169e+02
3.377116713028493677e+02 2.239144496310324541e+02
3.386955166617449891e+02 2.243318255910813548e+02
3.396732437598390675e+02 2.247656485598029690e+02
3.406445745802527085e+02 2.252159782167296385e+02
3.416092692884731150e+02 2.256827802555333733e+02
3.425670539233528302e+02 2.261660077298397198e+02
3.435176435340521266e+02 2.266656122633839914e+02
3.444607671224492265e+02 2.271815771217251552e+02
3.453960563017919299e+02 2.277139602225334443e+02
3.463231417082311054e+02 2.282628813939337533e+02
3.472416699452786588e+02 2.288284861045232219e+02
3.481511550629963949e+02 2.294108469683361875e+02
3.490511990750974292e+02 2.300100982944303496e+02
3.499413460390717319e+02 2.306263586835672470e+02
3.508211040255831108e+02 2.312597360979710857e+02
3.516899564603700696e+02 2.319103322370236242e+02
3.525473956304953731e+02 2.325782707760502603e+02
3.533928440769145141e+02 2.332635953086946188e+02
3.542258337108368096e+02 2.339663042379946205e+02
3.550457883580136240e+02 2.346863025098254809e+02
3.558521777514417295e+02 2.354235420979103708e+02
3.566444382350290994e+02 2.361779737858210240e+02
3.574219571798500965e+02 2.369493894528379769e+02
3.581843281261333800e+02 2.377374923110518807e+02
3.589310347453886152e+02 2.385418765404149894e+02
3.596616005014269035e+02 2.393621872030243480e+02
3.603755126348495423e+02 2.401980613423788498e+02
3.610722897823453650e+02 2.410489619399536139e+02
3.617516426497252837e+02 2.419142443423043289e+02
3.624132035722794853e+02 2.427931811377590634e+02
3.630566663146813084e+02 2.436851408327171953e+02
3.636816146123564408e+02 2.445893818397245809e+02
3.642878176446525913e+02 2.455051938424287243e+02
3.648750575750997882e+02 2.464317067089909017e+02
3.654431214082957808e+02 2.473680637196848693e+02
3.659918249987796344e+02 2.483134887308604846e+02
3.665209386187029281e+02 2.492671761353884960e+02
3.670302736515648689e+02 2.502283737800045458e+02
3.675196337611855029e+02 2.511963259707837892e+02
3.679888337835452603e+02 2.521703448044619904e+02
3.684376751119002051e+02 2.531497654827942654e+02
3.688659568235411257e+02 2.541339704842046672e+02
3.692734218590557020e+02 2.551224942118012677e+02
3.696597633256686777e+02 2.561149027240252849e+02
3.700246915428647867e+02 2.571108517026557934e+02
3.703679253947701682e+02 2.581100514675267164e+02
3.706891874826816888e+02 2.591123106547095176e+02
3.709881179911286608e+02 2.601175894999135494e+02
3.712643557242058705e+02 2.611259011874730618e+02
3.715175741187772473e+02 2.621373957088243287e+02
3.717474744333680405e+02 2.631523192124768684e+02
3.719534966236793139e+02 2.641710818622148054e+02
3.721340810195590052e+02 2.651943779933432666e+02
3.722874882493857740e+02 2.662227725413159192e+02
3.724120364261691520e+02 2.672566576992661567e+02
3.725066365529803534e+02 2.682957126789698350e+02
3.725709223061794546e+02 2.693393415919184690e+02
3.726047140454696773e+02 2.703872511610791207e+02
3.726079766636809154e+02 2.714390461198485696e+02
3.725808148381213982e+02 2.724942287776974013e+02
3.725234547783217636e+02 2.735522219101960673e+02
3.724362106565828299e+02 2.746123494176097211e+02
3.723194271949791414e+02 2.756738853254049673e+02
3.721735261533199264e+02 2.767360574745320605e+02
3.719990105264610634e+02 2.777980485096773009e+02
3.717964212711055438e+02 2.788590465376096859e+02
3.715663009671672512e+02 2.799182055128125626e+02
3.713092033576694462e+02 2.809746351096928265e+02
3.710256421031094192e+02 2.820275147300005187e+02
3.707161752816452918e+02 2.830759591433409241e+02
3.703813483294626394e+02 2.841191153545223074e+02
3.700216986373735608e+02 2.851561674519408029e+02
3.696377783849449088e+02 2.861862917386293930e+02
3.692300963734704737e+02 2.872087003065969952e+02
3.687991565056205445e+02 2.882225882655041005e+02
3.683454321054745151e+02 2.892271892893606378e+02
3.678694636326519571e+02 2.902218258392354642e+02
3.673718400449055821e+02 2.912058362079985159e+02
3.668530734962449174e+02 2.921786167216407080e+02
3.663136815795643884e+02 2.931395312778043944e+02
3.657541015786867433e+02 2.940880473977056226e+02
3.651750013916029616e+02 2.950236585247445760e+02
3.645769634647892303e+02 2.959460123277290222e+02
3.639605282814617908e+02 2.968547588825315415e+02
3.633262942663889703e+02 2.977494798818257209e+02
3.626747390249911405e+02 2.986299155763533690e+02
3.620065049043346903e+02 2.994958679897301863e+02
3.613222237896407592e+02 3.003471838333828146e+02
3.606224657903003390e+02 3.011837438826924540e+02
3.599077638351632231e+02 3.020054379113735763e+02
3.591786477642690443e+02 3.028121924951227015e+02
3.584357125262404793e+02 3.036039901450978959e+02
3.576794874100116886e+02 3.043808646071095723e+02
3.569105317502224466e+02 3.051428153902454596e+02
3.561292564093931787e+02 3.058899304098151219e+02
3.553362141589756789e+02 3.066221954740173601e+02
3.545318152558413090e+02 3.073397056112452788e+02
3.537165026552849554e+02 3.080425178744484356e+02
3.528906981409504056e+02 3.087306944386496639e+02
3.520547629719853262e+02 3.094043304710568236e+02
3.512092198985429832e+02 3.100635938594630261e+02
3.503545462142224665e+02 3.107088611202200923e+02
3.494913151369469233e+02 3.113404494253546773e+02
3.486199846467200132e+02 3.119587395243998458e+02
3.477410266733940603e+02 3.125640842410673486e+02
3.468548390039920264e+02 3.131567614880380006e+02
3.459617643838743106e+02 3.137369942558385674e+02
3.450620769850156080e+02 3.143050299294629326e+02
3.441561681119685545e+02 3.148610489319199246e+02
3.432442410923956686e+02 3.154053167846240626e+02
3.423266200947220455e+02 3.159379619671844921e+02
3.414034844415426733e+02 3.164591519501151993e+02
3.404750490347661298e+02 3.169690251732300794e+02
3.395415393109274191e+02 3.174677109825336174e+02
3.386031443494743485e+02 3.179553443606225756e+02
3.376600346721077699e+02 3.184320234449338614e+02
3.367123855869809290e+02 3.188978274375399451e+02
3.357603526765269066e+02 3.193528409731155193e+02
3.348040549080823780e+02 3.197971571296613433e+02
3.338436760673195067e+02 3.202308335407859659e+02
3.328793342458126858e+02 3.206539420573144525e+02
3.319111786669552657e+02 3.210665348428825041e+02
3.309392927953753087e+02 3.214686845798679542e+02
3.299638669409217755e+02 3.218604194695752767e+02
3.289849888009837287e+02 3.222418126001088012e+02
3.280027867471364971e+02 3.226129265009047913e+02
3.270173868105516704e+02 3.229738235855480184e+02
3.260289121935477397e+02 3.233245647734123054e+02
3.250374835606164083e+02 3.236652097873499088e+02
3.240432263513818043e+02 3.239958340889544388e+02
3.230462743263656762e+02 3.243165386127956822e+02
3.220467588568382098e+02 3.246274256205897473e+02
3.210448080715908077e+02 3.249285964113942100e+02
3.200405241323924770e+02 3.252201576404055459e+02
3.190340688238774760e+02 3.255022335253052006e+02
3.180255980782108622e+02 3.257749921763322618e+02
3.170151954645380670e+02 3.260386181369582914e+02
3.160030746266219808e+02 3.262932593607238232e+02
3.149893009837143154e+02 3.265391076561672321e+02
3.139740797003127000e+02 3.267763659554365745e+02
3.129574987466149310e+02 3.270053031446752243e+02
3.119397764010636820e+02 3.272261557588336132e+02
3.109209947588926184e+02 3.274391934066561589e+02
3.099013176581901803e+02 3.276446682063682942e+02
3.088809020209200185e+02 3.278428931344814714e+02
3.078598790356610380e+02 3.280342128774828439e+02
3.068383774901218430e+02 3.282189680733708883e+02
3.058165671622101627e+02 3.283974932739867540e+02
3.047945465546535502e+02 3.285701123853976355e+02
3.037723904783552484e+02 3.287370136630646016e+02
3.027501574719127007e+02 3.288983408631026464e+02
3.017279028534951522e+02 3.290542367083089061e+02
3.007056725776183725e+02 3.292048429099586997e+02
2.996835303065312246e+02 3.293502957629860930e+02
2.986615113293226500e+02 3.294907253688882065e+02
2.976396559157378192e+02 3.296262564415461043e+02
2.966180016316682782e+02 3.297570125429782024e+02
2.955965833255562529e+02 3.298831160561680349e+02
2.945754322896411850e+02 3.300046845183417759e+02
2.935545752689407664e+02 3.301218256308716263e+02
2.925340362835711403e+02 3.302346445763040492e+02
2.915138369033929848e+02 3.303432452328383420e+02
2.904939962066258659e+02 3.304477300601761840e+02
2.894745276258819331e+02 3.305481936461424084e+02
2.884554432254481640e+02 3.306447189917789728e+02
2.874367552589321804e+02 3.307373875877237310e+02
2.864184681130781200e+02 3.308262796507103189e+02
2.854005862575351102e+02 3.309114731639577371e+02
2.843831107396433708e+02 3.309930370247133169e+02
2.833660392793967162e+02 3.310710302484870908e+02
2.823493676703567985e+02 3.311455097744344016e+02
2.813330898227259809e+02 3.312165308609512522e+02
2.803171976582490856e+02 3.312841465161549195e+02
2.793016791300195791e+02 3.313483997298502572e+02
2.782865193947145599e+02 3.314093250168949680e+02
2.772717631770885873e+02 3.314669789045804578e+02
2.762574743362666254e+02 3.315214595721565161e+02
2.752436376348415479e+02 3.315728767178504768e+02
2.742302272179693432e+02 3.316213316548812031e+02
2.732172155205091713e+02 3.316669196847342391e+02
2.722045736989464331e+02 3.317097337331937297e+02
2.711922716450727648e+02 3.317498643829601974e+02
2.701802779200283453e+02 3.317873988123924391e+02
2.691685594851779229e+02 3.318224159129223381e+02
2.681570821126940700e+02 3.318549901504363220e+02
2.671458098456985795e+02 3.318851931850405208e+02
2.661347075870546632e+02 3.319130949943563564e+02
2.651237381681326042e+02 3.319387620452528154e+02
2.641128624611995406e+02 3.319622531684520368e+02
2.631020410341599245e+02 3.319836236522325521e+02
2.620912335775273618e+02 3.320029263682110354e+02
2.610803983093592251e+02 3.320202113491861269e+02
2.600694928904949279e+02 3.320355238170022858e+02
2.590584759115326392e+02 3.320489023224051266e+02
2.580473027962841002e+02 3.320603815812813764e+02
2.570359290252934557e+02 3.320699937799069517e+02
2.560243093173534135e+02 3.320777670844450995e+02
2.550124000801958459e+02 3.320836243432933657e+02
2.540001645230591123e+02 3.320873177867560457e+02
2.529875675072180456e+02 3.320885784715717932e+02
2.519745908905151452e+02 3.320871393563539300e+02
2.509612180680953770e+02 3.320827318242066895e+02
2.499474346469981469e+02 3.320750826364994737e+02
2.489332229759378947e+02 3.320639080305468838e+02
2.479186069463054309e+02 3.320489376151874126e+02
2.469035776021808317e+02 3.320298875698607617e+02
2.458881461466276619e+02 3.320064719551590429e+02
2.448723468861566346e+02 3.319784146978387298e+02
2.438561817838000536e+02 3.319454243800995528e+02
2.428397082661999207e+02 3.319072250245599776e+02
2.418229424086472079e+02 3.318635236087384328e+02
2.408059391818278812e+02 3.318140342536408411e+02
2.397887514557218083e+02 3.317584769068529340e+02
2.387714217503008740e+02 3.316965654076633996e+02
2.377540200629697438e+02 3.316280176625057834e+02
2.367366193356057806e+02 3.315525512349979635e+02
2.357192884268498005e+02 3.314698796991648919e+02
2.347021076169028220e+02 3.313797264956274375e+02
2.336851632482195669e+02 3.312818171536841305e+02
2.326685484077270303e+02 3.311758754187150657e+02
2.316523631131349532e+02 3.310616232740904366e+02
2.306367139863738487e+02 3.309387839233658042e+02
2.296217117125072775e+02 3.308070893159334673e+02
2.286074600113704207e+02 3.306662640993102968e+02
2.275941148007254924e+02 3.305160505402741933e+02
2.265817842121297190e+02 3.303561695311539665e+02
2.255706122963226505e+02 3.301863496628371308e+02
2.245607510175663322e+02 3.300063271227858195e+02
2.235523582794084234e+02 3.298158380042822841e+02
2.225455734133548731e+02 3.296146016974370809e+02
2.215405982147791804e+02 3.294023577827924782e+02
2.205376012679813869e+02 3.291788290506948442e+02
2.195367735859086906e+02 3.289437379462703461e+02
2.185383188785706352e+02 3.286968057801554437e+02
2.175424519660586213e+02 3.284377524096501588e+02
2.165493805923881894e+02 3.281662841585165324e+02
2.155593767031288905e+02 3.278821227794114179e+02
2.145726724204555467e+02 3.275849561620298118e+02
2.135895429643916827e+02 3.272744799828591908e+02
2.126102657372829867e+02 3.269503817146720621e+02
2.116351596653544220e+02 3.266123601099295115e+02
2.106645370241212731e+02 3.262600765212430929e+02
2.096987520100896631e+02 3.258931807843908928e+02
2.087381798794980625e+02 3.255113234387604280e+02
2.077832083101855858e+02 3.251141493405219762e+02
2.068342439712041880e+02 3.247013424351690105e+02
2.058915969780034629e+02 3.242729207206331807e+02
2.049554982452174556e+02 3.238290657732326281e+02
2.040261873181030978e+02 3.233699526126789010e+02
2.031039217140069866e+02 3.228957551761761238e+02
2.021889656349654274e+02 3.224066448723216354e+02
2.012815843206535362e+02 3.219028041106830074e+02
2.003820284033564008e+02 3.213843950528010964e+02
1.994905964513858976e+02 3.208515977938403125e+02
1.986075627526447818e+02 3.203045585950624741e+02
1.977332339558709009e+02 3.197434357202025126e+02
1.968679142206889310e+02 3.191684099123697820e+02
1.960119095243445315e+02 3.185796526044866255e+02
1.951655398294092834e+02 3.179773194460449872e+02
1.943291504853301888e+02 3.173615599661358715e+02
1.935031007453805216e+02 3.167325254586879737e+02
1.926877466570871604e+02 3.160903727877932852e+02
1.918834744384212456e+02 3.154352643010495854e+02
1.910906749340255715e+02 3.147673272605803163e+02
1.903097791555153435e+02 3.140866863678194818e+02
1.895412414198776219e+02 3.133934672744376257e+02
1.887855237689712169e+02 3.126877729739605343e+02
1.880431334284368461e+02 3.119697136598257430e+02
1.873145997761185697e+02 3.112393724222983451e+02
1.866004912546565606e+02 3.104968137663367997e+02
1.859014201861797346e+02 3.097421054871946353e+02
1.852180307090664542e+02 3.089752841728904968e+02
1.845510147254174456e+02 3.081963909373869228e+02
1.839011050515273951e+02 3.074054345864695392e+02
1.832690840537698875e+02 3.066024406676685885e+02
1.826557812914359147e+02 3.057874026551042448e+02
1.820620761582429168e+02 3.049603246539160750e+02
1.814888914463359129e+02 3.041211968031608421e+02
1.809371899059461839e+02 3.032700225578004734e+02
1.804079722865961344e+02 3.024068060991171478e+02
1.799022723531843440e+02 3.015315648913059476e+02
1.794211461030209591e+02 3.006443297987415804e+02
1.789656496728327966e+02 2.997451589703843524e+02
1.785368403724769450e+02 2.988341286487384423e+02
1.781357474801524745e+02 2.979113502307720296e+02
1.777633497499689099e+02 2.969769710965812806e+02
1.774205813381536245e+02 2.960311643238155739e+02
1.771082634111364769e+02 2.950741567219980652e+02
1.768271246327533106e+02 2.941062034314930429e+02
