1.714865566189748165e+02 2.941958025140028212e+02
1.712100392794683899e+02 2.929800717852963885e+02
1.709873238318512279e+02 2.917532829584405363e+02
1.708180632842183968e+02 2.905200567094761936e+02
1.707012484475837084e+02 2.892837921997449371e+02
1.706354710749733670e+02 2.880477371193545650e+02
1.706190239597958680e+02 2.868146490928453431e+02
1.706499567034447864e+02 2.855871124711842981e+02
1.707261649339769463e+02 2.843672829572753358e+02
1.708454630021649905e+02 2.831569734408544150e+02
1.710056410293945532e+02 2.819576830545607322e+02
1.712044849473293198e+02 2.807706549890398833e+02
1.714398566426714297e+02 2.795967554312856578e+02
1.717096197533331292e+02 2.784368535149761215e+02
1.720118144400846916e+02 2.772913943886692323e+02
1.723445514707411803e+02 2.761607953192624336e+02
1.727060687662428506e+02 2.750452818991516892e+02
1.730947113001760442e+02 2.739449745595650825e+02
1.735088818264502777e+02 2.728600051572794882e+02
1.739472094674423772e+02 2.717902257152560992e+02
1.744083413158960809e+02 2.707356198109328034e+02
1.748910061300436780e+02 2.696961107914210061e+02
1.753941234326288736e+02 2.686714274523705512e+02
1.759165664614723710e+02 2.676614941583630980e+02
1.764574205206524482e+02 2.666660185133021628e+02
1.770157023682627369e+02 2.656849055546202294e+02
1.775906404694157743e+02 2.647178360232356340e+02
1.781814326841784180e+02 2.637646243382027933e+02
1.787873312263455432e+02 2.628250780283174777e+02
1.794076962267835995e+02 2.618989407751249132e+02
1.800418861818885716e+02 2.609860255413447021e+02
1.806893400602309043e+02 2.600861027477650396e+02
1.813495001552080055e+02 2.591989914958318764e+02
1.820218781499532668e+02 2.583244814736165722e+02
1.827059948488940506e+02 2.574623986217790730e+02
1.834014418607093546e+02 2.566125393962394128e+02
1.841077719979782330e+02 2.557747814220407179e+02
1.848246500524930127e+02 2.549489253105731734e+02
1.855516949754684504e+02 2.541348519354676512e+02
1.862885703366919756e+02 2.533324232844593382e+02
1.870349879117174794e+02 2.525414921305045368e+02
1.877906750835369678e+02 2.517619424421239955e+02
1.885553283421912738e+02 2.509937068988902809e+02
1.893287320981754647e+02 2.502366616110006134e+02
1.901106432355644529e+02 2.494907304163295407e+02
1.909008084598095252e+02 2.487558720650714008e+02
1.916991163654444961e+02 2.480319777850086496e+02
1.925052989839088582e+02 2.473190825269360005e+02
1.933192395904525540e+02 2.466171114626984036e+02
1.941407688456510243e+02 2.459260494124588945e+02
1.949696970863116405e+02 2.452458535791270435e+02
1.958058084031093244e+02 2.445764438449382396e+02
1.966488935812049306e+02 2.439177403270990396e+02
1.974987548928634169e+02 2.432696641047076582e+02
1.983552643035884842e+02 2.426321047842835696e+02
1.992181454308100399e+02 2.420050761426573729e+02
2.000873402849908587e+02 2.413884682427564314e+02
2.009626457404720270e+02 2.407822812416667091e+02
2.018439203638285164e+02 2.401864764839208704e+02
2.027310360635606798e+02 2.396010171107739950e+02
2.036238606080605393e+02 2.390258904955633739e+02
2.045222694013192779e+02 2.384610930134068667e+02
2.054261410129169576e+02 2.379066243137077663e+02
2.063353568529676068e+02 2.373624871749252634e+02
2.072498471806209182e+02 2.368286668041032215e+02
2.081694259654549626e+02 2.363052220314714589e+02
2.090940425845107598e+02 2.357921408399354277e+02
2.100235899096012133e+02 2.352894520594675214e+02
2.109579502426309148e+02 2.347971917508913293e+02
2.118970167960526965e+02 2.343153909749900095e+02
2.128407426950254830e+02 2.338440564732796929e+02
2.137889506677602753e+02 2.333832606440280983e+02
2.147415804499506180e+02 2.329330172298798800e+02
2.156985310771814000e+02 2.324933671136366797e+02
2.166596997259251509e+02 2.320643496850781560e+02
2.176249779388337799e+02 2.316459957949257387e+02
2.185942566340040401e+02 2.312383364409887463e+02
2.195674270080559154e+02 2.308414045738279583e+02
2.205443803389324273e+02 2.304552349614612581e+02
2.215250026549314271e+02 2.300798538917373719e+02
2.225091704407621194e+02 2.297152698429371753e+02
2.234967596972131787e+02 2.293614905139654923e+02
2.244876679055500688e+02 2.290185192532924532e+02
2.254817477735078626e+02 2.286863768190703183e+02
2.264788585284995008e+02 2.283650559075306603e+02
2.274788935829855916e+02 2.280545123379726533e+02
2.284816845514133661e+02 2.277547239240502677e+02
2.294870822294818709e+02 2.274656585914161724e+02
2.304949900489326922e+02 2.271872711617670859e+02
2.315051891387810770e+02 2.269195195593953827e+02
2.325175938097273445e+02 2.266622938227305326e+02
2.335319721587795527e+02 2.264155266750595388e+02
2.345482267736986159e+02 2.261791117768874813e+02
2.355661651471574771e+02 2.259529687804529772e+02
2.365856278469991025e+02 2.257369678664689445e+02
2.376064748452262734e+02 2.255309583829064195e+02
2.386284900495297165e+02 2.253348037744684689e+02
2.396515408810771532e+02 2.251483464017679239e+02
2.406754752422178569e+02 2.249714234590435922e+02
2.417000607280128293e+02 2.248037687300179357e+02
2.427251130604910543e+02 2.246450571922289612e+02
2.437504451108815715e+02 2.244949690133963713e+02
2.447758616569015828e+02 2.243531845192174501e+02
2.458011765462765368e+02 2.242193726848543633e+02
2.468262197464418364e+02 2.240931748026150956e+02
2.478508218328008752e+02 2.239742258298724948e+02
2.488748308860442364e+02 2.238621607094880801e+02
2.498980854459651084e+02 2.237566111063453604e+02
2.509204524626460682e+02 2.236572067972855677e+02
2.519418085006277295e+02 2.235635845419139400e+02
2.529620397829595788e+02 2.234753813631955950e+02
2.539810434443263034e+02 2.233922330946249701e+02
2.549987291533189477e+02 2.233137758392834655e+02
2.560150183923267946e+02 2.232396579471942459e+02
2.570298489986907953e+02 2.231695510058750926e+02
2.580431730679035240e+02 2.231031306598034405e+02
2.590549519328548627e+02 2.230400727310492641e+02
2.600651579332465531e+02 2.229800535839765701e+02
2.610737785455487483e+02 2.229227716512770598e+02
2.620808169754913024e+02 2.228679547819682227e+02
2.630862867260918279e+02 2.228153336075816355e+02
2.640902108451250001e+02 2.227646419417485788e+02
2.650926243797516690e+02 2.227156121132018427e+02
2.660935747365709290e+02 2.226679975726411271e+02
2.670931229538178968e+02 2.226215690046778946e+02
2.680913788604783576e+02 2.225760345604918200e+02
2.690884739824742269e+02 2.225310439975882275e+02
2.700845119495359086e+02 2.224862533853651314e+02
2.710796021843370909e+02 2.224413273246133542e+02
2.720738613257491352e+02 2.223959370912203042e+02
2.730674117494844495e+02 2.223497589886250694e+02
2.740603832879610877e+02 2.223024733047618042e+02
2.750529156808427729e+02 2.222537586873249040e+02
2.760451486535748131e+02 2.222032853525157634e+02
2.770372307251286657e+02 2.221507210562667467e+02
2.780293174157147860e+02 2.220957377747084820e+02
2.790215711747059117e+02 2.220380118182096396e+02
2.800141611741067891e+02 2.219772188191994644e+02
2.810072597753521109e+02 2.219130193126003689e+02
2.820010561250482510e+02 2.218450659039891093e+02
2.829957393576718232e+02 2.217730177931897515e+02
2.839915074487769289e+02 2.216965397082115885e+02
2.849885668499870235e+02 2.216153027871687868e+02
2.859871304769542348e+02 2.215289894306952192e+02
2.869874203266456334e+02 2.214372881923263492e+02
2.879896682966622734e+02 2.213398875395528762e+02
2.889941087878221424e+02 2.212364873241994587e+02
2.900009698406389589e+02 2.211271318044665009e+02
2.910104415940135709e+02 2.210125434550920431e+02
2.920226868448395408e+02 2.208935174975010511e+02
2.930378445494892503e+02 2.207708580531496807e+02
2.940560345271799747e+02 2.206453814690302409e+02
2.950773361153631527e+02 2.205179860238831964e+02
2.961017989237989241e+02 2.203897001367723476e+02
2.971294539576376224e+02 2.202615738352535004e+02
2.981602706947165302e+02 2.201346369986115690e+02
2.991942316531714141e+02 2.200099416469545588e+02
3.002312526874335390e+02 2.198885745819694364e+02
3.012712336354505283e+02 2.197716710998948315e+02
3.023140363980151619e+02 2.196603653990684961e+02
3.033594959820991335e+02 2.195557911961835202e+02
3.044074082495670837e+02 2.194590676814324866e+02
3.054575863263283964e+02 2.193712333431208492e+02
3.065097646261106092e+02 2.192932437370683658e+02
3.075637245921547560e+02 2.192260729671645834e+02
3.086191772779142184e+02 2.191706818590032810e+02
3.096758090730050981e+02 2.191279910187335531e+02
3.107333566860689871e+02 2.190986997613816243e+02
3.117915470903132586e+02 2.190834042568722282e+02
3.128500904485366618e+02 2.190826981530742614e+02
3.139086594886182979e+02 2.190971636700914189e+02
3.149669563740442300e+02 2.191273359355960224e+02
3.160247131501104718e+02 2.191734931357723042e+02
3.170816717839055627e+02 2.192358392323142482e+02
3.181375686477520617e+02 2.193145773840998061e+02
3.191921423024008391e+02 2.194099133710160743e+02
3.202451345465350983e+02 2.195219966978217201e+02
3.212963008447620723e+02 2.196507981392817328e+02
3.223454415813271225e+02 2.197962690602495002e+02
3.233923802218463948e+02 2.199583746756634639e+02
3.244368602957580947e+02 2.201370510672435330e+02
3.254787007490428437e+02 2.203322313920775173e+02
3.265177241607116798e+02 2.205437939438564570e+02
3.275537477174416381e+02 2.207716096305373128e+02
3.285865702659800149e+02 2.210155415318705820e+02
3.296160562570265711e+02 2.212754832000037766e+02
3.306420133489302771e+02 2.215513327741537069e+02
3.316642262463043949e+02 2.218430093398524434e+02
3.326825237946957259e+02 2.221504556628315754e+02
3.336967109720317808e+02 2.224736093833394079e+02
3.347065953322546648e+02 2.228124174917020923e+02
3.357119698913458592e+02 2.231669212253534909e+02
3.367125129333459768e+02 2.235372010085126533e+02
3.377079920608931047e+02 2.239233863989012434e+02
3.386981420951940436e+02 2.243256026553937659e+02
3.396826324527448833e+02 2.247439311306686989e+02
3.406612499388392621e+02 2.251783328742090475e+02
3.416338235821066291e+02 2.256286790841199377e+02
3.426001528252318167e+02 2.260948310561609844e+02
3.435600307987714928e+02 2.265766515914430670e+02
3.445132695766287156e+02 2.270740392462036823e+02
3.454595858791821570e+02 2.275869755639124321e+02
3.463986999460659604e+02 2.281155102958940404e+02
3.473303543763116181e+02 2.286597235365964593e+02
3.482541618976283644e+02 2.292196255583567108e+02
3.491698291953857733e+02 2.297952991328473615e+02
3.500769981210587503e+02 2.303868376444274304e+02
3.509752756154982762e+02 2.309943352752741816e+02
3.518642489923647645e+02 2.316178855418059754e+02
3.527435218339991252e+02 2.322576114132261011e+02
3.536126197720910227e+02 2.329135778788819948e+02
3.544711535230684376e+02 2.335858681750000301e+02
3.553186154497165603e+02 2.342744847285543415e+02
3.561545513990633935e+02 2.349794867768171116e+02
3.569784772497491758e+02 2.357009406485895227e+02
3.577898290286864835e+02 2.364387921561580583e+02
3.585882063278296528e+02 2.371929883803377948e+02
3.593730768531327726e+02 2.379633734760397203e+02
3.601439515074238216e+02 2.387498532320268225e+02
3.609002995365685251e+02 2.395523320820352353e+02
3.616415742189099660e+02 2.403705812620273150e+02
3.623673746744159985e+02 2.412043367208214590e+02
3.630771891979541124e+02 2.420532442267606541e+02
3.637705711273262068e+02 2.429170620347345562e+02
3.644469213000522245e+02 2.437954152431329362e+02
3.651058269799372624e+02 2.446879976623644950e+02
3.657468368854244432e+02 2.455943322749613174e+02
3.663694783697566209e+02 2.465139477211127428e+02
3.669732971690538079e+02 2.474464624294074326e+02
3.675577501432381382e+02 2.483914331823652333e+02
3.681223600678222851e+02 2.493484358991587442e+02
3.686666304753144914e+02 2.503169942441753619e+02
3.691900535542582134e+02 2.512966962795916288e+02
3.696920625072530697e+02 2.522871206904242172e+02
3.701720537139900671e+02 2.532878519539199829e+02
3.706294206797256834e+02 2.542985769120797670e+02
3.710634815109756914e+02 2.553189262885226753e+02
3.714735461314829763e+02 2.563486007226654237e+02
3.718588848813549816e+02 2.573872890657611947e+02
3.722187437974151294e+02 2.584347179266679859e+02
3.725522948010050754e+02 2.594906982034075895e+02
3.728586670459167749e+02 2.605549472082170155e+02
3.731370287124313450e+02 2.616272761112092553e+02
3.733865629271647890e+02 2.627074715764728694e+02
3.736062305251969065e+02 2.637953268311100601e+02
3.737941605383235242e+02 2.648908349431769125e+02
3.739483681486457840e+02 2.659936975442748803e+02
3.740670093837309764e+02 2.671033761946915206e+02
3.741488915011581184e+02 2.682176994446693357e+02
3.741938014563766046e+02 2.693342264420052743e+02
3.742019145809483689e+02 2.704517585569090556e+02
3.741736356938610015e+02 2.715691467472583440e+02
3.741095710284506595e+02 2.726852703023651543e+02
3.740104855635659078e+02 2.737990677916047844e+02
3.738772722041920815e+02 2.749094822216183616e+02
3.737108761480168937e+02 2.760155605859504817e+02
3.735123020146420458e+02 2.771164169334826397e+02
3.732826087809500564e+02 2.782112043856608921e+02
3.730228514418500936e+02 2.792991828435473280e+02
3.727340833899078802e+02 2.803796488399051441e+02
3.724173660920775433e+02 2.814519132644888941e+02
3.720736579127943742e+02 2.825154470283238197e+02
3.717039311875666385e+02 2.835696548518877194e+02
3.713090984804513255e+02 2.846140143079761060e+02
3.708900385987140567e+02 2.856480747955089896e+02
3.704476256837335200e+02 2.866713883323034793e+02
3.699826520219087342e+02 2.876835605157053237e+02
3.694958793511984823e+02 2.886841770927649122e+02
3.689880048324346831e+02 2.896728678429548722e+02
3.684597420417558737e+02 2.906493318431986381e+02
3.679118264150868072e+02 2.916132629246836245e+02
3.673448944204403688e+02 2.925644148808004275e+02
3.667595794022584528e+02 2.935024951279137895e+02
3.661564031134365678e+02 2.944273083807627813e+02
3.655360636141591613e+02 2.953386145121113486e+02
3.648991406863781322e+02 2.962363127762533850e+02
3.642461701205248801e+02 2.971202915778994793e+02
3.635777488416364349e+02 2.979903542481058594e+02
3.628943268905855462e+02 2.988464467545131242e+02
3.621964716244345368e+02 2.996885098628151241e+02
3.614847310061525718e+02 3.005165074538188605e+02
3.607595929479571168e+02 3.013304279610889012e+02
3.600215111946326942e+02 3.021302589354403381e+02
3.592709271654384224e+02 3.029160019533653099e+02
3.585083245167742234e+02 3.036876744305131979e+02
3.577341216066407696e+02 3.044453327726945417e+02
3.569487724686715637e+02 3.051889903475012034e+02
3.561525860924298286e+02 3.059187424310896404e+02
3.553460143715528261e+02 3.066345684077272153e+02
3.545293631794910425e+02 3.073365422141242220e+02
3.537029755289984223e+02 3.080246928407942733e+02
3.528671776643969338e+02 3.086990490737416621e+02
3.520222397618907166e+02 3.093596674814168068e+02
3.511685949905952384e+02 3.100066703801758194e+02
3.503066338454964921e+02 3.106403808966844622e+02
3.494368455777942017e+02 3.112610595337940822e+02
3.485596089517298992e+02 3.118690261534340493e+02
3.476753211387248825e+02 3.124645715849370049e+02
3.467843249282834108e+02 3.130479340054217232e+02
3.458869220955769492e+02 3.136193127055890386e+02
3.449833488242075532e+02 3.141789295437154124e+02
3.440739576891802471e+02 3.147269394553286475e+02
3.431589195042240021e+02 3.152635812084996019e+02
3.422385346575670155e+02 3.157889751506374409e+02
3.413129672125608067e+02 3.163032870470267994e+02
3.403824164740922811e+02 3.168066536769224513e+02
3.394470923646478013e+02 3.172992024337443127e+02
3.385071712073059302e+02 3.177810684484262538e+02
3.375628195115799031e+02 3.182523653137430983e+02
3.366142108102549173e+02 3.187131929167778708e+02
3.356614990673892294e+02 3.191636563044900186e+02
3.347048022952731685e+02 3.196038684518790660e+02
3.337443029107543566e+02 3.200339115597632826e+02
3.327801252072206353e+02 3.204538938512794175e+02
3.318124241651514694e+02 3.208639073086394546e+02
3.308412901233613184e+02 3.212640637124210912e+02
3.298669160879504716e+02 3.216544322222181336e+02
3.288893966248102743e+02 3.220351293176255467e+02
3.279088687863874725e+02 3.224062704346789587e+02
3.269254667079749197e+02 3.227679724146815374e+02
3.259393205478206710e+02 3.231203509128965834e+02
3.249505567900066012e+02 3.234635207085100319e+02
3.239593062908620595e+02 3.237976143644243052e+02
3.229657081698364891e+02 3.241227929457930941e+02
3.219698979770603842e+02 3.244392193735607179e+02
3.209720067310427680e+02 3.247470558829129459e+02
3.199721388041862156e+02 3.250464699246384725e+02
3.189704540003772308e+02 3.253376438044451220e+02
3.179671041760684034e+02 3.256207998654089124e+02
3.169621693864746703e+02 3.258961761740459337e+02
3.159558550438360953e+02 3.261639756825605900e+02
3.149482205687798455e+02 3.264244431287132784e+02
3.139394569317208266e+02 3.266778241993001188e+02
3.129296366505832907e+02 3.269244211949502983e+02
3.119189592928760817e+02 3.271645046508497217e+02
3.109074895690141034e+02 3.273983773687536427e+02
3.098953711935049000e+02 3.276263228532502012e+02
3.088827348560872110e+02 3.278486669197337164e+02
3.078696823380964815e+02 3.280657575937668753e+02
3.068563125585055786e+02 3.282779385556045213e+02
3.058427658870290884e+02 3.284855468925869104e+02
3.048291071854872598e+02 3.286888967474122296e+02
3.038153590991569217e+02 3.288881001535222595e+02
3.028015234870204608e+02 3.290832014796842486e+02
3.017876011918694417e+02 3.292742430814819272e+02
3.007735854979650298e+02 3.294612654804067802e+02
2.997594900715935182e+02 3.296442991667531714e+02
2.987452981140756378e+02 3.298233559849688845e+02
2.977310002103034776e+02 3.299984386931405993e+02
2.967165869043275279e+02 3.301695479919341665e+02
2.957020486977734208e+02 3.303366825260936821e+02
2.946873748129312958e+02 3.304998334152546704e+02
2.936725517319430310e+02 3.306589767958369066e+02
2.926575659698219738e+02 3.308140848629381594e+02
2.916424045260138200e+02 3.309651277398706384e+02
2.906270548763321244e+02 3.311120734038829596e+02
2.896115014298553660e+02 3.312548816174191302e+02
2.885957309569670315e+02 3.313935001859558156e+02
2.875797342879212692e+02 3.315278746818154332e+02
2.865634959652331872e+02 3.316579491128961763e+02
2.855470043961301485e+02 3.317836646758295842e+02
2.845302481520902234e+02 3.319049552684796822e+02
2.835132160823097252e+02 3.320217469673640949e+02
2.824958983395311520e+02 3.321339634946380102e+02
2.814782864634561861e+02 3.322415265263455808e+02
2.804603733745395289e+02 3.323443554071096742e+02
2.794421513402883761e+02 3.324423627906303409e+02
2.784236132627256666e+02 3.325354553359383658e+02
2.774048513584838247e+02 3.326235574115234499e+02
2.763859995140410319e+02 3.327066338034152295e+02
2.753670725344356924e+02 3.327846670749985378e+02
2.743480726008941133e+02 3.328576360839714994e+02
2.733290028756321135e+02 3.329255159484741853e+02
2.723098677018390958e+02 3.329882797502231710e+02
2.712906726133215898e+02 3.330458985809489150e+02
2.702714243151800702e+02 3.330983411677649428e+02
2.692521305886996288e+02 3.331455720391446675e+02
2.682328004574327451e+02 3.331875530265767793e+02
2.672134429225583858e+02 3.332242436710184279e+02
2.661940718813185640e+02 3.332556022518511440e+02
2.651747006940684059e+02 3.332815850955863652e+02
2.641553424966132866e+02 3.333021449906267435e+02
2.631360130168991418e+02 3.333172325585398994e+02
2.621167294235468717e+02 3.333267966411024759e+02
2.610975092306722445e+02 3.333307839226955593e+02
2.600783721591064364e+02 3.333291388425035393e+02
2.590593428692720863e+02 3.333218044424322102e+02
2.580404429550323471e+02 3.333087213972058294e+02
2.570216971715677801e+02 3.332898286488534154e+02
2.560031318762947876e+02 3.332650638436176678e+02
2.549847743750718791e+02 3.332343913094289860e+02
2.539666515350489533e+02 3.331978200885209276e+02
2.529487819095240582e+02 3.331553584198707654e+02
2.519312022539866405e+02 3.331070172382611077e+02
2.509139407582386241e+02 3.330528063072451914e+02
2.498970190399934097e+02 3.329927315662968113e+02
2.488804447799789443e+02 3.329267890158266141e+02
2.478642789653599436e+02 3.328549893168303697e+02
2.468485236306304955e+02 3.327773286426136110e+02
2.458332023642060165e+02 3.326938013119690822e+02
2.448183616501646327e+02 3.326044094104988744e+02
2.438039963760278397e+02 3.325091364781779930e+02
2.427901662687439170e+02 3.324079825493776070e+02
2.417768698985737217e+02 3.323009290533930766e+02
2.407641472467950337e+02 3.321879641774847869e+02
2.397520283234805447e+02 3.320690740633876885e+02
2.387405250366788891e+02 3.319442341032446961e+02
2.377296739685497755e+02 3.318134234385235004e+02
2.367195074649501976e+02 3.316766200003504537e+02
2.357100471721568056e+02 3.315337948578498981e+02
2.347013222544886730e+02 3.313849170007742373e+02
2.336933625226356810e+02 3.312299525286997550e+02
2.326861984859229153e+02 3.310688646393234080e+02
2.316798614174025772e+02 3.309016135381525032e+02
2.306743834373088760e+02 3.307281562596523941e+02
2.296697965975349689e+02 3.305484457143953705e+02
2.286661218822482624e+02 3.303624235834006413e+02
2.276634215495157321e+02 3.301700466058247798e+02
2.266617093286671150e+02 3.299712494061639632e+02
2.256610260844596212e+02 3.297659686799743781e+02
2.246614151055422610e+02 3.295541387461750560e+02
2.236629192023364112e+02 3.293356903619940113e+02
2.226655601523165160e+02 3.291105361562367193e+02
2.216694063843346214e+02 3.288786042645271550e+02
2.206744922467387653e+02 3.286398048255313142e+02
2.196808647127542429e+02 3.283940443001155813e+02
2.186885748264914184e+02 3.281412244363658601e+02
2.176976760976346839e+02 3.278812416810316108e+02
2.167082093328643850e+02 3.276139759805218432e+02
2.157202590997328571e+02 3.273393226997589522e+02
2.147338672441228766e+02 3.270571492136810434e+02
2.137491027032689885e+02 3.267673240889587305e+02
2.127660272105543129e+02 3.264697021521582201e+02
2.117847274097744616e+02 3.261641427464296612e+02
2.108052680468168205e+02 3.258504829806934140e+02
2.098277329018625323e+02 3.255285558992298434e+02
2.088522109301564171e+02 3.251981861106789893e+02
2.078787878662456308e+02 3.248591823039622000e+02
2.069075629235260294e+02 3.245113456144287056e+02
2.059386492431046918e+02 3.241544756912687717e+02
2.049721487015740422e+02 3.237883515137930317e+02
2.040081729407826572e+02 3.234127369665785068e+02
2.030468523250466149e+02 3.230273877268136289e+02
2.020883266708691224e+02 3.226320465752230007e+02
2.011327465491133353e+02 3.222264417915165495e+02
2.001802493417558537e+02 3.218102648161444677e+02
1.992310274737612019e+02 3.213832181124012664e+02
1.982852444559689218e+02 3.209449569958692905e+02
1.973431061616020656e+02 3.204951314443529782e+02
1.964048361869800203e+02 3.200333718348267098e+02
1.954706655856263353e+02 3.195592780806238693e+02
1.945408417739097615e+02 3.190724193991376296e+02
1.936156464447587382e+02 3.185723459441819614e+02
1.926953903227202716e+02 3.180585841048480802e+02
1.917803997874104027e+02 3.175306173518283686e+02
1.908710582787740293e+02 3.169879211796422851e+02
1.899677453473420314e+02 3.164299038186190955e+02
1.890709093263141654e+02 3.158559592905204454e+02
1.881810536265941778e+02 3.152654596685616184e+02
1.872986938927249412e+02 3.146576996008299716e+02
1.864244492331098400e+02 3.140319800519877163e+02
1.855589694298184327e+02 3.133875359879227176e+02
1.847029740635069857e+02 3.127235556134211834e+02
1.838573017973418757e+02 3.120392332188475280e+02
1.830228345127345051e+02 3.113336755609619786e+02
1.822005977061986925e+02 3.106060090741221984e+02
1.813916716990942462e+02 3.098552619986248828e+02
1.805973348858303495e+02 3.090805399211554914e+02
1.798189349591220321e+02 3.082808557722904084e+02
1.790580280595876559e+02 3.074553123325507613e+02
1.783162755156290871e+02 3.066029640338092577e+02
1.775955482563884402e+02 3.057229720158194368e+02
1.768978693689994941e+02 3.048145338445744414e+02
1.762254746991589798e+02 3.038770045853697752e+02
1.755807707057320499e+02 3.029098801273175354e+02
1.749663488250723162e+02 3.019129058596603841e+02
1.743849162132488573e+02 3.008860015881760432e+02
1.738393343514660785e+02 2.998294739020016664e+02
1.733325304591117799e+02 2.987440102434494520e+02
1.728674100479397282e+02 2.976305712890826385e+02
1.724468759079388747e+02 2.964908179282434162e+02
1.720736091579509548e+02 2.953266461708626593e+02
