1.760602961431818585e+02 2.932361732613479717e+02
1.758283421517385818e+02 2.922256803928852946e+02
1.756292962033025447e+02 2.912048395354241279e+02
1.754632875973902060e+02 2.901745722489552577e+02
1.753302638501442630e+02 2.891357643437818865e+02
1.752300085491254436e+02 2.880894008316646477e+02
1.751621844413281224e+02 2.870364852232208364e+02
1.751263224387312789e+02 2.859780815149816817e+02
1.751218552958223711e+02 2.849152437395472361e+02
1.751481399751233425e+02 2.838490121774366912e+02
1.752044779790486189e+02 2.827804016939500116e+02
1.752901519412760933e+02 2.817104076477473882e+02
1.754044921885630117e+02 2.806399646440444826e+02
1.755467834750760403e+02 2.795700444585909281e+02
1.757163494063211715e+02 2.785015060542503988e+02
1.759125082208579727e+02 2.774352159397992637e+02
1.761345999775231519e+02 2.763719812806594405e+02
1.763819833667153318e+02 2.753125732420687655e+02
1.766540129470237162e+02 2.742577742833394723e+02
1.769501404664854363e+02 2.732082447474617197e+02
1.772698037417968351e+02 2.721647029541356915e+02
1.776124140128158899e+02 2.711278144239833523e+02
1.779774419096008842e+02 2.700981163665462077e+02
1.783643148796199114e+02 2.690762389892510100e+02
1.787725785461341843e+02 2.680626838450857576e+02
1.792017135424681555e+02 2.670580513295765854e+02
1.796512416564978025e+02 2.660627432858341876e+02
1.801206122480631109e+02 2.650771943126865153e+02
1.806093049696778223e+02 2.641018192807931086e+02
1.811168724475393788e+02 2.631369762784214004e+02
1.816428488663527219e+02 2.621830451164083797e+02
1.821867318972379337e+02 2.612402916116653273e+02
1.827479875268958267e+02 2.603089704566013438e+02
1.833261372925524881e+02 2.593892977107524302e+02
1.839207127030784363e+02 2.584815005408582920e+02
1.845312872594304849e+02 2.575857549831299025e+02
1.851573369594121345e+02 2.567022256318512063e+02
1.857984167858953413e+02 2.558309851006259805e+02
1.864540503493375638e+02 2.549721548148659167e+02
1.871238029265047373e+02 2.541258275540428997e+02
1.878072746272292477e+02 2.532920647087848351e+02
1.885040538440399587e+02 2.524709109668621068e+02
1.892137023467493009e+02 2.516624351701354954e+02
1.899358645833815444e+02 2.508666464813143193e+02
1.906701668801098606e+02 2.500835848438612459e+02
1.914162307759914370e+02 2.493133117327927266e+02
1.921738108858519070e+02 2.485558202672655739e+02
1.929425245286894324e+02 2.478112236962813313e+02
1.937221305154466791e+02 2.470795294779698565e+02
1.945123426719754320e+02 2.463607902795633038e+02
1.953128058260506918e+02 2.456549628050386787e+02
1.961230797587490997e+02 2.449618805802177235e+02
1.969427348272694758e+02 2.442813625903479533e+02
1.977713605604211864e+02 2.436132196189402634e+02
1.986086225335049562e+02 2.429572268934186354e+02
1.994540850510819325e+02 2.423133091209462577e+02
2.003075521917733681e+02 2.416813043623370731e+02
2.011686961796989976e+02 2.410611506394311903e+02
2.020372522227809498e+02 2.404527447159960616e+02
2.029129744906953761e+02 2.398559830971544784e+02
2.037956346119482589e+02 2.392708058463171881e+02
2.046850248870600808e+02 2.386971730566947940e+02
2.055809435139726133e+02 2.381350454593502093e+02
2.064831940654058542e+02 2.375843842544790050e+02
2.073916311029949497e+02 2.370451334228590952e+02
2.083060073703538251e+02 2.365173175624093176e+02
2.092262113296120560e+02 2.360008964896757391e+02
2.101520788392512884e+02 2.354958676953262398e+02
2.110834372476279555e+02 2.350022340228628934e+02
2.120201258181756430e+02 2.345199915130996828e+02
2.129620421872266149e+02 2.340491095507873354e+02
2.139089594085541535e+02 2.335896185099423974e+02
2.148607651569121231e+02 2.331414911236273042e+02
2.158173094992415031e+02 2.327047250442507504e+02
2.167784393469345616e+02 2.322793099080655850e+02
2.177439897196377956e+02 2.318652107812385168e+02
2.187137957997207138e+02 2.314623888431311798e+02
2.196876952641582079e+02 2.310708057782102571e+02
2.206655280195576836e+02 2.306904235886678691e+02
2.216471247867900445e+02 2.303211823332950132e+02
2.226322979372766042e+02 2.299629799663565279e+02
2.236208613304782489e+02 2.296157094218547741e+02
2.246126525607512576e+02 2.292792580940933647e+02
2.256074697266824955e+02 2.289535276339749430e+02
2.266051118743915254e+02 2.286383727169210545e+02
2.276054032572032497e+02 2.283335876926980461e+02
2.286081136403976188e+02 2.280389838425181210e+02
2.296130356181526224e+02 2.277543611372672956e+02
2.306200154705649368e+02 2.274795052073072270e+02
2.316287824336697838e+02 2.272141844108374471e+02
2.326391891108346215e+02 2.269580874742190986e+02
2.336509574667412892e+02 2.267109391540623733e+02
2.346639404674605487e+02 2.264724271052090501e+02
2.356779085953214974e+02 2.262422598464467001e+02
2.366926659948285874e+02 2.260200903458018900e+02
2.377080393703487573e+02 2.258055462186922568e+02
2.387237919028698059e+02 2.255982652134371449e+02
2.397397705430935275e+02 2.253978648114738235e+02
2.407558211626868854e+02 2.252039847963393413e+02
2.417717863178591244e+02 2.250163592104024985e+02
2.427875798744520353e+02 2.248347487407728806e+02
2.438031118789422180e+02 2.246589208812867184e+02
2.448182832711403591e+02 2.244886446299663874e+02
2.458330042987353465e+02 2.243236886845797642e+02
2.468472100758792180e+02 2.241638365213414374e+02
2.478608363423992955e+02 2.240088782827113221e+02
2.488738322910570275e+02 2.238586061931671622e+02
2.498861335962976398e+02 2.237128112088608702e+02
2.508977010339881417e+02 2.235712889980059970e+02
2.519085041432280434e+02 2.234338571573853756e+02
2.529185178540744801e+02 2.233003378880135585e+02
2.539277230079556489e+02 2.231705541597274589e+02
2.549361082804808802e+02 2.230443309763371360e+02
2.559436675761083961e+02 2.229215036214939119e+02
2.569504036453056415e+02 2.228019249192807933e+02
2.579563296477669496e+02 2.226854521765216077e+02
2.589614623209935758e+02 2.225719445289033445e+02
2.599658241205549416e+02 2.224612627960667339e+02
2.609694450012775064e+02 2.223532786811117887e+02
2.619723626891458821e+02 2.222478779251078720e+02
2.629746203831119828e+02 2.221449489703709048e+02
2.639762676195245490e+02 2.220443841841425012e+02
2.649773572639491590e+02 2.219460752845606635e+02
2.659779501206477335e+02 2.218499221396877488e+02
2.669781126194862964e+02 2.217558305578981788e+02
2.679779024430858385e+02 2.216636504752034114e+02
2.689773832338986495e+02 2.215731733609860612e+02
2.699766336953163091e+02 2.214841897796366368e+02
2.709757368811128231e+02 2.213964950998375230e+02
2.719747795878678858e+02 2.213098890182788239e+02
2.729738523193598780e+02 2.212241756553825667e+02
2.739730490224030177e+02 2.211391626914116273e+02
2.749724665925202771e+02 2.210546582690285788e+02
2.759722059669441023e+02 2.209704777402905904e+02
2.769723712712586803e+02 2.208864406943579866e+02
2.779730698726547189e+02 2.208023702883683086e+02
2.789744123527150350e+02 2.207180932775840745e+02
2.799765125589511854e+02 2.206334426356232257e+02
2.809794889530721207e+02 2.205482700310973030e+02
2.819834596115888985e+02 2.204624284193683081e+02
2.829885474704174158e+02 2.203757761053297202e+02
2.839948780621004971e+02 2.202881759592768560e+02
2.850025791634461143e+02 2.201995087312994599e+02
2.860117815102414056e+02 2.201097024988530393e+02
2.870226159673042616e+02 2.200186970606089005e+02
2.880352086781053345e+02 2.199264304582174532e+02
2.890496944218286899e+02 2.198328499801560838e+02
2.900661970532035525e+02 2.197381303697923727e+02
2.910848149729890793e+02 2.196428946693445425e+02
2.921056057635931325e+02 2.195478095065153070e+02
2.931286287119635290e+02 2.194535503612521552e+02
2.941539291671887781e+02 2.193608026197229606e+02
2.951814980377489519e+02 2.192702633588742742e+02
2.962113306689151955e+02 2.191826689300189628e+02
2.972434199865599567e+02 2.190987712472748399e+02
2.982776726333353281e+02 2.190192987110335423e+02
2.993140556302803930e+02 2.189450023753177561e+02
3.003524584562812834e+02 2.188766011335902988e+02
3.013927853767353326e+02 2.188148040507122403e+02
3.024349100832777140e+02 2.187603170801119745e+02
3.034786924750086996e+02 2.187138468863007859e+02
3.045239616719404694e+02 2.186760870457529791e+02
3.055705832308175900e+02 2.186476610296200249e+02
3.066183389724375274e+02 2.186291136758797791e+02
3.076670854148466105e+02 2.186210127511001815e+02
3.087166094959446809e+02 2.186239130554779422e+02
3.097666824218454735e+02 2.186383447012728425e+02
3.108171220075491306e+02 2.186647160946754127e+02
3.118677335788062237e+02 2.187033762623790949e+02
3.129183119695292703e+02 2.187546735880555957e+02
3.139686199293826121e+02 2.188189466184520597e+02
3.150184529133217666e+02 2.188965157773664885e+02
3.160676127896053345e+02 2.189875692546871448e+02
3.171159053397640264e+02 2.190922579689788847e+02
3.181631322616449324e+02 2.192107331082022483e+02
3.192090990972339455e+02 2.193431496328340984e+02
3.202536089598406193e+02 2.194896342943447678e+02
3.212964573112824382e+02 2.196502182169673176e+02
3.223374790175412841e+02 2.198249291424591263e+02
3.233765296236033464e+02 2.200138087562742157e+02
3.244133832842884431e+02 2.202168700256288787e+02
3.254478835496095144e+02 2.204341354937990047e+02
3.264798674714992330e+02 2.206655981560342639e+02
3.275091628663980146e+02 2.209112464912421956e+02
3.285355766555068726e+02 2.211710609989727345e+02
3.295589769082455973e+02 2.214450516270013907e+02
3.305791757354128890e+02 2.217332245876071397e+02
3.315959640281938619e+02 2.220355954031798831e+02
3.326091734643952691e+02 2.223522016998215065e+02
3.336186100043158831e+02 2.226830758213653496e+02
3.346240801344347346e+02 2.230282575695755725e+02
3.356253847717684948e+02 2.233878496869282344e+02
3.366222230634864445e+02 2.237619656929872747e+02
3.376143804580661367e+02 2.241507661619702390e+02
3.386016099889998259e+02 2.245544079556563304e+02
3.395836012132459700e+02 2.249730049695379819e+02
3.405601604752603748e+02 2.254065467061271306e+02
3.415311372440879154e+02 2.258549308044053134e+02
3.424963524211799495e+02 2.263180459384532810e+02
3.434556208361706808e+02 2.267957829860210381e+02
3.444087780521871878e+02 2.272880634613389930e+02
3.453555857847797483e+02 2.277948537999524490e+02
3.462958192002386113e+02 2.283161720491876849e+02
3.472292776191148391e+02 2.288520681556412057e+02
3.481556370861019332e+02 2.294025265614344562e+02
3.490746689602671609e+02 2.299676022433038725e+02
3.499860920954207018e+02 2.305473505197623467e+02
3.508895973826329850e+02 2.311418272580848736e+02
3.517848606515576648e+02 2.317510918108419560e+02
3.526715779738216838e+02 2.323752370642175435e+02
3.535493713573412151e+02 2.330143080690546640e+02
3.544179430073721164e+02 2.336683857626227905e+02
3.552768816605879465e+02 2.343374796325270211e+02
3.561258331531099088e+02 2.350216613843876701e+02
3.569644188481240690e+02 2.357210171161162293e+02
3.577921721515255626e+02 2.364355399578960828e+02
3.586087643125063096e+02 2.371652723426388150e+02
3.594137335014011683e+02 2.379101658851825221e+02
3.602066636410482374e+02 2.386702415605789724e+02
3.609870992186785088e+02 2.394455285502715469e+02
3.617545393423739029e+02 2.402359677856780422e+02
3.625085865172104604e+02 2.410415266680329864e+02
3.632487221863482318e+02 2.418620901043536833e+02
3.639744927278734394e+02 2.426976660381580189e+02
3.646852783321380684e+02 2.435481319976295254e+02
3.653806094842068433e+02 2.444134883100238369e+02
3.660599235781537004e+02 2.452936015865618629e+02
3.667226193127789315e+02 2.461883460991305128e+02
3.673681032857084006e+02 2.470976932054991835e+02
3.679956665835463241e+02 2.480215470193185467e+02
3.686046290213576526e+02 2.489598524366650452e+02
3.691942470558295781e+02 2.499125031126694410e+02
3.697637408783831461e+02 2.508794528269958732e+02
3.703122353485694589e+02 2.518606265516016549e+02
3.708387821662425949e+02 2.528559304768502329e+02
3.713424141614308951e+02 2.538653555440292280e+02
3.718220430583969005e+02 2.548887850230281060e+02
3.722765365411216862e+02 2.559261427124010595e+02
3.727046737757705159e+02 2.569772816723915980e+02
3.731051731570603351e+02 2.580420301372532208e+02
3.734766724065728454e+02 2.591202258425104787e+02
3.738177247844349154e+02 2.602114899268902946e+02
3.741269061399216866e+02 2.613154699778490908e+02
3.744027837365766800e+02 2.624316698571417987e+02
3.746437692431898085e+02 2.635594386503849478e+02
3.748477201198521698e+02 2.646981931538563799e+02
3.750124629410912007e+02 2.658469334636574786e+02
3.751360270095231044e+02 2.670043651326983536e+02
3.752171410930302500e+02 2.681669536053618685e+02
3.752557092266300742e+02 2.693308794167888891e+02
3.752522059428805505e+02 2.704941775012532048e+02
3.752074110508988269e+02 2.716550497567634466e+02
3.751223592329807843e+02 2.728118337164549985e+02
3.749982783712701462e+02 2.739630405813321659e+02
3.748365559466979562e+02 2.751072771518373656e+02
3.746386478063800496e+02 2.762433782305761838e+02
3.744060591540984433e+02 2.773703421735606867e+02
3.741403314762180798e+02 2.784872823331612608e+02
3.738429717535981354e+02 2.795935043084360245e+02
3.735154632861477921e+02 2.806884071599678805e+02
3.731592753775107667e+02 2.817714485491388814e+02
3.727757285564755421e+02 2.828423151343113204e+02
3.723661339172102203e+02 2.839006340379934272e+02
3.719317063640395418e+02 2.849461381989519850e+02
3.714735851716399111e+02 2.859786490605619065e+02
3.709928751739876134e+02 2.869979914719576755e+02
3.704905722337983320e+02 2.880040565461699771e+02
3.699676235456057611e+02 2.889967143532346654e+02
3.694248865040514147e+02 2.899758822463502383e+02
3.688631881306831133e+02 2.909415255311800479e+02
3.682833538538531570e+02 2.918935851937146140e+02
3.676860955076988944e+02 2.928320626055958087e+02
3.670721165055146002e+02 2.937569024484395186e+02
3.664419879313898036e+02 2.946681421278805146e+02
3.657964221120541879e+02 2.955657262470176079e+02
3.651359912277816306e+02 2.964497289143142780e+02
3.644612222936390822e+02 2.973202041094776860e+02
3.637727062913008353e+02 2.981771086632653009e+02
3.630708715976417125e+02 2.990205339396737259e+02
3.623562398639165281e+02 2.998505279936598527e+02
3.616293085367769322e+02 3.006671493234200625e+02
3.608905155677775269e+02 3.014704750834662264e+02
3.601402663223917102e+02 3.022605752498514562e+02
3.593789510740872970e+02 3.030375231519425938e+02
3.586069951454880993e+02 3.038013909254709688e+02
3.578247584556458492e+02 3.045522839452252697e+02
3.570326399806635891e+02 3.052902588105017117e+02
3.562308935806315162e+02 3.060154517182444920e+02
3.554199246733795121e+02 3.067278814106621780e+02
3.545999975999563389e+02 3.074276669143491176e+02
3.537714165731699723e+02 3.081148793216358399e+02
3.529344701869196115e+02 3.087895870535301697e+02
3.520893904116554154e+02 3.094518831257531701e+02
3.512365498766699261e+02 3.101018885294676579e+02
3.503762536802639715e+02 3.107398871823089621e+02
3.495089098382445627e+02 3.113660938669434586e+02
3.486348178660906569e+02 3.119807804816465477e+02
3.477543007130119577e+02 3.125841881021288486e+02
3.468676446528622819e+02 3.131765250106512894e+02
3.459751075053711133e+02 3.137579748973800520e+02
3.450768821221891471e+02 3.143287435979833617e+02
3.441732820675755988e+02 3.148889668473256052e+02
3.432644372998533413e+02 3.154388665715055140e+02
3.423506183449766809e+02 3.159785523646851857e+02
3.414319599799060825e+02 3.165081850135144919e+02
3.405086340893205374e+02 3.170278949218574098e+02
3.395808244911457905e+02 3.175378020650757094e+02
3.386486811574132503e+02 3.180380338356438301e+02
3.377123445893885219e+02 3.185286946012676026e+02
3.367719634478847865e+02 3.190098738323763428e+02
3.358276668609112789e+02 3.194816659272841548e+02
3.348795469711428154e+02 3.199441735218651957e+02
3.339277625335161019e+02 3.203974627802404029e+02
3.329724060643158055e+02 3.208416149809532953e+02
3.320136023820484752e+02 3.212766909821802415e+02
3.310514087366154854e+02 3.217027726988930567e+02
3.300859929980624656e+02 3.221198953748408371e+02
3.291174145498995927e+02 3.225281350750941556e+02
3.281457693800621200e+02 3.229275439417369284e+02
3.271711508971361582e+02 3.233181717354448779e+02
3.261936502225134404e+02 3.237000661786586306e+02
3.252133563464541339e+02 3.240732730332265419e+02
3.242303572500994164e+02 3.244378384793842542e+02
3.232447405009701242e+02 3.247938104975756914e+02
3.222565918710404844e+02 3.251412355616151331e+02
3.212659953140802145e+02 3.254801583550691930e+02
3.202730075328146313e+02 3.258106280210011505e+02
3.192777407670529328e+02 3.261326824506020898e+02
3.182802916802542086e+02 3.264463748955222400e+02
3.172806786076772028e+02 3.267517755381849724e+02
3.162790688018766332e+02 3.270489107244877687e+02
3.152754647409654467e+02 3.273378540186850501e+02
3.142700169773743255e+02 3.276186492324226265e+02
3.132627354996744202e+02 3.278913866499186156e+02
3.122537862172384280e+02 3.281561145653377025e+02
3.112431810877315002e+02 3.284129205091848576e+02
3.102310316591198216e+02 3.286618641530679952e+02
3.092174335567921730e+02 3.289030325586301728e+02
3.082024508059874961e+02 3.291365280792248882e+02
3.071861510406175171e+02 3.293624470689359214e+02
3.061686603977195205e+02 3.295808746669940206e+02
3.051500320221001630e+02 3.297919105250003327e+02
3.041303398845886363e+02 3.299956372479080073e+02
3.031096552516249290e+02 3.301921336768502897e+02
3.020880473315074255e+02 3.303814776765419765e+02
3.010655750752417816e+02 3.305637466808487375e+02
3.000423253422717949e+02 3.307390173009731029e+02
2.990183557299599784e+02 3.309073852058643865e+02
2.979937334974634950e+02 3.310689452513113338e+02
2.969685237329855454e+02 3.312237913886959291e+02
2.959427893784542789e+02 3.313720166685556023e+02
2.949165923599420012e+02 3.315137181502030330e+02
2.938899949163971996e+02 3.316490035933094305e+02
2.928630571269612233e+02 3.317779815472683254e+02
2.918358365188626067e+02 3.319007596680415872e+02
2.908083880831997021e+02 3.320174447655647327e+02
2.897807621497270816e+02 3.321281472439339950e+02
2.887530121393119771e+02 3.322329833699996584e+02
2.877251927330087824e+02 3.323320697052486707e+02
2.866973466731672033e+02 3.324255226832589756e+02
2.856695174577448029e+02 3.325134571281791978e+02
2.846417461071860089e+02 3.325959897083520787e+02
2.836140710908655365e+02 3.326732391924884951e+02
2.825865277503883135e+02 3.327453234155772748e+02
2.815591482379664967e+02 3.328123590742088140e+02
2.805319614792608149e+02 3.328744616784700270e+02
2.795049913314270498e+02 3.329317452023821602e+02
2.784782577543448951e+02 3.329843216468378841e+02
2.774518879128631852e+02 3.330323199873249678e+02
2.764260454089142058e+02 3.330759105746538467e+02
2.754007497456668148e+02 3.331152844284351886e+02
2.743760009179608801e+02 3.331506293369079685e+02
2.733517950517800728e+02 3.331821294778914648e+02
2.723281246434415834e+02 3.332099670194667738e+02
2.713049786063230044e+02 3.332343220944159725e+02
2.702823422347593123e+02 3.332553716590431918e+02
2.692601969548759939e+02 3.332732843867485144e+02
2.682385207788194634e+02 3.332882246398544339e+02
2.672172871293472554e+02 3.333003541661757936e+02
2.661964699119715192e+02 3.333098330583518987e+02
2.651760378134315488e+02 3.333168171542201321e+02
2.641559545902944137e+02 3.333214514556464678e+02
2.631361822670219226e+02 3.333238766650333673e+02
2.621166800141565432e+02 3.333242310614780877e+02
2.610974030342943024e+02 3.333226500497248708e+02
2.600783043645923840e+02 3.333192619026494867e+02
2.590593376782039741e+02 3.333141827080519874e+02
2.580404495359142061e+02 3.333075238218461891e+02
2.570215855732669752e+02 3.332993939171063857e+02
2.560026889341818332e+02 3.332898970486172061e+02
2.549837034411101229e+02 3.332790017698882821e+02
2.539645802022674843e+02 3.332664567562164279e+02
2.529452688073572233e+02 3.332519846721587555e+02
2.519257442909288613e+02 3.332353101796456940e+02
2.509059797842451474e+02 3.332161560780890568e+02
2.498859482535664540e+02 3.331942385186136448e+02
2.488656139820464830e+02 3.331692606141813258e+02
2.478450058590432263e+02 3.331409399424964590e+02
2.468240953871066097e+02 3.331089790582108776e+02
2.458028836545144600e+02 3.330730787900229757e+02
2.447814045838152026e+02 3.330329511720577784e+02
2.437596387993518192e+02 3.329882915462548567e+02
2.427376490454368536e+02 3.329388128772603181e+02
2.417154322592422488e+02 3.328842087120755195e+02
2.406930410103764189e+02 3.328241814176751632e+02
2.396705217602483060e+02 3.327584408258010171e+02
2.386479034339418774e+02 3.326866907869288639e+02
2.376252520740669638e+02 3.326086402008454002e+02
2.366026350859843603e+02 3.325239973592584306e+02
2.355801116092124232e+02 3.324324663478485604e+02
2.345577545695250024e+02 3.323337640480549453e+02
2.335356428890436575e+02 3.322276102766633130e+02
2.325138622899599739e+02 3.321137229364210270e+02
2.314925054746358342e+02 3.319918180335553188e+02
2.304716716743234315e+02 3.318616133179593248e+02
2.294514633531176457e+02 3.317228375558040625e+02
2.284319713354705641e+02 3.315752117517430975e+02
2.274133531193523368e+02 3.314184771299576369e+02
2.263957006050520704e+02 3.312523499610114186e+02
2.253791503608495645e+02 3.310765563257085660e+02
2.243638467791385835e+02 3.308908313160162606e+02
2.233499393085630800e+02 3.306949098230758750e+02
2.223375505553514415e+02 3.304885078924799586e+02
2.213268808193008681e+02 3.302713650684531217e+02
2.203180847418716439e+02 3.300432010237130953e+02
2.193113425056065182e+02 3.298037356102538524e+02
2.183068472860025224e+02 3.295526873624000359e+02
2.173048030740524439e+02 3.292897730117491619e+02
2.163054011599086266e+02 3.290146938066504276e+02
2.153089106663494761e+02 3.287271685245265758e+02
2.143155460357964159e+02 3.284268758300394779e+02
2.133255720310045263e+02 3.281135037593309676e+02
2.123392516717146918e+02 3.277867305224771144e+02
2.113568960756480237e+02 3.274462469417447892e+02
2.103788026016814001e+02 3.270916982312426171e+02
2.094053160280734289e+02 3.267227149872804830e+02
2.084368021962297632e+02 3.263389278670028943e+02
2.074736363989946994e+02 3.259399601734252201e+02
2.065162163191334628e+02 3.255254709979411132e+02
2.055648584094656428e+02 3.250954222359516166e+02
2.046198027582216241e+02 3.246499197400871708e+02
2.036813005297731536e+02 3.241890627126135769e+02
2.027496260458242432e+02 3.237129505821951625e+02
2.018250628524142201e+02 3.232216801582482049e+02
2.009078990006529182e+02 3.227153575981146219e+02
1.999984031445430048e+02 3.221940647820954950e+02
1.990969074708576159e+02 3.216579077895786440e+02
1.982037102279119551e+02 3.211069533510163865e+02
1.973191524512886303e+02 3.205412852992811850e+02
1.964435745032857596e+02 3.199610143354303773e+02
1.955773183200620338e+02 3.193662417650572820e+02
1.947207420090719836e+02 3.187570530595866671e+02
1.938742361207164890e+02 3.181335302740332622e+02
1.930382082364598659e+02 3.174957627696031182e+02
1.922130574788868103e+02 3.168438536575216631e+02
1.913992235994428199e+02 3.161779187805732363e+02
1.905971446894234873e+02 3.154980336424309257e+02
1.898073114237491836e+02 3.148042779431330018e+02
1.890302416263048997e+02 3.140967434923912265e+02
1.882664478261386023e+02 3.133755056712176383e+02
1.875165042682595242e+02 3.126406596178461541e+02
1.867810051906765523e+02 3.118922709380232732e+02
1.860605893871179433e+02 3.111303901509801904e+02
1.853559501601729664e+02 3.103550906892102148e+02
1.846678013441079997e+02 3.095664186682719787e+02
1.839969211920292480e+02 3.087644406990175980e+02
1.833441232354831243e+02 3.079491865533007626e+02
1.827102946664633691e+02 3.071207286791919842e+02
1.820963597038103217e+02 3.062791076465229025e+02
1.815033093191141802e+02 3.054244039006764524e+02
1.809321740473381510e+02 3.045566869563155024e+02
1.803840384811743434e+02 3.036760662422799442e+02
1.798600260327651768e+02 3.027826655623125021e+02
1.793613062260092477e+02 3.018766487243614165e+02
1.788890730572346968e+02 3.009582153278902297e+02
1.784445219392561341e+02 3.000276265981970596e+02
1.780288376523900240e+02 2.990851826166174874e+02
1.776431712066239470e+02 2.981312597650373846e+02
1.772886056586497148e+02 2.971663020846078780e+02
1.769661502594190097e+02 2.961907937746390189e+02
1.766766804640390092e+02 2.952053208481323168e+02
1.764209343010787734e+02 2.942104908885808072e+02
