1.763472225933290929e+02 2.931759724096238529e+02
1.760915665339008456e+02 2.921826831677859673e+02
1.758660735883872519e+02 2.911768645736670464e+02
1.756711740363866738e+02 2.901591108784413109e+02
1.755071484987188626e+02 2.891301078805809652e+02
1.753741232632843321e+02 2.880907076778976261e+02
1.752721038099797113e+02 2.870418524312457293e+02
1.752009554477334348e+02 2.859846000163488497e+02
1.751604307845795176e+02 2.849200525075121391e+02
1.751501877675753747e+02 2.838493415425529633e+02
1.751698077544306216e+02 2.827736084222971726e+02
1.752188500130821467e+02 2.816940073447636905e+02
1.752969328282812853e+02 2.806116626944035488e+02
1.754036081669657960e+02 2.795277619358045058e+02
1.755384454125539264e+02 2.784433924987911269e+02
1.757009867239363814e+02 2.773596636345885145e+02
1.758907665637112530e+02 2.762776278624286874e+02
1.761073081318458549e+02 2.751983005315293553e+02
1.763501129479412270e+02 2.741227140839893082e+02
1.766187711746489128e+02 2.730517683040594648e+02
1.769128414536671130e+02 2.719864274038059762e+02
1.772318040227845586e+02 2.709275795717338724e+02
1.775751625226200190e+02 2.698759495888441506e+02
1.779423643335387339e+02 2.688323608400372677e+02
1.783329790234025154e+02 2.677974866505485920e+02
1.787464935395923931e+02 2.667721042900552675e+02
1.791823877529106142e+02 2.657567330670761407e+02
1.796400314722272640e+02 2.647519042217510332e+02
1.801188264609874352e+02 2.637581183093661252e+02
1.806182538611009534e+02 2.627758037409627718e+02
1.811377684781203641e+02 2.618054028905389714e+02
1.816767536198752282e+02 2.608472006156975453e+02
1.822345467510123456e+02 2.599014526839209793e+02
1.828105485485783106e+02 2.589683635203475092e+02
1.834041724872040788e+02 2.580481430138689234e+02
1.840148784712883980e+02 2.571409356455497459e+02
1.846420134828682649e+02 2.562468619411206419e+02
1.852850123124229640e+02 2.553659317910916116e+02
1.859432774079970443e+02 2.544982044546332531e+02
1.866162599396899111e+02 2.536437022423062615e+02
1.873034544339272998e+02 2.528024102658416723e+02
1.880043516225597671e+02 2.519742979943629280e+02
1.887184163672941679e+02 2.511593598140005383e+02
1.894452065945264962e+02 2.503575201917330446e+02
1.901842621815581538e+02 2.495687348376048078e+02
1.909351249773402230e+02 2.487929860733886187e+02
1.916974934140624782e+02 2.480301867997665681e+02
1.924709176126401644e+02 2.472803828478759272e+02
1.932551046768983554e+02 2.465435006226533687e+02
1.940497142737141871e+02 2.458195156881941443e+02
1.948543582700275749e+02 2.451083281582257030e+02
1.956685882376753227e+02 2.444097420874702777e+02
1.964919683855204653e+02 2.437235487505937499e+02
1.973240829097751430e+02 2.430495310329724532e+02
1.981645985078639853e+02 2.423874327810638363e+02
1.990130754468298164e+02 2.417371714480281639e+02
1.998693407657760588e+02 2.410985741393446631e+02
2.007330753862074459e+02 2.404715799071850881e+02
2.016040284042584574e+02 2.398560828886289187e+02
2.024819689444458959e+02 2.392519779072360109e+02
2.033666882875220949e+02 2.386592142368553198e+02
2.042580016309404982e+02 2.380777673983797058e+02
2.051557293847945118e+02 2.375076143915840703e+02
2.060596966100337681e+02 2.369487334126129383e+02
2.069697842039257978e+02 2.364010845748292695e+02
2.078857641447883395e+02 2.358647271888123669e+02
2.088075594712649092e+02 2.353396513470568436e+02
2.097350332238808051e+02 2.348258898527740826e+02
2.106680375316695404e+02 2.343234824538181726e+02
2.116064377086782144e+02 2.338324642437480065e+02
2.125501683332908271e+02 2.333528494118377807e+02
2.134990243211313725e+02 2.328847254392847503e+02
2.144529273602036028e+02 2.324281149223948546e+02
2.154117550931146923e+02 2.319830692203754836e+02
2.163753815223793708e+02 2.315496343447897232e+02
2.173436700000262647e+02 2.311278377139462918e+02
2.183164828102453896e+02 2.307177046288769304e+02
2.192936829912844701e+02 2.303192617476577482e+02
2.202751340548167320e+02 2.299325368494147028e+02
2.212606877981908724e+02 2.295575350336652605e+02
2.222501745179857551e+02 2.291942171632988732e+02
2.232434241834120883e+02 2.288425394256222205e+02
2.242402918954890936e+02 2.285024516288194434e+02
2.252405847753082639e+02 2.281739214374364053e+02
2.262441070338296640e+02 2.278568592409832263e+02
2.272506880016319428e+02 2.275510998206261775e+02
2.282600911124967809e+02 2.272564989238900068e+02
2.292721044240402080e+02 2.269728997987588173e+02
2.302865768193391602e+02 2.267001267039995298e+02
2.313032115051830999e+02 2.264379747518688077e+02
2.323218519431418656e+02 2.261861306738320252e+02
2.333421840298567247e+02 2.259443274773531698e+02
2.343640488409215550e+02 2.257122507765529065e+02
2.353871857702421266e+02 2.254896115493182833e+02
2.364113656152104852e+02 2.252760335536229945e+02
2.374363808898046102e+02 2.250710957385120707e+02
2.384619454817147073e+02 2.248743922509656556e+02
2.394878749478492637e+02 2.246854900057583677e+02
2.405139814972436625e+02 2.245039796725158681e+02
2.415400660282376180e+02 2.243295537370551926e+02
2.425660151347082660e+02 2.241619281514120416e+02
2.435917100386297136e+02 2.240008260736695149e+02
2.446170198110108345e+02 2.238459729379979137e+02
2.456418242669175243e+02 2.236970928804173866e+02
2.466660326881549565e+02 2.235539220533893285e+02
2.476895540542714684e+02 2.234162030894677855e+02
2.487123141529824579e+02 2.232836795559689165e+02
2.497342202604664010e+02 2.231560949916180050e+02
2.507552117686833242e+02 2.230331968948678991e+02
2.517752381129849937e+02 2.229147583096745677e+02
2.527942549154022629e+02 2.228005572675602934e+02
2.538122248243123806e+02 2.226903721493130774e+02
2.548291201497497411e+02 2.225839828381647294e+02
2.558449192327655908e+02 2.224811833244687875e+02
2.568596114687848626e+02 2.223817924492806526e+02
2.578731996614694140e+02 2.222856336694038646e+02
2.588856901074872212e+02 2.221925322137256842e+02
2.598970957111246207e+02 2.221023148737631345e+02
2.609074387990961554e+02 2.220148247687523053e+02
2.619167515050104953e+02 2.219299263767925652e+02
2.629250720160086985e+02 2.218474872355406546e+02
2.639324459274667447e+02 2.217673785658647319e+02
2.649389211621725622e+02 2.216894713463033497e+02
2.659445560774876753e+02 2.216136502515770701e+02
2.669494152050436924e+02 2.215398112310214742e+02
2.679535433158264937e+02 2.214677958601774890e+02
2.689569960093851932e+02 2.213973862322318382e+02
2.699598578973395888e+02 2.213283621132443955e+02
2.709622190174160892e+02 2.212605122531888355e+02
2.719641733358899955e+02 2.211936324833411618e+02
2.729658184933705343e+02 2.211275232856138473e+02
2.739672552851486103e+02 2.210619889040567614e+02
2.749685871101196994e+02 2.209968342580133935e+02
2.759699217304382159e+02 2.209318717568449131e+02
2.769713697430505022e+02 2.208669182906071455e+02
2.779730448310196493e+02 2.208017944759004081e+02
2.789750637348737996e+02 2.207363246784568958e+02
2.799775462711300520e+02 2.206703384895840827e+02
2.809806164555710666e+02 2.206036792015507046e+02
2.819843983592551240e+02 2.205361900605550431e+02
2.829890207232919579e+02 2.204677197943495344e+02
2.839946149305335439e+02 2.203981218132130095e+02
2.850013147581472026e+02 2.203272633316826159e+02
2.860092570863331503e+02 2.202550465832861732e+02
2.870185796750751592e+02 2.201813833551057655e+02
2.880294171774685879e+02 2.201061838403188062e+02
2.890419121091884449e+02 2.200293673868578139e+02
2.900561981980952169e+02 2.199510541410912481e+02
2.910723873665677388e+02 2.198717595707275336e+02
2.920905571235531966e+02 2.197920369453146350e+02
2.931107863667462539e+02 2.197124485870612034e+02
2.941331424384765683e+02 2.196335672169223585e+02
2.951576455476589445e+02 2.195559847801048079e+02
2.961843184164479794e+02 2.194803418252875815e+02
2.972131816021731652e+02 2.194072953921776730e+02
2.982441804228339493e+02 2.193374803794731633e+02
2.992773128261624151e+02 2.192715551738423869e+02
3.003125060941571860e+02 2.192101721348220167e+02
3.013496973528941680e+02 2.191539971366541977e+02
3.023887955607488038e+02 2.191036945356058823e+02
3.034296965007437734e+02 2.190599299021057504e+02
3.044722671479985934e+02 2.190233596559687328e+02
3.055164023258955694e+02 2.189946068410934004e+02
3.065619163214965397e+02 2.189742410461062434e+02
3.076086895347719405e+02 2.189628543008774670e+02
3.086565370551585943e+02 2.189610267662958734e+02
3.097052570976573520e+02 2.189693183494473203e+02
3.107546855443048912e+02 2.189881960834834729e+02
3.118046429071370085e+02 2.190180806397556807e+02
3.128549375522228502e+02 2.190593921778463198e+02
3.139053453431715184e+02 2.191125413384867784e+02
3.149556706218824615e+02 2.191779214533075333e+02
3.160057219423788410e+02 2.192557996327390981e+02
3.170553094378656738e+02 2.193464073241754306e+02
3.181042371923282985e+02 2.194499761140132250e+02
3.191523108609107453e+02 2.195667411180771467e+02
3.201993334188338736e+02 2.196969037410504484e+02
3.212451037252214974e+02 2.198405534427586474e+02
3.222894582729471153e+02 2.199977727798676312e+02
3.233322526347650978e+02 2.201686580642200397e+02
3.243732620374010480e+02 2.203532773421995614e+02
3.254123323018403653e+02 2.205516938065468935e+02
3.264493112328738675e+02 2.207639131077723107e+02
3.274840388339988522e+02 2.209899333306135532e+02
3.285163346325643374e+02 2.212297450012667070e+02
3.295460790954433605e+02 2.214833677934483660e+02
3.305731052606247999e+02 2.217507963826821253e+02
3.315972366409147298e+02 2.220320050206690610e+02
3.326183402795869029e+02 2.223269888803406218e+02
3.336362598130355082e+02 2.226357391151444745e+02
3.346508423814273101e+02 2.229582539141574955e+02
3.356619470173970967e+02 2.232945583602214015e+02
3.366693481832875818e+02 2.236446539425173228e+02
3.376729135754512754e+02 2.240085909832445452e+02
3.386724838449365507e+02 2.243864191431493680e+02
3.396678387664755974e+02 2.247781511053138672e+02
3.406588640294505694e+02 2.251837191677448118e+02
3.416454812047701353e+02 2.256029935135470055e+02
3.426275858217196060e+02 2.260358384815377519e+02
3.436050706897420355e+02 2.264821236951181334e+02
3.445778547097955880e+02 2.269417530870216524e+02
3.455457867054712437e+02 2.274146749922915092e+02
3.465087358385840162e+02 2.279008929256530394e+02
3.474666029373246374e+02 2.284004485233269293e+02
3.484191626000622932e+02 2.289133190197686929e+02
3.493662953694420708e+02 2.294395651138299002e+02
3.503078232726221017e+02 2.299792694055016113e+02
3.512435412590303940e+02 2.305325256608443851e+02
3.521732337683092737e+02 2.310994377600026155e+02
3.530967149382266825e+02 2.316801532575474596e+02
3.540137151676269696e+02 2.322747885016380280e+02
3.549240351499899475e+02 2.328835502432303599e+02
3.558273472075026689e+02 2.335065815762465036e+02
3.567233945635621808e+02 2.341441036802740427e+02
3.576119007092278252e+02 2.347963637376428778e+02
3.584924703467896734e+02 2.354635428711314660e+02
3.593648300013004473e+02 2.361459533061138814e+02
3.602285447541036660e+02 2.368438176836924924e+02
3.610832381701935674e+02 2.375574495157122499e+02
3.619284911462783612e+02 2.382871834941900602e+02
3.627637903339003174e+02 2.390333064658620970e+02
3.635886951369867006e+02 2.397962165161147539e+02
3.644026026226736690e+02 2.405762208133600950e+02
3.652049948024184118e+02 2.413737884881102502e+02
3.659951272707160683e+02 2.421892306309850085e+02
3.667724031199959427e+02 2.430230782088863748e+02
3.675360382745241736e+02 2.438757419358485947e+02
3.682851776901094354e+02 2.447476421758003369e+02
3.690189697655962959e+02 2.456393282089143497e+02
3.697363802531095871e+02 2.465512530524043200e+02
3.704363600003109696e+02 2.474839532295093818e+02
3.711177146228829997e+02 2.484378990131303908e+02
3.717791747757916028e+02 2.494136254285678262e+02
3.724192990999394510e+02 2.504115944750319613e+02
3.730364986238249685e+02 2.514322010179791107e+02
3.736291309701363730e+02 2.524759254726037625e+02
3.741953194410048695e+02 2.535430219665512936e+02
3.747330817555176736e+02 2.546337397260876685e+02
3.752402462099788067e+02 2.557481292783205333e+02
3.757145089388969268e+02 2.568860956131300668e+02
3.761534609082966085e+02 2.580474216660757634e+02
3.765545103893878718e+02 2.592313936243427861e+02
3.769150743724089807e+02 2.604372117899302452e+02
3.772325199567704317e+02 2.616636811409546226e+02
3.775041722040783156e+02 2.629091156900137776e+02
3.777272861362283152e+02 2.641716688266261599e+02
3.778992420127657965e+02 2.654487776983932008e+02
3.780177706967335212e+02 2.667374616729434251e+02
3.780814082693761407e+02 2.680308902331215108e+02
3.780903597873180502e+02 2.693219448867176311e+02
3.780458472936850853e+02 2.706070064944949536e+02
3.779495640259723359e+02 2.718829127943940307e+02
3.778035691237513447e+02 2.731468920002594132e+02
3.776101801532918785e+02 2.743966141185675269e+02
3.773719199037965950e+02 2.756300444153208673e+02
3.770913817772912466e+02 2.768456558180726006e+02
3.767711721556332236e+02 2.780422941616495223e+02
3.764138832664186793e+02 2.792190777202220602e+02
3.760219925887573140e+02 2.803755025043593605e+02
3.755978770922438343e+02 2.815112624593423334e+02
3.751438266303833302e+02 2.826261812798647384e+02
3.746618714839124777e+02 2.837204603350285197e+02
3.741539833116754608e+02 2.847942288707696434e+02
3.736219543310132849e+02 2.858477839157877725e+02
3.730674047145179202e+02 2.868815345344192451e+02
3.724918554913002708e+02 2.878958770943467016e+02
3.718966591253970364e+02 2.888912928811236043e+02
3.712830836594254151e+02 2.898682254499358919e+02
3.706522562028182506e+02 2.908271669789899079e+02
3.700051961899246180e+02 2.917686188050832357e+02
3.693428846636908247e+02 2.926930149254948219e+02
3.686661557802723337e+02 2.936008494351577838e+02
3.679758276013496356e+02 2.944925294060886927e+02
3.672725446140121335e+02 2.953685507823152534e+02
3.665570553018723103e+02 2.962292295502073785e+02
3.658299250039224262e+02 2.970750036791358752e+02
3.650916711390553928e+02 2.979062694483793052e+02
3.643428839871720015e+02 2.987232955482120929e+02
3.635839575291153665e+02 2.995264776580958710e+02
3.628153475146854703e+02 3.003161008989836773e+02
3.620374769100272943e+02 3.010924384163583909e+02
3.612507080019091177e+02 3.018557707181807928e+02
3.604553724961020293e+02 3.026063580045081949e+02
3.596517784235334148e+02 3.033444395274377712e+02
3.588402493773298261e+02 3.040702131071559506e+02
3.580210416188757563e+02 3.047838974080266894e+02
3.571944570713309304e+02 3.054856499419407214e+02
3.563606517533849569e+02 3.061757022980764305e+02
3.555199361252928725e+02 3.068541475559122205e+02
3.546724697061671918e+02 3.075211623930353539e+02
3.538184570116240479e+02 3.081768656874601788e+02
3.529580907349540553e+02 3.088213670585049613e+02
3.520915093940006955e+02 3.094547930502735085e+02
3.512189669330055040e+02 3.100772513701471667e+02
3.503406248197514969e+02 3.106889635398948144e+02
3.494567520597276484e+02 3.112900734172663988e+02
3.485675159405869863e+02 3.118807752956124659e+02
3.476731141158967375e+02 3.124612289943185033e+02
3.467737299235701016e+02 3.130315822674223796e+02
3.458695346352315028e+02 3.135919727707086508e+02
3.449606399479093852e+02 3.141425563065952815e+02
3.440472783297825004e+02 3.146834175416434505e+02
3.431295082033786912e+02 3.152147233782691842e+02
3.422075369139273562e+02 3.157365458808945959e+02
3.412814475122260660e+02 3.162490121306014430e+02
3.403513609729050131e+02 3.167522178699050528e+02
3.394174115556584752e+02 3.172462470948296982e+02
3.384797040928614820e+02 3.177311914066097529e+02
3.375383425714225041e+02 3.182071307916576188e+02
3.365934420883560847e+02 3.186741337699937731e+02
3.356451001981278637e+02 3.191322723755255311e+02
3.346933804332628029e+02 3.195816250414205797e+02
3.337384115337820845e+02 3.200222369620707354e+02
3.327802639424209019e+02 3.204541736012732258e+02
3.318190400548453454e+02 3.208774819952715234e+02
3.308547792515326478e+02 3.212922278129582878e+02
3.298876255744029322e+02 3.216984327645319581e+02
3.289176223614837795e+02 3.220961571981458746e+02
3.279448492717008321e+02 3.224854415058612744e+02
3.269693841830721794e+02 3.228663237373719994e+02
3.259913032549776517e+02 3.232388395199808997e+02
3.250106810674537314e+02 3.236030221537973830e+02
3.240275916195064383e+02 3.239589047513652531e+02
3.230421088596074242e+02 3.243065214893504731e+02
3.220543054584772449e+02 3.246459046905197852e+02
3.210642527906000510e+02 3.249770845922233775e+02
3.200719974207601695e+02 3.253000947220524495e+02
3.190776366111082893e+02 3.256149558366196857e+02
3.180812527169582609e+02 3.259217000731854910e+02
3.170828565976541995e+02 3.262203736988619198e+02
3.160825962319626683e+02 3.265109835553338939e+02
3.150804690480961767e+02 3.267935778955234696e+02
3.140766066916815475e+02 3.270681736355204521e+02
3.130710119798180244e+02 3.273348250733417899e+02
3.120638303891397527e+02 3.275935490464023587e+02
3.110550681676545537e+02 3.278443965458159255e+02
3.100448223505106853e+02 3.280873924793722836e+02
3.090331737591991441e+02 3.283225785598459652e+02
3.080201744012032918e+02 3.285500055770320387e+02
3.070058806178775512e+02 3.287697181462475555e+02
3.059904023040683683e+02 3.289817512249474021e+02
3.049737872137708905e+02 3.291861598019735311e+02
3.039561148340139880e+02 3.293830262087356004e+02
3.029374660908153487e+02 3.295724439000761663e+02
3.019179195540256728e+02 3.297545055309341251e+02
3.008975442052779385e+02 3.299293032292818566e+02
2.998764334297726464e+02 3.300969301790319719e+02
2.988546554215207038e+02 3.302575006851816966e+02
2.978322864554340867e+02 3.304111294139731854e+02
2.968094002026350040e+02 3.305579302994893851e+02
2.957860677537058791e+02 3.306980165431708656e+02
2.947623588579797342e+02 3.308315060102667076e+02
2.937383433806859330e+02 3.309585285866590993e+02
2.927140885781967654e+02 3.310792152732225873e+02
2.916896586616294371e+02 3.311936963306655457e+02
2.906651148083645921e+02 3.313021013258782546e+02
2.896405135776350335e+02 3.314045637848265642e+02
2.886159135056476543e+02 3.315012238816701711e+02
2.875913731525233743e+02 3.315922223859708993e+02
2.865669401176012343e+02 3.316776997766829140e+02
2.855426615799044612e+02 3.317577951525177014e+02
2.845185816265075118e+02 3.318326492700030030e+02
2.834947411740214989e+02 3.319024047623313436e+02
2.824711774382827230e+02 3.319672034099164648e+02
2.814479238645147348e+02 3.320271859455403387e+02
2.804250100708007949e+02 3.320824919430479554e+02
2.794024602905364532e+02 3.321332586469060857e+02
2.783802943527572324e+02 3.321796207635313181e+02
2.773586131788033526e+02 3.322217329650703732e+02
2.763375421380375201e+02 3.322597919133804680e+02
2.753170934918173884e+02 3.322940106876760638e+02
2.742972630238563738e+02 3.323245977622912619e+02
2.732780421810996927e+02 3.323517574973006390e+02
2.722594183681920867e+02 3.323756922065441017e+02
2.712413749948761392e+02 3.323966021307035135e+02
2.702238914346636989e+02 3.324146842196429361e+02
2.692069427564720741e+02 3.324301266935287344e+02
2.681905002048457618e+02 3.324431132683744750e+02
2.671745304333884974e+02 3.324538249653665503e+02
2.661589991104009414e+02 3.324624411424462096e+02
2.651438668400698475e+02 3.324691369462917692e+02
2.641290893688191090e+02 3.324740771489854296e+02
2.631146199233824063e+02 3.324774222870468066e+02
2.621004084368429403e+02 3.324793303869899432e+02
2.610864007722136648e+02 3.324799565053112360e+02
2.600725399569020624e+02 3.324794489937740991e+02
2.590587681272551208e+02 3.324779451646375605e+02
2.580450212226957660e+02 3.324755776548834092e+02
2.570312332483792375e+02 3.324724763044720817e+02
2.560173351936896324e+02 3.324687659025346989e+02
2.550032587036871234e+02 3.324644144105161558e+02
2.539889437361454156e+02 3.324591351159505734e+02
2.529743321057725893e+02 3.324526120744849322e+02
2.519593863846208990e+02 3.324445310724238993e+02
2.509440706776863692e+02 3.324345759950547290e+02
2.499283517290353700e+02 3.324224238724050906e+02
2.489121925432442026e+02 3.324077386627590727e+02
2.478956059680602095e+02 3.323901978153891719e+02
2.468785655010630649e+02 3.323694647368625397e+02
2.458610688241408866e+02 3.323452007035032807e+02
2.448431409674979022e+02 3.323170767472452098e+02
2.438247690713803308e+02 3.322847477040016884e+02
2.428060054270007697e+02 3.322478844893240080e+02
2.417868541411118315e+02 3.322061401643145473e+02
2.407673647756132596e+02 3.321591756012911105e+02
2.397475844689950577e+02 3.321066593259456567e+02
2.387275484774661436e+02 3.320482544703514236e+02
2.377073239052482734e+02 3.319836285958264170e+02
2.366869813646565035e+02 3.319124488694668003e+02
2.356665868269965927e+02 3.318343790263096480e+02
2.346462190584098835e+02 3.317490971775899880e+02
2.336259636394468089e+02 3.316562851068707118e+02
2.326059138602654457e+02 3.315556228434189734e+02
2.315861709161045496e+02 3.314467886961074328e+02
2.305668433257173433e+02 3.313294637355451755e+02
2.295480434222810118e+02 3.312033433964476217e+02
2.285298751306509644e+02 3.310681167820125665e+02
2.275125017546386914e+02 3.309234918867715010e+02
2.264960318127370726e+02 3.307691539060588184e+02
2.254806140657184130e+02 3.306047985014147343e+02
2.244664051080823413e+02 3.304301339093693173e+02
2.234535676949962806e+02 3.302448690301598617e+02
2.224422426783433764e+02 3.300486951924096388e+02
2.214326415920878617e+02 3.298413257546982322e+02
2.204249371497620302e+02 3.296224571814760225e+02
2.194193262643087223e+02 3.293917880646556000e+02
2.184160194036495568e+02 3.291490162088383045e+02
2.174152387860992235e+02 3.288938380630228835e+02
2.164171973456415685e+02 3.286259357804658521e+02
2.154221806108128590e+02 3.283450077898856989e+02
2.144304274104264607e+02 3.280507149435662768e+02
2.134422245714935684e+02 3.277427271219176532e+02
2.124578599695028913e+02 3.274207055774509172e+02
2.114776678882750787e+02 3.270843238302431359e+02
2.105019746974867587e+02 3.267332094357267920e+02
2.095311544459042352e+02 3.263669737761621263e+02
2.085656038919796913e+02 3.259852293030887154e+02
2.076057322111886378e+02 3.255875827491580594e+02
2.066519699486546244e+02 3.251736825831290503e+02
2.057046485523023307e+02 3.247435274326405761e+02
2.047640150785013020e+02 3.242972868934848520e+02
2.038303263958113121e+02 3.238351245620266354e+02
2.029038601688559709e+02 3.233572041587647732e+02
2.019849019518183866e+02 3.228636875505198418e+02
2.010737395268849639e+02 3.223547485756699871e+02
2.001706430335682683e+02 3.218305396462581029e+02
1.992759390603811198e+02 3.212912351943944600e+02
1.983899244557382815e+02 3.207369734431510437e+02
1.975129332465469361e+02 3.201679097096461533e+02
1.966452945147223375e+02 3.195842309076077186e+02
1.957873377446016150e+02 3.189861167159899082e+02
1.949394070601744033e+02 3.183737317332319776e+02
1.941018750929691521e+02 3.177472366302865794e+02
1.932751278057024251e+02 3.171068000492708165e+02
1.924595404673294752e+02 3.164526077116816509e+02
1.916555217363827808e+02 3.157848560449596675e+02
1.908634805795027773e+02 3.151037045476584240e+02
1.900838706443760486e+02 3.144093141389907373e+02
1.893171674706287035e+02 3.137018546388784443e+02
1.885638438859279518e+02 3.129814804863161157e+02
1.878244226247571760e+02 3.122483596992035473e+02
1.870994450976921541e+02 3.115026325340543849e+02
1.863894914737384170e+02 3.107444226123001272e+02
1.856951868343456340e+02 3.099738652298185002e+02
1.850171800021737738e+02 3.091910665153595801e+02
1.843561701277576503e+02 3.083961431824255897e+02
1.837128911852900046e+02 3.075891778560044827e+02
1.830881307219178780e+02 3.067702783980810750e+02
1.824827169660418349e+02 3.059395179729881420e+02
1.818975297193065330e+02 3.050969873584490415e+02
1.813334851777727010e+02 3.042427627894576858e+02
1.807915372733673394e+02 3.033769396313863353e+02
1.802726714517348796e+02 3.024996146525205063e+02
1.797779056408548684e+02 3.016108987712648855e+02
1.793082746641875929e+02 3.007109159781854828e+02
1.788648053179631177e+02 2.997998197835842689e+02
1.784485141948559885e+02 2.988777792759546514e+02
1.780603795160561162e+02 2.979449980834471603e+02
1.777013163145748535e+02 2.970017104284204379e+02
1.773721812021169058e+02 2.960481659935887819e+02
1.770737058717556920e+02 2.950846592441313305e+02
1.768065161531359877e+02 2.941114945617001126e+02
