1.757679400648970329e+02 2.932975133187405845e+02
1.755248779018749019e+02 2.922752507273422111e+02
1.753168281164363123e+02 2.912417572620780675e+02
1.751439205393223517e+02 2.901983248921703193e+02
1.750060584824913406e+02 2.891461318671733238e+02
1.749029529344639116e+02 2.880864350595678616e+02
1.748341704491264466e+02 2.870204687617652439e+02
1.747991280200527626e+02 2.859495041161337667e+02
1.747971320877753385e+02 2.848747641860628050e+02
1.748274059772080022e+02 2.837974256065434702e+02
1.748891142618297465e+02 2.827186094377957488e+02
1.749813945863977267e+02 2.816393897342531432e+02
1.751034228639184960e+02 2.805607446780443865e+02
1.752543303901325089e+02 2.794836772323471337e+02
1.754332969061626954e+02 2.784090450205348475e+02
1.756395022999455477e+02 2.773377023207992806e+02
1.758721526272170195e+02 2.762704250410126292e+02
1.761304753758202537e+02 2.752079387639893753e+02
1.764136998279996078e+02 2.741509735664594132e+02
1.767211640574597880e+02 2.731001194172333726e+02
1.770521965781469476e+02 2.720560247039523460e+02
1.774061107294764952e+02 2.710192804691740207e+02
1.777822921614240386e+02 2.699903410439098366e+02
1.781800850384642843e+02 2.689697581869194210e+02
1.785989606753071826e+02 2.679579453959202056e+02
1.790383277049322430e+02 2.669554203022755701e+02
1.794976577620474245e+02 2.659625025908567295e+02
1.799763587401337190e+02 2.649795536265177702e+02
1.804738718197119738e+02 2.640069150100005686e+02
1.809897148485036666e+02 2.630448701396813362e+02
1.815233908652173227e+02 2.620937278780088491e+02
1.820743844141454133e+02 2.611536942290244383e+02
1.826421547269162318e+02 2.602249709985333652e+02
1.832262179970832676e+02 2.593077221367397556e+02
1.838261006743000223e+02 2.584021246596494166e+02
1.844413746768219653e+02 2.575083069296605913e+02
1.850715229530648571e+02 2.566263964014253816e+02
1.857161110916237021e+02 2.557564307531430359e+02
1.863746722217366028e+02 2.548984992056389842e+02
1.870467814502554234e+02 2.540526633015326468e+02
1.877320490091446743e+02 2.532189541852131924e+02
1.884300732899216939e+02 2.523973877738312979e+02
1.891404254167266856e+02 2.515880058117511453e+02
1.898627600977238785e+02 2.507907903526461837e+02
1.905967132738519751e+02 2.500057556115978912e+02
1.913419111327117719e+02 2.492329335342663512e+02
1.920981064584127580e+02 2.484722777078243325e+02
1.928649121255094485e+02 2.477238631581959396e+02
1.936420851150909073e+02 2.469876573784316065e+02
1.944293376189572484e+02 2.462636744813917176e+02
1.952263296275142466e+02 2.455518520225213592e+02
1.960326560261721909e+02 2.448520294144673812e+02
1.968479225387311828e+02 2.441640344092166686e+02
1.976717531113557129e+02 2.434876877886901525e+02
1.985038476512862076e+02 2.428227744593983743e+02
1.993437933572891438e+02 2.421692233704517037e+02
2.001914150546114399e+02 2.415268660802177862e+02
2.010464018234236789e+02 2.408956370224136947e+02
2.019085068229776141e+02 2.402754288293170646e+02
2.027775020945638573e+02 2.396661339616476027e+02
2.036531751985413621e+02 2.390676872345769652e+02
2.045353334629443793e+02 2.384800426925524164e+02
2.054237900441867737e+02 2.379031553066371316e+02
2.063183634300073095e+02 2.373369808029887338e+02
2.072189255801051218e+02 2.367814576833644651e+02
2.081252456382048308e+02 2.362366149617750750e+02
2.090372354744603172e+02 2.357024161084237051e+02
2.099547516176259876e+02 2.351788643236353948e+02
2.108776411638216359e+02 2.346659689523283134e+02
2.118057656036677088e+02 2.341637364273121307e+02
2.127390576795302479e+02 2.336721610680694141e+02
2.136773193450642623e+02 2.331913079465133194e+02
2.146204734498649600e+02 2.327211809254445711e+02
2.155684017564367991e+02 2.322618110492626329e+02
2.165209869345029290e+02 2.318132310414287360e+02
2.174781123139574959e+02 2.313754751310926281e+02
2.184396618350875201e+02 2.309485792233579957e+02
2.194055199129730340e+02 2.305325809173307903e+02
2.203755712490537348e+02 2.301275194170641214e+02
2.213496971572808150e+02 2.297334285395048710e+02
2.223277725958030544e+02 2.293503303790903090e+02
2.233096722691954028e+02 2.289782468742229753e+02
2.242952938119339876e+02 2.286171948019920990e+02
2.252844866247510822e+02 2.282672099567308521e+02
2.262771079946357702e+02 2.279283006530948796e+02
2.272730538307754102e+02 2.276004379581286514e+02
2.282721525635127193e+02 2.272836175807588006e+02
2.292742530023321024e+02 2.269778246366641383e+02
2.302792617932078940e+02 2.266830285838599082e+02
2.312869496532954940e+02 2.263992040711862614e+02
2.322972353416986380e+02 2.261262481425020781e+02
2.333098734203727247e+02 2.258641078484824050e+02
2.343247695637384425e+02 2.256126842195739073e+02
2.353417210616273110e+02 2.253719085945913605e+02
2.363605606138145561e+02 2.251416512025695624e+02
2.373811424501057274e+02 2.249217541884894445e+02
2.384032317484202110e+02 2.247120784646242271e+02
2.394266910727458821e+02 2.245124585913049771e+02
2.404513623702023040e+02 2.243227285543505900e+02
2.414770059079814075e+02 2.241426472049916470e+02
2.425034444034864691e+02 2.239719210396935125e+02
2.435304947982347699e+02 2.238102627758695178e+02
2.445579609011383582e+02 2.236573868453752141e+02
2.455856539151019717e+02 2.235129935974991042e+02
2.466134007444651388e+02 2.233767421948204230e+02
2.476410253215354658e+02 2.232482827728573511e+02
2.486683714310162259e+02 2.231272646686346377e+02
2.496952650930822983e+02 2.230133361396089242e+02
2.507215655724657211e+02 2.229061364286173159e+02
2.517471365946654487e+02 2.228052970632338656e+02
2.527718503899323252e+02 2.227104471529921739e+02
2.537955903151209043e+02 2.226212144204739900e+02
2.548182536140133720e+02 2.225372263478845412e+02
2.558397463045989184e+02 2.224581171626504670e+02
2.568599876369632966e+02 2.223835331330269298e+02
2.578789150641774768e+02 2.223131222313546118e+02
2.588964745093623492e+02 2.222465326803070411e+02
2.599126236921750888e+02 2.221834128735836202e+02
2.609273356015149261e+02 2.221234292370986907e+02
2.619405990419668342e+02 2.220662723549742168e+02
2.629524141950782337e+02 2.220116349662440314e+02
2.639627936358449460e+02 2.219592124574345462e+02
2.649717587906885115e+02 2.219086992182971869e+02
2.659793477307924263e+02 2.218598106095008973e+02
2.669856117047280577e+02 2.218122798017613491e+02
2.679906050319523274e+02 2.217657830608985989e+02
2.689944043532685214e+02 2.217199365312370389e+02
2.699971062921883345e+02 2.216743564113513401e+02
2.709988173589898679e+02 2.216286729908227358e+02
2.719996527377903703e+02 2.215825269142115701e+02
2.729997351636937424e+02 2.215355638089907302e+02
2.739991950596833590e+02 2.214874333555191015e+02
2.749981710637220544e+02 2.214377855711872201e+02
2.759968077849526935e+02 2.213862741678216253e+02
2.769952576419961474e+02 2.213325559073657303e+02
2.779936803527416487e+02 2.212762918744869864e+02
2.789922428567068096e+02 2.212171475756752841e+02
2.799911192264542592e+02 2.211547922744052812e+02
2.809904900455940151e+02 2.210888997958047923e+02
2.819905447772277398e+02 2.210191418626099562e+02
2.829914783941700875e+02 2.209451967186250272e+02
2.839934933746872616e+02 2.208667482751214663e+02
2.849967993381455926e+02 2.207834981152333569e+02
2.860016123701366837e+02 2.206951922627311262e+02
2.870081542554270300e+02 2.206015890277546703e+02
2.880166499335094272e+02 2.205024464716655643e+02
2.890273322817055828e+02 2.203975342826828694e+02
2.900404230047029159e+02 2.202869839684232147e+02
2.910561035446386313e+02 2.201716399478155211e+02
2.920745128572478393e+02 2.200524226051998085e+02
2.930957754716480395e+02 2.199302615517483730e+02
2.941199942830277791e+02 2.198060980357232665e+02
2.951472144259299739e+02 2.196809358822407319e+02
2.961774632376249201e+02 2.195558853561472574e+02
2.972107527827517401e+02 2.194320767900700559e+02
2.982470080255455969e+02 2.193106176751305441e+02
2.992861924063815877e+02 2.191926376323020804e+02
3.003281863006828871e+02 2.190792546643093601e+02
3.013728680942409710e+02 2.189715948224992985e+02
3.024200751520251060e+02 2.188707807836609902e+02
3.034696193930481627e+02 2.187779345917634259e+02
3.045212715430510002e+02 2.186941587487117715e+02
3.055748363715076152e+02 2.186204261698454161e+02
3.066300315407389121e+02 2.185575923049097469e+02
3.076866416163778695e+02 2.185065334037443279e+02
3.087443728634044646e+02 2.184681109654232785e+02
3.098029097861548280e+02 2.184431434046139771e+02
3.108619995665449096e+02 2.184322078530585145e+02
3.119213824026426209e+02 2.184357690352613588e+02
3.129807848897446547e+02 2.184542896009947412e+02
3.140398968960331558e+02 2.184882207722354224e+02
3.150984449941168464e+02 2.185379715915774170e+02
3.161561835845380983e+02 2.186037099463435425e+02
3.172128788946077407e+02 2.186855346483820028e+02
3.182682944125407403e+02 2.187835443915607527e+02
3.193221994143521556e+02 2.188978414224859534e+02
3.203743660754626035e+02 2.190284825476004471e+02
3.214245723235811738e+02 2.191753769904129854e+02
3.224726442113246776e+02 2.193384218227167253e+02
3.235184338667344832e+02 2.195175289861275587e+02
3.245617091350766259e+02 2.197125803324180993e+02
3.256023160834748751e+02 2.199234690825250311e+02
3.266400968355154077e+02 2.201500588456041783e+02
3.276748870591034688e+02 2.203922090722410019e+02
3.287065034223264774e+02 2.206497713816533519e+02
3.297348322142524921e+02 2.209226296257766649e+02
3.307596973091760333e+02 2.212106809297363554e+02
3.317808947113132945e+02 2.215138562444441277e+02
3.327982663550258735e+02 2.218321121357878667e+02
3.338116289666562579e+02 2.221653998476186587e+02
3.348208018108837223e+02 2.225136805815059517e+02
3.358255876422165329e+02 2.228770169666315155e+02
3.368256681756836883e+02 2.232555160046440221e+02
3.378208179319541387e+02 2.236493357571518175e+02
3.388107770129543042e+02 2.240586296534131918e+02
3.397952165398872353e+02 2.244835075596039076e+02
3.407739197399694717e+02 2.249239759299038894e+02
3.417467061729001898e+02 2.253799616709751490e+02
3.427133630546018139e+02 2.258513810594684230e+02
3.436736695005201341e+02 2.263381512934646764e+02
3.446274233218894096e+02 2.268402244381152570e+02
3.455743268449273273e+02 2.273576281801655341e+02
3.465140870521227043e+02 2.278904557550990262e+02
3.474464330877281668e+02 2.284388308591320822e+02
3.483709586309134920e+02 2.290028046444865026e+02
3.492873543290345424e+02 2.295825007296145657e+02
3.501952469041152654e+02 2.301780456304764471e+02
3.510942275108787385e+02 2.307895638844316011e+02
3.519838663617481984e+02 2.314171786958702626e+02
3.528637499050441306e+02 2.320610427958452817e+02
3.537333856046938649e+02 2.327212447534975865e+02
3.545923757665838707e+02 2.333978796360765671e+02
3.554402018389484397e+02 2.340909566312025447e+02
3.562764007995799034e+02 2.348005430259414368e+02
3.571004790646569518e+02 2.355267127711598221e+02
3.579118663731337620e+02 2.362694072511541492e+02
3.587101745932828862e+02 2.370285521723851332e+02
3.594948825365974585e+02 2.378039656732350409e+02
3.602655157369271706e+02 2.385955301219729847e+02
3.610215591428504354e+02 2.394031269939938227e+02
3.617624930221844011e+02 2.402264898826206263e+02
3.624879658403954181e+02 2.410653012567243820e+02
3.631975169469249636e+02 2.419191525545344348e+02
3.638907581349435532e+02 2.427877547507538907e+02
3.645671486603764606e+02 2.436706854980143646e+02
3.652263549096199995e+02 2.445675895453917121e+02
3.658680181755965464e+02 2.454779334191143789e+02
3.664917651747633727e+02 2.464011973225991881e+02
3.670972497585736392e+02 2.473369634965779369e+02
3.676840413088737591e+02 2.482847613372735225e+02
3.682517841138890162e+02 2.492441537479195119e+02
3.688001090831192528e+02 2.502146644177508676e+02
3.693286434349024034e+02 2.511958996995329869e+02
3.698369603193838202e+02 2.521874741669311675e+02
3.703245990060537451e+02 2.531890297308011100e+02
3.707910883193775931e+02 2.542003461739080876e+02
3.712358740109874020e+02 2.552211713622824902e+02
3.716583940515565700e+02 2.562513511371430468e+02
3.720580420579393603e+02 2.572907449808466822e+02
3.724341750003204652e+02 2.583392820051031435e+02
3.727860364138365412e+02 2.593970191629115902e+02
3.731127973924452590e+02 2.604639381746460458e+02
3.734136498064884222e+02 2.615401419354532777e+02
3.736877739874447570e+02 2.626257230750277358e+02
3.739340500394738456e+02 2.637207958786858626e+02
3.741503412420328800e+02 2.648257078357147520e+02
3.743343242175632213e+02 2.659404649864092676e+02
3.744837827259331675e+02 2.670647751742534410e+02
3.745971142513920427e+02 2.681964071925305575e+02
3.746737096425955542e+02 2.693327138202448623e+02
3.747133618602638876e+02 2.704724147809461101e+02
3.747161116383562103e+02 2.716142245447691721e+02
3.746822280939703091e+02 2.727568325826036357e+02
3.746121691871879875e+02 2.738989467758706269e+02
3.745065536580445382e+02 2.750392339058569746e+02
3.743660818504381496e+02 2.761764486865142771e+02
3.741915435605039306e+02 2.773093961724612200e+02
3.739838128958528500e+02 2.784369031970473429e+02
3.737437836761417316e+02 2.795579080918342925e+02
3.734724016301139500e+02 2.806713915640456776e+02
3.731706724515464089e+02 2.817763571914320551e+02
3.728395015564360051e+02 2.828720063910215003e+02
3.724798281961261637e+02 2.839574602004599342e+02
3.720925408437006467e+02 2.850319337286846348e+02
3.716785582336927405e+02 2.860947645901314900e+02
3.712388419991286241e+02 2.871453250115165474e+02
3.707742654942626359e+02 2.881830660868814107e+02
3.702856724647958799e+02 2.892074263006787760e+02
3.697738424504138379e+02 2.902179127199725031e+02
3.692396289713934152e+02 2.912141608115131248e+02
3.686839354057669311e+02 2.921958291677728994e+02
3.681075487642747248e+02 2.931626623880773082e+02
3.675112514218614024e+02 2.941143612469410868e+02
3.668956990444844450e+02 2.950507568209817464e+02
3.662617692477329001e+02 2.959716503715309841e+02
3.656102051624899900e+02 2.968770232998807046e+02
3.649416972617628403e+02 2.977668537101145603e+02
3.642570023106336521e+02 2.986410274312335673e+02
3.635567016060751939e+02 2.994996011405262948e+02
3.628414969757104132e+02 3.003426186024496474e+02
3.621120626957509785e+02 3.011701527206390665e+02
3.613690022762711465e+02 3.019823093769766729e+02
3.606128783748561091e+02 3.027791975778777669e+02
3.598442261489079783e+02 3.035609330661690137e+02
3.590636013169311695e+02 3.043276230379989897e+02
3.582714824235203537e+02 3.050794167028863626e+02
3.574683871695904145e+02 3.058164154476941121e+02
3.566546710956706647e+02 3.065388144557408054e+02
3.558308292021783927e+02 3.072466553102967737e+02
3.549971664853187576e+02 3.079400501883800416e+02
3.541540288027546808e+02 3.086190570549077279e+02
3.533017448965659923e+02 3.092837327474681501e+02
3.524405825125195406e+02 3.099341629842577959e+02
3.515709644973379113e+02 3.105704691292665416e+02
3.506932442947036748e+02 3.111929557471229941e+02
3.498078857117624807e+02 3.118018539969505127e+02
3.489152355341355474e+02 3.123974583233307953e+02
3.480156634438466767e+02 3.129800284174051512e+02
3.471094743349091232e+02 3.135497514233155130e+02
3.461969257427417119e+02 3.141067605190017957e+02
3.452782082647682387e+02 3.146512114923140189e+02
3.443536408998008937e+02 3.151831853632749585e+02
3.434233504130370989e+02 3.157028518316663508e+02
3.424876016923507223e+02 3.162102446114898839e+02
3.415465151741911427e+02 3.167054417618301727e+02
3.406002524784010461e+02 3.171884887218785138e+02
3.396489895315013996e+02 3.176594194649065912e+02
3.386928702026849578e+02 3.181182759325452025e+02
3.377320337284322704e+02 3.185650810445563366e+02
3.367666302293297349e+02 3.189998437993589846e+02
3.357967918298309087e+02 3.194225777202404402e+02
3.348226160040248942e+02 3.198333037820403320e+02
3.338442732148803884e+02 3.202320168732342154e+02
3.328618878164691068e+02 3.206187625319261087e+02
3.318756199297512239e+02 3.209935743285885223e+02
3.308855650987185868e+02 3.213565059252466654e+02
3.298919248347123130e+02 3.217075672153352457e+02
3.288948114441486723e+02 3.220468368932840804e+02
3.278944030115537771e+02 3.223744401000101902e+02
3.268908771835581319e+02 3.226905106418884657e+02
3.258844069965314247e+02 3.229951817834269718e+02
3.248751615065501142e+02 3.232885871965145270e+02
3.238633306229550044e+02 3.235709192174439863e+02
3.228491369810678293e+02 3.238424622995984237e+02
3.218327987244249471e+02 3.241035097657133974e+02
3.208145262526194870e+02 3.243543558438310015e+02
3.197945026961721169e+02 3.245953028300583014e+02
3.187729804721213895e+02 3.248267233757691201e+02
3.177502214885018930e+02 3.250490882583820849e+02
3.167264181280980324e+02 3.252628864187272484e+02
3.157018683637564891e+02 3.254685791909391241e+02
3.146767356807723672e+02 3.256666687380721896e+02
3.136513079160367852e+02 3.258577075191694803e+02
3.126257756283545746e+02 3.260423313516253643e+02
3.116004278902775582e+02 3.262211548963638279e+02
3.105754330003082373e+02 3.263948199500175633e+02
3.095510158859751186e+02 3.265639572210471329e+02
3.085273855534292125e+02 3.267292478908002522e+02
3.075047213096456176e+02 3.268913990372478224e+02
3.064831911035143435e+02 3.270511156820162455e+02
3.054629833555612777e+02 3.272091020881930490e+02
3.044442065281255623e+02 3.273659990478967075e+02
3.034268558173056931e+02 3.275220428705322888e+02
3.024108838857059709e+02 3.276773326886431619e+02
3.013962416057126461e+02 3.278319650298373631e+02
3.003828737347852211e+02 3.279860334611178132e+02
2.993707334425766931e+02 3.281396108350528493e+02
2.983597403082446817e+02 3.282927049298368729e+02
2.973498162007531391e+02 3.284453047659388858e+02
2.963408834571254147e+02 3.285973964313099032e+02
2.953328648308090010e+02 3.287489630711457949e+02
2.943256802699139030e+02 3.288999708363995751e+02
2.933192431214690714e+02 3.290503497283797856e+02
2.923134672042364173e+02 3.292000219327009063e+02
2.913082679231074508e+02 3.293489066099251090e+02
2.903035622162938125e+02 3.294969197584351832e+02
2.892992650364326437e+02 3.296439626166628614e+02
2.882952916586119159e+02 3.297899152240753438e+02
2.872915611376068341e+02 3.299346539291082081e+02
2.862879909686588462e+02 3.300780519488293976e+02
2.852845024704013781e+02 3.302199789626550910e+02
2.842810180962723052e+02 3.303602941859193152e+02
2.832774615770414925e+02 3.304988456318758381e+02
2.822737593714915079e+02 3.306354779516580038e+02
2.812698407687242934e+02 3.307700328850613687e+02
2.802656378750884301e+02 3.309023489464346994e+02
2.792610842010944907e+02 3.310322563972006833e+02
2.782561154905000649e+02 3.311595781912348002e+02
2.772507259876228431e+02 3.312841590559093561e+02
2.762449407973701909e+02 3.314058835614190457e+02
2.752387247762741254e+02 3.315246459933339906e+02
2.742320386781505022e+02 3.316403355071277588e+02
2.732248466098263862e+02 3.317528369201170335e+02
2.722171161857585275e+02 3.318620324977643463e+02
2.712088184897862106e+02 3.319678020414922912e+02
2.701999280146281421e+02 3.320700226205537433e+02
2.691904225404337581e+02 3.321685670857639820e+02
2.681802832331526361e+02 3.322633053601079496e+02
2.671694937401077254e+02 3.323541047264172903e+02
2.661580435306803452e+02 3.324408309687569840e+02
2.651459242425816569e+02 3.325233479075019432e+02
2.641331297213585003e+02 3.326015166690673368e+02
2.631196579629168468e+02 3.326751962717162314e+02
2.621055102892992181e+02 3.327442437692885164e+02
2.610906904390495811e+02 3.328085138986737093e+02
2.600752059791269062e+02 3.328678600847371172e+02
2.590590706606383264e+02 3.329221368101881922e+02
2.580422977123628812e+02 3.329711964692109518e+02
2.570249048939062391e+02 3.330148896539925545e+02
2.560069132284890543e+02 3.330530652743316864e+02
2.549883468931401751e+02 3.330855757132129611e+02
2.539692329783236175e+02 3.331122801570309093e+02
2.529495935893396847e+02 3.331330335414821207e+02
2.519294717615593981e+02 3.331476935787171101e+02
2.509089058288225829e+02 3.331561171040143563e+02
2.498879303476250300e+02 3.331581610695915856e+02
2.488665671647127340e+02 3.331536768454815274e+02
2.478448986091275401e+02 3.331425311847171997e+02
2.468229465415222990e+02 3.331245763775645514e+02
2.458007585179150567e+02 3.330996635773751677e+02
2.447784115339399023e+02 3.330676575758037075e+02
2.437559250043938732e+02 3.330284083382271092e+02
2.427333977466976478e+02 3.329817838906070051e+02
2.417108583166840958e+02 3.329276330311606671e+02
2.406883880615593228e+02 3.328658132970189740e+02
2.396660589370929699e+02 3.327961865217033619e+02
2.386439218944927632e+02 3.327186068895225048e+02
2.376220620262272973e+02 3.326329337604219063e+02
2.366005623089153858e+02 3.325390259260921084e+02
2.355794942128214586e+02 3.324367364377454805e+02
2.345589410825552079e+02 3.323259223155261566e+02
2.335389896459488455e+02 3.322064403190558437e+02
2.325197303871333361e+02 3.320781452100733304e+02
2.315012577047001230e+02 3.319408897287468108e+02
2.304836699907001503e+02 3.317945250731298756e+02
2.294670680429637173e+02 3.316389015501268318e+02
2.284515393314838718e+02 3.314738588641683350e+02
2.274372337703983078e+02 3.312992564283182446e+02
2.264242348443944195e+02 3.311149287916720709e+02
2.254126679546706953e+02 3.309207155040368775e+02
2.244026658509869208e+02 3.307164540039718759e+02
2.233943642829398470e+02 3.305019795712217388e+02
2.223878715830798569e+02 3.302771087304125217e+02
2.213833678453761138e+02 3.300416802686041819e+02
2.203809885523996570e+02 3.297955099191751742e+02
2.193808929828602743e+02 3.295384072984390968e+02
2.183832509778349618e+02 3.292701796389711717e+02
2.173882406949259973e+02 3.289906318233587399e+02
2.163960269765615863e+02 3.286995532374763798e+02
2.154068446572666744e+02 3.283967496645851156e+02
2.144208762654393752e+02 3.280819886567921913e+02
2.134383489813975530e+02 3.277550455700009024e+02
2.124594867101780551e+02 3.274156854593200592e+02
2.114845550607147686e+02 3.270636846858550371e+02
2.105138024407085311e+02 3.266987851337489701e+02
2.095475157580143275e+02 3.263207208663920937e+02
2.085859984182297922e+02 3.259292244919379868e+02
2.076295600507905590e+02 3.255240198503399824e+02
2.066785297506789902e+02 3.251048562048964072e+02
2.057331782830881082e+02 3.246717093215802379e+02
2.047937170766159056e+02 3.242246585623921078e+02
2.038603679995711389e+02 3.237637754066209936e+02
2.029333737587699034e+02 3.232891300267367569e+02
2.020129852378024111e+02 3.228007892432816561e+02
2.010994559413351794e+02 3.222988299694862349e+02
2.001930225008128730e+02 3.217833061110062545e+02
1.992939772779205612e+02 3.212542913228950852e+02
1.984025837363587641e+02 3.207118213399402293e+02
1.975191440119878052e+02 3.201559428467510315e+02
1.966439631594329285e+02 3.195867176842344861e+02
1.957773495488200695e+02 3.190041948695696306e+02
1.949196272320243111e+02 3.184084059069206205e+02
1.940711500244278227e+02 3.177993757634224608e+02
1.932322905530536730e+02 3.171771281119761738e+02
1.924034227641832331e+02 3.165416841383532756e+02
1.915849596033794455e+02 3.158930712093778084e+02
1.907773165961602331e+02 3.152312764101788503e+02
1.899809588416151200e+02 3.145562860498077384e+02
1.891963826501387302e+02 3.138680877622746266e+02
1.884240918580387358e+02 3.131666403659339153e+02
1.876646506379425148e+02 3.124519154018959171e+02
1.869186477774517527e+02 3.117238534857891636e+02
1.861867191287915944e+02 3.109823765386363448e+02
1.854695593919129522e+02 3.102274195532198746e+02
1.847678948743252931e+02 3.094588839886563392e+02
1.840825195645838903e+02 3.086766863178605149e+02
1.834142709893112908e+02 3.078807050014544870e+02
1.827640649585305539e+02 3.070708556887816485e+02
1.821328644872633902e+02 3.062470216766004114e+02
1.815217078901455920e+02 3.054091231173732695e+02
1.809316853669246541e+02 3.045570692247850957e+02
1.803639541144997906e+02 3.036908092762481601e+02
1.798197249330643501e+02 3.028103097876244192e+02
1.793002676805029694e+02 3.019155853863617267e+02
1.788068927484747519e+02 3.010066959075869590e+02
1.783409323116997882e+02 3.000837754355675315e+02
1.779037278524374130e+02 2.991470116392914065e+02
1.774966092618396658e+02 2.981966920051809780e+02
1.771208593036818399e+02 2.972332004066821582e+02
1.767777036065423886e+02 2.962569900299479286e+02
1.764682526904792041e+02 2.952686649792314029e+02
1.761934865653369400e+02 2.942688870249021420e+02
