1.767319697141973052e+02 2.930952475257283254e+02
1.764192076152882862e+02 2.921291635917783083e+02
1.761326567714966700e+02 2.911453680929119514e+02
1.758734767951776234e+02 2.901440647892170546e+02
1.756427104055482005e+02 2.891257728467404604e+02
1.754412422851946189e+02 2.880913163197109270e+02
1.752698151049469004e+02 2.870417406770010871e+02
1.751289962801788818e+02 2.859783150502412923e+02
1.750191959953854735e+02 2.849024463707736459e+02
1.749406797882104172e+02 2.838156444655344330e+02
1.748935848439815857e+02 2.827194854020947332e+02
1.748780024050275586e+02 2.816156082862114545e+02
1.748940837250429468e+02 2.805056615523098458e+02
1.749418666063152727e+02 2.793914004477984463e+02
1.750213648652227789e+02 2.782744846039882987e+02
1.751325193130632272e+02 2.771566156042287616e+02
1.752751504061456558e+02 2.760394099419380609e+02
1.754489445664765412e+02 2.749244025619112222e+02
1.756535339805625426e+02 2.738131382548305055e+02
1.758886316518718615e+02 2.727069879079087400e+02
1.761538871070440564e+02 2.716073873530255582e+02
1.764487232496446154e+02 2.705156091373893901e+02
1.767724806610316364e+02 2.694326525955596594e+02
1.771244269229189570e+02 2.683596109793551250e+02
1.775039706191662958e+02 2.672973707685180216e+02
1.779104135424971105e+02 2.662469195475965762e+02
1.783429637425482213e+02 2.652088602156901516e+02
1.788006545099608218e+02 2.641837562180988357e+02
1.792825634839121562e+02 2.631721101714018118e+02
1.797878676828886171e+02 2.621743165697810127e+02
1.803157191580753533e+02 2.611907669984531708e+02
1.808651863839623957e+02 2.602216450043692362e+02
1.814352891864106425e+02 2.592670822213024735e+02
1.820251281841455295e+02 2.583271348490587229e+02
1.826338264159638243e+02 2.574018520609108123e+02
1.832605777647418108e+02 2.564912032081343796e+02
1.839044956561663753e+02 2.555951570318102313e+02
1.845648093238984586e+02 2.547135557393510226e+02
1.852407159352268309e+02 2.538462919585814461e+02
1.859314732437505313e+02 2.529932095592631640e+02
1.866364099739409426e+02 2.521541208804315204e+02
1.873549009263847154e+02 2.513288623191646423e+02
1.880863021728592628e+02 2.505173043416588428e+02
1.888300758654888796e+02 2.497192360247654506e+02
1.895856658270957098e+02 2.489344801416558539e+02
1.903525391978838286e+02 2.481629077606662861e+02
1.911303714134123766e+02 2.474043472676226543e+02
1.919186770699570275e+02 2.466587807716011298e+02
1.927171445633373139e+02 2.459260569609185438e+02
1.935254103161802846e+02 2.452060807770776023e+02
1.943430916043111836e+02 2.444987141040784593e+02
1.951697793035821462e+02 2.438037646373553002e+02
1.960050777356025833e+02 2.431210319751272664e+02
1.968486101377778823e+02 2.424503091086795052e+02
1.977000871437833496e+02 2.417913482786701991e+02
1.985591064853012426e+02 2.411441035906610182e+02
1.994255598217981458e+02 2.405084376136813660e+02
2.002991760115004070e+02 2.398843389492483595e+02
2.011797556290266584e+02 2.392717489749597917e+02
2.020671185260805487e+02 2.386706122892922508e+02
2.029611104512755162e+02 2.380809414145763867e+02
2.038616029988812102e+02 2.375027833614982740e+02
2.047684704655034409e+02 2.369361887014208037e+02
2.056815892564529520e+02 2.363812110944251685e+02
2.066008938785363682e+02 2.358378864343649184e+02
2.075262012150491557e+02 2.353063664767880994e+02
2.084574906446686384e+02 2.347867305691986246e+02
2.093946731434873811e+02 2.342791062301953389e+02
2.103376449564016184e+02 2.337836301856325179e+02
2.112863132636921080e+02 2.333004347257098630e+02
2.122406550293151213e+02 2.328296266484271655e+02
2.132004928436376758e+02 2.323713935086576896e+02
2.141657838089574568e+02 2.319258530490481860e+02
2.151364344483988589e+02 2.314931553057671181e+02
2.161123398028638007e+02 2.310734368784226831e+02
2.170933676751950259e+02 2.306667907458121931e+02
2.180793806578199678e+02 2.302733037792845607e+02
2.190702404764219580e+02 2.298930646472685737e+02
2.200658075442311485e+02 2.295261632861034968e+02
2.210659141133818935e+02 2.291726381349949975e+02
2.220703427430325405e+02 2.288324283474016170e+02
2.230788733940164832e+02 2.285054614930287187e+02
2.240913132339547360e+02 2.281916572881061143e+02
2.251074187173910559e+02 2.278909523935112702e+02
2.261269199838014572e+02 2.276031694049691225e+02
2.271495445953781882e+02 2.273279814531736065e+02
2.281749532211861720e+02 2.270650770744017564e+02
2.292028370071070071e+02 2.268141293216466465e+02
2.302329527097180915e+02 2.265747858710035700e+02
2.312648859059337383e+02 2.263466008062238188e+02
2.322983495199972026e+02 2.261289585010795520e+02
2.333329032412842139e+02 2.259212854664841643e+02
2.343682723248977311e+02 2.257229566191274728e+02
2.354040866611867102e+02 2.255333660319114699e+02
2.364400029779575902e+02 2.253517811380770013e+02
2.374757004659898030e+02 2.251773993648588430e+02
2.385107922133345539e+02 2.250094287665259003e+02
2.395450016808239582e+02 2.248470475957770702e+02
2.405780705078335586e+02 2.246894853699021724e+02
2.416098123129719681e+02 2.245362776721039495e+02
2.426401561046387485e+02 2.243870703429994933e+02
2.436690278902818250e+02 2.242415168672461903e+02
2.446963449471201102e+02 2.240992728634099649e+02
2.457220423114009122e+02 2.239600088848424946e+02
2.467461053768264208e+02 2.238234782707627346e+02
2.477685251686012293e+02 2.236894608848745634e+02
2.487893076073105192e+02 2.235577391031553134e+02
2.498084421664243848e+02 2.234280957247688377e+02
2.508259505093035102e+02 2.233003325112403843e+02
2.518418731262101744e+02 2.231743155165584085e+02
2.528562562182837326e+02 2.230499240534589376e+02
2.538691504051496111e+02 2.229270394196387599e+02
2.548806130153785716e+02 2.228055461523322833e+02
2.558907069643532850e+02 2.226853514845644781e+02
2.568995064698359556e+02 2.225664029077425710e+02
2.579070951414556703e+02 2.224486559530553222e+02
2.589135570017238024e+02 2.223320694183267960e+02
2.599189790873516017e+02 2.222166052013696742e+02
2.609234540971984302e+02 2.221022424803622926e+02
2.619270806944921901e+02 2.219889825152226024e+02
2.629299598183136482e+02 2.218768309705239119e+02
2.639321959701148899e+02 2.217657985358032136e+02
2.649338920982020795e+02 2.216558967234637407e+02
2.659351568089984426e+02 2.215471478846079094e+02
2.669361002417945201e+02 2.214395830587511966e+02
2.679368007723787173e+02 2.213331808402461149e+02
2.689373351411265389e+02 2.212278620491965171e+02
2.699378080953127892e+02 2.211235450786674619e+02
2.709383255490652687e+02 2.210201560907396185e+02
2.719389930157449271e+02 2.209176276538499053e+02
2.729399158718214835e+02 2.208158971987080861e+02
2.739411984259767223e+02 2.207149061109340948e+02
2.749429423852771492e+02 2.206145974803573324e+02
2.759452520085099536e+02 2.205149276821270519e+02
2.769482297903026051e+02 2.204158601011062046e+02
2.779519772291581035e+02 2.203173617383898488e+02
2.789565948600660477e+02 2.202194031512823642e+02
2.799621824100395884e+02 2.201219626586046161e+02
2.809688420145528767e+02 2.200250445555315366e+02
2.819766664161672907e+02 2.199286563939051575e+02
2.829857527166218460e+02 2.198328106259796755e+02
2.839961959284811428e+02 2.197375238796022927e+02
2.850080886919946010e+02 2.196428299364403074e+02
2.860215234539327298e+02 2.195488086324263577e+02
2.870365877834718162e+02 2.194555507692401477e+02
2.880533572681117107e+02 2.193631445952547097e+02
2.890719171351418026e+02 2.192716864556272469e+02
2.900923393581143728e+02 2.191814348189752764e+02
2.911146765792977931e+02 2.190929678892967729e+02
2.921389356887702320e+02 2.190068913743927226e+02
2.931651358654507362e+02 2.189238197035327858e+02
2.941932847688190691e+02 2.188443762510120223e+02
2.952233300490656234e+02 2.187691709496014028e+02
2.962552373540056010e+02 2.186988207174941010e+02
2.972889764471854619e+02 2.186339558034498793e+02
2.983244209819327466e+02 2.185751814870318697e+02
2.993615239613376389e+02 2.185231261271616177e+02
3.004001557784842475e+02 2.184783657683343563e+02
3.014402129698690374e+02 2.184414494561009974e+02
3.024815641058810343e+02 2.184129224050384437e+02
3.035240688579509083e+02 2.183933308502273860e+02
3.045675591740078971e+02 2.183832084739559605e+02
3.056119103096273193e+02 2.183830243109436537e+02
3.066569116753788080e+02 2.183931712785156094e+02
3.077024374579369237e+02 2.184140666928793166e+02
3.087482924896484064e+02 2.184461148598742568e+02
3.097942692695812639e+02 2.184897004774543348e+02
3.108402059436784839e+02 2.185451194517400779e+02
3.118859274857233004e+02 2.186126227167773948e+02
3.129312507290769076e+02 2.186924610939518345e+02
3.139759627065104155e+02 2.187848760583078160e+02
3.150198840135317369e+02 2.188901012341458738e+02
3.160628333296856454e+02 2.190082830823142501e+02
3.171046310984839351e+02 2.191395440240072503e+02
3.181450942455056747e+02 2.192840069705152928e+02
3.191840439726307750e+02 2.194417988053685349e+02
3.202212962161069072e+02 2.196130313971834198e+02
3.212566494394718006e+02 2.197977607909243432e+02
3.222899377995959185e+02 2.199960467939231421e+02
3.233210140452529799e+02 2.202079626297268646e+02
3.243496506242963733e+02 2.204335532496529879e+02
3.253756820186509344e+02 2.206728863306873620e+02
3.263989259774979246e+02 2.209260280857094187e+02
3.274191876777458674e+02 2.211930429443113724e+02
3.284362496851109086e+02 2.214739867451891655e+02
3.294499500219274637e+02 2.217689431570947534e+02
3.304600650628023573e+02 2.220780062403474062e+02
3.314663403826975809e+02 2.224012985445552317e+02
3.324685554772501064e+02 2.227389637160229370e+02
3.334664610509689169e+02 2.230911386180119393e+02
3.344598033047967647e+02 2.234579665763847913e+02
3.354483074789067700e+02 2.238396757522233145e+02
3.364315873887821340e+02 2.242365279815493864e+02
3.374093300808542608e+02 2.246488273507509064e+02
3.383811847620440290e+02 2.250768710223749451e+02
3.393467368304431488e+02 2.255209071641844787e+02
3.403056990167601157e+02 2.259810044435004954e+02
3.412578360018889043e+02 2.264571031809527142e+02
3.422028820821913087e+02 2.269491316049492582e+02
3.431405615552818062e+02 2.274570166257634867e+02
3.440706138707873265e+02 2.279807064665759242e+02
3.449927183360908884e+02 2.285201631910948095e+02
3.459065668935088524e+02 2.290753816536072804e+02
3.468118673320331027e+02 2.296463815554841972e+02
3.477082145995545375e+02 2.302331195899438114e+02
3.485952874141897269e+02 2.308356006397100941e+02
3.494727395884202110e+02 2.314537776392043327e+02
3.503402053993783625e+02 2.320875857108523235e+02
3.511973031611086071e+02 2.327369587574385719e+02
3.520436635301185220e+02 2.334018548329244425e+02
3.528788660421896566e+02 2.340821629421631656e+02
3.537025983522133856e+02 2.347777250443433275e+02
3.545144652216511076e+02 2.354883061297340134e+02
3.553141168833874417e+02 2.362137193948106528e+02
3.561011813654179718e+02 2.369537859437222664e+02
3.568752441530760962e+02 2.377082140120248255e+02
3.576360492445571140e+02 2.384766755719754201e+02
3.583832521698408300e+02 2.392587627668945629e+02
3.591165463989676141e+02 2.400541213729916876e+02
3.598355991639919012e+02 2.408624032400986152e+02
3.605400771909352216e+02 2.416831664173154763e+02
3.612297604392156813e+02 2.425159479144763566e+02
3.619043605609979863e+02 2.433602291451134931e+02
3.625636365704585273e+02 2.442155836685195709e+02
3.632072548573918311e+02 2.450815058551873165e+02
3.638349839358907047e+02 2.459575774046233505e+02
3.644465506851484520e+02 2.468433025225198492e+02
3.650416733504717399e+02 2.477382052774732131e+02
3.656200798704831527e+02 2.486418860236538819e+02
3.661814451513052404e+02 2.495539293249850061e+02
3.667254372975760361e+02 2.504739926718253287e+02
3.672516817991482867e+02 2.514017482344432040e+02
3.677597894911120875e+02 2.523369289825557473e+02
3.682493346380296657e+02 2.532792876141380702e+02
3.687198647104261227e+02 2.542286121948916389e+02
3.691708682291207992e+02 2.551848067363880261e+02
3.696017691465731900e+02 2.561477882422436210e+02
3.700119731704839410e+02 2.571175429136906132e+02
3.704008577945497791e+02 2.580940870495966237e+02
3.707677737366403221e+02 2.590774969811667461e+02
3.711119967858633686e+02 2.600679413158013062e+02
3.714327762930233803e+02 2.610655864969571667e+02
3.717293611432659759e+02 2.620706839207101666e+02
3.720009943445579097e+02 2.630835140603453510e+02
3.722466762935767406e+02 2.641044264037163316e+02
3.724645489608657272e+02 2.651339524259216205e+02
3.726526012497582769e+02 2.661724147402989615e+02
3.728088889237804437e+02 2.672199017222877160e+02
3.729320705071154407e+02 2.682755029796292092e+02
3.730215963332346973e+02 2.693379211132524347e+02
3.730771793349412064e+02 2.704063329887937925e+02
3.730987324089479671e+02 2.714798261550500342e+02
3.730863599667898711e+02 2.725574043924750640e+02
3.730403333286777752e+02 2.736380233223860046e+02
3.729610598114965114e+02 2.747205681826859518e+02
3.728490182739049033e+02 2.758039283064856022e+02
3.727047867466096704e+02 2.768869938617671096e+02
3.725290399736518907e+02 2.779686507832355460e+02
3.723224973313492683e+02 2.790478425892082441e+02
3.720859110138134156e+02 2.801235267987353836e+02
3.718200719285433138e+02 2.811946627295353096e+02
3.715257165391466856e+02 2.822603380010366436e+02
3.712036225166469308e+02 2.833195928251246869e+02
3.708545432708309590e+02 2.843715364196261248e+02
3.704792398235239830e+02 2.854153607166442157e+02
3.700784971107632373e+02 2.864502812005720216e+02
3.696530394250274298e+02 2.874755760204661783e+02
3.692035740413426765e+02 2.884905206538598463e+02
3.687307625221703802e+02 2.894944485357673329e+02
3.682353266126692688e+02 2.904868001601202536e+02
3.677180301109721086e+02 2.914670411008537485e+02
3.671795443544673390e+02 2.924347096406793867e+02
3.666205385065775886e+02 2.933893148963663862e+02
3.660415816037897798e+02 2.943304793734782265e+02
3.654434513418487427e+02 2.952578284651488616e+02
3.648268193245726820e+02 2.961711470154137942e+02
3.641923097131128202e+02 2.970702229352921790e+02
3.635406036763807833e+02 2.979547720037481326e+02
3.628722402575406818e+02 2.988246675698490549e+02
3.621878919782989215e+02 2.996798093962223106e+02
3.614882118791469452e+02 3.005201343328605503e+02
3.607737883734670277e+02 3.013456127205774919e+02
3.600451711033526863e+02 3.021562222109794220e+02
3.593028946957242624e+02 3.029519637385337774e+02
3.585475357556284166e+02 3.037328648250974084e+02
3.577796015291899607e+02 3.044989989261038090e+02
3.569996313618894987e+02 3.052504015164241764e+02
3.562080142888749492e+02 3.059871959275507152e+02
3.554052765450645666e+02 3.067093879015482685e+02
3.545917879134660780e+02 3.074170756867940781e+02
3.537679526000188730e+02 3.081103147573161323e+02
3.529341552853057351e+02 3.087891633726383702e+02
3.520907210454148526e+02 3.094537104386672581e+02
3.512381308030671221e+02 3.101041037180199851e+02
3.503768128101553430e+02 3.107406863358671103e+02
3.495072939553497804e+02 3.113637387025215730e+02
3.486299876003180316e+02 3.119736030996686509e+02
3.477453238717783961e+02 3.125705924542231742e+02
3.468536664506503371e+02 3.131549518347578100e+02
3.459553296548288586e+02 3.137268763277697303e+02
3.450505608458497591e+02 3.142865843113228266e+02
3.441397255829230062e+02 3.148342263115106903e+02
3.432230036892538578e+02 3.153700373713572276e+02
3.423006999485732536e+02 3.158941208944275445e+02
3.413729775996749254e+02 3.164066211114590601e+02
3.404400361991433215e+02 3.169076527306602884e+02
3.395020865393398708e+02 3.173973208900234226e+02
3.385593048051082405e+02 3.178757369161641009e+02
3.376118528802015817e+02 3.183429812559966194e+02
3.366598989473404799e+02 3.187991173016007451e+02
3.357035921634755482e+02 3.192442134890377474e+02
3.347430461525299847e+02 3.196783461345640376e+02
3.337784398134618868e+02 3.201015586662808232e+02
3.328098915426378994e+02 3.205139156203135258e+02
3.318375512040211675e+02 3.209154637423817462e+02
3.308615045040786526e+02 3.213062695424487742e+02
3.298819415957946148e+02 3.216863562631739910e+02
3.288989545846570763e+02 3.220557949264029958e+02
3.279126796979271603e+02 3.224146559232610798e+02
3.269232512379871878e+02 3.227630109636147040e+02
3.259308004761533084e+02 3.231009303886618795e+02
3.249354559967212026e+02 3.234284835724688492e+02
3.239373537515031671e+02 3.237457623247868241e+02
3.229366419087031090e+02 3.240528943383237106e+02
3.219334659952972970e+02 3.243500097967345823e+02
3.209279676687840492e+02 3.246372381985670472e+02
3.199202633001575578e+02 3.249147145023081862e+02
3.189105288734701276e+02 3.251826003826849387e+02
3.178989375729174753e+02 3.254411099202582136e+02
3.168855933764476163e+02 3.256904729129593647e+02
3.158707213281493864e+02 3.259308859504979523e+02
3.148544063558229595e+02 3.261625869032024525e+02
3.138368658307401802e+02 3.263858340533422506e+02
3.128182088966316314e+02 3.266009532841786154e+02
3.117986637220360535e+02 3.268082421401775264e+02
3.107783310197698938e+02 3.270080281556892032e+02
3.097573851372160334e+02 3.272006240453064265e+02
3.087359934405988042e+02 3.273864030807401946e+02
3.077142987036209547e+02 3.275657696869376991e+02
3.066924396643372575e+02 3.277391246861861873e+02
3.056705896900359676e+02 3.279068646366052917e+02
3.046488534536189263e+02 3.280693674152146855e+02
3.036272985580025079e+02 3.282268406896050124e+02
3.026059726494209485e+02 3.283794356077193584e+02
3.015849200963224348e+02 3.285273021454967761e+02
3.005641766545033420e+02 3.286705889251815051e+02
2.995437921185273922e+02 3.288094370218398126e+02
2.985237884932840871e+02 3.289439705085011951e+02
2.975041913051595657e+02 3.290743059993635597e+02
2.964850236097155403e+02 3.292005587592861389e+02
2.954663059683887241e+02 3.293228426720280595e+02
2.944480549660938209e+02 3.294412637610418528e+02
2.934302814618641264e+02 3.295559113665335644e+02
2.924129938267366811e+02 3.296668711283845710e+02
2.913961984423191893e+02 3.297742271581108753e+02
2.903798996499286886e+02 3.298780618968842191e+02
2.893640965424408478e+02 3.299784473438641612e+02
2.883487861197201028e+02 3.300754401665402042e+02
2.873339655821174574e+02 3.301690950660693034e+02
2.863196260717679138e+02 3.302594650277513892e+02
2.853057589392690261e+02 3.303466006496716432e+02
2.842923525554299431e+02 3.304305421257000717e+02
2.832793924297167223e+02 3.305113183441765727e+02
2.822668628293824895e+02 3.305889558635340677e+02
2.812547468404703181e+02 3.306634793797164775e+02
2.802430262720877749e+02 3.307349111772295487e+02
2.792316799724752059e+02 3.308032634890755048e+02
2.782206848257634988e+02 3.308685400407869679e+02
2.772100611115391189e+02 3.309307683853566573e+02
2.761998426052426794e+02 3.309900178445889765e+02
2.751900064587945849e+02 3.310463664505765564e+02
2.741805225323010404e+02 3.310998846408943450e+02
2.731713598039966087e+02 3.311506373788296287e+02
2.721624867235113925e+02 3.311986872031637859e+02
2.711538712161914759e+02 3.312440942677544058e+02
2.701454806307112335e+02 3.312869156024746644e+02
2.691372815430498804e+02 3.313272016702197220e+02
2.681292400413536825e+02 3.313649991080926611e+02
2.671213213600917129e+02 3.314003517424321785e+02
2.661134916224698941e+02 3.314333017653964930e+02
2.651057158667160252e+02 3.314638883744940472e+02
2.640979581159697318e+02 3.314921450319165501e+02
2.630901824685175256e+02 3.315181021406348805e+02
2.620823527077732820e+02 3.315417877397532607e+02
2.610744318929630481e+02 3.315632270905402379e+02
2.600663829707326045e+02 3.315824415746837985e+02
2.590581697938420120e+02 3.315994480530196711e+02
2.580497543111993650e+02 3.316142599341866912e+02
2.570410987528312035e+02 3.316268881919011733e+02
2.560321650772336284e+02 3.316373400176992163e+02
2.550229171917467568e+02 3.316455271255879893e+02
2.540133255831525503e+02 3.316512066431304788e+02
2.530033635306953954e+02 3.316541161425019482e+02
2.519930181347852738e+02 3.316539950964904051e+02
2.509822792380277292e+02 3.316505815263950012e+02
2.499711397865555966e+02 3.316436091853602761e+02
2.489595916292681466e+02 3.316328017914510724e+02
2.479476592015581673e+02 3.316178960160798965e+02
2.469353436197114036e+02 3.315986157551029123e+02
2.459226625499294414e+02 3.315746826564401317e+02
2.449096528284782721e+02 3.315458274873721507e+02
2.438963275172091016e+02 3.315117660726340318e+02
2.428827442268210177e+02 3.314722288147704035e+02
2.418689293967574656e+02 3.314269300966721516e+02
2.408549414199212038e+02 3.313755907323248948e+02
2.398408383262129746e+02 3.313179362209153851e+02
2.388266710715048760e+02 3.312536857059010913e+02
2.378125139535725339e+02 3.311825620180629812e+02
2.367984449348165867e+02 3.311042878092362116e+02
2.357845399198428424e+02 3.310185817242002599e+02
2.347708854280009518e+02 3.309251700054575736e+02
2.337575742559849914e+02 3.308237803114105304e+02
2.327447060628713871e+02 3.307141386522715152e+02
2.317323875646649185e+02 3.305959694201920911e+02
2.307207323503862426e+02 3.304689976301842762e+02
2.297098589601573622e+02 3.303329544275010790e+02
2.286998817345130988e+02 3.301875636483919720e+02
2.276909598733295752e+02 3.300325655011119466e+02
2.266832143910859259e+02 3.298676808200576716e+02
2.256767981052043126e+02 3.296926363075673407e+02
2.246718725140452477e+02 3.295071635172765809e+02
2.236686059398819282e+02 3.293109938096092719e+02
2.226671533140780639e+02 3.291038432670682141e+02
2.216677236688033474e+02 3.288854464406311990e+02
2.206705007793792674e+02 3.286555216946795781e+02
2.196756901735132317e+02 3.284137846644589445e+02
2.186835105262740342e+02 3.281599500226674877e+02
2.176941923863415127e+02 3.278937315090652191e+02
2.167079634936194452e+02 3.276148308574480552e+02
2.157251081742885788e+02 3.273229624384087515e+02
2.147458818965595526e+02 3.270178091350493901e+02
2.137705794302765412e+02 3.266990609496467641e+02
2.127995012668210109e+02 3.263664012884472072e+02
2.118329858113603450e+02 3.260195243087483732e+02
2.108713715249403435e+02 3.256580907339189821e+02
2.099150367278769238e+02 3.252817507554827898e+02
2.089643819943548237e+02 3.248901564369336370e+02
2.080198238215357947e+02 3.244829562463090156e+02
2.070817954343759482e+02 3.240598440301482697e+02
2.061506125107794105e+02 3.236208989248818853e+02
2.052265038383539490e+02 3.231663937243569649e+02
2.043097047702169959e+02 3.226965953940427880e+02
2.034004643042505336e+02 3.222117692734440766e+02
2.024990352532190627e+02 3.217121800534522436e+02
2.016056648260540385e+02 3.211981129419976924e+02
2.007205880603143555e+02 3.206698396383660565e+02
1.998440738027304064e+02 3.201276447858752476e+02
1.989763745488353379e+02 3.195717845424723009e+02
1.981177646457077799e+02 3.190025244608631283e+02
1.972685106864597913e+02 3.184201544047885477e+02
1.964288796546307765e+02 3.178249567396533166e+02
1.955991495756303777e+02 3.172171986027560706e+02
1.947796161344595589e+02 3.165971389390027184e+02
1.939705842888156440e+02 3.159650343166670723e+02
1.931723585667818099e+02 3.153211414255326872e+02
1.923852615336429608e+02 3.146657159512321300e+02
1.916096254302101443e+02 3.139989844010006550e+02
1.908458084517097859e+02 3.133211643596333715e+02
1.900941864344380008e+02 3.126324628993526744e+02
1.893551553136801999e+02 3.119330582851085865e+02
1.886291364980058347e+02 3.112231230403801874e+02
1.879165738049922822e+02 3.105028058215877991e+02
1.872179419721878446e+02 3.097722335845856492e+02
1.865337450957457861e+02 3.090315149983507013e+02
1.858645291491465059e+02 3.082807237704835757e+02
1.852108655304807314e+02 3.075199201433027838e+02
1.845733698940765350e+02 3.067491378819134411e+02
1.839526748823085995e+02 3.059683968950644726e+02
1.833494672508189183e+02 3.051776856612476081e+02
1.827644571155841788e+02 3.043769678710940525e+02
1.821983971701702103e+02 3.035661885406331066e+02
1.816520562974990298e+02 3.027452711596523613e+02
1.811262329331443652e+02 3.019141208053342780e+02
1.806217279283641801e+02 3.010726221310767983e+02
1.801393491429930123e+02 3.002206407150281393e+02
1.796798931403726840e+02 2.993580165387734837e+02
1.792441635388907173e+02 2.984845708993812536e+02
1.788329334458628921e+02 2.976000931742404987e+02
1.784469390528903148e+02 2.967043512988984730e+02
1.780869031048469822e+02 2.957971033568914550e+02
1.777534554761805055e+02 2.948780737813503947e+02
1.774471904792246164e+02 2.939470044419729220e+02
