1.772666179394341839e+02 2.929830714662693936e+02
1.770057606933760042e+02 2.920333512110099150e+02
1.767741667875416454e+02 2.910695744601745218e+02
1.765722798354813392e+02 2.900920919295415388e+02
1.764004420032122482e+02 2.891015419090478531e+02
1.762588467298755859e+02 2.880987304362695909e+02
1.761475684117814637e+02 2.870846001352579151e+02
1.760665376405623022e+02 2.860602005955398113e+02
1.760155652201492842e+02 2.850266524032485904e+02
1.759943571154124129e+02 2.839851169894689633e+02
1.760025311623254538e+02 2.829367719548052378e+02
1.760396800284333665e+02 2.818828081428747510e+02
1.761054536057041560e+02 2.808244076778834710e+02
1.761994324397922469e+02 2.797627847088922977e+02
1.763211951682689289e+02 2.786990830562442625e+02
1.764702883164470109e+02 2.776344466214829936e+02
1.766462585451691609e+02 2.765699719254596971e+02
1.768486559578068977e+02 2.755067223139492967e+02
1.770770076674751579e+02 2.744457629356617758e+02
1.773309110071670602e+02 2.733880490365918376e+02
1.776099369906533525e+02 2.723345736775755768e+02
1.779135984796502612e+02 2.712862643564494647e+02
1.782414376429847209e+02 2.702439132512763535e+02
1.785929490041627332e+02 2.692083844922215690e+02
1.789677316483341656e+02 2.681804138528142971e+02
1.793653134986397788e+02 2.671608168557783074e+02
1.797852167255211384e+02 2.661501857489688518e+02
1.802268695341643934e+02 2.651491165451110419e+02
1.806897279338734847e+02 2.641581753706713585e+02
1.811733188060960060e+02 2.631778629904387117e+02
1.816771448455279483e+02 2.622086877867948260e+02
1.822006364506651437e+02 2.612510092343520114e+02
1.827431804724317317e+02 2.603051550990754208e+02
1.833042214190982122e+02 2.593714052711727618e+02
1.838832160737850927e+02 2.584500422999670377e+02
1.844796609985373834e+02 2.575412856408190692e+02
1.850929379129511290e+02 2.566453196518002073e+02
1.857225066555747617e+02 2.557622239986939690e+02
1.863677984818009463e+02 2.548921210065313687e+02
1.870282899015826956e+02 2.540350978067865526e+02
1.877034946787150886e+02 2.531912027077099481e+02
1.883929145216500558e+02 2.523604587277463907e+02
1.890960262978317701e+02 2.515429084266511097e+02
1.898123941939931285e+02 2.507385286830712516e+02
1.905415665826713507e+02 2.499473238360172331e+02
1.912830915047327665e+02 2.491693189160266968e+02
1.920366595932901532e+02 2.484044688813708603e+02
1.928018230388304630e+02 2.476528500683575942e+02
1.935782816268653335e+02 2.469144269317713736e+02
1.943656911731299886e+02 2.461892082270788933e+02
1.951636473351913139e+02 2.454771121481884961e+02
1.959716707707101762e+02 2.447779415482051490e+02
1.967892947882284034e+02 2.440914838207185369e+02
1.976160734731109301e+02 2.434175166623124653e+02
1.984516408263754954e+02 2.427557800182396477e+02
1.992955342476884653e+02 2.421061773713751393e+02
2.001475458866486292e+02 2.414685291941558205e+02
2.010073318715733421e+02 2.408427596105330508e+02
2.018746139033848124e+02 2.402287494675774155e+02
2.027491340638774204e+02 2.396263793972075860e+02
2.036306571879675857e+02 2.390355810582456400e+02
2.045189722127672383e+02 2.384563103763574645e+02
2.054138742061350058e+02 2.378885238434995983e+02
2.063151637988362950e+02 2.373321782989318081e+02
2.072226952561714768e+02 2.367872129835298551e+02
2.081362201668352725e+02 2.362536571680577708e+02
2.090556329416778283e+02 2.357314742281752729e+02
2.099807727863585001e+02 2.352206669606745209e+02
2.109114697492595951e+02 2.347212439189748352e+02
2.118475667723058393e+02 2.342332077093472833e+02
2.127889705636802375e+02 2.337565372704468132e+02
2.137354573887103584e+02 2.332912776865162243e+02
2.146869235288997402e+02 2.328374131759520367e+02
2.156432252790811788e+02 2.323949542972792699e+02
2.166042158974437086e+02 2.319639045595069717e+02
2.175697376149303750e+02 2.315442453063052994e+02
2.185396326219107550e+02 2.311359545893941174e+02
2.195137451804081650e+02 2.307390111716540559e+02
2.204919213535913798e+02 2.303533943262685000e+02
2.214739972689765750e+02 2.299790609386813287e+02
2.224597896962047230e+02 2.296159247683184503e+02
2.234491164450084852e+02 2.292638945740482370e+02
2.244418200823230620e+02 2.289228730456663357e+02
2.254377002038802971e+02 2.285927786540447642e+02
2.264365563023202128e+02 2.282734788534118593e+02
2.274382139379941634e+02 2.279647746445805012e+02
2.284424392585566750e+02 2.276664858149464692e+02
2.294490224004704828e+02 2.273784202118361577e+02
2.304578110768382544e+02 2.271003691439027818e+02
2.314685235842259772e+02 2.268321034079306742e+02
2.324810111157486858e+02 2.265733024839641701e+02
2.334949812633923898e+02 2.263236869992705351e+02
2.345102849135250267e+02 2.260829353537508553e+02
2.355266812478436691e+02 2.258507494601281849e+02
2.365439638441790748e+02 2.256267640184340451e+02
2.375619497355768885e+02 2.254105811795274974e+02
2.385803844379778127e+02 2.252018160811787766e+02
2.395991068332120335e+02 2.250000599872136320e+02
2.406179540916113240e+02 2.248049284381420705e+02
2.416367580320939510e+02 2.246161432177861457e+02
2.426554306862317674e+02 2.244334543163769524e+02
2.436738791859718560e+02 2.242566189708943227e+02
2.446919993750408935e+02 2.240853966428634294e+02
2.457096968210119314e+02 2.239195463302309008e+02
2.467269046309945395e+02 2.237588409955186819e+02
2.477435556058087798e+02 2.236030605885276827e+02
2.487595978320530037e+02 2.234519866385446107e+02
2.497749618584280142e+02 2.233054005688901782e+02
2.507896073961988463e+02 2.231630874905488326e+02
2.518035027383028819e+02 2.230248548917272728e+02
2.528166215462066759e+02 2.228905149712837783e+02
2.538289437054001496e+02 2.227598806530779427e+02
2.548404578653960471e+02 2.226327667196405287e+02
2.558511573235274170e+02 2.225089990617676392e+02
2.568610442193669314e+02 2.223884223711970094e+02
2.578701332392656695e+02 2.222708855333546296e+02
2.588784421008691083e+02 2.221562394509284104e+02
2.598859945327481569e+02 2.220443367400281147e+02
2.608928222642942956e+02 2.219350420500113330e+02
2.618989653214091504e+02 2.218282355981733645e+02
2.629044694374048845e+02 2.217238004395522069e+02
2.639093877825968661e+02 2.216216234529035489e+02
2.649137748161890613e+02 2.215215913815331135e+02
2.659176949988188312e+02 2.214236008543429364e+02
2.669212178929246875e+02 2.213275564163638194e+02
2.679243794794032283e+02 2.212333099570272452e+02
2.689272210549544866e+02 2.211406541917959601e+02
2.699298235340607448e+02 2.210493777842827683e+02
2.709322736783776122e+02 2.209592773437633468e+02
2.719346621000252071e+02 2.208701559121138303e+02
2.729370834319974506e+02 2.207818210285759903e+02
2.739396352222690894e+02 2.206940839118542215e+02
2.749424163706260629e+02 2.206067571878031401e+02
2.759455323616385840e+02 2.205196659429051351e+02
2.769490907235311283e+02 2.204326419410506617e+02
2.779532018358235632e+02 2.203455205940211101e+02
2.789579789076947236e+02 2.202581409748566443e+02
2.799635380837602838e+02 2.201703501504439089e+02
2.809700014226158373e+02 2.200820216700336402e+02
2.819774857189125896e+02 2.199930327085370720e+02
2.829861153633425488e+02 2.199032657232614270e+02
2.839960162314398531e+02 2.198126077810861716e+02
2.850073153525038947e+02 2.197209676013760884e+02
2.860201425848872532e+02 2.196283123744427428e+02
2.870346259784017775e+02 2.195346230413289561e+02
2.880508849623367382e+02 2.194398786496068112e+02
2.890690507631550190e+02 2.193440675093727350e+02
2.900892414333795273e+02 2.192474045535702203e+02
2.911115497269731804e+02 2.191505515240411341e+02
2.921360198516081823e+02 2.190542130885253869e+02
2.931627042660138045e+02 2.189591030013523039e+02
2.941916410894389742e+02 2.188659447022213271e+02
2.952228046441356923e+02 2.187754646087851143e+02
2.962561813391698706e+02 2.186884180753125406e+02
2.972917579976752336e+02 2.186055754681981114e+02
2.983294208221385020e+02 2.185276821588361145e+02
2.993691322886007242e+02 2.184555068852583872e+02
3.004107669486911618e+02 2.183897707896657323e+02
3.014542215586392899e+02 2.183311724920847041e+02
3.024993605570240902e+02 2.182804066643304282e+02
3.035460356141853140e+02 2.182381686892721291e+02
3.045940663128065466e+02 2.182051392593077139e+02
3.056433166015933125e+02 2.181819150554374289e+02
3.066935594612489240e+02 2.181690032582073968e+02
3.077446542170252428e+02 2.181669355196717390e+02
3.087963850688955745e+02 2.181762295740315096e+02
3.098485214341578740e+02 2.181973774483353736e+02
3.109008853076318815e+02 2.182307429007212534e+02
3.119532865534218899e+02 2.182766270315218264e+02
3.130055256406571971e+02 2.183353304523530198e+02
3.140573703528022520e+02 2.184071437560847926e+02
3.151086253636973424e+02 2.184923406705413811e+02
3.161591013506126728e+02 2.185910645628608222e+02
3.172086139967782401e+02 2.187034223437441653e+02
3.182569761118850806e+02 2.188295214877921921e+02
3.193040060983408353e+02 2.189694736972639078e+02
3.203495201972974655e+02 2.191233649075858807e+02
3.213933247413808658e+02 2.192911919912673682e+02
3.224352683912059661e+02 2.194729506134516726e+02
3.234752226215767905e+02 2.196686510832645922e+02
3.245129739166915215e+02 2.198782740951532162e+02
3.255483820630674359e+02 2.201018142275386822e+02
3.265812986470656369e+02 2.203392425056283344e+02
3.276115660518918844e+02 2.205905263584207319e+02
3.286390055446205452e+02 2.208556252891127087e+02
3.296635033839318112e+02 2.211345296879772491e+02
3.306848876175664032e+02 2.214272275124133387e+02
3.317029644194216189e+02 2.217337185422833272e+02
3.327175834602068107e+02 2.220540259869722490e+02
3.337285684013174887e+02 2.223881679037740753e+02
3.347357444585994699e+02 2.227361703291620074e+02
3.357389335489863242e+02 2.230981214196823998e+02
3.367378539951492371e+02 2.234741177881101635e+02
3.377323155669195103e+02 2.238643053355471011e+02
3.387220956772760019e+02 2.242688266587156249e+02
3.397069058775906001e+02 2.246877831248470727e+02
3.406865673280159967e+02 2.251211777742250888e+02
3.416609374315538616e+02 2.255689383708044318e+02
3.426298433759416184e+02 2.260309837827093702e+02
3.435931057253475842e+02 2.265072352770833959e+02
3.445505666415567703e+02 2.269976457292104612e+02
3.455019920746836419e+02 2.275022128993334434e+02
3.464471624892374848e+02 2.280209874694539565e+02
3.473858838752216229e+02 2.285540533448550207e+02
3.483178331528599188e+02 2.291014265355050554e+02
3.492427865692492333e+02 2.296631979202794867e+02
3.501604625510591973e+02 2.302394644031760720e+02
3.510705492117120912e+02 2.308303252210848200e+02
3.519727187430153776e+02 2.314358833656610273e+02
3.528666648478082379e+02 2.320562769681654061e+02
3.537520009520284248e+02 2.326915977262234208e+02
3.546284181265919528e+02 2.333419860112699382e+02
3.554954854342274189e+02 2.340075090255913892e+02
3.563528318694008590e+02 2.346882990406676015e+02
3.572000604234411867e+02 2.353845030115290626e+02
3.580366754778276004e+02 2.360961752094545716e+02
3.588623184940434498e+02 2.368234335211423627e+02
3.596764862873948800e+02 2.375662997936777572e+02
3.604787232253419802e+02 2.383248679145673350e+02
3.612685304015101906e+02 2.390992387535326031e+02
3.620453534842235968e+02 2.398894227511974577e+02
3.628087408241657386e+02 2.406954640603011910e+02
3.635581069623101484e+02 2.415173157499351078e+02
3.642929351406037881e+02 2.423550589268675992e+02
3.650125251811253406e+02 2.432086301075858898e+02
3.657163374333796924e+02 2.440780940965710215e+02
3.664037269749096026e+02 2.449633664325884013e+02
3.670740034004152221e+02 2.458643643260345755e+02
3.677264833736593914e+02 2.467811025047320186e+02
3.683603546677828149e+02 2.477135131942076498e+02
3.689748416853312278e+02 2.486615572265519347e+02
3.695691019981269392e+02 2.496251249191858221e+02
3.701422529874744782e+02 2.506041605334325482e+02
3.706933060226292582e+02 2.515985634650938607e+02
3.712211926034457292e+02 2.526081965151066697e+02
3.717248405264923576e+02 2.536329897829085382e+02
3.722030521968338235e+02 2.546727343234778971e+02
3.726545856993961934e+02 2.557272488112166116e+02
3.730781055796708756e+02 2.567962556486054950e+02
3.734722196897434969e+02 2.578794286959050055e+02
3.738354777678442815e+02 2.589764237117663583e+02
3.741663518712323935e+02 2.600866397675940220e+02
3.744633532458285572e+02 2.612094909260396207e+02
3.747249986707049629e+02 2.623442209169078296e+02
3.749496820732626361e+02 2.634898882618597327e+02
3.751353167615073403e+02 2.646456065392762866e+02
3.752798232047917963e+02 2.658100580991934976e+02
3.753813603139142856e+02 2.669816426719792162e+02
3.754388164559055667e+02 2.681564231989582936e+02
3.754523095804308355e+02 2.693302597524826751e+02
3.754225614497706260e+02 2.705010577832658214e+02
3.753506050187010601e+02 2.716669486598408412e+02
3.752377255473215882e+02 2.728262505062128298e+02
3.750853920565755288e+02 2.739775013810985911e+02
3.748952196028182584e+02 2.751193730242623019e+02
3.746688742058403250e+02 2.762508004309295870e+02
3.744080510017265624e+02 2.773709080771656090e+02
3.741144603414186918e+02 2.784789551082500907e+02
3.737897571604648874e+02 2.795744068701942524e+02
3.734355498702862519e+02 2.806568297772496976e+02
3.730534110937510945e+02 2.817258535219440887e+02
3.726447499493903592e+02 2.827813344771536208e+02
3.722109509179536531e+02 2.838230711701704081e+02
3.717532897114398338e+02 2.848509636365375286e+02
3.712729462043505464e+02 2.858649887595166774e+02
3.707710494352471642e+02 2.868651183853730799e+02
3.702486142558191204e+02 2.878513818353268903e+02
3.697066005801942197e+02 2.888237829139152950e+02
3.691458733747797964e+02 2.897823630341735566e+02
3.685672471908139869e+02 2.907271918766514887e+02
3.679715230114825886e+02 2.916583047805709157e+02
3.673593908009243592e+02 2.925757862491788046e+02
3.667315289723748037e+02 2.934796618878538084e+02
3.660884859099336950e+02 2.943700337863687650e+02
3.654309232858067844e+02 2.952469001929177352e+02
3.647593662679118438e+02 2.961103678811646773e+02
3.640742970133055678e+02 2.969605183122920948e+02
3.633762559328454813e+02 2.977973393599607448e+02
3.626656289728774709e+02 2.986209323371751907e+02
3.619428747420685113e+02 2.994313417735739904e+02
3.612084275032281653e+02 3.002286143346174754e+02
3.604626675816525676e+02 3.010128087202822940e+02
3.597059460036596192e+02 3.017839724767410416e+02
3.589385965735061745e+02 3.025421475690849320e+02
3.581609771543950842e+02 3.032873615400673657e+02
3.573733863258743781e+02 3.040196663723875190e+02
3.565761594181208238e+02 3.047390670097635166e+02
3.557695015208930727e+02 3.054456352393747807e+02
3.549537504120795575e+02 3.061393285413355443e+02
3.541291101054863475e+02 3.068201800617559343e+02
3.532958216920095538e+02 3.074881760157863368e+02
3.524541141922881593e+02 3.081432973960339154e+02
3.516041689331845532e+02 3.087855453994644677e+02
3.507463241484137484e+02 3.094149859492986252e+02
3.498808882610641149e+02 3.100318709530835690e+02
3.490082613118394761e+02 3.106363939604355551e+02
3.481287456653651589e+02 3.112287983622424576e+02
3.472426632396978903e+02 3.118093005039733612e+02
3.463503038901595232e+02 3.123780901975453617e+02
3.454519322156411931e+02 3.129353373144264765e+02
3.445477546197803917e+02 3.134812300592628844e+02
3.436380817997964527e+02 3.140158971640789218e+02
3.427230637528181774e+02 3.145395409350299474e+02
3.418029744888308983e+02 3.150522730912435918e+02
3.408779708616263520e+02 3.155542510364816735e+02
3.399482405161289194e+02 3.160456059476737209e+02
3.390139800970383703e+02 3.165264604600475877e+02
3.380753572842748440e+02 3.169969452694310235e+02
3.371325362593150317e+02 3.174571818818091060e+02
3.361856884676298023e+02 3.179072830893763353e+02
3.352349674002671236e+02 3.183473659049108733e+02
3.342804942872422203e+02 3.187775533401306234e+02
3.333224466628566347e+02 3.191979436694975902e+02
3.323609533625251515e+02 3.196086626430976594e+02
3.313961695678012234e+02 3.200098232806932970e+02
3.304281934671024032e+02 3.204015546154137724e+02
3.294572112007537612e+02 3.207839501237533568e+02
3.284833231844860961e+02 3.211571433261448760e+02
3.275066658112566529e+02 3.215212673532449230e+02
3.265273721423357642e+02 3.218764565203863413e+02
3.255455709738200198e+02 3.222228440088703678e+02
3.245613870958221128e+02 3.225605620850408286e+02
3.235749471089844178e+02 3.228897554963477319e+02
3.225863822542014532e+02 3.232105891656685230e+02
3.215958199493259713e+02 3.235232290557365786e+02
3.206033831287198836e+02 3.238278403427514718e+02
3.196091715152937240e+02 3.241245914901915057e+02
3.186133283047371378e+02 3.244136576118692119e+02
3.176159869854279236e+02 3.246952406353562424e+02
3.166172205989554982e+02 3.249695531954467924e+02
3.156172062867274803e+02 3.252367807701681386e+02
3.146159993904313978e+02 3.254971403133384911e+02
3.136137605814551534e+02 3.257508419957466685e+02
3.126105503522846334e+02 3.259981333123880063e+02
3.116065336871775457e+02 3.262392375781952296e+02
3.106017650517337074e+02 3.264744019491377003e+02
3.095963630746028912e+02 3.267038571838523353e+02
3.085904325205016789e+02 3.269278580305402784e+02
3.075840533508192607e+02 3.271466708446345137e+02
3.065773035823290797e+02 3.273605573937041981e+02
3.055702949787453804e+02 3.275697752432616312e+02
3.045630800140397696e+02 3.277745654092202585e+02
3.035556825337382634e+02 3.279750240484203800e+02
3.025481112204379883e+02 3.281711987138191944e+02
3.015403736543332798e+02 3.283631350780927391e+02
3.005324711579801829e+02 3.285508767279399081e+02
2.995244211499276048e+02 3.287344613989172899e+02
2.985162181942837947e+02 3.289139166852426115e+02
2.975078624264328369e+02 3.290892639799123458e+02
2.964993534636479922e+02 3.292605228144238936e+02
2.954906904044804605e+02 3.294277108611477161e+02
2.944818711166528828e+02 3.295908407864206993e+02
2.934728913955722192e+02 3.297499159581946060e+02
2.924637465589969452e+02 3.299049368000534628e+02
2.914544317051633584e+02 3.300559018655681598e+02
2.904449417055743083e+02 3.302028077914927167e+02
2.894352687262021391e+02 3.303456454846366341e+02
2.884254063447870635e+02 3.304843981203297290e+02
2.874153505121986427e+02 3.306190473236666776e+02
2.864050918799900387e+02 3.307495729739365515e+02
2.853946232718903957e+02 3.308759525275485203e+02
2.843839370430101781e+02 3.309981582314991329e+02
2.833730251450912192e+02 3.311161567845998661e+02
2.823618797679250179e+02 3.312299127834327805e+02
2.813504933847087841e+02 3.313393889071505214e+02
2.803388587385884989e+02 3.314445457134389130e+02
2.793269673956622228e+02 3.315453385295696762e+02
2.783148106419051828e+02 3.316417178415127864e+02
2.773024497762072542e+02 3.317336551835689420e+02
2.762899754136369097e+02 3.318211630236858696e+02
2.752773935839396700e+02 3.319042670600305200e+02
2.742647007025069001e+02 3.319829896219750367e+02
2.732518931544911425e+02 3.320573497160827969e+02
2.722389674504298682e+02 3.321273642986752748e+02
2.712259202377100564e+02 3.321930483022675276e+02
2.702127482850424371e+02 3.322544142848150273e+02
2.691994483975238950e+02 3.323114707641879022e+02
2.681860175658468393e+02 3.323642235575948689e+02
2.671724520755387289e+02 3.324126760746466402e+02
2.661587510093251581e+02 3.324568304045625382e+02
2.651449123923293882e+02 3.324966864377788625e+02
2.641309333708779832e+02 3.325322400778693464e+02
2.631168122572047992e+02 3.325634848502351133e+02
2.621025477158387957e+02 3.325904123203330869e+02
2.610881379494697399e+02 3.326130116941877759e+02
2.600735820398910505e+02 3.326312694050411665e+02
2.590588820216492536e+02 3.326451694815461337e+02
2.580440369520409831e+02 3.326546932062424844e+02
2.570290475048713006e+02 3.326598198646968285e+02
2.560139148272124885e+02 3.326605260883954429e+02
2.549986416622178353e+02 3.326567403178665927e+02
2.539832346699292032e+02 3.326483134480081389e+02
2.529676978514129075e+02 3.326350841760799995e+02
2.519520535676059296e+02 3.326168936651211538e+02
2.509363214037562955e+02 3.325935819309763701e+02
2.499205193509820333e+02 3.325649863399703463e+02
2.489046571805553469e+02 3.325309357721572496e+02
2.478887934579419436e+02 3.324912734540882298e+02
2.468729407814595902e+02 3.324458288271538322e+02
2.458571335575879289e+02 3.323944296446045996e+02
2.448414302545056103e+02 3.323369136020514816e+02
2.438258471404357408e+02 3.322731022920936539e+02
2.428104624904869979e+02 3.322028336598473288e+02
2.417953029961388154e+02 3.321259280121223014e+02
2.407804370045839732e+02 3.320422129007213243e+02
2.397659275156826197e+02 3.319515173814647824e+02
2.387518239197612502e+02 3.318536620227065441e+02
2.377382029424352936e+02 3.317484717056253771e+02
2.367251414721589526e+02 3.316357709118757384e+02
2.357127099125593759e+02 3.315153785841922058e+02
2.347009896701548826e+02 3.313871150696723475e+02
2.336900667877053479e+02 3.312507997460916727e+02
2.326800322144771371e+02 3.311062501684994004e+02
2.316709819759482514e+02 3.309532820726393538e+02
2.306630173277318647e+02 3.307917095381391732e+02
2.296562438005656475e+02 3.306213448014378855e+02
2.286507600600112085e+02 3.304419904966948707e+02
2.276467120892014009e+02 3.302534661733589019e+02
2.266442007830081309e+02 3.300555707293652858e+02
2.256433602304351780e+02 3.298481064736774329e+02
2.246443327336695006e+02 3.296308736589044202e+02
2.236472656914147308e+02 3.294036709482946321e+02
2.226522907171772374e+02 3.291662811915863358e+02
2.216595933273091816e+02 3.289185056400356757e+02
2.206693311408859586e+02 3.286601272829243499e+02
2.196816827094599489e+02 3.283909237221762396e+02
2.186968379810677163e+02 3.281106708736818405e+02
2.177149968598434668e+02 3.278191431535722131e+02
2.167363550421021046e+02 3.275161026023105819e+02
2.157611606724649960e+02 3.272013251474750177e+02
2.147896316154102578e+02 3.268745576020760950e+02
2.138220217854830594e+02 3.265355529505569621e+02
2.128585889500254211e+02 3.261840568285743984e+02
2.118996245014289741e+02 3.258198247138560646e+02
2.109454155716171329e+02 3.254425876937642670e+02
2.099962822333569932e+02 3.250520722915000533e+02
2.090525629091817450e+02 3.246480054096717822e+02
2.081146088079914023e+02 3.242301087954194259e+02
2.071827869356283998e+02 3.237981372878651314e+02
2.062573790079695755e+02 3.233521347991248831e+02
2.053386019779123899e+02 3.228922875594006427e+02
2.044266810489498880e+02 3.224187753829404528e+02
2.035218555978757138e+02 3.219317759898963800e+02
2.026243706153737492e+02 3.214314656768973464e+02
2.017344689076915927e+02 3.209180371666639644e+02
2.008523863425055538e+02 3.203916695309198417e+02
1.999783901782782891e+02 3.198525529200824167e+02
1.991127377141442309e+02 3.193008512634949625e+02
1.982557090798120498e+02 3.187367340126821773e+02
1.974075849100794358e+02 3.181603841305157516e+02
1.965686518646796515e+02 3.175719757674430070e+02
1.957392114604361666e+02 3.169716691631642789e+02
1.949195854129000907e+02 3.163596170329496999e+02
1.941101103606073082e+02 3.157359673779803870e+02
1.933111336394300110e+02 3.151008617831106449e+02
1.925230244887608819e+02 3.144544405800907043e+02
1.917461704379543335e+02 3.137968198737810326e+02
1.909809886069772347e+02 3.131281088966914581e+02
1.902279202730161671e+02 3.124484083666686161e+02
1.894874381561062364e+02 3.117577944585361820e+02
1.887600448244101017e+02 3.110563407595763579e+02
1.880462751605356289e+02 3.103441051435222562e+02
1.873467033516301683e+02 3.096211317377988053e+02
1.866619382069899018e+02 3.088874548732357539e+02
1.859926406877356442e+02 3.081430881687883812e+02
1.853395040038948309e+02 3.073880415889500455e+02
1.847032782399109578e+02 3.066223152163963732e+02
1.840847362420926743e+02 3.058459074184989390e+02
1.834847161182775039e+02 3.050588083338720367e+02
1.829040839855612717e+02 3.042610019115759314e+02
1.823437594973122486e+02 3.034524793908490778e+02
1.818046839147901608e+02 3.026332340622087713e+02
1.812878353248833889e+02 3.018032709039334804e+02
1.807941991463954992e+02 3.009626022499415967e+02
1.803247706651022213e+02 3.001112551089657359e+02
1.798805300098775035e+02 2.992492650428746970e+02
1.794624592212831544e+02 2.983766895927100791e+02
1.790714955440290055e+02 2.974935876791112150e+02
1.787085212632295566e+02 2.966000306359575234e+02
1.783743848179343559e+02 2.956961187408970773e+02
1.780698076747649452e+02 2.947819298999551165e+02
1.777954478208924627e+02 2.938575910075739444e+02
