1.763483870864943128e+02 2.931757280840124054e+02
1.761051175659141563e+02 2.921804696313004115e+02
1.758944482567570446e+02 2.911735121409073486e+02
1.757165881502412219e+02 2.901557332437853347e+02
1.755715742692411823e+02 2.891280476565700610e+02
1.754592747752994910e+02 2.880914798400835934e+02
1.753794299278762310e+02 2.870470930144871318e+02
1.753316390789923958e+02 2.859960140198897989e+02
1.753153933634366410e+02 2.849393699318399626e+02
1.753300975858968229e+02 2.838782780776803634e+02
1.753750908203529946e+02 2.828138315142415422e+02
1.754496872202188911e+02 2.817471026849999021e+02
1.755532450456631182e+02 2.806791057830356522e+02
1.756850709546296514e+02 2.796108835081622601e+02
1.758445018641466504e+02 2.785433679304645693e+02
1.760308641809930918e+02 2.774774909130468359e+02
1.762435025228295444e+02 2.764141220489941020e+02
1.764817781750860206e+02 2.753540907209040824e+02
1.767450455918286991e+02 2.742982312994363951e+02
1.770327520705678523e+02 2.732472549101685217e+02
1.773443300379359187e+02 2.722019231785124589e+02
1.776791840250503753e+02 2.711629414145633064e+02
1.780367760716972896e+02 2.701308848354939300e+02
1.784165253578432555e+02 2.691064154990741031e+02
1.788179673647629215e+02 2.680900655567147624e+02
1.792405730448752763e+02 2.670824609767809648e+02
1.796838519310754521e+02 2.660840272661549761e+02
1.801472409779955228e+02 2.650952184668282143e+02
1.806302073985430923e+02 2.641164665792555297e+02
1.811322913227394054e+02 2.631481448839090831e+02
1.816530144645750795e+02 2.621906458057825944e+02
1.821918598489540955e+02 2.612442442342315303e+02
1.827482783903634243e+02 2.603092013148386172e+02
1.833217770097889456e+02 2.593857379121407121e+02
1.839118731098734258e+02 2.584740844595287399e+02
1.845181258842744683e+02 2.575744181617724848e+02
1.851399943431642896e+02 2.566869008929231200e+02
1.857770165539027403e+02 2.558116002895711176e+02
1.864286997274279827e+02 2.549486317669248194e+02
1.870945934711934058e+02 2.540980809037817778e+02
1.877742816403121253e+02 2.532599993750711178e+02
1.884673333478918948e+02 2.524344174834236867e+02
1.891732910171087951e+02 2.516213882903648482e+02
1.898917810868510401e+02 2.508209036879019322e+02
1.906224124189887164e+02 2.500329856529493782e+02
1.913647865075365360e+02 2.492576737151645716e+02
1.921186342968925089e+02 2.484949309161558233e+02
1.928835484102928604e+02 2.477448401644460318e+02
1.936592655724898577e+02 2.470073762465395930e+02
1.944454783423570063e+02 2.462825591056288772e+02
1.952418213975984997e+02 2.455703237935173036e+02
1.960478574092868769e+02 2.448704967969628115e+02
1.968631604922571228e+02 2.441828910511027004e+02
1.976873240485168424e+02 2.435073113033859329e+02
1.985200186265961122e+02 2.428435258737150093e+02
1.993608096285585134e+02 2.421914535324171993e+02
2.002095052472500640e+02 2.415509222808663310e+02
2.010657790722551113e+02 2.409218622599440209e+02
2.019293689885672904e+02 2.403041614550670317e+02
2.028000324115358808e+02 2.396977076351189169e+02
2.036775456837884519e+02 2.391024346690387574e+02
2.045617068894504200e+02 2.385182978680560950e+02
2.054523201016957898e+02 2.379452532596870356e+02
2.063491948532115146e+02 2.373832573977287268e+02
2.072521940162951637e+02 2.368322498026172696e+02
2.081610794211232474e+02 2.362922607886665389e+02
2.090757548980641047e+02 2.357632561148554089e+02
2.099960694392948994e+02 2.352452408157994341e+02
2.109218627807829307e+02 2.347382258430893671e+02
2.118529886044582611e+02 2.342422185012193552e+02
2.127893694184174933e+02 2.337572115221676654e+02
2.137307983800209854e+02 2.332832664109702989e+02
2.146771880691541696e+02 2.328203842361465661e+02
2.156284106668329628e+02 2.323685927264372708e+02
2.165843380304323489e+02 2.319279186713177410e+02
2.175448391394180874e+02 2.314983833006134546e+02
2.185097833281962778e+02 2.310800080222678616e+02
2.194790408171639058e+02 2.306728156269312535e+02
2.204524824948531432e+02 2.302768301609673642e+02
2.214299735762135128e+02 2.298920646751504933e+02
2.224113684982338555e+02 2.295185101268694439e+02
2.233965217454501158e+02 2.291561557254068475e+02
2.243853108647967929e+02 2.288049853909886053e+02
2.253775674892685288e+02 2.284650006224018455e+02
2.263731277273178080e+02 2.281361668826172888e+02
2.273718606738834467e+02 2.278184019593815322e+02
2.283735716716677473e+02 2.275116457002908419e+02
2.293780872423777453e+02 2.272158270418717905e+02
2.303852903163786152e+02 2.269308593359126576e+02
2.313949315515811804e+02 2.266566490243727117e+02
2.324069001897924807e+02 2.263930196835256652e+02
2.334209320148119673e+02 2.261398401658574642e+02
2.344369076658064444e+02 2.258969360065154603e+02
2.354546076942952197e+02 2.256641592351211614e+02
2.364738451336806122e+02 2.254412957198272522e+02
2.374944535630804410e+02 2.252280998662218110e+02
2.385161866284640837e+02 2.250243415968918725e+02
2.395388910394690640e+02 2.248297663608917958e+02
2.405623989062403325e+02 2.246441239053397396e+02
2.415864819018974288e+02 2.244671276893915604e+02
2.426109753314776754e+02 2.242984577550085419e+02
2.436357106226774363e+02 2.241378000747053534e+02
2.446605089169710538e+02 2.239848417485195284e+02
2.456852007823705435e+02 2.238392601471743717e+02
2.467096367908202410e+02 2.237007106422506411e+02
2.477336672403669695e+02 2.235688446228073190e+02
2.487571611888528196e+02 2.234433133644601810e+02
2.497799734302989805e+02 2.233237664570406196e+02
2.508019905568977492e+02 2.232098508798450212e+02
2.518231079177398044e+02 2.231012211347699008e+02
2.528432298282760371e+02 2.229975324284911267e+02
2.538622711726509067e+02 2.228984391110699050e+02
2.548801597722925294e+02 2.228035959396370345e+02
2.558968331944738281e+02 2.227126684336394078e+02
2.569122433677359822e+02 2.226253417346320020e+02
2.579263585287683895e+02 2.225413043354312777e+02
2.589391549587576264e+02 2.224602454302522005e+02
2.599506197523493256e+02 2.223818549293260958e+02
2.609607541257383332e+02 2.223058405100163952e+02
2.619695739296944907e+02 2.222319334635895416e+02
2.629771054016900393e+02 2.221598676847608544e+02
2.639833859035105661e+02 2.220893802708756652e+02
2.649884613438053975e+02 2.220202074283037916e+02
2.659923918902174478e+02 2.219521015657467728e+02
2.669952495378473714e+02 2.218848284359645220e+02
2.679971114725026382e+02 2.218180967745881560e+02
2.689980715102378213e+02 2.217515562837881191e+02
2.699982367573799706e+02 2.216848571191564190e+02
2.709977223049349959e+02 2.216176573029186159e+02
2.719966507109068061e+02 2.215496212992967173e+02
2.729951514454353969e+02 2.214804185727595041e+02
2.739933610184786517e+02 2.214097227111487598e+02
2.749914231698190292e+02 2.213372076458130664e+02
2.759894873099752317e+02 2.212625504925062785e+02
2.769877099285790223e+02 2.211854312357684762e+02
2.779862542348698184e+02 2.211055342043278813e+02
2.789852900949668992e+02 2.210225481615759691e+02
2.799849940368877128e+02 2.209361684598136435e+02
2.809855495525936817e+02 2.208461077673775321e+02
2.819871459453523244e+02 2.207520803014807029e+02
2.829899785506244143e+02 2.206538067324927681e+02
2.839942490177147079e+02 2.205510133791696319e+02
2.850001647795525059e+02 2.204434563403161178e+02
2.860079383659075916e+02 2.203309721092019799e+02
2.870177849364628742e+02 2.202134159911470590e+02
2.880299178962760038e+02 2.200906428079046862e+02
2.890445593802357962e+02 2.199625190263360821e+02
2.900619160709601942e+02 2.198292930953478788e+02
2.910821503152595824e+02 2.196919665990312183e+02
2.921053709058398340e+02 2.195516210607431162e+02
2.931316750458950651e+02 2.194093470661971423e+02
2.941611350851919156e+02 2.192662461674405847e+02
2.951937524867253728e+02 2.191234711973542062e+02
2.962295160189685816e+02 2.189822678043281314e+02
2.972683998167626669e+02 2.188439004626939663e+02
2.983102710264975599e+02 2.187096084585969038e+02
2.993550513463879952e+02 2.185806516910456594e+02
3.004025681576044349e+02 2.184582242879390321e+02
3.014526581346433431e+02 2.183434799168060465e+02
3.025051139155391411e+02 2.182375660688065295e+02
3.035597030079527485e+02 2.181416290669013165e+02
3.046161495878913570e+02 2.180567886024868187e+02
3.056742295968609824e+02 2.179839646106514692e+02
3.067336278897123520e+02 2.179239117725354333e+02
3.077941136095320758e+02 2.178774069542326686e+02
3.088553714110387318e+02 2.178452108168903578e+02
3.099170675592147859e+02 2.178280353019459596e+02
3.109789463993037089e+02 2.178263125446713673e+02
3.120407506284425381e+02 2.178403449862695993e+02
3.131022134818503559e+02 2.178704333555347148e+02
3.141630332278528499e+02 2.179168669470821555e+02
3.152229529276964399e+02 2.179798964018102367e+02
3.162817438421441238e+02 2.180595410283983426e+02
3.173391924350819977e+02 2.181557545170789467e+02
3.183950863885036142e+02 2.182684911996032895e+02
3.194492238509178605e+02 2.183977099820191370e+02
3.205014063399021893e+02 2.185433364793841804e+02
3.215514333110048710e+02 2.187051836400058278e+02
3.225991562399161126e+02 2.188830603038049674e+02
3.236444566212701375e+02 2.190767913289992066e+02
3.246871282597724644e+02 2.192861706972835236e+02
3.257270458300783389e+02 2.195110217148436789e+02
3.267640711012203951e+02 2.197511706153158286e+02
3.277980586451652698e+02 2.200064436563405081e+02
3.288288439259072220e+02 2.202766593437853544e+02
3.298563366540136599e+02 2.205616704143712923e+02
3.308803772430191543e+02 2.208613568420530555e+02
3.319007711630467270e+02 2.211756525563130538e+02
3.329173716551633788e+02 2.215045195784153975e+02
3.339300055517929309e+02 2.218479143879704054e+02
3.349385022058550589e+02 2.222058044194469062e+02
3.359426693144940259e+02 2.225782742512421066e+02
3.369421836963490478e+02 2.229654660324878535e+02
3.379368180262038095e+02 2.233675750229056405e+02
3.389263084299300317e+02 2.237847912219001216e+02
3.399103173997353906e+02 2.242172623226869916e+02
3.408886071529310016e+02 2.246650641397122001e+02
3.418609647557282756e+02 2.251282124955637300e+02
3.428271405615469121e+02 2.256067111754516077e+02
3.437868734764257397e+02 2.261005633804528259e+02
3.447399182951758689e+02 2.266098072009950499e+02
3.456859253392300388e+02 2.271345620543733617e+02
3.466245450561672783e+02 2.276750150856262849e+02
3.475554469968807325e+02 2.282313821893483237e+02
3.484781569882622421e+02 2.288038021111793512e+02
3.493922959553052010e+02 2.293924868167625846e+02
3.502974102792539384e+02 2.299976556400183938e+02
3.511930035795854792e+02 2.306195244503701645e+02
3.520785528193073901e+02 2.312583036065124134e+02
3.529535462352923787e+02 2.319142289916367474e+02
3.538173869183730744e+02 2.325874632455321205e+02
3.546695742935743851e+02 2.332781620176336048e+02
3.555094794053938472e+02 2.339863858808151065e+02
3.563365240636139220e+02 2.347122481116002461e+02
3.571500924291703996e+02 2.354558611104868930e+02
3.579494965888184765e+02 2.362171774149683472e+02
3.587342538806108223e+02 2.369960887550880955e+02
3.595037460824530058e+02 2.377923658994830589e+02
3.602573976207793862e+02 2.386058358914976338e+02
3.609945876584776556e+02 2.394363143250749602e+02
3.617147185453341649e+02 2.402834197403712437e+02
3.624174049131054289e+02 2.411466544072076772e+02
3.631021583390323713e+02 2.420254189419874535e+02
3.637685622248117170e+02 2.429192233808990409e+02
3.644160551979056208e+02 2.438274372474684526e+02
3.650443211218611168e+02 2.447494423795618559e+02
3.656530694946676476e+02 2.456843991242607785e+02
3.662420089143206496e+02 2.466314766065711979e+02
3.668108835796697349e+02 2.475899375660178237e+02
3.673593731642077955e+02 2.485589923166116932e+02
3.678872582893076810e+02 2.495378668431660572e+02
3.683943382253006575e+02 2.505257439392680681e+02
3.688804283868092853e+02 2.515218870210360080e+02
3.693453192249770609e+02 2.525255767589823392e+02
3.697887947402473969e+02 2.535361356164513893e+02
3.702106233915686744e+02 2.545530419791058421e+02
3.706105188428811061e+02 2.555757781365215067e+02
3.709882168012804868e+02 2.566039353576737199e+02
3.713434505042236538e+02 2.576371527218296364e+02
3.716759493876002693e+02 2.586751755949273388e+02
3.719853374893309592e+02 2.597179235413199763e+02
3.722712079063279589e+02 2.607653277837238193e+02
3.725331974358566640e+02 2.618174797569555494e+02
3.727709633127568054e+02 2.628745449433049544e+02
3.729838588512718047e+02 2.639368252825423724e+02
3.731701265559040053e+02 2.650049386209164481e+02
3.733278014709123340e+02 2.660792885071908813e+02
3.734549957614311211e+02 2.671600601232219674e+02
3.735504164840987187e+02 2.682461292397999273e+02
3.736136079100502343e+02 2.693360551530141720e+02
3.736443717982578505e+02 2.704292406374767666e+02
3.736426857105290651e+02 2.715250267156147288e+02
3.736086951650366359e+02 2.726226781838696525e+02
3.735426868743832074e+02 2.737214135958080305e+02
3.734450512736064525e+02 2.748203624909106679e+02
3.733162131290316665e+02 2.759186496719387947e+02
3.731566745528863294e+02 2.770153796554369023e+02
3.729670181451649569e+02 2.781096242182494507e+02
3.727478551154023876e+02 2.792004932726640050e+02
3.724998185203053254e+02 2.802870802597096827e+02
3.722235736500004464e+02 2.813684481773711354e+02
3.719197202075159794e+02 2.824437771378117077e+02
3.715889020233566384e+02 2.835121614930651504e+02
3.712317374098879554e+02 2.845727468257567807e+02
3.708488679619401864e+02 2.856247519732618230e+02
3.704409738337328690e+02 2.866674038900737855e+02
3.700086743408533039e+02 2.876999805157958576e+02
3.695525762473397435e+02 2.887217395955094617e+02
3.690732457503028172e+02 2.897319896316467975e+02
3.685713423974477223e+02 2.907301578083141749e+02
3.680475865800059978e+02 2.917156957291099957e+02
3.675026039769959993e+02 2.926881266905421626e+02
3.669370226759269258e+02 2.936469351554464424e+02
3.663513722238109267e+02 2.945917258794246436e+02
3.657464291944347679e+02 2.955221172296612622e+02
3.651228656364721132e+02 2.964379019917729465e+02
3.644813060371241136e+02 2.973388739603585691e+02
3.638224373577675124e+02 2.982247472441414402e+02
3.631468000385534083e+02 2.990954054482698439e+02
3.624550862859137510e+02 2.999507663926345344e+02
3.617479702376029991e+02 3.007907883175659549e+02
3.610260586098279987e+02 3.016154646431273250e+02
3.602899181652382481e+02 3.024247961721191018e+02
3.595400993321242709e+02 3.032188064410793800e+02
3.587771943704518094e+02 3.039975431093545808e+02
3.580017230452576769e+02 3.047611015570813606e+02
3.572142393421955830e+02 3.055095366665798906e+02
3.564151405328232158e+02 3.062429956200617198e+02
3.556049610981559681e+02 3.069614930185368848e+02
3.547840626650400395e+02 3.076651272597038087e+02
3.539528433901102176e+02 3.083539499896564280e+02
3.531116822096528267e+02 3.090280150085395690e+02
3.522608972029121333e+02 3.096874074180602747e+02
3.514009673455611278e+02 3.103322697132704207e+02
3.505323161107763781e+02 3.109629442010116236e+02
3.496554702445606608e+02 3.115797070289645490e+02
3.487708399013545204e+02 3.121828981601452710e+02
3.478788531288428771e+02 3.127728258141448805e+02
3.469798633214345500e+02 3.133497170305500390e+02
3.460741692024600411e+02 3.139137388959026111e+02
3.451620019973515241e+02 3.144650817136283081e+02
3.442437157323605561e+02 3.150038649538957998e+02
3.433194746064555147e+02 3.155302941284317058e+02
3.423895695295580595e+02 3.160444340039090321e+02
3.414541462964727998e+02 3.165463884375527641e+02
3.405133894156707015e+02 3.170362303219509386e+02
3.395674961472721520e+02 3.175140221550586261e+02
3.386166299348567463e+02 3.179798325939023016e+02
3.376609419736830660e+02 3.184337001803787643e+02
3.367005913002622037e+02 3.188756462567044991e+02
3.357357187413116435e+02 3.193056968889359837e+02
3.347664304513231741e+02 3.197238856933391276e+02
3.337929013386053612e+02 3.201302162261118269e+02
3.328152523674793883e+02 3.205247253550678010e+02
3.318336380336091338e+02 3.209074345785747369e+02
3.308481492846077572e+02 3.212783850313745688e+02
3.298589818339872295e+02 3.216375746589927758e+02
3.288662392262489220e+02 3.219850598732418234e+02
3.278700806816851241e+02 3.223209215081241155e+02
3.268706646607505490e+02 3.226452455543889641e+02
3.258681461350192876e+02 3.229581170183168410e+02
3.248626771069915549e+02 3.232596206649250803e+02
3.238544256916422341e+02 3.235498857122147456e+02
3.228435852571029727e+02 3.238291115018325854e+02
3.218303459154835764e+02 3.240975036678535730e+02
3.208148920625223468e+02 3.243552680430101418e+02
3.197973826376278339e+02 3.246026174173550771e+02
3.187780433618344205e+02 3.248398225177421068e+02
3.177571070404048328e+02 3.250672388539315989e+02
3.167347391149819487e+02 3.252852387734253057e+02
3.157112137219543229e+02 3.254941660811717270e+02
3.146866726071008316e+02 3.256944048980797675e+02
3.136613851173219700e+02 3.258863887931394743e+02
3.126355253872930575e+02 3.260706343016759092e+02
3.116093694772858385e+02 3.262476359398031036e+02
3.105830746869601739e+02 3.264179150249353256e+02
3.095568587139988495e+02 3.265819828461835641e+02
3.085309306673435685e+02 3.267404156852654751e+02
3.075054746046544665e+02 3.268938229630104502e+02
3.064806655917442981e+02 3.270428118025004665e+02
3.054567013549207104e+02 3.271879883548996304e+02
3.044337078221146271e+02 3.273299151551725004e+02
3.034117305433177307e+02 3.274688593025840646e+02
3.023907820282119019e+02 3.276049883231520425e+02
3.013708713820894900e+02 3.277384681078472681e+02
3.003520001739477721e+02 3.278694624494692107e+02
2.993341773391987886e+02 3.279981198916204335e+02
2.983173810943638955e+02 3.281245403266552785e+02
2.973015905456173869e+02 3.282488093745366768e+02
2.962867831295773158e+02 3.283710106607814510e+02
2.952729345640901215e+02 3.284912257783649920e+02
2.942600158605384308e+02 3.286095212475112817e+02
2.932479898018553399e+02 3.287259307496771044e+02
2.922368174826459040e+02 3.288404813396921327e+02
2.912264593287737284e+02 3.289531978560103767e+02
2.902168750277330105e+02 3.290641027399564109e+02
2.892080201254046870e+02 3.291732033970665157e+02
2.881998475291587738e+02 3.292804852942068692e+02
2.871923110763734712e+02 3.293859308537909101e+02
2.861853617951475144e+02 3.294895198270992864e+02
2.851789518130168517e+02 3.295912290801154541e+02
2.841730318032336982e+02 3.296910240862143837e+02
2.831675511200554070e+02 3.297888580049681195e+02
2.821624595046690729e+02 3.298846810840899479e+02
2.811577071647243429e+02 3.299784411687034549e+02
2.801532447139856004e+02 3.300700833096976794e+02
2.791490220599434906e+02 3.301595439746045031e+02
2.781449890537466558e+02 3.302467521728959241e+02
2.771411216408440623e+02 3.303316625199817054e+02
2.761374062428045022e+02 3.304142709820935124e+02
2.751338004952553433e+02 3.304945788697950775e+02
2.741302596950570205e+02 3.305725821131141515e+02
2.731267402121060854e+02 3.306482724057858036e+02
2.721231996500455352e+02 3.307216388440874084e+02
2.711195968246361758e+02 3.307926679824094549e+02
2.701158917166443416e+02 3.308613435254315505e+02
2.691120453593286470e+02 3.309276447697347976e+02
2.681080199488968105e+02 3.309915478984294737e+02
2.671037785612562061e+02 3.310530262266229897e+02
2.660992862621550898e+02 3.311120514321041810e+02
2.650945088601264956e+02 3.311685924389545335e+02
2.640894128643470822e+02 3.312226134118013761e+02
2.630839662073178147e+02 3.312740757214693303e+02
2.620781379834554059e+02 3.313229384327494813e+02
2.610718981130276575e+02 3.313691579092319444e+02
2.600652177874362678e+02 3.314126867575357096e+02
2.590580703722165481e+02 3.314534732354613880e+02
2.580504291053028396e+02 3.314914622897435379e+02
2.570422688582716546e+02 3.315265965894080296e+02
2.560335656916396943e+02 3.315588156605539893e+02
2.550242983014614424e+02 3.315879960895787235e+02
2.540144510396985424e+02 3.316139129800141063e+02
2.530040103043068598e+02 3.316363269330832395e+02
2.519929753583190859e+02 3.316550005849139211e+02
2.509813477154118289e+02 3.316696952687545945e+02
2.499691312182978038e+02 3.316801685093811329e+02
2.489563274640763382e+02 3.316861682626925472e+02
2.479429708769648073e+02 3.316874556049062335e+02
2.469290707951272168e+02 3.316837788524119333e+02
2.459146526313642482e+02 3.316748842066947418e+02
2.448997611550278464e+02 3.316605280192038663e+02
2.438844144481366243e+02 3.316404522599816573e+02
2.428686772853437787e+02 3.316144137721322522e+02
2.418525795450624400e+02 3.315821531166312184e+02
2.408361843983073243e+02 3.315434176505593200e+02
2.398195532963887899e+02 3.314979608902903010e+02
2.388027383853308834e+02 3.314455306133882004e+02
2.377858159692233357e+02 3.313858784277092582e+02
2.367688649958031135e+02 3.313187556828235074e+02
2.357519605673621470e+02 3.312439098374094328e+02
2.347351877865279448e+02 3.311610977611717317e+02
2.337186370304582965e+02 3.310700782760089282e+02
2.327024046116955276e+02 3.309706084089203273e+02
2.316865929599671290e+02 3.308624434010514506e+02
2.306713103307747872e+02 3.307453394474492256e+02
2.296566684618290992e+02 3.306190605926152557e+02
2.286427722597470904e+02 3.304833634927639423e+02
2.276297750716606743e+02 3.303380217874834557e+02
2.266177852189449595e+02 3.301827883383144240e+02
2.256069443481568726e+02 3.300174229540440933e+02
2.245974012937676889e+02 3.298416921548339360e+02
2.235893101620311541e+02 3.296553621431049805e+02
2.225828070959078673e+02 3.294581826088829644e+02
2.215780870233049029e+02 3.292499226117261628e+02
2.205753129720283425e+02 3.290303348092333522e+02
2.195746688315553001e+02 3.287991712667846969e+02
2.185763501420420596e+02 3.285561826583565335e+02
2.175805625841906021e+02 3.283011179337514136e+02
2.165875045837721586e+02 3.280337124831633560e+02
2.155974352593651986e+02 3.277537172621354671e+02
2.146105747744512371e+02 3.274608509001946004e+02
2.136271839866189737e+02 3.271548391109868135e+02
2.126475252041531689e+02 3.268353990821987054e+02
2.116718999282537084e+02 3.265022586717158788e+02
2.107006015535156394e+02 3.261551117593876938e+02
2.097339621956116673e+02 3.257936427080449562e+02
2.087723332597055048e+02 3.254175358417738266e+02
2.078160770591609037e+02 3.250264690052376864e+02
2.068655742523916388e+02 3.246201539616569676e+02
2.059211219096543459e+02 3.241985973827694352e+02
2.049829464741550851e+02 3.237619484348131209e+02
2.040512833667485779e+02 3.233103492077079864e+02
2.031263860883196344e+02 3.228439403075903442e+02
2.022085156728147126e+02 3.223628585330783380e+02
2.012979373203632747e+02 3.218672456173922001e+02
2.003949036600469071e+02 3.213572208629903457e+02
1.994997155513196390e+02 3.208329210673064722e+02
1.986126508962591970e+02 3.202944492122959446e+02
1.977340215509995858e+02 3.197419181869754539e+02
1.968641417171874934e+02 3.191754563962095403e+02
1.960033298719489778e+02 3.185951813623383373e+02
1.951519200971594898e+02 3.180011949295951013e+02
1.943102737170192711e+02 3.173935930382448305e+02
1.934787690865834975e+02 3.167724719613181605e+02
1.926577862287145138e+02 3.161379294009717000e+02
1.918477389151735508e+02 3.154900688450624102e+02
1.910490477973678196e+02 3.148289591762464283e+02
1.902621773639531568e+02 3.141546681354740826e+02
1.894876194660410249e+02 3.134672658265462815e+02
1.887258768191930187e+02 3.127668002496810118e+02
1.879775028148470710e+02 3.120533296048593002e+02
1.872430767337897066e+02 3.113268869688299105e+02
1.865232216721994973e+02 3.105874898421934063e+02
1.858186099049592599e+02 3.098351655538210139e+02
1.851299478976357875e+02 3.090699152333224902e+02
1.844579972861362194e+02 3.082917512529785995e+02
1.838035648686316961e+02 3.075006579218941738e+02
1.831675163848438501e+02 3.066966466536063081e+02
1.825507669532734667e+02 3.058797052679944386e+02
1.819542887766036188e+02 3.050498465857461952e+02
1.813791021711890323e+02 3.042070790628756072e+02
1.808262754180742604e+02 3.033514399153282852e+02
1.802969197979745388e+02 3.024829816883615194e+02
1.797921852006450365e+02 3.016017897994102555e+02
1.793132467514873838e+02 3.007079827977407263e+02
1.788612819826585962e+02 2.998017295421738595e+02
1.784374675590559320e+02 2.988832385021352707e+02
1.780429492104872793e+02 2.979527798029203041e+02
1.776788143630680281e+02 2.970106843509804548e+02
1.773460930816228824e+02 2.960573300506754322e+02
1.770456880666699817e+02 2.950931742490567444e+02
1.767783879706137782e+02 2.941187163402580609e+02
