2.016780474755014723e+02 3.276370380399436044e+02
2.010458348572003615e+02 3.269656925688703382e+02
2.004083374537934503e+02 3.262934846769146020e+02
1.997653652424239681e+02 3.256176903867292936e+02
1.991172459533565871e+02 3.249360663324484335e+02
1.984645352403452421e+02 3.242465636882084254e+02
1.978079958217842034e+02 3.235473376468826245e+02
1.971485802186466003e+02 3.228367553788586406e+02
1.964874244825978167e+02 3.221134026797379875e+02
1.958257367129944555e+02 3.213760194840015743e+02
1.951649288587028082e+02 3.206236267557037536e+02
1.945064561342029208e+02 3.198553773932017066e+02
1.938520574542069994e+02 3.190705685103264386e+02
1.932040433028224982e+02 3.182684430902482973e+02
1.925649360630670230e+02 3.174484424548873562e+02
1.919373145079283063e+02 3.166102134867106770e+02
1.913238031054754344e+02 3.157536095061361721e+02
1.907270498253441247e+02 3.148786758966271577e+02
1.901495566364952197e+02 3.139856841999051085e+02
1.895937063621218499e+02 3.130750896589381114e+02
1.890618774203210535e+02 3.121474748215966315e+02
1.885564512905490062e+02 3.112034960058275601e+02
1.880797920826015570e+02 3.102440140818193299e+02
1.876340113743027018e+02 3.092699033410161746e+02
1.872205654145169547e+02 3.082823714441803418e+02
1.868407731520386221e+02 3.072825543141711364e+02
1.864959384195507255e+02 3.062716284765473915e+02
1.861873334864421849e+02 3.052508610667064772e+02
1.859160622881460938e+02 3.042214689400079806e+02
1.856816300325025679e+02 3.031848652072137611e+02
1.854825183949578786e+02 3.021424594859213926e+02
1.853171675571692560e+02 3.010955078897749218e+02
1.851839869814801318e+02 3.000452021187208516e+02
1.850813689688792181e+02 2.989925433211914196e+02
1.850078473820144325e+02 2.979383920911975565e+02
1.849622525650584635e+02 2.968835776724806124e+02
1.849434487665433551e+02 2.958288116132554251e+02
1.849503109398254992e+02 2.947746829575348215e+02
1.849817016249526205e+02 2.937218139831508665e+02
1.850365032978396584e+02 2.926706681460038908e+02
1.851136722143316149e+02 2.916216740419143321e+02
1.852121883769590056e+02 2.905752717757948744e+02
1.853310576624314479e+02 2.895317465777123971e+02
1.854692935812396968e+02 2.884913876468808667e+02
1.856259033662434774e+02 2.874544837994973818e+02
1.857998958437354702e+02 2.864212034224317449e+02
1.859902487481641913e+02 2.853916997862776270e+02
1.861959562558240293e+02 2.843660647299125230e+02
1.864160079441051892e+02 2.833444072475485314e+02
1.866494176373111031e+02 2.823267448099153967e+02
1.868952008754041572e+02 2.813130674757390466e+02
1.871522988731501016e+02 2.803033178392589662e+02
1.874196315923695693e+02 2.792973928342842100e+02
1.876961423353809835e+02 2.782951396550013214e+02
1.879807831778308298e+02 2.772963926669076500e+02
1.882725410473945260e+02 2.763009383160631387e+02
1.885711639691749326e+02 2.753086857199932069e+02
1.888774920549422802e+02 2.743198037786048076e+02
1.891924604349469234e+02 2.733345155525539667e+02
1.895169986148306123e+02 2.723531063997189676e+02
1.898520264372248789e+02 2.713759154025625548e+02
1.901984855152425951e+02 2.704033029513074666e+02
1.905573937838988456e+02 2.694356826195573262e+02
1.909297364280342038e+02 2.684736054684543092e+02
1.913165426199216199e+02 2.675175748410252368e+02
1.917188035639007637e+02 2.665682140064607779e+02
1.921375138824602118e+02 2.656261735888034536e+02
1.925736758251437948e+02 2.646921905053397381e+02
1.930283446476758513e+02 2.637670410724794010e+02
1.935025176022044775e+02 2.628516260787885130e+02
1.939972039608863383e+02 2.619468587241093473e+02
1.945133810454596244e+02 2.610537452915776839e+02
1.950520045714474691e+02 2.601733686875232934e+02
1.956139582866823048e+02 2.593069358023026325e+02
1.961999768937125168e+02 2.584557200789132025e+02
1.968107836297519952e+02 2.576209144276156167e+02
1.974470606344301586e+02 2.568037334149400408e+02
1.981094410552231579e+02 2.560054205132755101e+02
1.987981910535972929e+02 2.552271025200038537e+02
1.995132535989993983e+02 2.544697544767011266e+02
2.002545179104763804e+02 2.537343408330088437e+02
2.010218505581829618e+02 2.530218279611203513e+02
2.018150836798804164e+02 2.523331517888193503e+02
2.026331536518883922e+02 2.516687370030316799e+02
2.034718420010922841e+02 2.510270299539112102e+02
2.043263171024544249e+02 2.504057899116015449e+02
2.051918637456772103e+02 2.498025617164024652e+02
2.060639003086948833e+02 2.492146559424016061e+02
2.069380265023251013e+02 2.486391885552720282e+02
2.078107426318197781e+02 2.480735925765670800e+02
2.086793028534247298e+02 2.475155863110365146e+02
2.095410789437077597e+02 2.469627716345467832e+02
2.103935406368600525e+02 2.464126279505033494e+02
2.112342560839904024e+02 2.458625201974843151e+02
2.120614311272363182e+02 2.453101369666907203e+02
2.128749469287805596e+02 2.447543656123512505e+02
2.136750142185687196e+02 2.441943022409253956e+02
2.144618285149607289e+02 2.436290919039665539e+02
2.152356021214545194e+02 2.430578827068492274e+02
2.159965800571299894e+02 2.424798631969733549e+02
2.167453619966092333e+02 2.418945539395769515e+02
2.174827643587621822e+02 2.413017538674236846e+02
2.182096403633136390e+02 2.407012371422704859e+02
2.189267624500806164e+02 2.400928915024996115e+02
2.196348986717673597e+02 2.394766217265782586e+02
2.203345018702448215e+02 2.388520894157863381e+02
2.210253136895204022e+02 2.382182945144376447e+02
2.217069811581769727e+02 2.375741378585872781e+02
2.223791599661665543e+02 2.369185228570635786e+02
2.230415105594283318e+02 2.362503596933515837e+02
2.236937175637734754e+02 2.355685473328437922e+02
2.243354756935037813e+02 2.348720413379540446e+02
2.249665048761713990e+02 2.341598133189617386e+02
2.255865245245107928e+02 2.334308438425852898e+02
2.261952491246405827e+02 2.326841261258582563e+02
2.267923922258406435e+02 2.319186609520077695e+02
2.273776638525801559e+02 2.311334454423232501e+02
2.279507455570650052e+02 2.303274864029038724e+02
2.285113144024695941e+02 2.294997967274775874e+02
2.290590387780319190e+02 2.286494009950427255e+02
2.295935727486918836e+02 2.277753410627879305e+02
2.301147852731193950e+02 2.268769429883395219e+02
2.306243017983499612e+02 2.259557121560160908e+02
2.311244815725903834e+02 2.250142852376089024e+02
2.316176109328014263e+02 2.240553728530531430e+02
2.321059340150893888e+02 2.230817065080471195e+02
2.325915831675100662e+02 2.220961378435205518e+02
2.330774151342664595e+02 2.211025184885112935e+02
2.335674136297882626e+02 2.201063986207161634e+02
2.340655880609007227e+02 2.191135374574676575e+02
2.345758491538339570e+02 2.181297698690346181e+02
2.351020338124068303e+02 2.171609743264943120e+02
2.356477227296873025e+02 2.162128416730658387e+02
2.362153020540168598e+02 2.152895268469280552e+02
2.368066846596646826e+02 2.143945891670602180e+02
2.374237714298321862e+02 2.135315922736758978e+02
2.380684582053351619e+02 2.127041019684300522e+02
2.387425952653988759e+02 2.119156318802862415e+02
2.394464679565168979e+02 2.111674601246127452e+02
2.401782630203159385e+02 2.104578172685395998e+02
2.409360739007901202e+02 2.097846768102799331e+02
2.417180500696745469e+02 2.091459730138947748e+02
2.425223931221511577e+02 2.085396044003141753e+02
2.433474397775411546e+02 2.079635626964328878e+02
2.441920126945023242e+02 2.074164524902844562e+02
2.450551114513073117e+02 2.068970592538443327e+02
2.459357686019466200e+02 2.064041479148363862e+02
2.468330476831271767e+02 2.059364644964150273e+02
2.477461695582044570e+02 2.054927230810052095e+02
2.486745979791861316e+02 2.050716045771383165e+02
2.496174387274832043e+02 2.046719492167347596e+02
2.505737108942626605e+02 2.042926481761380728e+02
2.515424215663670680e+02 2.039325997972852065e+02
2.525225653895006985e+02 2.035907072785141168e+02
2.535130499428817359e+02 2.032657534215481689e+02
2.545124353488157283e+02 2.029560131683221300e+02
2.555191943135309884e+02 2.026596249870164570e+02
2.565318073362027462e+02 2.023747253120743324e+02
2.575487627219565638e+02 2.020994408469298946e+02
2.585685601481284834e+02 2.018318886694376033e+02
2.595896979967768061e+02 2.015701585794630546e+02
2.606106870056539151e+02 2.013122957596316951e+02
2.616300478941494134e+02 2.010563442916945291e+02
2.626463392933538330e+02 2.008003184724109360e+02
2.636581425646679691e+02 2.005422188393656313e+02
2.646642628943215527e+02 2.002803534239326666e+02
2.656642219114588102e+02 2.000140512751009680e+02
2.666576646423646935e+02 1.997428798922726116e+02
2.676442693765994818e+02 1.994663857170940560e+02
2.686237386730066987e+02 1.991840978915770677e+02
2.695957817180809570e+02 1.988955770638030742e+02
2.705603307125603578e+02 1.986006897646807658e+02
2.715174956161390583e+02 1.982995341692290197e+02
2.724673717109944846e+02 1.979922323432927271e+02
2.734100731394944432e+02 1.976788989227378863e+02
2.743457206634730596e+02 1.973596496820507014e+02
2.752745012840822483e+02 1.970346290914752956e+02
2.761966540824441267e+02 1.967041431462113508e+02
2.771124502995046441e+02 1.963685149705866024e+02
2.780221671823403540e+02 1.960280691674586251e+02
2.789260879918985552e+02 1.956831321896941915e+02
2.798244980063038838e+02 1.953340248674394957e+02
2.807176427830779062e+02 1.949809789526777877e+02
2.816057477297707692e+02 1.946241684046979969e+02
2.824890380081844228e+02 1.942637746937757868e+02
2.833677600390722660e+02 1.938999759626985906e+02
2.842422029780762500e+02 1.935329311546987014e+02
2.851125512983214207e+02 1.931626715194161079e+02
2.859788128813243588e+02 1.927889112534242031e+02
2.868411845208909767e+02 1.924112120965158397e+02
2.876996614003994637e+02 1.920292582178070688e+02
2.885545102939262847e+02 1.916426079596382976e+02
2.894058196616364285e+02 1.912509868041681784e+02
2.902541484820810069e+02 1.908544217395709666e+02
2.910999715081645718e+02 1.904532696606510456e+02
2.919438426065465251e+02 1.900478760736096149e+02
2.927863509623807090e+02 1.896385898344526595e+02
2.936281243662667180e+02 1.892257613442201603e+02
2.944697814403244251e+02 1.888098357531690397e+02
2.953120145824009910e+02 1.883913765527179862e+02
2.961555233691581179e+02 1.879709811334541598e+02
2.970010057121504019e+02 1.875492734714694905e+02
2.978492289178760757e+02 1.871268730017150403e+02
2.987009197311210755e+02 1.867045207542930996e+02
2.995569130287557300e+02 1.862835413991615212e+02
3.004181393435933956e+02 1.858655061576930621e+02
3.012854351752325783e+02 1.854520350793250145e+02
3.021595318302007627e+02 1.850448043391074577e+02
3.030411762453980486e+02 1.846455053111628217e+02
3.039310308499250368e+02 1.842562066120120221e+02
3.048296772292742389e+02 1.838795288242707784e+02
3.057376781683054787e+02 1.835181289114235028e+02
3.066553013505613308e+02 1.831747277340830351e+02
3.075826740127682797e+02 1.828520671943182663e+02
3.085197390361130374e+02 1.825529187635489166e+02
3.094662588835996644e+02 1.822801295293969019e+02
3.104217349797512497e+02 1.820365799865333827e+02
3.113854532902389565e+02 1.818251316716647636e+02
3.123564589480349696e+02 1.816486143226619276e+02
3.133335518605261996e+02 1.815097731133423906e+02
3.143153514465115563e+02 1.814099555199664167e+02
3.153004932781997240e+02 1.813487503721714518e+02
3.162876120686594277e+02 1.813255727241999011e+02
3.172753713726627325e+02 1.813397670785050195e+02
3.182625576580281290e+02 1.813905193737112143e+02
3.192481743829149536e+02 1.814766393345385893e+02
3.202311115244476696e+02 1.815966830645702998e+02
3.212103098124255780e+02 1.817491646380532018e+02
3.221848809834359031e+02 1.819325637309777335e+02
3.231540365587007955e+02 1.821453663851702629e+02
3.241171405199026481e+02 1.823860404424058288e+02
3.250736448068010418e+02 1.826530761024264393e+02
3.260231509888556616e+02 1.829449510181867424e+02
3.269653496066339926e+02 1.832601639815368060e+02
3.279000382546631727e+02 1.835972372160137525e+02
3.288271140250179769e+02 1.839547171997034809e+02
3.297465670304188734e+02 1.843311778353237003e+02
3.306584752400705156e+02 1.847252235946436087e+02
3.315629995798327059e+02 1.851354920064180476e+02
3.324603792021106869e+02 1.855606558771066830e+02
3.333509269544179006e+02 1.859994252355554352e+02
3.342350247372297645e+02 1.864505492614233617e+02
3.351131035839388232e+02 1.869128278175207072e+02
3.359856931826046207e+02 1.873850904994582720e+02
3.368533408939782703e+02 1.878662148385285775e+02
3.377166677204917278e+02 1.883551248133676665e+02
3.385763445285425632e+02 1.888507859489428711e+02
3.394328955407627859e+02 1.893525258616356837e+02
3.402862573564686954e+02 1.898606716313743163e+02
3.411362425394560773e+02 1.903757233399122697e+02
3.419826007630942968e+02 1.908981720203339023e+02
3.428250416708442003e+02 1.914285067082671219e+02
3.436632595854312058e+02 1.919671978473485581e+02
3.444968924760285631e+02 1.925147073700694307e+02
3.453255457418917445e+02 1.930714899745078981e+02
3.461487916962180975e+02 1.936379861326996661e+02
3.469661706769632019e+02 1.942146211174940902e+02
3.477771921850088575e+02 1.948018042239872614e+02
3.485813349555785976e+02 1.953999291594219869e+02
3.493780463674753491e+02 1.960093749150243809e+02
3.501667453306332050e+02 1.966305023899085143e+02
3.509468235187464984e+02 1.972636531216149649e+02
3.517176449541649390e+02 1.979091501720701842e+02
3.524785468802578521e+02 1.985672973203500646e+02
3.532288504268443603e+02 1.992383633465632613e+02
3.539678530128689999e+02 1.999225981847358184e+02
3.546948276183408666e+02 2.006202287327285774e+02
3.554090199073771714e+02 2.013314660707839039e+02
3.561096607465657939e+02 2.020564727703373080e+02
3.567959601168844870e+02 2.027954003194878112e+02
3.574670987207337589e+02 2.035483832000477378e+02
3.581222443750021398e+02 2.043154952673484672e+02
3.587605464850396970e+02 2.050968041515972971e+02
3.593811266408402503e+02 2.058923488576608634e+02
3.599831609423486611e+02 2.067020593791970384e+02
3.605663393175635179e+02 2.075254689305171212e+02
3.611306246412144105e+02 2.083618868884108508e+02
3.616759994864347618e+02 2.092106447204579354e+02
3.622024556081480569e+02 2.100710867867212528e+02
3.627100109121845435e+02 2.109425499011547913e+02
3.631986857409820004e+02 2.118244053927288633e+02
3.636685456125219957e+02 2.127159960383474981e+02
3.641196486165665078e+02 2.136167043273885042e+02
3.645520872689444332e+02 2.145259019492314110e+02
3.649659503231985127e+02 2.154429842487523104e+02
3.653613555693045214e+02 2.163673496452182405e+02
3.657384488015733268e+02 2.172983978744296394e+02
3.660973975966033436e+02 2.182355371068061913e+02
3.664384608236026111e+02 2.191781954201962037e+02
3.667620016501574582e+02 2.201258212653126520e+02
3.670684251170670223e+02 2.210778713803719029e+02
3.673581043547684430e+02 2.220337944787948175e+02
3.676314926431174399e+02 2.229931002562278195e+02
3.678889932079309233e+02 2.239552730680290722e+02
3.681310707759337220e+02 2.249198734488829814e+02
3.683581619832001479e+02 2.258864447447619455e+02
3.685707221016692188e+02 2.268545779414145898e+02
3.687692122293427133e+02 2.278239012812195767e+02
3.689540489703402386e+02 2.287940171749207821e+02
3.691257198252669696e+02 2.297646410981309657e+02
3.692846591688365834e+02 2.307354186252007935e+02
3.694313265609748100e+02 2.317060607023654768e+02
3.695663346666046891e+02 2.326762863185754213e+02
3.696904192191623224e+02 2.336457448368144014e+02
3.698043429956487671e+02 2.346141595375307247e+02
3.699088876265046792e+02 2.355813137656584217e+02
3.700048158340582063e+02 2.365469826230724095e+02
3.700928652041467330e+02 2.375109895856280389e+02
3.701736991495686766e+02 2.384732585581031969e+02
3.702479473438709192e+02 2.394337265275343896e+02
3.703162294002059980e+02 2.403923524945350323e+02
3.703791616467989343e+02 2.413491404691034461e+02
3.704373536043764261e+02 2.423041293818644988e+02
3.704914039869256612e+02 2.432573941443152137e+02
3.705418995160916893e+02 2.442090462304939251e+02
3.705894162613754474e+02 2.451592340941654413e+02
3.706345183270743746e+02 2.461081440864759315e+02
3.706777563330420548e+02 2.470560014569639122e+02
3.707197030071948234e+02 2.480030696235344863e+02
3.707610424026784699e+02 2.489496510386877048e+02
3.708024675518165054e+02 2.498960998894026773e+02
3.708446422948932764e+02 2.508427962093871599e+02
3.708882174317283784e+02 2.517902414890192517e+02
3.709338357121894205e+02 2.527389720097498866e+02
3.709823607211451986e+02 2.536895232609672064e+02
3.710348494841803131e+02 2.546426514564880392e+02
3.710923174951822716e+02 2.555991032607958289e+02
3.711557389666771201e+02 2.565597861738505685e+02
3.712260309229482118e+02 2.575256578700767705e+02
3.713033316502339289e+02 2.584977683544603337e+02
3.713856771983940916e+02 2.594768308649402684e+02
3.714707105403111882e+02 2.604634945580391445e+02
3.715560469236274344e+02 2.614582904376828765e+02
3.716392688454885160e+02 2.624616054568471668e+02
3.717178793534870351e+02 2.634737128125074719e+02
3.717887523976955890e+02 2.644946136652524729e+02
3.718483560516190209e+02 2.655240268739168528e+02
3.718931631039965851e+02 2.665614516035208226e+02
3.719196696432182989e+02 2.676061604242546537e+02
3.719244077300335221e+02 2.686571910326706529e+02
3.719039930588484140e+02 2.697133552391580338e+02
3.718552217084425706e+02 2.707732518694054988e+02
3.717749832705711697e+02 2.718352364667032361e+02
3.716602293727656274e+02 2.728974337800091803e+02
3.715080624123925759e+02 2.739576707011015628e+02
3.713157495884416335e+02 2.750135802452338680e+02
3.710813228618091557e+02 2.760628061684330419e+02
3.708033689019047188e+02 2.771028817937402096e+02
3.704815159338916146e+02 2.781304364264254332e+02
3.701156692501501198e+02 2.791423690762584329e+02
3.697057981616629831e+02 2.801358660114107693e+02
3.692519180006755732e+02 2.811082868683796505e+02
3.687542970888241030e+02 2.820569353878954075e+02
3.682133037658416583e+02 2.829791975165697409e+02
3.676293239341025583e+02 2.838725810753319934e+02
3.670029691996788870e+02 2.847345115593231526e+02
3.663349521586627020e+02 2.855628452254442209e+02
3.656278157256655845e+02 2.863566530148956417e+02
3.648845861852045687e+02 2.871159701321545299e+02
3.641083336749447312e+02 2.878409239268929127e+02
3.633018540275774058e+02 2.885319971213857571e+02
3.624679037991883774e+02 2.891897873222088151e+02
3.616092015804797484e+02 2.898152265132646903e+02
3.607284976064981947e+02 2.904096121444721916e+02
3.598284176514787305e+02 2.909744109457963077e+02
3.589114362646689074e+02 2.915112383800147313e+02
3.579798984185133008e+02 2.920218356145911685e+02
3.570360751795142846e+02 2.925081555388243260e+02
3.560825794373001827e+02 2.929727663769582477e+02
3.551220524102097329e+02 2.934185375137649316e+02
3.541569860497801869e+02 2.938484440229527195e+02
3.531897333614277841e+02 2.942655483766864677e+02
3.522225197312654359e+02 2.946729819347883108e+02
3.512573739936451602e+02 2.950738298960928319e+02
3.502961229784234547e+02 2.954711145536234653e+02
3.493405058195717743e+02 2.958678609288060670e+02
3.483921793651347230e+02 2.962671397136721794e+02
3.474527459551069910e+02 2.966720227230470073e+02
3.465236574607047828e+02 2.970855061241585986e+02
3.456059527423703344e+02 2.975100311099157011e+02
3.447005001606752899e+02 2.979479138396787903e+02
3.438081891316991232e+02 2.984014210063248242e+02
3.429298979962564999e+02 2.988728023642464109e+02
3.420664516072309880e+02 2.993642627405322401e+02
3.412177979921227688e+02 2.998766717443901371e+02
3.403829531185900237e+02 3.004094787024127413e+02
3.395609479689121031e+02 3.009620104049865290e+02
3.387508754738141192e+02 3.015335399385811570e+02
3.379518779477422754e+02 3.021233018971744286e+02
3.371632043557656857e+02 3.027305529608154870e+02
3.363843312810442967e+02 3.033547852286041007e+02
3.356148201469537184e+02 3.039955260884377140e+02
3.348542712394381056e+02 3.046522749489424200e+02
3.341023216805447191e+02 3.053245056612821031e+02
3.333586384802688372e+02 3.060116610799255454e+02
3.326228280026154493e+02 3.067130191376455741e+02
3.318944454549873058e+02 3.074277102543588853e+02
3.311730733689451540e+02 3.081548422259603512e+02
3.304583220308073805e+02 3.088935066901914865e+02
3.297498268361737246e+02 3.096427816103886244e+02
3.290471846922341683e+02 3.104016370577791690e+02
3.283498181938591642e+02 3.111687337349870859e+02
3.276571187811777008e+02 3.119426440070013768e+02
3.269682938077858694e+02 3.127217347174531028e+02
3.262822330309995209e+02 3.135043675379122305e+02
3.255977499803963724e+02 3.142889493606070346e+02
3.249136598513615013e+02 3.150739042612617027e+02
3.242287797479352207e+02 3.158576679115288357e+02
3.235419241919971682e+02 3.166386761913829559e+02
3.228519081138795741e+02 3.174153631449865998e+02
3.221575488188121312e+02 3.181861602285719073e+02
3.214578855595137270e+02 3.189498239929556007e+02
3.207525159396028016e+02 3.197059514292640188e+02
3.200411302405219658e+02 3.204542670002512637e+02
3.193234268877459385e+02 3.211944881746733245e+02
3.185991079347475079e+02 3.219263269233425149e+02
3.178678929838073941e+02 3.226494979690947389e+02
3.171295874700471131e+02 3.233638312107827915e+02
3.163840464274791202e+02 3.240692259738248140e+02
3.156311461747118869e+02 3.247655697444211569e+02
3.148707537372714000e+02 3.254527506364336773e+02
3.141027539571499574e+02 3.261306438435435666e+02
3.133270594493171188e+02 3.267991437537057209e+02
3.125436175057934065e+02 3.274581985639437107e+02
3.117523825873860233e+02 3.281077572791418220e+02
3.109533392152384295e+02 3.287477517374823606e+02
3.101464588651057852e+02 3.293781178427661303e+02
3.093317250056827561e+02 3.299987792453623001e+02
3.085091200248649557e+02 3.306096373877302312e+02
3.076786290535289936e+02 3.312105794828386252e+02
3.068402429606954911e+02 3.318014866876412157e+02
3.059939733257488683e+02 3.323822283457973299e+02
3.051398266333802098e+02 3.329526737472913283e+02
3.042778013769319614e+02 3.335126457089319274e+02
3.034078688490089917e+02 3.340618958596708694e+02
3.025300080291743257e+02 3.346001623432873657e+02
3.016442097711429824e+02 3.351271763501504211e+02
3.007504772323258067e+02 3.356426623146383577e+02
2.998488372621546887e+02 3.361463582096128562e+02
2.989394027065909540e+02 3.366381319024388858e+02
2.980223262108667086e+02 3.371179037173504298e+02
2.970977613793942282e+02 3.375855937675042355e+02
2.961658931757053210e+02 3.380411110191344619e+02
2.952268938941653005e+02 3.384843714006588584e+02
2.942809289565876725e+02 3.389152427414807676e+02
2.933281426650099775e+02 3.393335292579106977e+02
2.923686882698434601e+02 3.397390289459221435e+02
2.914027304886055845e+02 3.401315389437809245e+02
2.904304455353710068e+02 3.405108561715971405e+02
2.894520052736326647e+02 3.408767786795618235e+02
2.884676272424021022e+02 3.412290766251534251e+02
2.874775006014937730e+02 3.415675315046894411e+02
2.864818370490957022e+02 3.418919219987118367e+02
2.854808608901064417e+02 3.422020295186225098e+02
2.844748084333463680e+02 3.424976401203629166e+02
2.834639375432038833e+02 3.427785698230767935e+02
2.824485281135632135e+02 3.430446706014100187e+02
2.814288630755659142e+02 3.432958041686821389e+02
2.804052525116003949e+02 3.435318359032009994e+02
2.793779974902973890e+02 3.437526453558941739e+02
2.783474148973166393e+02 3.439581382697514869e+02
2.773138559595799961e+02 3.441483100220947904e+02
2.762776809422338715e+02 3.443231901243656807e+02
2.752392501279121007e+02 3.444828212505027523e+02
2.741989155589937468e+02 3.446272599145364666e+02
2.731570454054582342e+02 3.447565855610849326e+02
2.721140708295907302e+02 3.448711455702127751e+02
2.710704721878161081e+02 3.449715538188906407e+02
2.700267094430145107e+02 3.450584548038111734e+02
2.689831980622577703e+02 3.451325116727272757e+02
2.679403612668029950e+02 3.451944063123762021e+02
2.668985791860792460e+02 3.452448738513070907e+02
2.658581795921654702e+02 3.452847546900941893e+02
2.648195481029908365e+02 3.453149361427181248e+02
2.637829193418446039e+02 3.453363187254755076e+02
2.627485866462773743e+02 3.453498258311907421e+02
2.617167335164898532e+02 3.453563962725506826e+02
2.606875140990738942e+02 3.453569554662300902e+02
2.596610597402717531e+02 3.453524374506092727e+02
2.586374338722082484e+02 3.453437847296706877e+02
2.576166683069973260e+02 3.453319512488992586e+02
2.565987705844262905e+02 3.453179371876904611e+02
2.555836818987237677e+02 3.453027545470768018e+02
2.545712743287730291e+02 3.452873296672537435e+02
2.535613917162610562e+02 3.452725561827539309e+02
2.525538525158846141e+02 3.452593213984135900e+02
2.515484458277161934e+02 3.452484894318980650e+02
2.505449349665093166e+02 3.452408968879375948e+02
2.495430483348672510e+02 3.452373637788930978e+02
2.485424933794479898e+02 3.452386526160264566e+02
2.475429359485784460e+02 3.452455335516066839e+02
2.465440254788206857e+02 3.452587328044878063e+02
2.455453628023655881e+02 3.452789822415139156e+02
2.445465311391332932e+02 3.453063440709568113e+02
2.435470997571797227e+02 3.453394189912012848e+02
2.425467045527170455e+02 3.453765638802718740e+02
2.415450358338747776e+02 3.454161178177947704e+02
2.405418426056123167e+02 3.454564134882331246e+02
2.395369385741290671e+02 3.454957444783834148e+02
2.385301968851275944e+02 3.455323850468120099e+02
2.375215572069286054e+02 3.455645674973820860e+02
2.365110242601772086e+02 3.455905114129529920e+02
2.354986749085175575e+02 3.456084379763194079e+02
2.344846447346180582e+02 3.456165355467137488e+02
2.334691624073615230e+02 3.456130268588742069e+02
2.324524967896965677e+02 3.455961100120715059e+02
2.314350354451040062e+02 3.455640208983500088e+02
2.304172014888967510e+02 3.455149569823265665e+02
2.293995431203668431e+02 3.454471427188274220e+02
2.283826738536559731e+02 3.453588055183779488e+02
2.273672770737568669e+02 3.452482265658587153e+02
2.263541657356763039e+02 3.451137561633973974e+02
2.253442137866499309e+02 3.449537392691363493e+02
2.243384117255538115e+02 3.447665390299725914e+02
2.233378619959808873e+02 3.445505399915125508e+02
2.223437952628816277e+02 3.443041135683367315e+02
2.213575869655069823e+02 3.440256013428866595e+02
2.203807519257183571e+02 3.437133825581976794e+02
2.194149506527837730e+02 3.433658886962062979e+02
2.184619972118766782e+02 3.429816133567431962e+02
2.175237286544093820e+02 3.425594530939864626e+02
2.166013798430786323e+02 3.421005801982455523e+02
2.156958195129702744e+02 3.416069662249116163e+02
2.148079064134875011e+02 3.410806316666847238e+02
2.139384136454194447e+02 3.405235721664039374e+02
2.130880831352137648e+02 3.399378422231980608e+02
2.122574905969153463e+02 3.393256254899415580e+02
2.114470417258734471e+02 3.386893082697228010e+02
2.106570235025840532e+02 3.380312807323020365e+02
2.098875993104252871e+02 3.373539165133440747e+02
2.091387974034037427e+02 3.366595644586126923e+02
2.084105164537199641e+02 3.359505139535531839e+02
2.077025923746105605e+02 3.352288903764211341e+02
2.070146677354243252e+02 3.344967384473579273e+02
2.063463128859472420e+02 3.337560456325912241e+02
2.056968040234118007e+02 3.330086967636277677e+02
2.050653418363321236e+02 3.322565127187403959e+02
2.044508457266901758e+02 3.315011616564927408e+02
2.038520439472012811e+02 3.307441849939323788e+02
2.032674698686336967e+02 3.299869668019832147e+02
2.026954272842715739e+02 3.292306924631773768e+02
2.021340033362446604e+02 3.284763324363501056e+02
