1.974153334548997805e+02 3.314868294117280811e+02
1.967523090714578871e+02 3.306195100307516554e+02
1.961175283071932824e+02 3.297344384203384493e+02
1.955111739962134720e+02 3.288333832911847026e+02
1.949330117053618210e+02 3.279177428901201097e+02
1.943826940863093284e+02 3.269888584472170692e+02
1.938597735191513038e+02 3.260480061486727550e+02
1.933637138173821768e+02 3.250963841257898821e+02
1.928939034233496557e+02 3.241350832167771614e+02
1.924496986394565283e+02 3.231652377343598914e+02
1.920303527341282575e+02 3.221877411601226413e+02
1.916351255356469778e+02 3.212035361817495982e+02
1.912632198316099164e+02 3.202133999181641570e+02
1.909138277816627465e+02 3.192181362162373262e+02
1.905861051205339152e+02 3.182183900830347056e+02
1.902792175762763804e+02 3.172147769473087351e+02
1.899923286075282078e+02 3.162078537304567476e+02
1.897246037521830715e+02 3.151981103734032672e+02
1.894752158012498455e+02 3.141859876094009678e+02
1.892433465530420165e+02 3.131718730537201623e+02
1.890281909742296875e+02 3.121561056483045036e+02
1.888289703439595826e+02 3.111389429142819267e+02
1.886449153629329771e+02 3.101206940623713422e+02
1.884752825355138839e+02 3.091015153186477278e+02
1.883193455043682434e+02 3.080816382004499587e+02
1.881763998502114532e+02 3.070611799469098173e+02
1.880457727567239203e+02 3.060402497219304223e+02
1.879268008888306269e+02 3.050189689725147559e+02
1.878188703889298665e+02 3.039973871112929942e+02
1.877216843845239396e+02 3.029755176332497513e+02
1.876351538143372579e+02 3.019533534907161538e+02
1.875592193539181949e+02 3.009308894243772556e+02
1.874938323417590311e+02 2.999081575056185898e+02
1.874389664981105454e+02 2.988851704267396485e+02
1.873946250517967371e+02 2.978619423229742438e+02
1.873608230938547479e+02 2.968385276705403157e+02
1.873375907326513072e+02 2.958149749886588324e+02
1.873249846596878569e+02 2.947913218687827452e+02
1.873230617350218949e+02 2.937676568636943557e+02
1.873319010441469459e+02 2.927440389725213095e+02
1.873515963060766580e+02 2.917205453090890614e+02
1.873822377266054957e+02 2.906972896394713075e+02
1.874239419051584719e+02 2.896743489814753048e+02
1.874768357659765172e+02 2.886518309807079845e+02
1.875410425604503359e+02 2.876298732373961116e+02
1.876167036142394977e+02 2.866085868121539875e+02
1.877039645050785452e+02 2.855881054676239046e+02
1.878029859838862023e+02 2.845685614012886049e+02
1.879139224524988094e+02 2.835501257137610196e+02
1.880369434840223448e+02 2.825329506053555519e+02
1.881722260211419666e+02 2.815172031623353632e+02
1.883199498054136711e+02 2.805030612949263968e+02
1.884802996458534494e+02 2.794907121253903028e+02
1.886534719127575670e+02 2.784803456790107816e+02
1.888396610445413728e+02 2.774721788272328240e+02
1.890390671338138020e+02 2.764664304886103992e+02
1.892518646245949583e+02 2.754633166366764954e+02
1.894781817741002214e+02 2.744630555788222068e+02
1.897181545958150650e+02 2.734658655684542055e+02
1.899719195869288910e+02 2.724719861969361432e+02
1.902396100609536802e+02 2.714816733921189211e+02
1.905213767507123634e+02 2.704951707290401259e+02
1.908173983159449563e+02 2.695127225615722750e+02
1.911278143054108796e+02 2.685346556605555861e+02
1.914528163054424397e+02 2.675612216749972845e+02
1.917925731130235079e+02 2.665927449925187034e+02
1.921472699220672382e+02 2.656295392139019782e+02
1.925170906206762993e+02 2.646719538444608588e+02
1.929022602074891211e+02 2.637203225371388839e+02
1.933029635985162997e+02 2.627750600546485771e+02
1.937194217784854970e+02 2.618365440795647601e+02
1.941518490658080509e+02 2.609051979657639890e+02
1.946004627011771788e+02 2.599814704989763641e+02
1.950654110269595662e+02 2.590659019345454226e+02
1.955466935769561303e+02 2.581591057309103689e+02
1.960443339328600985e+02 2.572615541102561565e+02
1.965583439340335872e+02 2.563736994698616627e+02
1.970887325508358572e+02 2.554959838183461329e+02
1.976354578795379950e+02 2.546288805736060397e+02
1.981984924550750975e+02 2.537728273964552272e+02
1.987777696585380056e+02 2.529282812740679560e+02
1.993732251779914009e+02 2.520956782683491895e+02
1.999847483870228757e+02 2.512754681434648774e+02
2.006120877554484707e+02 2.504679845116058061e+02
2.012544459366781950e+02 2.496732297952944180e+02
2.019108936888882226e+02 2.488910931568067610e+02
2.025805233819138493e+02 2.481214065881581234e+02
2.032624384523706453e+02 2.473639585671231771e+02
2.039557539270778364e+02 2.466184902287314742e+02
2.046595676315048138e+02 2.458846741918459031e+02
2.053729680618113491e+02 2.451621175447091048e+02
2.060950630879773087e+02 2.444503809298572889e+02
2.068249819597486692e+02 2.437489808107482645e+02
2.075618762585862100e+02 2.430573913081744593e+02
2.083049275126898010e+02 2.423750527597594555e+02
2.090533601781033894e+02 2.417013834201745510e+02
2.098064253261590011e+02 2.410357618187507569e+02
2.105633952749907962e+02 2.403775406634782996e+02
2.113235670577715268e+02 2.397260401574909281e+02
2.120862649416220052e+02 2.390805554948370855e+02
2.128508881645969097e+02 2.384404021424745110e+02
2.136168905711974730e+02 2.378049146555211166e+02
2.143837549184386546e+02 2.371733862136004234e+02
2.151509695801592557e+02 2.365451138667486362e+02
2.159180456512743547e+02 2.359193738040095809e+02
2.166845322833984255e+02 2.352954497418527922e+02
2.174500449639147917e+02 2.346726653143917645e+02
2.182142191302198739e+02 2.340503440993050503e+02
2.189767013414683845e+02 2.334278039556345163e+02
2.197371478153550015e+02 2.328043596048419488e+02
2.204952743629078782e+02 2.321793622554465344e+02
2.212512505583125915e+02 2.315526587525406796e+02
2.220055006983746182e+02 2.309243908075945058e+02
2.227584350989647533e+02 2.302947241515180679e+02
2.235104463270862425e+02 2.296638456331691884e+02
2.242619115744781482e+02 2.290319594563455325e+02
2.250131777419506705e+02 2.283992630669907840e+02
2.257645386876270663e+02 2.277659353549658192e+02
2.265162730302844523e+02 2.271321629351597835e+02
2.272686470149424451e+02 2.264981454343388521e+02
2.280219130469533582e+02 2.258640979322234443e+02
2.287763134772567355e+02 2.252302460550739909e+02
2.295320874045600021e+02 2.245968069924139456e+02
2.302894450231265751e+02 2.239640246184675902e+02
2.310485889137777917e+02 2.233321554830395712e+02
2.318097385485620805e+02 2.227014325703524378e+02
2.325730692670340147e+02 2.220721366238890937e+02
2.333387841079530460e+02 2.214445303008425583e+02
2.341070679114623942e+02 2.208189117507989749e+02
2.348781138111791336e+02 2.201955717364024849e+02
2.356520960518515153e+02 2.195748220991475250e+02
2.364292030935854712e+02 2.189569583930727958e+02
2.372095991510673798e+02 2.183423059292337882e+02
2.379934727878525393e+02 2.177311865946838054e+02
2.387810048541771266e+02 2.171239367698483704e+02
2.395723731616284624e+02 2.165208980655138760e+02
2.403677549949523495e+02 2.159224156683314959e+02
2.411673306915024000e+02 2.153288215955125793e+02
2.419710970428713210e+02 2.147402103876147805e+02
2.427788211754329950e+02 2.141563378538291431e+02
2.435902601015010021e+02 2.135769328766045589e+02
2.444051770817853253e+02 2.130017217249064458e+02
2.452233412586794259e+02 2.124304283739380139e+02
2.460445265441142624e+02 2.118627737300757872e+02
2.468685082091012930e+02 2.112984714838351010e+02
2.476950651432559027e+02 2.107372321210279722e+02
2.485239806999795178e+02 2.101787649395039352e+02
2.493550421060213012e+02 2.096227786405843574e+02
2.501879434785074068e+02 2.090691248609902573e+02
2.510221946014268894e+02 2.085180336005744266e+02
2.518576703938637706e+02 2.079695355522350440e+02
2.526943333206055513e+02 2.074236008394025816e+02
2.535321444973254472e+02 2.068802000166755306e+02
2.543710673761085559e+02 2.063392992268431954e+02
2.552110582441642350e+02 2.058008718564143749e+02
2.560520771299291596e+02 2.052648922864264023e+02
2.568940891998832967e+02 2.047313292703023535e+02
2.577370477582257990e+02 2.042001641520015767e+02
2.585809191082407210e+02 2.036713667813517077e+02
2.594256632216818730e+02 2.031449126137163432e+02
2.602712374306240690e+02 2.026207867690052637e+02
2.611176188139420447e+02 2.020989589005274070e+02
2.619647621456806519e+02 2.015794218406143443e+02
2.628126450694770142e+02 2.010621504257061929e+02
2.636612363528509491e+02 2.005471279687100434e+02
2.645104842856898699e+02 2.000343213655195882e+02
2.653603094846303065e+02 1.995235874760084016e+02
2.662105976531353804e+02 1.990147894609541197e+02
2.670612565358046027e+02 1.985077782798268515e+02
2.679122037917211401e+02 1.980023982344836497e+02
2.687633472596696720e+02 1.974985076867847340e+02
2.696146099311741295e+02 1.969959537576138189e+02
2.704659298262493508e+02 1.964945692894185640e+02
2.713172372041428844e+02 1.959941996735205123e+02
2.721684784170313378e+02 1.954946864284818844e+02
2.730196092290790375e+02 1.949958724763550322e+02
2.738706052178559958e+02 1.944975793151405412e+02
2.747214254515134257e+02 1.939996184728271373e+02
2.755720480702440796e+02 1.935017926746883177e+02
2.764224665944369690e+02 1.930039034047936468e+02
2.772726910731618091e+02 1.925057509440655110e+02
2.781227479990732832e+02 1.920071319077169676e+02
2.789726681171244991e+02 1.915078123212580294e+02
2.798224940591717314e+02 1.910075377218367976e+02
2.806722882523395697e+02 1.905060557393353236e+02
2.815221422786274843e+02 1.900031109818990274e+02
2.823721833025250589e+02 1.894984371874430451e+02
2.832225443368575384e+02 1.889917634862056559e+02
2.840733663906102038e+02 1.884828002276202312e+02
2.849248701663337897e+02 1.879712099700004444e+02
2.857772490143328241e+02 1.874567064441817195e+02
2.866307939042409885e+02 1.869389587145215614e+02
2.874858346394285036e+02 1.864178120995431982e+02
2.883432426952717265e+02 1.858942384609374301e+02
2.892040719100652950e+02 1.853698885022620573e+02
2.900693536025789285e+02 1.848464514998039476e+02
2.909400760222099507e+02 1.843256534968703590e+02
2.918171754216748468e+02 1.838092567507777915e+02
2.927015465598581159e+02 1.832991312780272324e+02
2.935940542444942594e+02 1.827973012589839641e+02
2.944954869505402826e+02 1.823058490440144794e+02
2.954065466626655052e+02 1.818269050213154117e+02
2.963278291036278915e+02 1.813626373931018634e+02
2.972598220241036984e+02 1.809152397394281024e+02
2.982028727558397350e+02 1.804868060224438580e+02
2.991571802776790605e+02 1.800793980587910994e+02
3.001228248345661314e+02 1.796951079598076149e+02
3.010997730454539010e+02 1.793360628138737525e+02
3.020878164513469528e+02 1.790044068569135902e+02
3.030865960810904198e+02 1.787021819362270492e+02
3.040956064134983308e+02 1.784312714499597234e+02
3.051141105741367028e+02 1.781935315802048478e+02
3.061412943332237546e+02 1.779908119679299716e+02
3.071761639772833519e+02 1.778249500703854267e+02
3.082175571658334547e+02 1.776977784058379086e+02
3.092641208754301942e+02 1.776112117264857204e+02
3.103143625362362741e+02 1.775671639227328455e+02
3.113665868165465440e+02 1.775674856811771463e+02
3.124189129998541716e+02 1.776139494576528364e+02
3.134692793311444916e+02 1.777082048854608161e+02
3.145155280970324725e+02 1.778507032474623486e+02
3.155554891664569936e+02 1.780403941277157571e+02
3.165870890554224957e+02 1.782760344815888516e+02
3.176083264160607200e+02 1.785562737810890610e+02
3.186171330368636632e+02 1.788795348085732826e+02
3.196113648357180637e+02 1.792437091795294748e+02
3.205897300591882981e+02 1.796463063940447000e+02
3.215513587482845992e+02 1.800847941804778998e+02
3.224955193950392527e+02 1.805566126537646596e+02
3.234217215382583390e+02 1.810592507037716246e+02
3.243296323039803042e+02 1.815901838981861260e+02
3.252191945081317499e+02 1.821466736078249085e+02
3.260906155404695141e+02 1.827257048194370270e+02
3.269443116318740863e+02 1.833243235189945040e+02
3.277808788466176111e+02 1.839396442172965749e+02
3.286010878774001185e+02 1.845688541814270991e+02
3.294058549969898877e+02 1.852092650729026673e+02
3.301961748803596493e+02 1.858584445648842234e+02
3.309731534496037852e+02 1.865140792333203876e+02
3.317380144387230416e+02 1.871739343385116285e+02
3.324920917704383214e+02 1.878358555372344370e+02
3.332368090015295365e+02 1.884977959547154001e+02
3.339734028606004017e+02 1.891582422255080473e+02
3.347030946653546266e+02 1.898161772995768501e+02
3.354269777551460834e+02 1.904706006770726390e+02
3.361462570902077118e+02 1.911206011292783558e+02
3.368621557406115130e+02 1.917653153755637447e+02
3.375756999630493169e+02 1.924042808489067511e+02
3.382872099175552876e+02 1.930381229067104982e+02
3.389969279509836610e+02 1.936677150980704596e+02
3.397049100091871878e+02 1.942938631591053422e+02
3.404111538353872675e+02 1.949173732637680132e+02
3.411157185831510219e+02 1.955390825730748077e+02
3.418186159308391439e+02 1.961595781682575250e+02
3.425199380288109978e+02 1.967793420057761580e+02
3.432197425548148999e+02 1.973988508112432783e+02
3.439180509065172373e+02 1.980185769687291213e+02
3.446148498388791950e+02 1.986389876357359014e+02
3.453101385663650831e+02 1.992604901759707730e+02
3.460040029199774949e+02 1.998833552418567479e+02
3.466965258732692519e+02 2.005078353263088218e+02
3.473877714182252703e+02 2.011341854651703329e+02
3.480777759555761008e+02 2.017626570854718295e+02
3.487665633470012949e+02 2.023934952051622531e+02
3.494542803973513401e+02 2.030268997093742769e+02
3.501410507541607444e+02 2.036629743353081778e+02
3.508270063343588276e+02 2.043018480265565131e+02
3.515122369220472365e+02 2.049436360734653420e+02
3.521969411085347588e+02 2.055885577736552818e+02
3.528812217148567925e+02 2.062367106459502111e+02
3.535652155105532302e+02 2.068881519111655791e+02
3.542492054423026957e+02 2.075430729617023360e+02
3.549333327731007444e+02 2.082015443457036099e+02
3.556177520771678928e+02 2.088636815972204772e+02
3.563026714155848254e+02 2.095297412490170359e+02
3.569877787380016230e+02 2.102001177473352129e+02
3.576726874816867507e+02 2.108754650534434063e+02
3.583569129286451584e+02 2.115563433279586718e+02
3.590399410319240019e+02 2.122433026612941660e+02
3.597212963531262062e+02 2.129369407811158510e+02
3.604002451957655353e+02 2.136377871927730894e+02
3.610759863824852687e+02 2.143466291734391405e+02
3.617475117442133410e+02 2.150640578349367900e+02
3.624139044373131355e+02 2.157907714168403004e+02
3.630741200747941093e+02 2.165273179447023892e+02
3.637271202096295610e+02 2.172742874323812430e+02
3.643716676150074818e+02 2.180322565766151968e+02
3.650064413299562034e+02 2.188017886094374376e+02
3.656301885141083972e+02 2.195834477702472896e+02
3.662416747934215664e+02 2.203776735117809551e+02
3.668396119431669149e+02 2.211847271624087909e+02
3.674226352730551639e+02 2.220047401036258066e+02
3.679894463418599457e+02 2.228378304203976938e+02
3.685386697304825248e+02 2.236840118989500752e+02
3.690689577238748598e+02 2.245432745625699624e+02
3.695789204362998248e+02 2.254155315398076596e+02
3.700671832762065492e+02 2.263006395316317878e+02
3.705324762728401993e+02 2.271983524312618670e+02
3.709735334177727282e+02 2.281083693736368048e+02
3.713891115650603183e+02 2.290303204146890437e+02
3.717779432123469974e+02 2.299637982393703908e+02
3.721387867589091911e+02 2.309083279569753131e+02
3.724712824666224265e+02 2.318631254953579912e+02
3.727760857768140568e+02 2.328271472952272347e+02
3.730539349747573965e+02 2.337993729311078539e+02
3.733056023033232691e+02 2.347788228290556276e+02
3.735318776999498596e+02 2.357645802419375798e+02
3.737335603779533244e+02 2.367557785037969893e+02
3.739114534788005813e+02 2.377515915998387470e+02
3.740663727796806484e+02 2.387512481647840730e+02
3.741991460572473898e+02 2.397540269472491730e+02
3.743106140571574088e+02 2.407592515291665904e+02
3.744016296247323226e+02 2.417662927946631157e+02
3.744730624579904088e+02 2.427745684738364389e+02
3.745257972549554211e+02 2.437835440355258925e+02
3.745607258816100398e+02 2.447927342109731512e+02
3.745787454060996993e+02 2.458017036234071782e+02
3.745807563576677239e+02 2.468100674777646475e+02
3.745676620714174874e+02 2.478174922968951535e+02
3.745403696087818730e+02 2.488236968070245041e+02
3.744997847689573405e+02 2.498284532849255868e+02
3.744468010560161133e+02 2.508315885143929904e+02
3.743823152467517161e+02 2.518329845122388519e+02
3.743072183879509680e+02 2.528325819609384553e+02
3.742223684997419468e+02 2.538303763795377392e+02
3.741286252480842904e+02 2.548264278839284316e+02
3.740268199727469778e+02 2.558208527780996349e+02
3.739177708413271262e+02 2.568138336396602881e+02
3.738022632661922557e+02 2.578056126917184088e+02
3.736806686758665705e+02 2.587964557383137389e+02
3.735521881245506393e+02 2.597864969375763735e+02
3.734158177433324113e+02 2.607758101552335575e+02
3.732705462518612762e+02 2.617644182768432870e+02
3.731153442959025597e+02 2.627522870148255265e+02
3.729491726648070653e+02 2.637393281818502260e+02
3.727709810732623623e+02 2.647253948972951889e+02
3.725797123347168167e+02 2.657102792894299341e+02
3.723743081242358244e+02 2.666937106548996894e+02
3.721537123501426549e+02 2.676753531172385010e+02
3.719168748206275268e+02 2.686548032847075547e+02
3.716627433441983612e+02 2.696315868596831820e+02
3.713902906385799270e+02 2.706051549511988128e+02
3.710985099550541690e+02 2.715748858702726238e+02
3.707863958981719179e+02 2.725400840996834972e+02
3.704530018215157838e+02 2.734999662054151486e+02
3.700973998356164429e+02 2.744536807129473459e+02
3.697187229477621031e+02 2.754002941640399627e+02
3.693162129325774004e+02 2.763387873306855340e+02
3.688897118772383692e+02 2.772679649491942655e+02
3.684392833500256756e+02 2.781867832492185357e+02
3.679650521073295408e+02 2.790943069982240559e+02
3.674671551649305457e+02 2.799896486371736160e+02
3.669458339395910116e+02 2.808719076959218910e+02
3.664013782445516085e+02 2.817402137674544633e+02
3.658340814407188191e+02 2.825937302083628424e+02
3.652443441679533294e+02 2.834316072719288968e+02
3.646325891203879337e+02 2.842531304963047774e+02
3.639998977530615889e+02 2.850580183532861156e+02
3.633475040978834727e+02 2.858463122938697438e+02
3.626766813767096664e+02 2.866180955631966754e+02
3.619885929234881701e+02 2.873735678886330334e+02
3.612843991258329766e+02 2.881129700763091250e+02
3.605652011511744490e+02 2.888366165457499051e+02
3.598320386685983863e+02 2.895448758486768952e+02
3.590859079307489310e+02 2.902381618613192700e+02
3.583277560554661818e+02 2.909169334494166606e+02
3.575584932240170701e+02 2.915816883079399986e+02
3.567789746396439909e+02 2.922329644335126204e+02
3.559900174158023560e+02 2.928713328333964228e+02
3.551924027586601937e+02 2.934973919647504204e+02
3.543868708592956409e+02 2.941117647021399648e+02
3.535741209403883545e+02 2.947150934115015275e+02
3.527548149099864645e+02 2.953080354042120916e+02
3.519295782518354940e+02 2.958912621805140475e+02
3.510990271369351490e+02 2.964654667624308217e+02
3.502637261151634789e+02 2.970313491068167764e+02
3.494242271263779003e+02 2.975896166285830304e+02
3.485810463014169613e+02 2.981409799986579401e+02
3.477346847172440789e+02 2.986861577017035643e+02
3.468856112325728986e+02 2.992258623687492900e+02
3.460342866570615570e+02 2.997608178204640694e+02
3.451811479102533440e+02 3.002917429208963540e+02
3.443266156851287860e+02 3.008193520692653351e+02
3.434710909746884795e+02 3.013443526513248116e+02
3.426147162295827115e+02 3.018670952225652968e+02
3.417573694895464769e+02 3.023875472890402989e+02
3.408989202757185240e+02 3.029056467038000164e+02
3.400392417326515329e+02 3.034213199345765020e+02
3.391782100765473160e+02 3.039344876331034584e+02
3.383157049886447112e+02 3.044450621523004088e+02
3.374516092895744350e+02 3.049529524689522759e+02
3.365858069179537893e+02 3.054580635397969672e+02
3.357181818450810056e+02 3.059602967443736361e+02
3.348486173231044631e+02 3.064595510957363445e+02
3.339769954272358632e+02 3.069557249028118804e+02
3.331032016239580571e+02 3.074487251521990743e+02
3.322271233136129354e+02 3.079384677790952765e+02
3.313486442123295888e+02 3.084248714753481977e+02
3.304676434432148540e+02 3.089078585577186118e+02
3.295839945509446807e+02 3.093873567693389646e+02
3.286975699077239028e+02 3.098633068263169434e+02
3.278082494148735009e+02 3.103356796354646576e+02
3.269159252521536700e+02 3.108044199327397337e+02
3.260206786148519313e+02 3.112690247264861227e+02
3.251224432731111165e+02 3.117288742448298535e+02
3.242209537044162744e+02 3.121834795544034478e+02
3.233159913845943265e+02 3.126324248044061846e+02
3.224073783415975640e+02 3.130753436538534515e+02
3.214949431012675518e+02 3.135118655341311182e+02
3.205785194914075191e+02 3.139416150482167609e+02
3.196579488272165008e+02 3.143642116318471267e+02
3.187333663549483731e+02 3.147797106621179068e+02
3.178056507862347644e+02 3.151892903791220419e+02
3.168757994347935778e+02 3.155943040772875747e+02
3.159448077926054452e+02 3.159961057798116144e+02
3.150136711723162648e+02 3.163960479083483506e+02
3.140833631916408422e+02 3.167954663548609346e+02
3.131547015730727708e+02 3.171954695570300942e+02
3.122284087912232167e+02 3.175970249337286191e+02
3.113051854567025316e+02 3.180011134291684129e+02
3.103857345708713638e+02 3.184087111613362708e+02
3.094707356320330405e+02 3.188208087464903997e+02
3.085607841160478415e+02 3.192383029544937472e+02
3.076563268694870885e+02 3.196618725677629413e+02
3.067577794421638373e+02 3.200921745067468009e+02
3.058655211746846021e+02 3.205298918209927024e+02
3.049799304911530839e+02 3.209757056266078052e+02
3.041013616630003185e+02 3.214303162379609375e+02
3.032301649137543222e+02 3.218944684880494265e+02
3.023666757272764585e+02 3.223689365646629312e+02
3.015112046153684560e+02 3.228545079370263124e+02
3.006640238882608855e+02 3.233519934892542551e+02
2.998253894925170471e+02 3.238622165097444849e+02
2.989957257862180882e+02 3.243863745987028437e+02
2.981757681565753160e+02 3.249263010739968536e+02
2.973662313452500712e+02 3.254839189625927816e+02
2.965677696358202411e+02 3.260611816573044734e+02
2.957809727449289312e+02 3.266600739771610051e+02
2.950062274375668494e+02 3.272823673295418416e+02
2.942429553779016373e+02 3.279281984322556696e+02
2.934901776351864555e+02 3.285970229804011069e+02
2.927469010228984985e+02 3.292882913157569647e+02
2.920121038125564041e+02 3.300014627904564009e+02
2.912847542684024233e+02 3.307359682183901555e+02
2.905633707317236940e+02 3.314903710521650169e+02
2.898458725437963039e+02 3.322619759132531954e+02
2.891301825959251914e+02 3.330479560464712563e+02
2.884142826454558417e+02 3.338454455047707370e+02
2.876962198688757439e+02 3.346515369989803617e+02
2.869740374557916880e+02 3.354631095077613168e+02
2.862454501731813821e+02 3.362760921401720111e+02
2.855081621096673530e+02 3.370860394654013135e+02
2.847600122879282480e+02 3.378884405136348050e+02
2.839989865107684182e+02 3.386787173957283130e+02
2.832232374842851641e+02 3.394522513678669497e+02
2.824314206442899717e+02 3.402052008530294529e+02
2.816227288805304738e+02 3.409346749965253593e+02
2.807964895879835012e+02 3.416378024659935022e+02
2.799521603527531397e+02 3.423116740265060116e+02
2.790893134334606316e+02 3.429533482377952396e+02
2.782077484577494602e+02 3.435601341621579650e+02
2.773078106798717499e+02 3.441305599825923878e+02
2.763900349116998427e+02 3.446634886892169334e+02
2.754550201091656163e+02 3.451577829480593209e+02
2.745034197968842022e+02 3.456123083632433577e+02
2.735359865773560273e+02 3.460259922392027079e+02
2.725539187857417573e+02 3.463991311804373936e+02
2.715587851782760822e+02 3.467333935487214944e+02
2.705521210976872908e+02 3.470305461633725486e+02
2.695353727011525393e+02 3.472924003879776365e+02
2.685099877901234890e+02 3.475208016202265071e+02
2.674772757252194992e+02 3.477174712836147137e+02
2.664382522600729999e+02 3.478835459774280707e+02
2.653940627877246925e+02 3.480200380962958775e+02
2.643455553697909863e+02 3.481280192524639006e+02
2.632937836700967296e+02 3.482085663005779566e+02
2.622395818078182401e+02 3.482628243162553758e+02
2.611838132836062414e+02 3.482921927271885920e+02
2.601273910207249287e+02 3.482982987638214354e+02
2.590710665059308440e+02 3.482828138795370023e+02
2.580155569013384707e+02 3.482474336281349565e+02
2.569616253054489903e+02 3.481939041332148008e+02
2.559099107859192941e+02 3.481241940646272610e+02
2.548608576827352294e+02 3.480407519235848781e+02
2.538148196555126219e+02 3.479461032483837357e+02
2.527720939708502215e+02 3.478427763386026186e+02
2.517328377306175753e+02 3.477332914554365288e+02
2.506971169583085555e+02 3.476201599081595646e+02
2.496649794681225387e+02 3.475060073469334725e+02
2.486362785942952769e+02 3.473935023474146533e+02
2.476108677358822661e+02 3.472853213548068538e+02
2.465884047501187695e+02 3.471841046209810315e+02
2.455685309018749649e+02 3.470924944666026022e+02
2.445506951967474265e+02 3.470120803238078793e+02
2.435343709286980527e+02 3.469420821114779869e+02
2.425190139177769311e+02 3.468813436876145602e+02
2.415041429627369780e+02 3.468286874178895118e+02
2.404893302818643974e+02 3.467829259903852517e+02
2.394741509507941828e+02 3.467428220062233777e+02
2.384582781717529087e+02 3.467070664581823962e+02
2.374413888465107618e+02 3.466742729777616887e+02
2.364232234486036646e+02 3.466430368395004393e+02
2.354035865123556732e+02 3.466119493320175593e+02
2.343822845813691060e+02 3.465795580499803350e+02
2.333592480500347506e+02 3.465444259655787960e+02
2.323343665108785672e+02 3.465050453964240660e+02
2.313076892844154031e+02 3.464599401928086309e+02
2.302792171964315742e+02 3.464075765540695215e+02
2.292490956978408008e+02 3.463464409608243955e+02
2.282174843266243442e+02 3.462750031999722751e+02
2.271845765525137324e+02 3.461917550352160902e+02
2.261506999211619586e+02 3.460952392216180442e+02
2.251161802594661765e+02 3.459839672038422123e+02
2.240814348636494060e+02 3.458564474484304014e+02
2.230469571750797684e+02 3.457111860622246127e+02
2.220133035387606242e+02 3.455467501567959516e+02
2.209810833178175926e+02 3.453618063188649216e+02
2.199509831830829398e+02 3.451550329083286783e+02
2.189237743242715624e+02 3.449251149132592786e+02
2.179003178616428613e+02 3.446707482747964946e+02
2.168814780817709220e+02 3.443907453536272101e+02
2.158680332947281215e+02 3.440848267846287740e+02
2.148605319922842227e+02 3.437529447694763576e+02
2.138596696379314608e+02 3.433951116589036587e+02
2.128660457151059973e+02 3.430112630506205278e+02
2.118804415120332578e+02 3.426014271872778068e+02
2.109035494310039098e+02 3.421655287395926166e+02
2.099361700494224579e+02 3.417034797523908765e+02
2.089791442485599475e+02 3.412152021313548289e+02
2.080333530246353462e+02 3.407006350156004828e+02
2.070997180949946710e+02 3.401597397147941138e+02
2.061791971136121617e+02 3.395924928741382587e+02
2.052727721732822488e+02 3.389988449937590644e+02
2.043816049955842402e+02 3.383789087352176921e+02
2.035066788088012402e+02 3.377326455605700062e+02
2.026492590359972326e+02 3.370602941246434057e+02
2.018104244548517272e+02 3.363619534918453837e+02
2.009914358754705006e+02 3.356379318489349544e+02
2.001935204249450067e+02 3.348885823158138351e+02
1.994178968893671993e+02 3.341143188245163742e+02
1.986658047883566383e+02 3.333156675929433845e+02
1.979384692992141765e+02 3.324932546589656113e+02
