1.982925546342475229e+02 3.306945833189623158e+02
1.977132786851992989e+02 3.298017188422870731e+02
1.971773655688764393e+02 3.288845169094042262e+02
1.966840796953403299e+02 3.279467977297957191e+02
1.962321755008236721e+02 3.269919614916812520e+02
1.958201065135544638e+02 3.260231646788863600e+02
1.954460594599935064e+02 3.250433070757630958e+02
1.951079902364862733e+02 3.240550218367840785e+02
1.948036684933902905e+02 3.230606676759298352e+02
1.945306765996472791e+02 3.220623699159692137e+02
1.942864809190113533e+02 3.210619613251632813e+02
1.940684269393396733e+02 3.200610426373893347e+02
1.938738024819014640e+02 3.190609692599151117e+02
1.936998260359001165e+02 3.180628548173378931e+02
1.935437040036850078e+02 3.170676115116331744e+02
1.934026150645230757e+02 3.160759460633768754e+02
1.932737243013682189e+02 3.150883767566691631e+02
1.931542180407413127e+02 3.141052465524549007e+02
1.930415407898205160e+02 3.131266612016786439e+02
1.929333519063987410e+02 3.121525459630937007e+02
1.928273497593258412e+02 3.111827206547933997e+02
1.927212982501594070e+02 3.102169457309290124e+02
1.926129466258427101e+02 3.092547985851484782e+02
1.925001134999149031e+02 3.082959090436305587e+02
1.923805084290964942e+02 3.073397150306294634e+02
1.922519074298582780e+02 3.063856821353226110e+02
1.921121272286808050e+02 3.054331732035016103e+02
1.919590018854884192e+02 3.044814276929064363e+02
1.917906311019046370e+02 3.035296576521766951e+02
1.916074401278234802e+02 3.025767667190545467e+02
1.914113488067594915e+02 3.016216200695793077e+02
1.912043615208010578e+02 3.006632516692911281e+02
1.909885159770357745e+02 2.997008156744522580e+02
1.907658998331697262e+02 2.987336507303519966e+02
1.905388121495850555e+02 2.977612323247536779e+02
1.903099325472289536e+02 2.967831374349805742e+02
1.900820111760495479e+02 2.957991139762593775e+02
1.898578265459093188e+02 2.948090690358977213e+02
1.896401549521299614e+02 2.938130246083242127e+02
1.894318069070890544e+02 2.928111610340553739e+02
1.892357551465674987e+02 2.918037872621137581e+02
1.890550391546484548e+02 2.907913481716598767e+02
1.888927074569035369e+02 2.897744259441506074e+02
1.887518011596661154e+02 2.887537265721595645e+02
1.886353355720133607e+02 2.877300891573538024e+02
1.885461359094430520e+02 2.867044473521737586e+02
1.884866838168422873e+02 2.856778114291344650e+02
1.884594165440105940e+02 2.846512761147089918e+02
1.884667388361420706e+02 2.836260476291326427e+02
1.885110398970055883e+02 2.826034079796713172e+02
1.885947065608679054e+02 2.815847377409130559e+02
1.887202430012598313e+02 2.805715371929959474e+02
1.888901845911659620e+02 2.795654185020013642e+02
1.891070384694365032e+02 2.785680931596813252e+02
1.893732680394437011e+02 2.775813919393552851e+02
1.896912588213259028e+02 2.766072379851795517e+02
1.900613462750004032e+02 2.756472020033847912e+02
1.904808930511799474e+02 2.747021810223894818e+02
1.909470346354029857e+02 2.737729137054788566e+02
1.914569092194440429e+02 2.728600431941082434e+02
1.920076572239182440e+02 2.719641115085623255e+02
1.925962243786284489e+02 2.710854984300480623e+02
1.932183998872672817e+02 2.702241448601637330e+02
1.938695737922325861e+02 2.693797017887899301e+02
1.945451920236837964e+02 2.685516726856787955e+02
1.952407396106872284e+02 2.677393823962375450e+02
1.959517511491117148e+02 2.669420039045394333e+02
1.966738316773371764e+02 2.661585360688567334e+02
1.974026634908589415e+02 2.653878736602540016e+02
1.981340035334481229e+02 2.646286611523093484e+02
1.988636611785458967e+02 2.638794574729481042e+02
1.995875305137605551e+02 2.631386267867684978e+02
2.003019971494837534e+02 2.624045329093640362e+02
2.010054106880000688e+02 2.616759616284006711e+02
2.016967553486778399e+02 2.609514570979310406e+02
2.023749410166712153e+02 2.602297449516667029e+02
2.030389015680840998e+02 2.595095241532899308e+02
2.036876321691320015e+02 2.587895016025773316e+02
2.043210240980326944e+02 2.580685798315505508e+02
2.049397344217802015e+02 2.573462172116302327e+02
2.055445099184949527e+02 2.566217988809105464e+02
2.061360561750081501e+02 2.558948396335724453e+02
2.067151506701405594e+02 2.551647208116993966e+02
2.072826903849680775e+02 2.544311124535580007e+02
2.078402743434165529e+02 2.536941152314834369e+02
2.083896773629957693e+02 2.529538974465520766e+02
2.089325860344931698e+02 2.522108017706088674e+02
2.094706621333355940e+02 2.514652256415135980e+02
2.100054985208347773e+02 2.507176154656621634e+02
2.105381124716801651e+02 2.499681208029612947e+02
2.110690485313653539e+02 2.492166214956055228e+02
2.115988232260662016e+02 2.484630136021013698e+02
2.121279382516482883e+02 2.477072187541967878e+02
2.126568794576208461e+02 2.469491839179340502e+02
2.131860513192888504e+02 2.461888410232254500e+02
2.137156677154869442e+02 2.454259990876223867e+02
2.142459198062637142e+02 2.446604226859067808e+02
2.147769591108509246e+02 2.438919316698183479e+02
2.153089391111254258e+02 2.431203431139390716e+02
2.158420056988609872e+02 2.423454889097112641e+02
2.163763302900483438e+02 2.415672461728827045e+02
2.169120833163572968e+02 2.407855497810435281e+02
2.174494695965355220e+02 2.400002832887988973e+02
2.179886274482318811e+02 2.392114092566412751e+02
2.185297006675553462e+02 2.384188819443393470e+02
2.190729285128143715e+02 2.376227745549763597e+02
2.196187947356689847e+02 2.368234358182290578e+02
2.201677951915464746e+02 2.360212768677227757e+02
2.207203983143986079e+02 2.352167326842864554e+02
2.212770447860885099e+02 2.344102623184471952e+02
2.218381468205926126e+02 2.336023180525671989e+02
2.224039487690008343e+02 2.327932447017108757e+02
2.229746074386841599e+02 2.319833118949157154e+02
2.235502637276158282e+02 2.311727972887505871e+02
2.241310430765882984e+02 2.303619886245481894e+02
2.247170596569966392e+02 2.295511796487016909e+02
2.253084462799479297e+02 2.287406979474720004e+02
2.259053720427039593e+02 2.279309480229456710e+02
2.265080017864365516e+02 2.271223469600567739e+02
2.271164882627205941e+02 2.263153182070385014e+02
2.277309715799790411e+02 2.255102936834182401e+02
2.283515860379258129e+02 2.247077117932525141e+02
2.289784799216831459e+02 2.239080227469695501e+02
2.296117870688452740e+02 2.231117056833425352e+02
2.302516381980357778e+02 2.223192445913690847e+02
2.308981697878152204e+02 2.215311045900060094e+02
2.315514944257690217e+02 2.207477780876168367e+02
2.322117120768913026e+02 2.199697112259759137e+02
2.328788760686409205e+02 2.191973128049773436e+02
2.335530390348837102e+02 2.184309798700988381e+02
2.342342519270004573e+02 2.176711150423908805e+02
2.349225670815359592e+02 2.169181120227203792e+02
2.356180289577353619e+02 2.161723571474421135e+02
2.363206238729567303e+02 2.154341474061198767e+02
2.370303179890321985e+02 2.147037452467625940e+02
2.377470837759465780e+02 2.139814101503488644e+02
2.384709007326584072e+02 2.132673986706896301e+02
2.392017475973597982e+02 2.125619597230272575e+02
2.399395132918107265e+02 2.118651974123846458e+02
2.406839598251700636e+02 2.111770205822543858e+02
2.414348494180345881e+02 2.104973187795954175e+02
2.421919540395944921e+02 2.098259760851775013e+02
2.429550551917335213e+02 2.091628714412624959e+02
2.437239419704564511e+02 2.085078764808468179e+02
2.444984038342862789e+02 2.078608456221276413e+02
2.452782363964268200e+02 2.072216249319670283e+02
2.460632439549398214e+02 2.065900564182389303e+02
2.468532395425885682e+02 2.059659782560228791e+02
2.476481846555481354e+02 2.053492071816183397e+02
2.484484235587900116e+02 2.047395653846180608e+02
2.492540806378479772e+02 2.041370917333520367e+02
2.500652063214901091e+02 2.035418762675574271e+02
2.508818448590255628e+02 2.029540132729060815e+02
2.517040294697971490e+02 2.023736021552224429e+02
2.525317981029302246e+02 2.018007490238497041e+02
2.533651955351577669e+02 2.012355882735799071e+02
2.542042574465315852e+02 2.006782659997555243e+02
2.550490268405694110e+02 2.001289284914927862e+02
2.558995273052734944e+02 1.995877323908264032e+02
2.567557829568048646e+02 1.990548366073300031e+02
2.576178293629694736e+02 1.985304213759128515e+02
2.584856867304241632e+02 1.980146936688068990e+02
2.593593927328133759e+02 1.975078585884409108e+02
2.602389580029267222e+02 1.970101353513372544e+02
2.611243947474223432e+02 1.965217445776365821e+02
2.620156659840841940e+02 1.960428345939049279e+02
2.629125422391687152e+02 1.955733007600890687e+02
2.638147815908637881e+02 1.951129787879130788e+02
2.647221288476129075e+02 1.946617134220425100e+02
2.656343236274570927e+02 1.942193507974454008e+02
2.665511167124219583e+02 1.937857354423933032e+02
2.674722386983099796e+02 1.933606944659208011e+02
2.683974032929955342e+02 1.929440375191991563e+02
2.693263358310547346e+02 1.925355729111485061e+02
2.702587609548549494e+02 1.921351129171596313e+02
2.711944070434061018e+02 1.917424721885796544e+02
2.721329940347631577e+02 1.913574565030064605e+02
2.730742407523065935e+02 1.909798481353878117e+02
2.740178667592509214e+02 1.906094272058125512e+02
2.749635977037539192e+02 1.902459739617577270e+02
2.759111660931627057e+02 1.898892685447821123e+02
2.768603121034418564e+02 1.895390907292643874e+02
2.778107843217268851e+02 1.891952194186226848e+02
2.787623407401370059e+02 1.888574325038449615e+02
2.797147503864862301e+02 1.885255087891923154e+02
2.806677935590097945e+02 1.881992262999122829e+02
2.816212629608547786e+02 1.878783560578338268e+02
2.825749691570117079e+02 1.875626806442913619e+02
2.835287459193516497e+02 1.872520145678843164e+02
2.844824514805570743e+02 1.869461485540655588e+02
2.854359461471202053e+02 1.866449009012463307e+02
2.863891261011867755e+02 1.863480605002630170e+02
2.873419037531572258e+02 1.860554951487887934e+02
2.882944045439858769e+02 1.857674681182865299e+02
2.892468181407068641e+02 1.854845018413087132e+02
2.901993348174042922e+02 1.852071297878572693e+02
2.911521379748398317e+02 1.849358939488377587e+02
2.921054038337134102e+02 1.846713409759734361e+02
2.930592877205432956e+02 1.844140317004248573e+02
2.940139348990077224e+02 1.841645295610020128e+02
2.949694756462236569e+02 1.839234090805486517e+02
2.959260231153681957e+02 1.836912587433531598e+02
2.968836889635524017e+02 1.834686631517279523e+02
2.978425516970214062e+02 1.832562231549129592e+02
2.988026640803858527e+02 1.830545520926234531e+02
2.997640803707878376e+02 1.828642541567284923e+02
3.007268231084817671e+02 1.826859415363036589e+02
3.016908777381540290e+02 1.825202439252232978e+02
3.026562345349855150e+02 1.823677775308071318e+02
3.036228390697413602e+02 1.822291646009676640e+02
3.045905917482139103e+02 1.821050416667873435e+02
3.055594217385980187e+02 1.819960105095556173e+02
3.065291734232124554e+02 1.819026895535092763e+02
3.074996775889581500e+02 1.818256897203566496e+02
3.084707373710553497e+02 1.817656115654158384e+02
3.094421396626681258e+02 1.817230316287134428e+02
3.104136134573185473e+02 1.816985187332465728e+02
3.113848661113511866e+02 1.816926214910227770e+02
3.123555727304283209e+02 1.817058658689767299e+02
3.133253767518183395e+02 1.817387483781254787e+02
3.142938862285320170e+02 1.817916190440324158e+02
3.152607310579350610e+02 1.818646315912962450e+02
3.162255150857446324e+02 1.819578988544855065e+02
3.171878431773202465e+02 1.820714999352420023e+02
3.181474881729084814e+02 1.822054030861754370e+02
3.191046076963019686e+02 1.823593012583824589e+02
3.200589920115058362e+02 1.825327693235439313e+02
3.210102714305293148e+02 1.827253822367701162e+02
3.219581832928666358e+02 1.829367052662454114e+02
3.229024136516246131e+02 1.831663111749235497e+02
3.238427395703017169e+02 1.834137686081226377e+02
3.247788728486887067e+02 1.836786587972857490e+02
3.257106351527368133e+02 1.839605645141503771e+02
3.266378073940829836e+02 1.842590698693394131e+02
3.275601993552360796e+02 1.845737712587776116e+02
3.284776405442751752e+02 1.849042736599528780e+02
3.293899754326578204e+02 1.852501900811506346e+02
3.302970626506564713e+02 1.856111418437428142e+02
3.311987739867475966e+02 1.859867593532821672e+02
3.320949934694512535e+02 1.863766825750864484e+02
3.329856165089484534e+02 1.867805613418701682e+02
3.338705485691635317e+02 1.871980556402262152e+02
3.347496792032255826e+02 1.876288388930222482e+02
3.356229766921534861e+02 1.880725973539115898e+02
3.364903405339148321e+02 1.885290144940985329e+02
3.373517177909168936e+02 1.889977977342392990e+02
3.382070582151840199e+02 1.894786606817083339e+02
3.390563154759101963e+02 1.899713244980376317e+02
3.398994358799354814e+02 1.904755176675473649e+02
3.407364135602619513e+02 1.909909828773698734e+02
3.415672063366391740e+02 1.915174620493201019e+02
3.423917774179580533e+02 1.920547168988919680e+02
3.432101325804706562e+02 1.926025232165512477e+02
3.440222464694987252e+02 1.931606538731609817e+02
3.448281069951224254e+02 1.937288980857847207e+02
3.456277052084297452e+02 1.943070550597750241e+02
3.464210344999389690e+02 1.948949336073172276e+02
3.472080902299632044e+02 1.954923520339571326e+02
3.479888694910742970e+02 1.960991378903495672e+02
3.487633709549910463e+02 1.967151276690731549e+02
3.495315943238822456e+02 1.973401669942139733e+02
3.502935399794196201e+02 1.979741105684466049e+02
3.510492059838566661e+02 1.986168223971608597e+02
3.517985887152636337e+02 1.992681771786125751e+02
3.525416977551402624e+02 1.999280585603790144e+02
3.532785286522604906e+02 2.005963545547080287e+02
3.540090782711418456e+02 2.012729652068344137e+02
3.547333329054226283e+02 2.019578022893648495e+02
3.554513040905161461e+02 2.026507836044347073e+02
3.561629801230482713e+02 2.033518310092381967e+02
3.568683347738582370e+02 2.040608878003654922e+02
3.575673680220129427e+02 2.047778987110401943e+02
3.582600568590370358e+02 2.055028149927834988e+02
3.589463725000168779e+02 2.062356044094088361e+02
3.596262701954547083e+02 2.069762548325898308e+02
3.602994079284165991e+02 2.077249758854170807e+02
3.609653089793727645e+02 2.084820550172035496e+02
3.616234705079663740e+02 2.092477685343450844e+02
3.622733656345143345e+02 2.100223812768408322e+02
3.629144579714240990e+02 2.108061208972051190e+02
3.635461801714250782e+02 2.115992299546230413e+02
3.641679598279506536e+02 2.124018811828877915e+02
3.647791999184519796e+02 2.132142807146038876e+02
3.653792873193744413e+02 2.140365611539004362e+02
3.659675932723013148e+02 2.148688760791958998e+02
3.665434713177115214e+02 2.157113208580036599e+02
3.671062791729534638e+02 2.165639758389075098e+02
3.676553630494561276e+02 2.174268884875203014e+02
3.681900738920010667e+02 2.182999699706656145e+02
3.687098088190368799e+02 2.191830300085884460e+02
3.692140119026679486e+02 2.200758820718213542e+02
3.697021439329791406e+02 2.209784150246582328e+02
3.701736652774446270e+02 2.218903801866475760e+02
3.706280471219891979e+02 2.228116285909596286e+02
3.710647401395002021e+02 2.237418885994775906e+02
3.714832040351347473e+02 2.246809453566096693e+02
3.718828840932518460e+02 2.256285295963062936e+02
3.722632273927633264e+02 2.265843381112718475e+02
3.726236759241873528e+02 2.275481191658340947e+02
3.729636625953188513e+02 2.285194829099276319e+02
3.732826309910489613e+02 2.294981281656464205e+02
3.735800201925273427e+02 2.304836793861023239e+02
3.738556373848821295e+02 2.314756131328465472e+02
3.741097159178063407e+02 2.324733480967701951e+02
3.743425148099763646e+02 2.334762808020674072e+02
3.745543094085591065e+02 2.344838094912377358e+02
3.747453844820391851e+02 2.354953900116749423e+02
3.749160227884651135e+02 2.365104932839049354e+02
3.750665102437291694e+02 2.375285790022344372e+02
3.751971411490211494e+02 2.385491426219809910e+02
3.753082123864655841e+02 2.395717038550728830e+02
3.754000238598000010e+02 2.405957926527614177e+02
3.754728797619795841e+02 2.416209554077360622e+02
3.755270992746303591e+02 2.426467533846212632e+02
3.755630156090264791e+02 2.436727634093032293e+02
3.755809645124799090e+02 2.446985795429168320e+02
3.755812832012792910e+02 2.457238130405265792e+02
3.755643097640945030e+02 2.467480922788224689e+02
3.755303877131237300e+02 2.477710624758151710e+02
3.754798779615441617e+02 2.487923856645221292e+02
3.754131443572244962e+02 2.498117423371804477e+02
3.753305410931836832e+02 2.508288388607970489e+02
3.752324294775910403e+02 2.518433838926316355e+02
3.751191716730344297e+02 2.528551133232799373e+02
3.749911124226339325e+02 2.538637960458844702e+02
3.748486151566971216e+02 2.548691967150576545e+02
3.746920253785270347e+02 2.558711198945077570e+02
3.745216892326491802e+02 2.568693811292744726e+02
3.743379350825686629e+02 2.578638232441188052e+02
3.741410244734919388e+02 2.588542946006003831e+02
3.739309775980971153e+02 2.598406384824967859e+02
3.737077788049801370e+02 2.608226888019140119e+02
3.734714113552061008e+02 2.618002832078100255e+02
3.732218443562550760e+02 2.627732599288180495e+02
3.729590398242336278e+02 2.637414567317021010e+02
3.726829484261520520e+02 2.647047110349060404e+02
3.723935110669228834e+02 2.656628599444407541e+02
3.720906618569738953e+02 2.666157408440170116e+02
3.717743282110663472e+02 2.675631914925374986e+02
3.714444309102592570e+02 2.685050501250883030e+02
3.711008753925270867e+02 2.694411491965603318e+02
3.707435703472148134e+02 2.703713317138050911e+02
3.703724205376370264e+02 2.712954397952385648e+02
3.699873082732212879e+02 2.722133013480143404e+02
3.695881259567133270e+02 2.731247673069312327e+02
3.691747526912567423e+02 2.740296729898821013e+02
3.687470660838081358e+02 2.749278632399777393e+02
3.683049724390167512e+02 2.758192162312965365e+02
3.678486926586239179e+02 2.767039197832382911e+02
3.673786598319445602e+02 2.775821988264860920e+02
3.668953748742443395e+02 2.784542756963882653e+02
3.663993312228645891e+02 2.793203671719455201e+02
3.658910372094211993e+02 2.801807333498013577e+02
3.653710115513548544e+02 2.810356552337286757e+02
3.648397574948889996e+02 2.818854180751223453e+02
3.642978077881470540e+02 2.827303512991226171e+02
3.637455968546187250e+02 2.835707220975133964e+02
3.631830843928721606e+02 2.844064240104145256e+02
3.626100030040400952e+02 2.852371229394000807e+02
3.620261561124468130e+02 2.860624573363575109e+02
3.614313526626871180e+02 2.868820255702253235e+02
3.608254526411677716e+02 2.876953954771049666e+02
3.602083449421409114e+02 2.885021118527181443e+02
3.595799384329805548e+02 2.893016965855775879e+02
3.589401672395787841e+02 2.900936500152795929e+02
3.582889839825743366e+02 2.908774556091099157e+02
3.576263680460299383e+02 2.916525818813666433e+02
3.569523072992251969e+02 2.924184934339605775e+02
3.562668227331253661e+02 2.931746683025066886e+02
3.555699565116651684e+02 2.939205852333903408e+02
3.548617555493407849e+02 2.946557195610184863e+02
3.541422657228422395e+02 2.953795442938605333e+02
3.534115317082575984e+02 2.960915297844787801e+02
3.526695978716525701e+02 2.967911611635583995e+02
3.519165574870552291e+02 2.974779326972390550e+02
3.511524486949107882e+02 2.981513615458896993e+02
3.503773412770543132e+02 2.988109471802098938e+02
3.495912655620972487e+02 2.994562050961170030e+02
3.487942636685797311e+02 3.000866354455616261e+02
3.479863000592333151e+02 3.007017219902751322e+02
3.471673693913942316e+02 3.013009220314427239e+02
3.463374131938446112e+02 3.018837161387175456e+02
3.454963623503511485e+02 3.024495813162178592e+02
3.446441694193335934e+02 3.029980161087391366e+02
3.437811533114554550e+02 3.035291135793412991e+02
3.429080380645665400e+02 3.040435966565858621e+02
3.420255284700161837e+02 3.045422400546775634e+02
3.411342886949507829e+02 3.050258386309675984e+02
3.402349527171640489e+02 3.054952044668848998e+02
3.393281268021358983e+02 3.059511841060508459e+02
3.384144277569011479e+02 3.063946995307164229e+02
3.374944533771625856e+02 3.068267016266672158e+02
3.365687746104152325e+02 3.072481543870811720e+02
3.356379381143003116e+02 3.076600337319388245e+02
3.347024712917613556e+02 3.080633303424128826e+02
3.337629296610861047e+02 3.084591176119851070e+02
3.328198935501886808e+02 3.088485429491760215e+02
3.318739298430014628e+02 3.092327646416068774e+02
3.309255932750872375e+02 3.096129486270971256e+02
3.299754292597811514e+02 3.099902680067241931e+02
3.290239801808408515e+02 3.103659071900997333e+02
3.280717958421749927e+02 3.107410730779914161e+02
3.271194370830281173e+02 3.111169456850940946e+02
3.261676159637200385e+02 3.114942821477881125e+02
3.252170125407344585e+02 3.118736479844278051e+02
3.242681688069556003e+02 3.122556833906047018e+02
3.233215663640841626e+02 3.126409442176511675e+02
3.223776440691573839e+02 3.130299223715338144e+02
3.214368375326657770e+02 3.134231079427822806e+02
3.204995781917938302e+02 3.138209923853869441e+02
3.195662931377436280e+02 3.142240678748697746e+02
3.186373183504692861e+02 3.146327008472458147e+02
3.177127683030227558e+02 3.150469293709555814e+02
3.167927172597053982e+02 3.154667419628453899e+02
3.158772313752833725e+02 3.158921319229715436e+02
3.149663727036071350e+02 3.163230934131849494e+02
3.140601912741495312e+02 3.167596232924448145e+02
3.131587074773626114e+02 3.172016860540692846e+02
3.122619243717074369e+02 3.176492238003903026e+02
3.113698266101276317e+02 3.181021920766677340e+02
3.104824049858942203e+02 3.185605388780596172e+02
3.095996331763710145e+02 3.190242232684962005e+02
3.087214816492609089e+02 3.194932207635781083e+02
3.078479324470588381e+02 3.199675264886365653e+02
3.069789623447579743e+02 3.204471396184951004e+02
3.061145220214690426e+02 3.209320787824074728e+02
3.052545693019934561e+02 3.214223553558283584e+02
3.043990526481251209e+02 3.219179982643438507e+02
3.035479577019229964e+02 3.224191211448150511e+02
3.027012826781093509e+02 3.229258833214394144e+02
3.018590144113518363e+02 3.234384494762437043e+02
3.010211179956299361e+02 3.239569980382186145e+02
3.001875549625866029e+02 3.244817082134413795e+02
2.993583180530673644e+02 3.250128547148823372e+02
2.985334684710030615e+02 3.255508695445627723e+02
2.977130552164690016e+02 3.260962093488345772e+02
2.968971052995967739e+02 3.266493409382910613e+02
2.960856226331501944e+02 3.272107414611908780e+02
2.952785321179672451e+02 3.277807981945301208e+02
2.944753690738424439e+02 3.283592280355982211e+02
2.936755103806706302e+02 3.289454665926418215e+02
2.928783347741455714e+02 3.295389418761310480e+02
2.920832092783922462e+02 3.301390872298485419e+02
2.912895124838826746e+02 3.307453206451098708e+02
2.904965499424409359e+02 3.313569136167749889e+02
2.897035338015995194e+02 3.319729242390811805e+02
2.889096835246697310e+02 3.325923831654621381e+02
2.881142361667306204e+02 3.332143084395426627e+02
2.873164486172535135e+02 3.338377047673888001e+02
2.865155831331736067e+02 3.344615145656612754e+02
2.857108095771556577e+02 3.350844379674082916e+02
2.849013102697489899e+02 3.357050672755472078e+02
2.840863043851136354e+02 3.363219761578546922e+02
2.832650548988086143e+02 3.369337178317650228e+02
2.824368717840749241e+02 3.375388246775420953e+02
2.816011124471661446e+02 3.381358019382979592e+02
2.807571844582520271e+02 3.387231266518593316e+02
2.799045508573896655e+02 3.392992541823325041e+02
2.790427352979930902e+02 3.398626230776825423e+02
2.781713230800668271e+02 3.404116524754792863e+02
2.772899801865114568e+02 3.409447919016707829e+02
2.763985094358686752e+02 3.414606863324628421e+02
2.754967918308986441e+02 3.419580271919082293e+02
2.745847667596872270e+02 3.424354965824778674e+02
2.736624295717638233e+02 3.428917678467249743e+02
2.727298536006578047e+02 3.433255451514747847e+02
2.717874087355593247e+02 3.437363557590845176e+02
2.708357162985863056e+02 3.441245514647914092e+02
2.698754024898141779e+02 3.444905360445026758e+02
2.689070701037302911e+02 3.448347292195748537e+02
2.679313417246668791e+02 3.451575698596384996e+02
2.669488112590634614e+02 3.454595004928707453e+02
2.659599957502218217e+02 3.457409026162170562e+02
2.649655027526518438e+02 3.460021634989946619e+02
2.639657897650286600e+02 3.462436894436943362e+02
2.629614363296185502e+02 3.464659030969852438e+02
2.619529077429439212e+02 3.466692501277721021e+02
2.609406644576436634e+02 3.468541498768939846e+02
2.599251966525314401e+02 3.470210167285444527e+02
2.589069206522452191e+02 3.471702835686371600e+02
2.578862596520033321e+02 3.473023982035377344e+02
2.568637124292972658e+02 3.474178519585045137e+02
2.558397250085934616e+02 3.475171818303047644e+02
2.548145999504412771e+02 3.476009232252745278e+02
2.537886096452315599e+02 3.476695998120063109e+02
2.527620377568636627e+02 3.477237349048508008e+02
2.517351047747431210e+02 3.477638413643100535e+02
2.507080068168296521e+02 3.477904155170418221e+02
2.496809940062996418e+02 3.478039729120907282e+02
2.486541885708056441e+02 3.478050097277128430e+02
2.476278095201755320e+02 3.477940323182225484e+02
2.466019444578167281e+02 3.477715178624040959e+02
2.455767768502981596e+02 3.477379564850513702e+02
2.445523592424527237e+02 3.476937286939622709e+02
2.435288354279789758e+02 3.476390467117551566e+02
2.425062664486361825e+02 3.475740737098487898e+02
2.414847389612303061e+02 3.474989632357990672e+02
2.404643532397459751e+02 3.474138704291785302e+02
2.394451457901777474e+02 3.473189177727925312e+02
2.384272266637566986e+02 3.472142450147307500e+02
2.374106355514376787e+02 3.470999658559053955e+02
2.363954326400138655e+02 3.469761833348558753e+02
2.353816929072808080e+02 3.468430025645531032e+02
2.343694307903139702e+02 3.467004887993539342e+02
2.333587398033854754e+02 3.465487327775970812e+02
2.323496086474046081e+02 3.463877671053688232e+02
2.313421273713112782e+02 3.462176576901605927e+02
2.303362838473159968e+02 3.460384127270626777e+02
2.293321379605105790e+02 3.458500565125135040e+02
2.283297055854730786e+02 3.456525856712683549e+02
2.273289889287539722e+02 3.454459597447425381e+02
2.263300365803586089e+02 3.452301509357085365e+02
2.253328470244299808e+02 3.450050929280073433e+02
2.243374303366786364e+02 3.447707013657910693e+02
2.233437944083994751e+02 3.445268709744707394e+02
2.223519455327429171e+02 3.442734688568469323e+02
2.213618899352197218e+02 3.440103301773164048e+02
2.203736323782095781e+02 3.437372649329275873e+02
2.193871763635181935e+02 3.434540574402377615e+02
2.184025245996061528e+02 3.431604649844773576e+02
2.174196990649438703e+02 3.428560796601242373e+02
2.164390399984396538e+02 3.425398299407901277e+02
2.154609724728689741e+02 3.422103233885599138e+02
2.144860589718841766e+02 3.418662049362944799e+02
2.135148877092229327e+02 3.415060722775340878e+02
2.125482100022728389e+02 3.411285911439125016e+02
2.115867977771791288e+02 3.407324094523778513e+02
2.106315394197690694e+02 3.403162259182711296e+02
2.096834256971505397e+02 3.398787670036509212e+02
2.087435556665035961e+02 3.394187943345071403e+02
2.078131416435706740e+02 3.389351147374305810e+02
2.068935079149318028e+02 3.384265885437313841e+02
2.059860752019997392e+02 3.378921293424509713e+02
2.050924609025837242e+02 3.373308274877231270e+02
2.042142784414989194e+02 3.367417289241379308e+02
2.033534132838275923e+02 3.361241473231887085e+02
2.025117388680501165e+02 3.354773827180700891e+02
2.016913449995868461e+02 3.348009789215326464e+02
2.008943977744166318e+02 3.340946242634882992e+02
2.001231531875484677e+02 3.333581723572639248e+02
1.993799696054064725e+02 3.325916926997219889e+02
1.986672756885798208e+02 3.317954749351955570e+02
