2.003959771572960449e+02 3.287949161488652976e+02
1.997347127216827403e+02 3.280814657567993891e+02
1.991060166843075478e+02 3.273378624093643907e+02
1.985097786563945021e+02 3.265667734537448723e+02
1.979457404817522672e+02 3.257708786767957463e+02
1.974134109125958219e+02 3.249527383349615661e+02
1.969120840955391145e+02 3.241147773862082317e+02
1.964408631090127528e+02 3.232592743679276737e+02
1.959986959917358149e+02 3.223883566487232315e+02
1.955843232078491951e+02 3.215039627831825442e+02
1.951964175564646666e+02 3.206079142881201278e+02
1.948334918859946470e+02 3.197018262405865698e+02
1.944940067548878346e+02 3.187871827094350010e+02
1.941763190829693428e+02 3.178652654781677143e+02
1.938787629025528361e+02 3.169372427171454660e+02
1.935996132901174747e+02 3.160041179773805311e+02
1.933371046905436401e+02 3.150667539799937344e+02
1.930894494801437133e+02 3.141258853796396693e+02
1.928548646992638282e+02 3.131821106946583200e+02
1.926315772557045420e+02 3.122359081935677523e+02
1.924178123695432419e+02 3.112876485012050694e+02
1.922118244130185190e+02 3.103376276092691342e+02
1.920118270555660445e+02 3.093859736396491940e+02
1.918160764285167375e+02 3.084328252425806909e+02
1.916227262610831588e+02 3.074781522611829132e+02
1.914299703272256181e+02 3.065219146666674988e+02
1.912360224325783520e+02 3.055639691419925725e+02
1.910390960809514524e+02 3.046040622896687751e+02
1.908375811091759147e+02 3.036418923988857728e+02
1.906314270224469283e+02 3.026769238425964659e+02
1.904215860116312911e+02 3.017085693396251713e+02
1.902090674900620968e+02 3.007363292744549881e+02
1.899948995081388432e+02 2.997597675795856844e+02
1.897801455198621170e+02 2.987785452861554063e+02
1.895659877892280747e+02 2.977923924105098195e+02
1.893538035570312843e+02 2.968010954697126635e+02
1.891450119522870637e+02 2.958045292384660456e+02
1.889410583084720656e+02 2.948026454059016714e+02
1.887433858855196434e+02 2.937954662340190453e+02
1.885534634213200036e+02 2.927830853824081601e+02
1.883728305417433546e+02 2.917656633375937076e+02
1.882030494126433666e+02 2.907434423633378060e+02
1.880456996213572722e+02 2.897167135533317150e+02
1.879023624433630175e+02 2.886858391919781184e+02
1.877746042894139578e+02 2.876512629413306854e+02
1.876638902976852705e+02 2.866134535904876088e+02
1.875714882735663025e+02 2.855729226204058477e+02
1.874986501853637435e+02 2.845302130216007868e+02
1.874466089488753369e+02 2.834859464721106406e+02
1.874166000286550968e+02 2.824407588699991720e+02
1.874098162423632061e+02 2.813953300385537091e+02
1.874271847537754070e+02 2.803503410156151290e+02
1.874695169342784880e+02 2.793064850275512185e+02
1.875376237949702158e+02 2.782644724853086018e+02
1.876322999924637429e+02 2.772250687645603193e+02
1.877543210496598363e+02 2.761890551658324853e+02
1.879037994899146895e+02 2.751570843069958983e+02
1.880798780902554768e+02 2.741295897085519755e+02
1.882816372139133136e+02 2.731069371362986544e+02
1.885081587334564972e+02 2.720894766972472780e+02
1.887585234697886278e+02 2.710775367603035306e+02
1.890318682802603121e+02 2.700713814834283539e+02
1.893275307757691621e+02 2.690712713760801194e+02
1.896448544859915160e+02 2.680775880513247671e+02
1.899832592263008451e+02 2.670905400932916791e+02
1.903421339453871042e+02 2.661104226329233597e+02
1.907208961837958441e+02 2.651374707674010551e+02
1.911189757604689703e+02 2.641719436993695354e+02
1.915358755903819485e+02 2.632140309762727952e+02
1.919710495932425545e+02 2.622640236534973610e+02
1.924240125058883280e+02 2.613221028284692693e+02
1.928942761629293727e+02 2.603884827033452325e+02
1.933813542557354310e+02 2.594633685958626756e+02
1.938846260891430404e+02 2.585470602932705901e+02
1.944032878548846668e+02 2.576399580134409462e+02
1.949366156196212501e+02 2.567421853816825319e+02
1.954838976656961620e+02 2.558537943444806615e+02
1.960444418130904580e+02 2.549747772057866371e+02
1.966174586753162714e+02 2.541051237229652031e+02
1.972021582778059781e+02 2.532446917177259138e+02
1.977977233936385915e+02 2.523933385991810496e+02
1.984033746205222712e+02 2.515508444894772424e+02
1.990182986029612380e+02 2.507169922540214202e+02
1.996418673014826481e+02 2.498915586615709401e+02
2.002739588424908277e+02 2.490746071112664595e+02
2.009145331909373340e+02 2.482662817865204659e+02
2.015635615151482796e+02 2.474666965851013174e+02
2.022210030296127456e+02 2.466759671175630046e+02
2.028868084970689551e+02 2.458942049103772547e+02
2.035609321110238739e+02 2.451215228312746603e+02
2.042433299511531288e+02 2.443580344199660601e+02
2.049339514362891919e+02 2.436038479355424613e+02
2.056327396439882023e+02 2.428590661080310724e+02
2.063396319269022285e+02 2.421237861127411293e+02
2.070545616393155228e+02 2.413980993199662919e+02
2.077774565521485215e+02 2.406820918789623249e+02
2.085082347569589558e+02 2.399758437187558684e+02
2.092468165616851365e+02 2.392794269124057109e+02
2.099931183648926662e+02 2.385929098320948469e+02
2.107470540552372142e+02 2.379163552331195319e+02
2.115085301910411886e+02 2.372498155814354277e+02
2.122774511712526078e+02 2.365933375391753088e+02
2.130537154321627042e+02 2.359469561219436002e+02
2.138372249764963158e+02 2.353107045957599439e+02
2.146278826061618474e+02 2.346846115503780084e+02
2.154255804649013442e+02 2.340686893870887957e+02
2.162301841170980481e+02 2.334629173009096235e+02
2.170415584513037572e+02 2.328672648202002051e+02
2.178595723493196203e+02 2.322816964732624001e+02
2.186840988778819508e+02 2.317061730518535683e+02
2.195149537933006627e+02 2.311405794361427013e+02
2.203513273904250411e+02 2.305841207370722543e+02
2.211920770223040620e+02 2.300355810948044279e+02
2.220360937949268418e+02 2.294937067696765496e+02
2.228823048238302817e+02 2.289572151384973040e+02
2.237296728603260192e+02 2.284247964292877953e+02
2.245772483628899749e+02 2.278951744957958852e+02
2.254242124683677559e+02 2.273671794111567976e+02
2.262697837095436739e+02 2.268396394550115360e+02
2.271132023554771138e+02 2.263113700062171745e+02
2.279537265995703024e+02 2.257811786596771526e+02
2.287906426928531687e+02 2.252478750222675217e+02
2.296233347516997014e+02 2.247103346037494020e+02
2.304512152706117263e+02 2.241674898684515540e+02
2.312737065765404623e+02 2.236182762280437544e+02
2.320902679065021630e+02 2.230615933953426691e+02
2.329003227700791001e+02 2.224963845133007965e+02
2.337032947283237263e+02 2.219215071054286170e+02
2.344985240800332917e+02 2.213357568300104674e+02
2.352853658639982939e+02 2.207379061561620119e+02
2.360631601159861646e+02 2.201267484681723374e+02
2.368312717255152506e+02 2.195010554173616413e+02
2.375889865349358558e+02 2.188595631604269443e+02
2.383352972857142618e+02 2.182005560997287148e+02
2.390690654573854488e+02 2.175221586585823275e+02
2.397891527225170876e+02 2.168224990496919702e+02
2.404944211753344234e+02 2.160997096590327260e+02
2.411837588647991311e+02 2.153519467874542102e+02
2.418569171468663512e+02 2.145786277394205399e+02
2.425148194834268338e+02 2.137808739594667884e+02
2.431584387622522456e+02 2.129599538971735342e+02
2.437887141180760011e+02 2.121171612754018554e+02
2.444065535454235487e+02 2.112538129576263657e+02
2.450130009569909362e+02 2.103714846841891983e+02
2.456099101056930465e+02 2.094729867348312666e+02
2.461993694345079575e+02 2.085615386246555545e+02
2.467834392868171562e+02 2.076403805253151518e+02
2.473641572894971148e+02 2.067127694859474900e+02
2.479436551680321088e+02 2.057819750386235569e+02
2.485244608984968409e+02 2.048511932903442414e+02
2.491090669218017979e+02 2.039236337880554117e+02
2.496999100940695371e+02 2.030025415977382011e+02
2.502994043323480184e+02 2.020911786553296281e+02
2.509099282928619914e+02 2.011928297693144430e+02
2.515335918597227476e+02 2.003104317815591457e+02
2.521714574265866986e+02 1.994454335602076469e+02
2.528242894452542373e+02 1.985989175001558920e+02
2.534928534252568113e+02 1.977719718693396658e+02
2.541778630848874059e+02 1.969657182519283651e+02
2.548799944843026140e+02 1.961812555238011555e+02
2.555994425478491507e+02 1.954189739965657111e+02
2.563358983389497325e+02 1.946786250681613808e+02
2.570890833542814562e+02 1.939599132602112093e+02
2.578586541237021947e+02 1.932625829291522450e+02
2.586442800306654703e+02 1.925863736946353413e+02
2.594455466213718182e+02 1.919308728405641773e+02
2.602616460796654678e+02 1.912951979692362272e+02
2.610917831344205524e+02 1.906783209661641934e+02
2.619351259896910733e+02 1.900792385941359441e+02
2.627908336676879344e+02 1.894969525021760433e+02
2.636581417888192505e+02 1.889304743063261753e+02
2.645365863072326533e+02 1.883793646813636258e+02
2.654259179267015156e+02 1.878436179557270691e+02
2.663259331181898233e+02 1.873232237406260197e+02
2.672364066049569260e+02 1.868181894366697691e+02
2.681571111050586751e+02 1.863285298004737172e+02
2.690878467229741773e+02 1.858544207070249570e+02
2.700286513237946338e+02 1.853963937597685856e+02
2.709795579985864151e+02 1.849550680387260684e+02
2.719405755542464931e+02 1.845310794662196372e+02
2.729116867023627719e+02 1.841250812192976696e+02
2.738928562677897389e+02 1.837377639268717928e+02
2.748841346629309328e+02 1.833700678361309713e+02
2.758856063135941667e+02 1.830231049681651427e+02
2.768973215453485750e+02 1.826980106843655847e+02
2.779192692237798497e+02 1.823959508544855055e+02
2.789513509637548623e+02 1.821181258387436230e+02
2.799934706894221108e+02 1.818657742753060518e+02
2.810455397283071761e+02 1.816402266689790963e+02
2.821072380373046258e+02 1.814429007628617967e+02
2.831783798200846149e+02 1.812751691061424992e+02
2.842584980953134277e+02 1.811384948568105244e+02
2.853471657308134013e+02 1.810341448567646125e+02
2.864430939741135376e+02 1.809619775516526090e+02
2.875448137738150081e+02 1.809210023085128682e+02
2.886508145060842025e+02 1.809102192254109411e+02
2.897595833018539793e+02 1.809286065382790127e+02
2.908696082759391288e+02 1.809751062835323410e+02
2.919792190334082420e+02 1.810479973497813262e+02
2.930864331173382311e+02 1.811443697312043923e+02
2.941893551589856770e+02 1.812611267617301678e+02
2.952862320985146312e+02 1.813951069978958230e+02
2.963754532623005957e+02 1.815430744279172472e+02
2.974556109390169354e+02 1.817017770037016930e+02
2.985255713878830761e+02 1.818683000694085763e+02
2.995844155146033927e+02 1.820398338344851084e+02
3.006314157055430201e+02 1.822135102786684229e+02
3.016660349347031342e+02 1.823864199402704855e+02
3.026879772259783863e+02 1.825556013159205690e+02
3.036972748118919299e+02 1.827187440971262049e+02
3.046942742821848924e+02 1.828745711429013170e+02
3.056795577990500874e+02 1.830218433989616074e+02
3.066537755911966769e+02 1.831593399908047957e+02
3.076177503058144680e+02 1.832858391015878112e+02
3.085724699080103051e+02 1.834001429335788487e+02
3.095191225739328047e+02 1.835011578118030968e+02
3.104590026756446832e+02 1.835878610530202479e+02
3.113935806861433093e+02 1.836592621588664542e+02
3.123244816845032119e+02 1.837144137046488481e+02
3.132534812958908219e+02 1.837524562866137217e+02
3.141824020479766659e+02 1.837738698308106109e+02
3.151130414596682954e+02 1.837807793692332723e+02
3.160470226812071246e+02 1.837754656048927018e+02
3.169858378969237833e+02 1.837602574872761636e+02
3.179311455349042035e+02 1.837374694879485162e+02
3.188850260122036389e+02 1.837093107647630461e+02
3.198483960501982892e+02 1.836781129409289974e+02
3.208215722528471474e+02 1.836462628016422798e+02
3.218047925618935210e+02 1.836161387607304505e+02
3.227979668969883846e+02 1.835900975908409407e+02
3.238008955838392922e+02 1.835704890696074756e+02
3.248129280408040245e+02 1.835601725751661206e+02
3.258331205124455323e+02 1.835625117756939062e+02
3.268602076556247198e+02 1.835808155186324768e+02
3.278927025866495342e+02 1.836183164084012276e+02
3.289288982261561500e+02 1.836781587451487781e+02
3.299668932122519323e+02 1.837633504931982316e+02
3.310046546557148872e+02 1.838766459004380067e+02
3.320399924753802452e+02 1.840206651398422366e+02
3.330705566552585424e+02 1.841979286336265886e+02
3.340938467669147371e+02 1.844108544820088298e+02
3.351072312912819484e+02 1.846617355613483937e+02
3.361081506856853593e+02 1.849524069340952792e+02
3.370940692932992988e+02 1.852842315821612260e+02
3.380624394876254541e+02 1.856585307159030265e+02
3.390106057134238426e+02 1.860765138534663095e+02
3.399358500733455344e+02 1.865393025558185229e+02
3.408359228817955113e+02 1.870470628632013472e+02
3.417102293955285859e+02 1.875972927422703265e+02
3.425586003313782157e+02 1.881869895494774312e+02
3.433810772578778483e+02 1.888132558687577216e+02
3.441778432226909104e+02 1.894732608923097246e+02
3.449491965046092901e+02 1.901641970572735545e+02
3.456956079880078505e+02 1.908833735286123385e+02
3.464176602684088380e+02 1.916281666450757655e+02
3.471160604176976108e+02 1.923960244606160188e+02
3.477916345182975419e+02 1.931844686806798279e+02
3.484453221271023153e+02 1.939910959419344181e+02
3.490782582269142722e+02 1.948134762592353582e+02
3.496919074349289644e+02 1.956490086009582114e+02
3.502878858090535914e+02 1.964951501527714584e+02
3.508679233803175066e+02 1.973494584228791950e+02
3.514338573629843836e+02 1.982095943487632894e+02
3.519876180864776529e+02 1.990733315458594461e+02
3.525311642876635005e+02 1.999386310028692435e+02
3.530664874871527559e+02 2.008036068931594684e+02
3.535956628061013589e+02 2.016664783090976982e+02
3.541208319441517460e+02 2.025255674451985897e+02
3.546442568457547964e+02 2.033793202065678258e+02
3.551681288632556743e+02 2.042263701385565469e+02
3.556944578121796781e+02 2.050656532779910606e+02
3.562253469388780331e+02 2.058962652930822230e+02
3.567628916966049815e+02 2.067173562248339067e+02
3.573092356464583190e+02 2.075281885648832088e+02
3.578664227566068803e+02 2.083283273382423317e+02
3.584347367503584110e+02 2.091186481313564229e+02
3.590136532187406146e+02 2.099007156461477166e+02
3.596025377235187648e+02 2.106760227048203546e+02
3.602006876520388232e+02 2.114460281590590398e+02
3.608073856078648873e+02 2.122121855521799034e+02
3.614218180218502994e+02 2.129758108025980619e+02
3.620432973640501473e+02 2.137382228850877652e+02
3.626709855218098255e+02 2.145006025694709422e+02
3.633040797824415904e+02 2.152641767785267177e+02
3.639416630619822399e+02 2.160300713791150713e+02
3.645827759615555124e+02 2.167994313906056050e+02
3.652261678988207336e+02 2.175734541907907271e+02
3.658704478114954100e+02 2.183533334482068824e+02
3.665142436110001540e+02 2.191401993731641085e+02
3.671561761125660155e+02 2.199350301835668233e+02
3.677948097064295894e+02 2.207386496824561277e+02
3.684285361737820494e+02 2.215518436792680745e+02
3.690556133362426294e+02 2.223753583890515415e+02
3.696742181763286794e+02 2.232098833314650221e+02
3.702825020286510949e+02 2.240559882913690615e+02
3.708785716956098781e+02 2.249141850709050630e+02
3.714605373751879824e+02 2.257848678116653502e+02
3.720266960297707328e+02 2.266682517614393362e+02
3.725753849624632608e+02 2.275645147324204629e+02
3.731049176939790755e+02 2.284736549877150651e+02
3.736135991325712098e+02 2.293957002991850516e+02
3.740997312267920734e+02 2.303305504461127953e+02
3.745624430974734196e+02 2.312777621714275540e+02
3.750018411732894492e+02 2.322366758811299974e+02
3.754180894437952247e+02 2.332065965427887306e+02
3.758113689783311884e+02 2.341868228416387865e+02
3.761818785743848252e+02 2.351767348700665536e+02
3.765298106910215097e+02 2.361757356484665422e+02
3.768553274650772096e+02 2.371832030975300256e+02
3.771585958693081579e+02 2.381985660744972222e+02
3.774397882688829213e+02 2.392212870262032993e+02
3.776990799736321378e+02 2.402508341915396670e+02
3.779366493211217630e+02 2.412866937658787378e+02
3.781526446872316569e+02 2.423283733092270609e+02
3.783471846704301811e+02 2.433753988371073547e+02
3.785203882491630338e+02 2.444273092167105688e+02
3.786723754189641795e+02 2.454836555365094455e+02
3.788032665503276348e+02 2.465440006759870073e+02
3.789131682664498726e+02 2.476079195314084700e+02
3.790021398438663027e+02 2.486749986892986044e+02
3.790702290962603342e+02 2.497448318314402798e+02
3.791174739007781795e+02 2.508170562630034794e+02
3.791439180877702029e+02 2.518912328245559991e+02
3.791496062962348788e+02 2.529669561898060408e+02
3.791345343434214783e+02 2.540439233600692432e+02
3.790986988556066990e+02 2.551216601313211356e+02
3.790420751887068036e+02 2.561998370971783174e+02
3.789646459202930942e+02 2.572780374875003417e+02
3.788663733555139856e+02 2.583559209900159317e+02
3.787471027192549400e+02 2.594329998688132832e+02
3.786062393337842309e+02 2.605088880273095242e+02
3.784431433615703213e+02 2.615830212952222382e+02
3.782571880051247035e+02 2.626547947497031714e+02
3.780477372978093058e+02 2.637236165508283534e+02
3.778141691735327754e+02 2.647888082956754374e+02
3.775558482474151560e+02 2.658496316143454692e+02
3.772721393218946560e+02 2.669052862664381109e+02
3.769624297574943057e+02 2.679549117258865181e+02
3.766261341826105991e+02 2.689975857764615057e+02
3.762626990465316794e+02 2.700323232287611290e+02
3.758715441494725269e+02 2.710581038687454907e+02
3.754520905508724695e+02 2.720737082312159032e+02
3.750037869168906468e+02 2.730778885208113138e+02
3.745260831691812200e+02 2.740694098690295277e+02
3.740185893863850310e+02 2.750467830160478684e+02
3.734809028781392044e+02 2.760085887076391487e+02
3.729126212230107740e+02 2.769532048360197791e+02
3.723134871692559500e+02 2.778787741886466733e+02
3.716844702673061533e+02 2.787822212969597331e+02
3.710264311751114974e+02 2.796615282908736617e+02
3.703400381805420238e+02 2.805153575555924590e+02
3.696257731506313462e+02 2.813426085694471226e+02
3.688841254310423210e+02 2.821420077217147764e+02
3.681155777962065940e+02 2.829123730876284526e+02
3.673205632288407401e+02 2.836526336882434975e+02
3.664996681671772194e+02 2.843616332815398664e+02
3.656535262675737386e+02 2.850385895253905915e+02
3.647844228849976389e+02 2.856838554939660639e+02
3.638950815658309921e+02 2.862986212694166284e+02
3.629882003045952388e+02 2.868841756591224339e+02
3.620662328523470137e+02 2.874420541652301608e+02
3.611315497515382162e+02 2.879738993603490371e+02
3.601866226341232391e+02 2.884817501109536693e+02
3.592341619636584369e+02 2.889681559730479421e+02
3.582767515257349942e+02 2.894358280389354832e+02
3.573168168092734049e+02 2.898875920924978118e+02
3.563566370348173677e+02 2.903263792335210383e+02
3.553983024975900662e+02 2.907551429826645517e+02
3.544434811062387780e+02 2.911765701695342727e+02
3.534936316447825106e+02 2.915932697182325910e+02
3.525501298366912692e+02 2.920078766958700953e+02
3.516142796834585056e+02 2.924230398845356262e+02
3.506873119716036058e+02 2.928414060478864371e+02
3.497700834277732724e+02 2.932652139731118268e+02
3.488629642021105610e+02 2.936962270036075893e+02
3.479663465343398343e+02 2.941360769865494262e+02
3.470805644964145245e+02 2.945864225508861978e+02
3.462059929668954510e+02 2.950488495325816984e+02
3.453429706696325638e+02 2.955249564631073440e+02
3.444919023031878282e+02 2.960162555579995569e+02
3.436531267030101162e+02 2.965243070511000383e+02
3.428270621096718287e+02 2.970505822632494528e+02
3.420141283809526271e+02 2.975965307964577846e+02
3.412147035328536617e+02 2.981635717961624437e+02
3.404285486458678065e+02 2.987520959554901196e+02
3.396547366993621608e+02 2.993614251041144030e+02
3.388923662600964235e+02 2.999907797813283423e+02
3.381405977607756199e+02 3.006393298870733588e+02
3.373986365633495552e+02 3.013062125619107974e+02
3.366657321981564905e+02 3.019904921205900905e+02
3.359411118559308420e+02 3.026910980169863592e+02
3.352240306961396641e+02 3.034069040551807461e+02
3.345137857128125347e+02 3.041367557656541294e+02
3.338097119431615170e+02 3.048794737897915752e+02
3.331111626965682717e+02 3.056338324882389088e+02
3.324172214395073297e+02 3.063981267738901124e+02
3.317267343667393789e+02 3.071702248278919001e+02
3.310385641070202496e+02 3.079479659910847431e+02
3.303515928036891296e+02 3.087291792619099624e+02
3.296647155908398759e+02 3.095116881608777817e+02
3.289768073727374258e+02 3.102932713925586654e+02
3.282866562905826981e+02 3.110715765787775808e+02
3.275930194757074787e+02 3.118442090237309117e+02
3.268944731655127498e+02 3.126085664341990196e+02
3.261892665482675966e+02 3.133620474618386993e+02
3.254755794487408025e+02 3.141021197111547849e+02
3.247517869676439659e+02 3.148265379719225052e+02
3.240164143809078041e+02 3.155332642352636299e+02
3.232680030281840118e+02 3.162202553187443641e+02
3.225051109715496409e+02 3.168854555430809228e+02
3.217263170935578955e+02 3.175267965332845961e+02
3.209308181310667578e+02 3.181431015055773059e+02
3.201193534367162101e+02 3.187355030828476288e+02
3.192929207938085483e+02 3.193054865432267206e+02
3.184525354844306548e+02 3.198545245944809494e+02
3.175992251491435354e+02 3.203840794502815470e+02
3.167340257144255702e+02 3.208955958449669197e+02
3.158579277347317316e+02 3.213904268537139046e+02
3.149718936589358691e+02 3.218698675558529203e+02
3.140768964907055079e+02 3.223352069242763491e+02
3.131739063851351830e+02 3.227877319847394801e+02
3.122638982762536557e+02 3.232287270437450957e+02
3.113478725024423852e+02 3.236595187067124471e+02
3.104268771858405103e+02 3.240815224438418909e+02
3.095019588108810353e+02 3.244961674232396831e+02
3.085741578200510844e+02 3.249048903643504786e+02
3.076444978628198328e+02 3.253091364749399190e+02
3.067139876114132448e+02 3.257103609164003615e+02
3.057836200045469468e+02 3.261100361383918198e+02
3.048543673433200638e+02 3.265096508384297636e+02
3.039271763683389054e+02 3.269107084248436195e+02
3.030029654929736580e+02 3.273147312701684655e+02
3.020826210352706198e+02 3.277232588498389418e+02
3.011669762077756332e+02 3.281378203429042628e+02
3.002567957642814918e+02 3.285599132843461803e+02
2.993528010384016511e+02 3.289910521954959677e+02
2.984556697124947959e+02 3.294327750612453087e+02
2.975660324552879388e+02 3.298866444685723991e+02
2.966843292255249480e+02 3.303539918219316860e+02
2.958100136949958028e+02 3.308344321724724182e+02
2.949421439723195704e+02 3.313268611104141428e+02
2.940797835356005976e+02 3.318301631375043712e+02
2.932220025961260603e+02 3.323432186576416711e+02
2.923678845123264978e+02 3.328648958124270507e+02
2.915165197633388061e+02 3.333940424494829244e+02
2.906670074726577013e+02 3.339294799409364032e+02
2.898184650572198393e+02 3.344700156590345728e+02
2.889700313995242595e+02 3.350144431851870763e+02
2.881208694811233499e+02 3.355615414822152616e+02
2.872701622415066254e+02 3.361100596464551700e+02
2.864170952375831689e+02 3.366586698171182661e+02
2.855608782633328815e+02 3.372060020944641110e+02
2.847007589704032853e+02 3.377506683285724307e+02
2.838360261120714654e+02 3.382912619161773478e+02
2.829660127402028706e+02 3.388263584905359380e+02
2.820901086337945003e+02 3.393545399700576581e+02
2.812077638500211378e+02 3.398743998648325828e+02
2.803184772165563459e+02 3.403845156959196743e+02
2.794218065763997743e+02 3.408834492240421810e+02
2.785173604783309429e+02 3.413697472806362612e+02
2.776048158238756400e+02 3.418419714766359903e+02
2.766839535563582331e+02 3.422988021284166962e+02
2.757546220967595900e+02 3.427389454795729762e+02
2.748167254944895603e+02 3.431610991917736442e+02
2.738702196461250651e+02 3.435639532055371319e+02
2.729151363060166773e+02 3.439462196016654616e+02
2.719517469481247076e+02 3.443072494520034752e+02
2.709805279401975895e+02 3.446470337835445434e+02
2.700019717190106689e+02 3.449656037006249676e+02
2.690165581355432778e+02 3.452630030802527017e+02
2.680248072205794756e+02 3.455392896044802455e+02
2.670272202255038678e+02 3.457945185826255283e+02
2.660242278080704068e+02 3.460286695142965527e+02
2.650163799342159905e+02 3.462417186694695488e+02
2.640040766577631075e+02 3.464336622383866597e+02
2.629878699006609395e+02 3.466045075206849901e+02
2.619682048384024142e+02 3.467542841767785262e+02
2.609455398233695860e+02 3.468829840067608075e+02
2.599203792767274876e+02 3.469905848840447220e+02
2.588931694862556583e+02 3.470770823781710419e+02
2.578643809588488693e+02 3.471424865257473016e+02
2.568345676553070689e+02 3.471868520520008019e+02
2.558042396757291215e+02 3.472102816005379964e+02
2.547737885195157332e+02 3.472128791589094021e+02
2.537435970682145694e+02 3.471947380285913027e+02
2.527140734661629722e+02 3.471559528407930770e+02
2.516855908471364955e+02 3.470966086627954610e+02
2.506585236520863305e+02 3.470167795394505674e+02
2.496333013677336510e+02 3.469166064550013857e+02
2.486102841115388742e+02 3.467962418487693981e+02
2.475899044052895590e+02 3.466558554191293524e+02
2.465725346931458262e+02 3.464955903770987788e+02
2.455586060185065378e+02 3.463156116966580953e+02
2.445485085879969915e+02 3.461163727803451025e+02
2.435426546820310705e+02 3.458990901359460395e+02
2.425413955219332536e+02 3.456650701690325604e+02
2.415450503545848449e+02 3.454156162263669785e+02
2.405538918450048982e+02 3.451520379520752044e+02
2.395681604244173570e+02 3.448756211833122052e+02
2.385880353210820886e+02 3.445876832801865248e+02
2.376136695807125534e+02 3.442895307439042085e+02
2.366451664968647037e+02 3.439824611870240005e+02
2.356825639604223568e+02 3.436677726667383013e+02
2.347259031809357452e+02 3.433467332307479296e+02
2.337751037642052552e+02 3.430205219905510035e+02
2.328301787015336117e+02 3.426900942375087311e+02
2.318909690718777767e+02 3.423563880100842880e+02
2.309574159090528269e+02 3.420203130938505183e+02
2.300293016046096000e+02 3.416827665118229902e+02
2.291064308026702463e+02 3.413446016481913148e+02
2.281886381114549636e+02 3.410064350404929883e+02
2.272756316760930702e+02 3.406687676457679572e+02
2.263671838620189760e+02 3.403320840194495531e+02
2.254630041679804719e+02 3.399968381267418067e+02
2.245627627475231520e+02 3.396634561684051050e+02
2.236660885567877699e+02 3.393323399723345801e+02
2.227725654009438472e+02 3.390038671898815323e+02
2.218817310796708568e+02 3.386783790594192851e+02
2.209930747811503977e+02 3.383561755405123108e+02
2.201060342096614022e+02 3.380375108214200282e+02
2.192201211570991575e+02 3.377224150408694072e+02
2.183350384956792425e+02 3.374097470974230077e+02
2.174508744805485492e+02 3.370979675727334666e+02
2.165676198503203125e+02 3.367854791830658314e+02
2.156854825785780463e+02 3.364707024970858811e+02
2.148045468238665592e+02 3.361519948453613438e+02
2.139251190534412217e+02 3.358277604481394292e+02
2.130475138882764838e+02 3.354963848561004056e+02
2.121721230460756829e+02 3.351562479510998855e+02
2.112994210758062934e+02 3.348057274942806316e+02
2.104299708629948782e+02 3.344432046652188433e+02
2.095644616884151219e+02 3.340670344601758188e+02
2.087038441624304426e+02 3.336754117286817518e+02
2.078490929163824319e+02 3.332664674796579902e+02
2.070015374959324106e+02 3.328384745420598279e+02
2.061624206048334997e+02 3.323896768901479959e+02
2.053333299704712260e+02 3.319184981753105035e+02
2.045158751520826570e+02 3.314233993212491782e+02
2.037118526468141226e+02 3.309029945372744237e+02
2.029232261373062443e+02 3.303560506116397733e+02
2.021520908601854387e+02 3.297814923908970854e+02
2.014006806513576180e+02 3.291784361884044188e+02
