2.020745022620551197e+02 3.272789872279021779e+02
2.014679257126502989e+02 3.266064905947574744e+02
2.008835586777767617e+02 3.259123877337155477e+02
2.003208502018251238e+02 3.251978058683571362e+02
1.997794481481790285e+02 3.244641824359655402e+02
1.992588844700305515e+02 3.237128977156276619e+02
1.987585847946541833e+02 3.229452672160915654e+02
1.982778850256849807e+02 3.221625414607189555e+02
1.978160655657345899e+02 3.213659219291868112e+02
1.973722273305442343e+02 3.205564169864420023e+02
1.969455399842449026e+02 3.197351240046317571e+02
1.965350174458582728e+02 3.189029190584520279e+02
1.961396905910936539e+02 3.180607025474617444e+02
1.957584485611970706e+02 3.172091973151432285e+02
1.953902083038745161e+02 3.163491511440815316e+02
1.950338373026618797e+02 3.154811814615804906e+02
1.946881796383161998e+02 3.146058228899908045e+02
1.943520672430934439e+02 3.137235458869981812e+02
1.940242654505119901e+02 3.128347567375799372e+02
1.937034936647934842e+02 3.119398020012887969e+02
1.933884683065888623e+02 3.110389560994320277e+02
1.930779370345806001e+02 3.101324667346484034e+02
1.927705924751742828e+02 3.092203974378552971e+02
1.924651573772462712e+02 3.083029058273517080e+02
1.921601813321823897e+02 3.073799660082852370e+02
1.918542452498976729e+02 3.064515929273073311e+02
1.915459405380719033e+02 3.055177006708648264e+02
1.912338503545790900e+02 3.045780991837765441e+02
1.909167696583786835e+02 3.036325668579070225e+02
1.905955048062153594e+02 3.026806101310583585e+02
1.902721494167156209e+02 3.017216971343957539e+02
1.899488549420608479e+02 3.007554348947583662e+02
1.896277865561989984e+02 2.997815486274984664e+02
1.893111382036179293e+02 2.987999054515101420e+02
1.890012549603168281e+02 2.978104811057515349e+02
1.887007552989589954e+02 2.968133610357821794e+02
1.884123010683950099e+02 2.958087638434233781e+02
1.881385698008012639e+02 2.947970225133986446e+02
1.878822255470191749e+02 2.937786050641558973e+02
1.876458944399581696e+02 2.927540755576877132e+02
1.874318122567814839e+02 2.917240892419342799e+02
1.872419915828603223e+02 2.906894038580481947e+02
1.870784494654126604e+02 2.896508082373749744e+02
1.869431923367644401e+02 2.886091820483424613e+02
1.868381974503028005e+02 2.875655063187033988e+02
1.867652066948748768e+02 2.865207644339811281e+02
1.867255334362779422e+02 2.854759693564030840e+02
1.867204430574043954e+02 2.844321536327163358e+02
1.867511703580073856e+02 2.833904373095671758e+02
1.868189443246234589e+02 2.823519388525982095e+02
1.869250475203948838e+02 2.813178385371297168e+02
1.870712264333814119e+02 2.802894492344975674e+02
1.872594097496411223e+02 2.792681905094340777e+02
1.874915065240827801e+02 2.782555505877916744e+02
1.877693870292779081e+02 2.772531263089050526e+02
1.880948603713408716e+02 2.762625772457476501e+02
1.884680823380976165e+02 2.752852692490675963e+02
1.888868077218310475e+02 2.743220253682366092e+02
1.893486109344254658e+02 2.733735313379974627e+02
1.898510660543642530e+02 2.724404047919769596e+02
1.903917463123462426e+02 2.715231860441013509e+02
1.909680272718729839e+02 2.706222500247740186e+02
1.915760955609246139e+02 2.697375263036461206e+02
1.922117073995705425e+02 2.688687256864065489e+02
1.928706949751372122e+02 2.680153512793461346e+02
1.935489129863864264e+02 2.671767901637148270e+02
1.942422636099795739e+02 2.663522672491851040e+02
1.949464896383381074e+02 2.655407838597041064e+02
1.956571558321598445e+02 2.647411042324061441e+02
1.963698689924816847e+02 2.639517878981860690e+02
1.970803149291216414e+02 2.631712435554647982e+02
1.977842639596427148e+02 2.623976953078943097e+02
1.984778794601147922e+02 2.616293115991523450e+02
1.991587837643966452e+02 2.608645463459222356e+02
1.998250590526456847e+02 2.601016390140047179e+02
2.004747886890773145e+02 2.593388328066890267e+02
2.011061112065714269e+02 2.585742818383881172e+02
2.017172363911676314e+02 2.578060749841898200e+02
2.023067114208273267e+02 2.570322233593217334e+02
2.028733561158153691e+02 2.562508737676027408e+02
2.034160908167172579e+02 2.554600351475400544e+02
2.039338740833086661e+02 2.546577179125562509e+02
2.044257656704905912e+02 2.538417691746421099e+02
2.048914218590046232e+02 2.530104157581772313e+02
2.053326434723393561e+02 2.521631162703602058e+02
2.057517098956293466e+02 2.512996447223166001e+02
2.061508347111085868e+02 2.504199377500838750e+02
2.065321993783292953e+02 2.495240229455829137e+02
2.068979593745896750e+02 2.486120402729063414e+02
2.072505149752646787e+02 2.476844384937439827e+02
2.075924496830127737e+02 2.467419577611883028e+02
2.079262801493477184e+02 2.457854684384087136e+02
2.082544452519223341e+02 2.448159622321285553e+02
2.085793038721301969e+02 2.438345482819141523e+02
2.089035081302395724e+02 2.428427441817355543e+02
2.092307192818425960e+02 2.418430717346529093e+02
2.095646650728531313e+02 2.408383747213416939e+02
2.099089268790699521e+02 2.398316707219852901e+02
2.102669477750227429e+02 2.388261277008217576e+02
2.106420098836874502e+02 2.378250384336120931e+02
2.110369790991825880e+02 2.368315796087141791e+02
2.114544098835000625e+02 2.358488634031376421e+02
2.118967265959153963e+02 2.348800961233297642e+02
2.123662560806212980e+02 2.339285656036442731e+02
2.128652193818804221e+02 2.329976387112067755e+02
2.133954276763514315e+02 2.320904477113432165e+02
2.139578628521744008e+02 2.312094339274511015e+02
2.145533468034592772e+02 2.303569464514517620e+02
2.151826600834699548e+02 2.295353447098525805e+02
2.158465480214738363e+02 2.287469941542367735e+02
2.165455205786637691e+02 2.279940615499874923e+02
2.172781300883123947e+02 2.272766068043904966e+02
2.180418555960519598e+02 2.265934051618169178e+02
2.188342462703153046e+02 2.259431199392086853e+02
2.196529356726202593e+02 2.253243223763263643e+02
2.204956378172329607e+02 2.247354997769327838e+02
2.213601992982522404e+02 2.241751277534740723e+02
2.222446603943582772e+02 2.236417383007981527e+02
2.231471422941293383e+02 2.231338158868875325e+02
2.240658326816985380e+02 2.226497853791051114e+02
2.249989855421953280e+02 2.221880162580083606e+02
2.259448619041339441e+02 2.217467638953725384e+02
2.269013537657131963e+02 2.213237156046637040e+02
2.278662346897652640e+02 2.209162509771103942e+02
2.288373453718047585e+02 2.205217023100160247e+02
2.298125772979445003e+02 2.201373542544758948e+02
2.307898957440923482e+02 2.197604498229121077e+02
2.317673010240085318e+02 2.193881814924631044e+02
2.327428297069494647e+02 2.190176888822236094e+02
2.337145614539822418e+02 2.186460780306447873e+02
2.346806153619273800e+02 2.182704370736739463e+02
2.356391501893938596e+02 2.178878239218302895e+02
2.365884088105960643e+02 2.174953742461614468e+02
2.375270453224038079e+02 2.170907210049834930e+02
2.384538713533910936e+02 2.166716995701055168e+02
2.393677055260612292e+02 2.162361481561430878e+02
2.402673709969467666e+02 2.157819087109473344e+02
2.411517208458439256e+02 2.153068483261471044e+02
2.420205128751141501e+02 2.148101416217101871e+02
2.428747263038243887e+02 2.142927343773571920e+02
2.437153955516614587e+02 2.137557242778469231e+02
2.445435234705273899e+02 2.132002344515699974e+02
2.453600837105422272e+02 2.126274113528869236e+02
2.461659878006769020e+02 2.120383717410922770e+02
2.469619435001127101e+02 2.114339910736852914e+02
2.477485810101408958e+02 2.108150782516636355e+02
2.485265121626119367e+02 2.101824567937985933e+02
2.492963318920134270e+02 2.095369639019236843e+02
2.500585367779725914e+02 2.088795862840210305e+02
2.508135363271125016e+02 2.082117092832856997e+02
2.515621742160870440e+02 2.075345697526472577e+02
2.523053859293010817e+02 2.068493468583322397e+02
2.530441091931313622e+02 2.061572184661639824e+02
2.537792838997988838e+02 2.054593589779696288e+02
2.545118697922314936e+02 2.047569867749330115e+02
2.552429297519316549e+02 2.040514779017009914e+02
2.559735484773099188e+02 2.033442500275000384e+02
2.567047984137712433e+02 2.026367349710470762e+02
2.574377457574859136e+02 2.019303671988555777e+02
2.581734418612714990e+02 2.012265941751421394e+02
2.589129300497039594e+02 2.005268858828861767e+02
2.596572411863761545e+02 1.998327265737883920e+02
2.604073882503929553e+02 1.991456225142573260e+02
2.611643620977252453e+02 1.984670923336919373e+02
2.619291297889386669e+02 1.977986737573704374e+02
2.627024499702630465e+02 1.971416277180476868e+02
2.634844293630555967e+02 1.964962308763753640e+02
2.642750457360394876e+02 1.958625620227637683e+02
2.650742663909456382e+02 1.952407086762799793e+02
2.658820476870631637e+02 1.946307648320762667e+02
2.666983473501946946e+02 1.940328316711868410e+02
2.675231078768061934e+02 1.934470112773830408e+02
2.683562536009395671e+02 1.928734059432292156e+02
2.691977111764816186e+02 1.923121240358697435e+02
2.700473984305205022e+02 1.917632841246265798e+02
2.709052278611339375e+02 1.912270138781481705e+02
2.717710981760520781e+02 1.907034566596508682e+02
2.726449212195581140e+02 1.901927801211562894e+02
2.735265984931581897e+02 1.896951661998730572e+02
2.744160224217314408e+02 1.892108062354370190e+02
2.753130758826906685e+02 1.887399010841242841e+02
2.762176325347853094e+02 1.882826628619300209e+02
2.771295650307993128e+02 1.878393326220447079e+02
2.780487403123812555e+02 1.874101739085731992e+02
2.789750160985673801e+02 1.869954612160362899e+02
2.799082340144807404e+02 1.865954809018435867e+02
2.808482116745079793e+02 1.862105282847243757e+02
2.817947656199215771e+02 1.858409106896092169e+02
2.827477130481937593e+02 1.854869614559768820e+02
2.837068086015073618e+02 1.851490237638621181e+02
2.846718446492806720e+02 1.848274481608774522e+02
2.856425411256076927e+02 1.845225971026295326e+02
2.866186309122549005e+02 1.842348017794355997e+02
2.875996237159229736e+02 1.839640091149898922e+02
2.885849827945876882e+02 1.837099556935112048e+02
2.895741653227174766e+02 1.834723786287013354e+02
2.905666316012290054e+02 1.832510105002463376e+02
2.915618465320361565e+02 1.830455742031848558e+02
2.925592845418051411e+02 1.828557716609379611e+02
2.935584198965940459e+02 1.826812675993013784e+02
2.945587415606334503e+02 1.825217152246746082e+02
2.955597563929963485e+02 1.823767608030521785e+02
2.965609899308879562e+02 1.822460303910760899e+02
2.975619929503249637e+02 1.821291424456071582e+02
2.985623433425008670e+02 1.820257232232598881e+02
2.995616522384793257e+02 1.819353809780050995e+02
3.005595616788783104e+02 1.818577088718826076e+02
3.015557430384392887e+02 1.817922961291161528e+02
3.025499194448842673e+02 1.817387034979228133e+02
3.035418534809455196e+02 1.816965053889652211e+02
3.045313453362551854e+02 1.816653161063666744e+02
3.055182805640444030e+02 1.816447090784357670e+02
3.065025577446450598e+02 1.816342624093294376e+02
3.074841398391860707e+02 1.816335417261419707e+02
3.084630502539861823e+02 1.816421030561780015e+02
3.094393889535691073e+02 1.816594966468492771e+02
3.104132953626602784e+02 1.816852779302155625e+02
3.113849829772951239e+02 1.817189949313246586e+02
3.123547318056644144e+02 1.817601914011118822e+02
3.133228889575941594e+02 1.818084285942016436e+02
3.142898176161764923e+02 1.818639612364633251e+02
3.152558551992630100e+02 1.819278917387247532e+02
3.162212458219145788e+02 1.820013722560924805e+02
3.171861631733380023e+02 1.820855447137098793e+02
3.181508692184449956e+02 1.821814596494254772e+02
3.191158955264156702e+02 1.822899025832493010e+02
3.200812820397786140e+02 1.824115431544615831e+02
3.210468138212783629e+02 1.825470498357066447e+02
3.220122832517733400e+02 1.826970732891480225e+02
3.229773498477095472e+02 1.828622620728531842e+02
3.239416687202935350e+02 1.830432441110141326e+02
3.249047600015720150e+02 1.832406670482436084e+02
3.258661492752382287e+02 1.834551749518585098e+02
3.268252606220415828e+02 1.836873935298621632e+02
3.277814741975909669e+02 1.839379334640724437e+02
3.287341225035538628e+02 1.842073850123426553e+02
3.296824897648119190e+02 1.844963185513182680e+02
3.306258119502243744e+02 1.848052899935402138e+02
3.315632814622518936e+02 1.851348331913768845e+02
3.324940503126396152e+02 1.854854571961339786e+02
3.334172323796944397e+02 1.858576456550086107e+02
3.343319053725492722e+02 1.862518561801499857e+02
3.352371035472386893e+02 1.866685256963745303e+02
3.361318590969819411e+02 1.871080419762525366e+02
3.370151456665461183e+02 1.875707767086358899e+02
3.378859200908742650e+02 1.880570732001918657e+02
3.387431108542492098e+02 1.885672434552201082e+02
3.395858500771337276e+02 1.891011900439129647e+02
3.404139814919477658e+02 1.896576563305519301e+02
3.412275713514744666e+02 1.902351859462689845e+02
3.420267426516608111e+02 1.908323631656433008e+02
3.428116821341935179e+02 1.914478156587216233e+02
3.435826634494238192e+02 1.920802009773863404e+02
3.443400090976040815e+02 1.927282102085898430e+02
3.450841063999008043e+02 1.933905728421715366e+02
3.458153986296673565e+02 1.940660589124760804e+02
3.465343819286127882e+02 1.947534796465159843e+02
3.472416026224053098e+02 1.954516881265455197e+02
3.479376491450432241e+02 1.961595864992418967e+02
3.486231408099994269e+02 1.968761359167082503e+02
3.492987367094831370e+02 1.976003426139100725e+02
3.499651357838787362e+02 1.983312559612926691e+02
3.506230713159973220e+02 1.990679685481000547e+02
3.512733074617764260e+02 1.998096208577177322e+02
3.519166360087099861e+02 2.005554331055192847e+02
3.525538423031856041e+02 2.013046742831592724e+02
3.531857443459978185e+02 2.020566627568288993e+02
3.538131711933123711e+02 2.028107572900958644e+02
3.544370304464167702e+02 2.035663873427559167e+02
3.550582160078736820e+02 2.043229907056016259e+02
3.556776446230010151e+02 2.050800443194775369e+02
3.562963279176656783e+02 2.058371136481235055e+02
3.569152393883948662e+02 2.065937676202299826e+02
3.575353765100554710e+02 2.073496414284262812e+02
3.581576853363935129e+02 2.081045533238807366e+02
3.587819996898734303e+02 2.088591006430162338e+02
3.594076688098994623e+02 2.096143052977437549e+02
3.600339576452536221e+02 2.103711252301562524e+02
3.606600809292183953e+02 2.111304876784352587e+02
3.612852464665543266e+02 2.118933055388403659e+02
3.619085249205058403e+02 2.126604260668077870e+02
3.625289819435728873e+02 2.134327435118888161e+02
3.631455523065731086e+02 2.142110468071123535e+02
3.637571955991855361e+02 2.149961303077518835e+02
3.643627807574036410e+02 2.157887008293570545e+02
3.649611592888866767e+02 2.165894431930320820e+02
3.655510748784672046e+02 2.173990035788288537e+02
3.661312125211405260e+02 2.182179857599594470e+02
3.667002874105894534e+02 2.190469205535010246e+02
3.672570360589129450e+02 2.198862112465134828e+02
3.678001739874206351e+02 2.207361445625340934e+02
3.683283681605579432e+02 2.215969432859901929e+02
3.688403152742911288e+02 2.224687483857220514e+02
3.693346611572729330e+02 2.233516594781484343e+02
3.698100524099700124e+02 2.242456955909800627e+02
3.702651059107376454e+02 2.251508323274941290e+02
3.706984304389044951e+02 2.260669735632561697e+02
3.711086655548202202e+02 2.269939391761797367e+02
3.714944348674812318e+02 2.279315148630054750e+02
3.718543691011819874e+02 2.288793751647374961e+02
3.721870813494913364e+02 2.298371783590310713e+02
3.724912079678790633e+02 2.308044897034047835e+02
3.727664376666615453e+02 2.317805048556895997e+02
3.730136790599106575e+02 2.327641160914964757e+02
3.732339358449412430e+02 2.337542404039742507e+02
3.734282484409706626e+02 2.347498470618111526e+02
3.735976783276699393e+02 2.357499837960101274e+02
3.737433050108099906e+02 2.367537571165700001e+02
3.738662441213942316e+02 2.377603203970176935e+02
3.739676341158679520e+02 2.387688960153842288e+02
3.740486268331249562e+02 2.397787713017129079e+02
3.741103881439806855e+02 2.407892941290364206e+02
3.741540970842972342e+02 2.417998757379509414e+02
3.741809593999597041e+02 2.428099896069817021e+02
3.741922048882192939e+02 2.438191735354716627e+02
3.741890700804777907e+02 2.448270331754781353e+02
3.741727952847340930e+02 2.458332432738080513e+02
3.741446221845125706e+02 2.468375489566250565e+02
3.741057848131532637e+02 2.478397674680686578e+02
3.740574909859933541e+02 2.488397897787634179e+02
3.740009371611475899e+02 2.498375802666904804e+02
3.739373022360509822e+02 2.508331737602837848e+02
3.738677623955601916e+02 2.518266900277594402e+02
3.737934810881619683e+02 2.528183259668282972e+02
3.737155855097281574e+02 2.538083449618808345e+02
3.736351983113075903e+02 2.547971173434873151e+02
3.735534039382558831e+02 2.557850784763449496e+02
3.734712612938205893e+02 2.567727643746583226e+02
3.733897834516657781e+02 2.577607892062865176e+02
3.733093363770996120e+02 2.587498017419879943e+02
3.732284978394418431e+02 2.597402308891895473e+02
3.731455253455438879e+02 2.607324107315404831e+02
3.730586614626446362e+02 2.617265857553568367e+02
3.729661249276093145e+02 2.627229014448373050e+02
3.728661155594718366e+02 2.637214110507269424e+02
3.727567733662127125e+02 2.647220567009881620e+02
3.726362007668381580e+02 2.657246650370802854e+02
3.725025005511567997e+02 2.667289486976214334e+02
3.723537823298499347e+02 2.677345020685692134e+02
3.721881690137574310e+02 2.687407969057828723e+02
3.720037933797950132e+02 2.697471812294880351e+02
3.717988347763712227e+02 2.707528650419320684e+02
3.715715108288018769e+02 2.717569271374854907e+02
3.713200571269824763e+02 2.727583220993279269e+02
3.710428015851836676e+02 2.737558320824272187e+02
3.707381223899608358e+02 2.747481283932386873e+02
3.704045779496133264e+02 2.757337648822714868e+02
3.700409305951001215e+02 2.767111442082644430e+02
3.696467466355465490e+02 2.776781416186055935e+02
3.692218246778989510e+02 2.786328532155271205e+02
3.687660207742289913e+02 2.795735590592656195e+02
3.682792209348971824e+02 2.804986282048478188e+02
3.677614888550460819e+02 2.814063801082121472e+02
3.672129642301928243e+02 2.822951713721705573e+02
3.666338019615445205e+02 2.831634155211605162e+02
3.660243231953515988e+02 2.840094666794443583e+02
3.653849412853327294e+02 2.848319533970455950e+02
3.647174638676648328e+02 2.856304404556907457e+02
3.640240856371299287e+02 2.864051809851575285e+02
3.633070322105411947e+02 2.871565020461387689e+02
3.625683367384609141e+02 2.878849606198125457e+02
3.618100033736329806e+02 2.885911935521358487e+02
3.610339390845404068e+02 2.892759953054401194e+02
3.602419653745410528e+02 2.899402966384733418e+02
3.594358179586992605e+02 2.905851215448565199e+02
3.586171375795508993e+02 2.912115825806977227e+02
3.577874871797939704e+02 2.918208668330055957e+02
3.569483426944595408e+02 2.924142498646233435e+02
3.561011725139434247e+02 2.929931414899810989e+02
3.552473961930530777e+02 2.935590331246361302e+02
3.543883556303668456e+02 2.941134654275064122e+02
3.535253189207921309e+02 2.946580189720574481e+02
3.526594878144074414e+02 2.951943056444893045e+02
3.517919999637865658e+02 2.957239604520344187e+02
3.509239541285139694e+02 2.962486485646663255e+02
3.500563833336280481e+02 2.967700454111937347e+02
3.491902871516115852e+02 2.972898434710591573e+02
3.483266209620106224e+02 2.978097384505692844e+02
3.474663033626845277e+02 2.983314298983120807e+02
3.466101877788139518e+02 2.988565605784718855e+02
3.457590970060056748e+02 2.993867756366349795e+02
3.449138383512001269e+02 2.999237048374916981e+02
3.440752038358942855e+02 3.004689694079268065e+02
3.432439499498481723e+02 3.010241568330718565e+02
3.424201601327163758e+02 3.015898785518680256e+02
3.416032207426563332e+02 3.021656954540834477e+02
3.407925206614550575e+02 3.027510828526573619e+02
3.399874842746966124e+02 3.033454822656678402e+02
3.391875685518593286e+02 3.039483092859795761e+02
3.383922612757450565e+02 3.045589505564842625e+02
3.376010748634772085e+02 3.051767657414662267e+02
3.368135463007300245e+02 3.058010933177584434e+02
3.360292354891425930e+02 3.064312539745815798e+02
3.352477228415933155e+02 3.070665530274003459e+02
3.344686061637095804e+02 3.077062815408892789e+02
3.336914848835808129e+02 3.083496978807930304e+02
3.329159594741810793e+02 3.089960321561601972e+02
3.321416413540978851e+02 3.096445069161232482e+02
3.313681509022151772e+02 3.102943398326356146e+02
3.305951154560231089e+02 3.109447458875370671e+02
3.298221706789180985e+02 3.115949458195238435e+02
3.290489677398319373e+02 3.122441823539837173e+02
3.282751277914037473e+02 3.128916980745350429e+02
3.274998802234973709e+02 3.135366656123191547e+02
3.267223421743173617e+02 3.141781196786517398e+02
3.259417516669370798e+02 3.148150149644517342e+02
3.251573807299050145e+02 3.154463466863003873e+02
3.243685255623143462e+02 3.160711398940927666e+02
3.235744865985929550e+02 3.166884160157666201e+02
3.227745704319842162e+02 3.172971908172829103e+02
3.219680908120045046e+02 3.178964743725583730e+02
3.211545873003378802e+02 3.184855996587356231e+02
3.203341610408570546e+02 3.190647387581849443e+02
3.195070080093538536e+02 3.196341902376235566e+02
3.186733327577360910e+02 3.201942458314902638e+02
3.178333444571376845e+02 3.207451916889832546e+02
3.169872586636160463e+02 3.212873046626369273e+02
3.161352768367285080e+02 3.218208265204722238e+02
3.152775908233904829e+02 3.223459758402893840e+02
3.144144045056687560e+02 3.228629644265029128e+02
3.135459178914229597e+02 3.233720023386129014e+02
3.126723401215459148e+02 3.238732932622406224e+02
3.117938857503045256e+02 3.243670387146076450e+02
3.109107698173699532e+02 3.248534398482474330e+02
3.100232084425082348e+02 3.253326942594878801e+02
3.091314286028352853e+02 3.258049959090005245e+02
3.082356516014161230e+02 3.262705397684650279e+02
3.073361029772451616e+02 3.267295200357997373e+02
3.064330186677539132e+02 3.271821458483539118e+02
3.055266391149388596e+02 3.276286341170000469e+02
3.046172032858751777e+02 3.280692019031205291e+02
3.037049518493054165e+02 3.285040674426993519e+02
3.027901202586443787e+02 3.289334512493734906e+02
3.018729466323219981e+02 3.293575827979399264e+02
3.009536730724198037e+02 3.297767072790966267e+02
3.000325379513172948e+02 3.301910744877597494e+02
2.991097744010791075e+02 3.306009380804461557e+02
2.981856095461854466e+02 3.310065561146889195e+02
2.972602438224433854e+02 3.314081551594084090e+02
2.963337378383603777e+02 3.318057200686591273e+02
2.954060957926529341e+02 3.321991357198487549e+02
2.944773212301143417e+02 3.325882868686938423e+02
2.935474195254748793e+02 3.329730622560752522e+02
2.926163951848419629e+02 3.333533515924208359e+02
2.916842513542885058e+02 3.337290434005687985e+02
2.907509890243293853e+02 3.341000238683002976e+02
2.898166092334523682e+02 3.344661813436536022e+02
2.888811132010102938e+02 3.348274069263584920e+02
2.879445022701124799e+02 3.351835947042444559e+02
2.870067777770872794e+02 3.355346379863786979e+02
2.860679373096714926e+02 3.358804357944076742e+02
2.851279804743678596e+02 3.362208855169309913e+02
2.841869059234603583e+02 3.365558886936858016e+02
2.832447122208446899e+02 3.368853509763271745e+02
2.823013978198825953e+02 3.372091822492667461e+02
2.813569601243342504e+02 3.375272946952674147e+02
2.804113953396578722e+02 3.378396025563340572e+02
2.794647003648080954e+02 3.381460229353733098e+02
2.785168687671092584e+02 3.384464822756729063e+02
2.775678970183912497e+02 3.387409100127054558e+02
2.766177805004562060e+02 3.390292405566073626e+02
2.756665132860974268e+02 3.393114126509854600e+02
2.747140888583219294e+02 3.395873704226040104e+02
2.737605001855643536e+02 3.398570639252703245e+02
2.728057416656951091e+02 3.401204465056978847e+02
2.718497999387791992e+02 3.403774727900162134e+02
2.708926072611671430e+02 3.406279094022041249e+02
2.699340516423418990e+02 3.408713334562775117e+02
2.689740330004373163e+02 3.411073164947203509e+02
2.680124742986760680e+02 3.413354243838538764e+02
2.670492975320041751e+02 3.415552385300412652e+02
2.660844501076875304e+02 3.417663435117459585e+02
2.651179199546177188e+02 3.419683076260328107e+02
2.641496548712981962e+02 3.421607443737476615e+02
2.631796947007534868e+02 3.423432246739393463e+02
2.622080204352719193e+02 3.425153670277318270e+02
2.612346853883703375e+02 3.426767696557698173e+02
2.602597473032012658e+02 3.428270358585053259e+02
2.592832531830768517e+02 3.429657956631725710e+02
2.583052983389309816e+02 3.430926718334196721e+02
2.573259789415571390e+02 3.432072985644274468e+02
2.563453529197680041e+02 3.433093624475982892e+02
2.553635118396682060e+02 3.433985807305240883e+02
2.543806313765863649e+02 3.434746545242208526e+02
2.533969025894445508e+02 3.435372722845895055e+02
2.524125066029468485e+02 3.435861250887932670e+02
2.514276647669248064e+02 3.436208852934447577e+02
2.504426160520049791e+02 3.436412095223617484e+02
2.494575609901859536e+02 3.436467912197578016e+02
2.484727979268269848e+02 3.436372996991095192e+02
2.474885480341907282e+02 3.436124276256080066e+02
2.465051429011299433e+02 3.435718322076866116e+02
2.455228299592046994e+02 3.435151955087366105e+02
2.445419809346415434e+02 3.434424292362856477e+02
2.435628678873447086e+02 3.433540830486562072e+02
2.425858228361262263e+02 3.432507764759980660e+02
2.416111268140043080e+02 3.431331255315147359e+02
2.406390147203991035e+02 3.430017511170921694e+02
2.396697810824833823e+02 3.428572482571295836e+02
2.387035948409179298e+02 3.427001965123005220e+02
2.377407005382504792e+02 3.425311444051665148e+02
2.367812923512001362e+02 3.423506320463728230e+02
2.358255096991023549e+02 3.421592008766553477e+02
2.348735791762905194e+02 3.419573712358211992e+02
2.339255522812312336e+02 3.417456420042502145e+02
2.329816737779190703e+02 3.415244385152017799e+02
2.320419516534309992e+02 3.412941792461195973e+02
2.311065956553157719e+02 3.410552701977138668e+02
2.301756276124748410e+02 3.408081039923713433e+02
2.292491446406278044e+02 3.405530618343925084e+02
2.283272777692053239e+02 3.402904520581819270e+02
2.274100116653395105e+02 3.400205423744905033e+02
2.264974408146884173e+02 3.397435988392787181e+02
2.255896104899967725e+02 3.394598664508758930e+02
2.246865494397293617e+02 3.391695745700508837e+02
2.237882737602136274e+02 3.388729281527220678e+02
2.228947878681935038e+02 3.385701017538290785e+02
2.220060808742861411e+02 3.382612502476621898e+02
2.211221251848509155e+02 3.379465084594854147e+02
2.202428753012556513e+02 3.376259894330332259e+02
2.193683709878057471e+02 3.372997003263449756e+02
2.184986559225750682e+02 3.369670405468555145e+02
2.176340972600002317e+02 3.366272408542786820e+02
2.167749260679800614e+02 3.362794809921026626e+02
2.159215891404622596e+02 3.359229799057068817e+02
2.150743586322496128e+02 3.355568955525367301e+02
2.142337228593563339e+02 3.351804613089016698e+02
2.134001358544240929e+02 3.347929081207226432e+02
2.125740944196350881e+02 3.343934724086923893e+02
2.117561403240498521e+02 3.339813975386823586e+02
2.109468616976718920e+02 3.335559373077294367e+02
2.101469094711840455e+02 3.331163581006532581e+02
2.093570531668312640e+02 3.326619341467267645e+02
2.085779286443217018e+02 3.321918769030930321e+02
2.078105281783877842e+02 3.317055707234027295e+02
2.070555684870379309e+02 3.312022701028880078e+02
2.063141120682988969e+02 3.306814336535309167e+02
2.055870768374550437e+02 3.301424539020239877e+02
2.048754855657869882e+02 3.295848242088054008e+02
2.041804363695462143e+02 3.290081220952218928e+02
2.035030441163640376e+02 3.284119818576994021e+02
2.028444593243452232e+02 3.277961219025770561e+02
