1.997754606809514257e+02 3.293553241342793285e+02
1.992427117536661001e+02 3.285001616766355141e+02
1.987459318774558881e+02 3.276266273303276080e+02
1.982843401811068418e+02 3.267371797339090449e+02
1.978569560574351556e+02 3.258341462715293346e+02
1.974626030528656031e+02 3.249196896828078707e+02
1.970999329432217166e+02 3.239958003731397866e+02
1.967674538192005684e+02 3.230642942341574440e+02
1.964635719996452110e+02 3.221268218582401346e+02
1.961865249248164389e+02 3.211848104872293561e+02
1.959345507405581657e+02 3.202395950322663793e+02
1.957057620257587587e+02 3.192922744266984978e+02
1.954983203121866211e+02 3.183438327416425864e+02
1.953104407745231299e+02 3.173949745537755120e+02
1.951404079795756275e+02 3.164463464946647377e+02
1.949864859520947107e+02 3.154984463728268906e+02
1.948469385612725659e+02 3.145516608884478273e+02
1.947200569532863597e+02 3.136062841173313132e+02
1.946043169965982429e+02 3.126624606281175147e+02
1.944983506638097595e+02 3.117202307013354812e+02
1.944008224008811681e+02 3.107795801851192437e+02
1.943104619470218495e+02 3.098405117593563318e+02
1.942259565318849468e+02 3.089028109394328112e+02
1.941461383439164194e+02 3.079664423020728350e+02
1.940698634318497966e+02 3.070310912098604490e+02
1.939960875660620445e+02 3.060965917970041801e+02
1.939237918527295506e+02 3.051627051318878330e+02
1.938519568711431020e+02 3.042290738429686030e+02
1.937797058992161396e+02 3.032954167332691213e+02
1.937071506356059558e+02 3.023612973123715619e+02
1.936350453878076792e+02 3.014262714512262846e+02
1.935641935933467153e+02 3.004899854071369987e+02
1.934954100294727368e+02 2.995520800355162123e+02
1.934295466071247347e+02 2.986123393273790043e+02
1.933674559419687284e+02 2.976706293477558916e+02
1.933099308347136969e+02 2.967267914042720349e+02
1.932577739125518974e+02 2.957807600785311593e+02
1.932118129826694997e+02 2.948325698150495100e+02
1.931728733976361241e+02 2.938821938014759212e+02
1.931418094347416456e+02 2.929297487395078292e+02
1.931195727942877056e+02 2.919753739453806816e+02
1.931071566284387018e+02 2.910191912470250486e+02
1.931055681274468157e+02 2.900614767260682356e+02
1.931158202574373490e+02 2.891025002010550793e+02
1.931389213211031119e+02 2.881425298694706498e+02
1.931759263018409456e+02 2.871819584193959258e+02
1.932279687667839880e+02 2.862212010182731206e+02
1.932961913175522000e+02 2.852607426197368454e+02
1.933817298168463026e+02 2.843010557155974425e+02
1.934857135637866463e+02 2.833427142368811360e+02
1.936092614170578088e+02 2.823863269672174283e+02
1.937534373486840309e+02 2.814325373465705411e+02
1.939192769610515654e+02 2.804820300362700323e+02
1.941078081502250257e+02 2.795355475154780720e+02
1.943200492536465731e+02 2.785938475041305651e+02
1.945569832578148350e+02 2.776577427524374571e+02
1.948184978260833873e+02 2.767278572066494462e+02
1.951028925715629327e+02 2.758044302049241310e+02
1.954083537810709004e+02 2.748876195255922426e+02
1.957330860029983057e+02 2.739774922898251361e+02
1.960753093157451872e+02 2.730740312293901866e+02
1.964332758270882664e+02 2.721772016133289185e+02
1.968053669782549946e+02 2.712869714752404775e+02
1.971900398064923650e+02 2.704031128366119106e+02
1.975857407049890924e+02 2.695255241153936936e+02
1.979909651272838289e+02 2.686539297210630934e+02
1.984042249745491233e+02 2.677880549450119361e+02
1.988242145462791939e+02 2.669275810743165493e+02
1.992498151176013721e+02 2.660723056046356305e+02
1.996799805926623321e+02 2.652218304931788566e+02
2.001136521718876793e+02 2.643758619252518542e+02
2.005498184539064539e+02 2.635340144930212887e+02
2.009875276859247890e+02 2.626958725985447813e+02
2.014260428638658595e+02 2.618607890948678687e+02
2.018647489571475262e+02 2.610277322964043378e+02
2.023029003427849091e+02 2.601959677063555318e+02
2.027397498773361804e+02 2.593647700582089897e+02
2.031745487552139195e+02 2.585334211276072551e+02
2.036064114689321514e+02 2.577009142592262378e+02
2.040342155497426120e+02 2.568662208058092915e+02
2.044569075411432948e+02 2.560281484117527953e+02
2.048734363529183611e+02 2.551855366139990622e+02
2.052828424479681644e+02 2.543370424144078470e+02
2.056844879763622771e+02 2.534815909523953508e+02
2.060790057060273170e+02 2.526187972948592630e+02
2.064673300506465523e+02 2.517484055981043696e+02
2.068503414835649608e+02 2.508702732996259215e+02
2.072289118246818305e+02 2.499842840385111060e+02
2.076039119771350556e+02 2.490903725536040838e+02
2.079764970585181629e+02 2.481887315047169693e+02
2.083480440677145111e+02 2.472797943374837644e+02
2.087198921600222263e+02 2.463640680508953835e+02
2.090933328476629640e+02 2.454421255510344793e+02
2.094696089032787825e+02 2.445146033094187885e+02
2.098501055361066960e+02 2.435823529726132790e+02
2.102367209337482734e+02 2.426467444834199227e+02
2.106313847018192007e+02 2.417093065160917149e+02
2.110359362344562726e+02 2.407716710867411791e+02
2.114521403122828929e+02 2.398355447588344305e+02
2.118816893317416827e+02 2.389027142145838809e+02
2.123262735382138544e+02 2.379751021731662206e+02
2.127875584973658079e+02 2.370547502490183263e+02
2.132671351255240495e+02 2.361437505305242155e+02
2.137665154740645050e+02 2.352442651484689975e+02
2.142871438323189466e+02 2.343585044138546323e+02
2.148302838867041658e+02 2.334886145734785430e+02
2.153968678871795817e+02 2.326365093902229830e+02
2.159877419883830214e+02 2.318040856382961579e+02
2.166037113893623882e+02 2.309932582954495786e+02
2.172455448053821385e+02 2.302059571720893132e+02
2.179138095253325389e+02 2.294439495699974998e+02
2.186074117424260237e+02 2.287072398419818740e+02
2.193243480745134946e+02 2.279947557801605740e+02
2.200626675194752693e+02 2.273053385570560181e+02
2.208204829252884736e+02 2.266377596964672421e+02
2.215959685553990823e+02 2.259907262833583559e+02
2.223873803239134759e+02 2.253629123820296911e+02
2.231930808576063043e+02 2.247529906097543630e+02
2.240114915550904300e+02 2.241595903631205431e+02
2.248410854193539876e+02 2.235812947823623631e+02
2.256803861987110054e+02 2.230166449506491233e+02
2.265279591701663549e+02 2.224641376067492899e+02
2.273823665034598775e+02 2.219221793282685553e+02
2.282421996480344433e+02 2.213891179313781663e+02
2.291060922049143471e+02 2.208632749932216370e+02
2.299727077165705111e+02 2.203429395240600286e+02
2.308407534859521775e+02 2.198263812474606880e+02
2.317089700030363986e+02 2.193118530058932549e+02
2.325761389143872861e+02 2.187976046868457445e+02
2.334410678177704312e+02 2.182818686633105187e+02
2.343025883896460186e+02 2.177628688564328741e+02
2.351595526108123977e+02 2.172388113039847894e+02
2.360108319068589822e+02 2.167079051769955811e+02
2.368553316686391668e+02 2.161683707721252290e+02
2.376919742434173770e+02 2.156184347266126338e+02
2.385196909266344960e+02 2.150563227300925178e+02
2.393374198980108929e+02 2.144802610178533087e+02
2.401441225019435990e+02 2.138884979909081494e+02
2.409395432067118463e+02 2.132803982277376917e+02
2.417244752390754456e+02 2.126568443155047703e+02
2.424997615670124276e+02 2.120188471320457211e+02
2.432662206702950982e+02 2.113674373402422759e+02
2.440246486273820210e+02 2.107036636264841434e+02
2.447758313130317447e+02 2.100286056548482634e+02
2.455205877871234748e+02 2.093434326461568276e+02
2.462597367530554777e+02 2.086493511266164376e+02
2.469940822257908621e+02 2.079475796239440513e+02
2.477244158031538745e+02 2.072393471985683959e+02
2.484515846011653650e+02 2.065259258662002253e+02
2.491766913772862893e+02 2.058087113029251043e+02
2.499008813435305854e+02 2.050891723600387024e+02
2.506252836358650313e+02 2.043687917699556067e+02
2.513510212310081329e+02 2.036490569674181188e+02
2.520792050612641901e+02 2.029314617720293654e+02
2.528109180252804151e+02 2.022174737596203897e+02
2.535471390297580285e+02 2.015084345554297727e+02
2.542888041879564867e+02 2.008056618087635172e+02
2.550368468950954366e+02 2.001104809310475048e+02
2.557921717152283634e+02 1.994242348448734674e+02
2.565556661359829036e+02 1.987482711713867332e+02
2.573281222477490928e+02 1.980838229153610541e+02
2.581102112524357040e+02 1.974320261107360182e+02
2.589026093441635794e+02 1.967940164552507269e+02
2.597059443977150295e+02 1.961709582846177398e+02
2.605208308071375995e+02 1.955640276056845153e+02
2.613476762934812427e+02 1.949741106664347114e+02
2.621861949061883479e+02 1.944010977142579009e+02
2.630359976048271164e+02 1.938446561831175927e+02
2.638966706742805286e+02 1.933044699983288695e+02
2.647677877357243688e+02 1.927802292686883732e+02
2.656489454643514136e+02 1.922716272615387254e+02
2.665397890030409940e+02 1.917784773567827017e+02
2.674399930537489922e+02 1.913006863622618994e+02
2.683492484564558822e+02 1.908381605789035120e+02
2.692672328247269320e+02 1.903908173825140011e+02
2.701936194900896453e+02 1.899585807712234953e+02
2.711280579669171402e+02 1.895413870036360890e+02
2.720702138418913023e+02 1.891391737510743667e+02
2.730197389334385321e+02 1.887518894549185688e+02
2.739762781231534632e+02 1.883794883862452423e+02
2.749394693207098044e+02 1.880219304203173181e+02
2.759089404575262847e+02 1.876791749852197881e+02
2.768842785927798218e+02 1.873511188454833416e+02
2.778650443053057870e+02 1.870376186033681165e+02
2.788507986137798866e+02 1.867385329321286065e+02
2.798410960330296007e+02 1.864537247622973553e+02
2.808354786244915431e+02 1.861830572296613013e+02
2.818334808366517450e+02 1.859263482629938267e+02
2.828346046218899801e+02 1.856833273814259258e+02
2.838383097644313580e+02 1.854537052174208327e+02
2.848441102178774713e+02 1.852371902312734733e+02
2.858514857761443864e+02 1.850334844418639477e+02
2.868599510916946542e+02 1.848422766156936348e+02
2.878689374601561894e+02 1.846630731609899101e+02
2.888778804737698920e+02 1.844952876515870628e+02
2.898862351575693310e+02 1.843383254036923802e+02
2.908934842040121111e+02 1.841915784690663713e+02
2.918991433283832180e+02 1.840544207817829374e+02
2.929027739391774503e+02 1.839262564591817011e+02
2.939039972972308306e+02 1.838065473606087323e+02
2.949024727773866061e+02 1.836947513848041353e+02
2.958978971720649156e+02 1.835903172919928465e+02
2.968900245746308997e+02 1.834926673317198720e+02
2.978786482998896190e+02 1.834012330155688062e+02
2.988636308482905974e+02 1.833155548318967476e+02
2.998449193666341444e+02 1.832351965459124870e+02
3.008225013838980999e+02 1.831597140800582793e+02
3.017963987833599049e+02 1.830886679677725226e+02
3.027667308303459777e+02 1.830215920558664493e+02
3.037336566339709520e+02 1.829580349755154316e+02
3.046973744542744384e+02 1.828975805516471667e+02
3.056582356781825638e+02 1.828397753939390498e+02
3.066165780163537988e+02 1.827841912317677497e+02
3.075728356368639993e+02 1.827304006580391160e+02
3.085275210143846607e+02 1.826779514027819005e+02
3.094812425450517139e+02 1.826262172559946748e+02
3.104346586392395579e+02 1.825745318988610109e+02
3.113885423315892353e+02 1.825222436351380679e+02
3.123437642066169815e+02 1.824687216764290838e+02
3.133012900678407959e+02 1.824133883173138599e+02
3.142621066046745568e+02 1.823566784460128645e+02
3.152271538905652051e+02 1.823002669738839359e+02
3.161972294571964994e+02 1.822459280179488701e+02
3.171730165555823646e+02 1.821954500091304965e+02
3.181552337835694289e+02 1.821505512550045580e+02
3.191447096058577131e+02 1.821127508261523644e+02
3.201415574099805781e+02 1.820837305500900527e+02
3.211455411519461904e+02 1.820652455101634928e+02
3.221563333162946492e+02 1.820590136221941577e+02
3.231734160080053471e+02 1.820667354368767121e+02
3.241961652150957889e+02 1.820900651363608347e+02
3.252237749979531714e+02 1.821307369796430748e+02
3.262552992234490716e+02 1.821905160332424316e+02
3.272896546089003209e+02 1.822711306179145083e+02
3.283256409589763507e+02 1.823742591221146654e+02
3.293619453369020107e+02 1.825015238808178140e+02
3.303971739654130033e+02 1.826544256509374975e+02
3.314299354418105281e+02 1.828341697376561115e+02
3.324587896248013976e+02 1.830418532577823214e+02
3.334822322152469383e+02 1.832785215034926125e+02
3.344986987712701421e+02 1.835451674417449226e+02
3.355065740741742957e+02 1.838427210311948841e+02
3.365043128019058827e+02 1.841718966602625471e+02
3.374903397426637639e+02 1.845331252571730545e+02
3.384631557898572396e+02 1.849268658022537295e+02
3.394211787447445658e+02 1.853534991386055708e+02
3.403628119970582020e+02 1.858133655414893326e+02
3.412867217978771919e+02 1.863063073623174262e+02
3.421924722581854894e+02 1.868307760658057077e+02
3.430798228206393787e+02 1.873849288576743675e+02
3.439486988651399884e+02 1.879670182227344242e+02
3.447991012417813295e+02 1.885753375119008410e+02
3.456310562339867829e+02 1.892081675565623300e+02
3.464446600043512490e+02 1.898639874515480699e+02
3.472400016635068596e+02 1.905413717243197027e+02
3.480172315072088622e+02 1.912389313712717183e+02
3.487765597614911144e+02 1.919553135214233635e+02
3.495182535186436326e+02 1.926892019383944614e+02
3.502426569402956034e+02 1.934392902594518375e+02
3.509502253942680454e+02 1.942042438564513134e+02
3.516414769640161921e+02 1.949827606246626601e+02
3.523169813070703640e+02 1.957735822022526406e+02
3.529773587674937403e+02 1.965754989086725004e+02
3.536232810590526583e+02 1.973873407137714935e+02
3.542555268773580224e+02 1.982078880777986569e+02
3.548749831045183782e+02 1.990359550997552560e+02
3.554825764177125507e+02 1.998704031938736136e+02
3.560792783810850892e+02 2.007101618919560622e+02
3.566660915774450018e+02 2.015541722798985518e+02
3.572440901712647587e+02 2.024014647801581930e+02
3.578143913934533202e+02 2.032511223289578197e+02
3.583781476358073519e+02 2.041022395601791004e+02
3.589365646007209421e+02 2.049540134532514628e+02
3.594908705305485910e+02 2.058057017256946040e+02
3.600422027393795474e+02 2.066566981798750646e+02
3.605906348054976434e+02 2.075073102612387004e+02
3.611356831025300380e+02 2.083582098875502311e+02
3.616768260984186441e+02 2.092100605288300130e+02
3.622134995612981925e+02 2.100635010982532549e+02
3.627451150412533707e+02 2.109191246614805380e+02
3.632710282713657080e+02 2.117775276314016821e+02
3.637905727898076407e+02 2.126392450209133642e+02
3.643030296765984986e+02 2.135048148223820306e+02
3.648076642861575465e+02 2.143747120879561692e+02
3.653036992227109749e+02 2.152493978988034655e+02
3.657903352587043742e+02 2.161292824121609613e+02
3.662667416910592806e+02 2.170147443254470545e+02
3.667320592385407281e+02 2.179061214194899776e+02
3.671854549286238125e+02 2.188036667954019379e+02
3.676261436820955169e+02 2.197075531917087403e+02
3.680533543589764918e+02 2.206179092960157107e+02
3.684662722862523196e+02 2.215348533868897505e+02
3.688640908188457956e+02 2.224584352504960805e+02
3.692459602824960712e+02 2.233886949906767256e+02
3.696110340470167444e+02 2.243256093737750803e+02
3.699584383834356345e+02 2.252691307408866521e+02
3.702872872510665161e+02 2.262191646174172490e+02
3.705966892410489208e+02 2.271755717543896367e+02
3.708857183767363495e+02 2.281381840077048082e+02
3.711534668843606823e+02 2.291067715035300125e+02
3.713989979561571317e+02 2.300810740409586117e+02
3.716213973972722897e+02 2.310607728336199216e+02
3.718206522242758183e+02 2.320452516676332664e+02
3.719977808243933168e+02 2.330336240835492845e+02
3.721538847145840236e+02 2.340250470778350120e+02
3.722900978268754670e+02 2.350187408722138116e+02
3.724075635272054683e+02 2.360139850211408259e+02
3.725074356568459848e+02 2.370101208568040079e+02
3.725908936849978659e+02 2.380065586965649231e+02
3.726591287996302526e+02 2.390027690033182068e+02
3.727133383844697505e+02 2.399982837983889965e+02
3.727547284596873851e+02 2.409927020736362238e+02
3.727845093470557458e+02 2.419856888323693056e+02
3.728038576364840537e+02 2.429769803439069165e+02
3.728139150862616589e+02 2.439663824686513465e+02
3.728158208703957257e+02 2.449537660981705756e+02
3.728107107571298684e+02 2.459390682694320276e+02
3.727997147226743095e+02 2.469222936252537295e+02
3.727839454261576293e+02 2.479035164361816328e+02
3.727644735251973316e+02 2.488828823748579282e+02
3.727423491723943130e+02 2.498606075588795647e+02
3.727185975427062203e+02 2.508369656171664985e+02
3.726942339533509880e+02 2.518123343468055282e+02
3.726702591462242253e+02 2.527871570301066413e+02
3.726477298546684551e+02 2.537619219871608323e+02
3.726277680182787435e+02 2.547372739824046448e+02
3.726114516659740730e+02 2.557138986210547671e+02
3.725998224776200232e+02 2.566926107656808540e+02
3.725938666900731278e+02 2.576742982748231157e+02
3.725938073348144712e+02 2.586599030463436861e+02
3.725977856572703217e+02 2.596500812564049738e+02
3.726035618020445099e+02 2.606453905058774581e+02
3.726088727021607383e+02 2.616462749269662709e+02
3.726114247379674111e+02 2.626530508123974528e+02
3.726088808585010952e+02 2.636659202188691324e+02
3.725986390677977624e+02 2.646849019842463235e+02
3.725779267722578538e+02 2.657098245653389199e+02
3.725439720382660198e+02 2.667403485444734201e+02
3.724940150976283348e+02 2.677759606680473894e+02
3.724253178839742873e+02 2.688159672949776677e+02
3.723351839295785908e+02 2.698595016451552624e+02
3.722210280129955891e+02 2.709055099963449038e+02
3.720803266798063191e+02 2.719527523197118057e+02
3.719105899748558386e+02 2.729998174534713371e+02
3.717094537345383287e+02 2.740450379237382776e+02
3.714746530171098584e+02 2.750866052162521100e+02
3.712043974564588780e+02 2.761226464748580156e+02
3.708972844501890336e+02 2.771511352062395872e+02
3.705529377947548255e+02 2.781691342281981179e+02
3.701712114949655756e+02 2.791740296753744701e+02
3.697519942099667674e+02 2.801635069819961359e+02
3.692952416503845257e+02 2.811354408912611120e+02
3.688012220521361542e+02 2.820876838059614329e+02
3.682702945787555677e+02 2.830181674908978948e+02
3.677028203568683580e+02 2.839249366564412753e+02
3.670993774613442611e+02 2.848059370964319896e+02
3.664606036409107332e+02 2.856595153206815212e+02
3.657887596992912336e+02 2.864850424216377860e+02
3.650864998607260645e+02 2.872827545107492142e+02
3.643565469000461121e+02 2.880529322282609428e+02
3.636013573434117347e+02 2.887961893641077040e+02
3.628233725387465256e+02 2.895132122124961143e+02
3.620248883080259361e+02 2.902048769037448892e+02
3.612080645930697074e+02 2.908722088815018765e+02
3.603749588210106367e+02 2.915163438316060933e+02
3.595275127891580382e+02 2.921385293355016302e+02
3.586675785459659096e+02 2.927401005052213918e+02
3.577969170305431703e+02 2.933225330973378391e+02
3.569174035456021556e+02 2.938876034363232179e+02
3.560308948303833176e+02 2.944372427746998824e+02
3.551391438382281649e+02 2.949734529196617245e+02
3.542438044124982639e+02 2.954982947849662196e+02
3.533464438575609279e+02 2.960138768823774171e+02
3.524485872669619084e+02 2.965224017778919574e+02
3.515517762826490298e+02 2.970261714347179236e+02
3.506574463400003197e+02 2.975275349350841907e+02
3.497670019975880109e+02 2.980288519733124986e+02
3.488817746577369121e+02 2.985325043905838243e+02
3.480030538140966883e+02 2.990408693037107923e+02
3.471320181042830768e+02 2.995562572484056432e+02
3.462698216850137101e+02 3.000809608050765291e+02
3.454175815338937809e+02 3.006172702907564371e+02
3.445763988270314258e+02 3.011674648661912670e+02
3.437473347840435167e+02 3.017337676089967431e+02
3.429304905000594772e+02 3.023170317363181425e+02
3.421249861724776906e+02 3.029166235048019189e+02
3.413299479258556630e+02 3.035317889507934979e+02
3.405445533350666665e+02 3.041617282837089533e+02
3.397680313277065807e+02 3.048056022453321248e+02
3.389996393841469171e+02 3.054625121857393424e+02
3.382386181102788214e+02 3.061314380229148924e+02
3.374842335943073408e+02 3.068113081984384394e+02
3.367357880569256849e+02 3.075010245645495388e+02
3.359926162016016633e+02 3.081994657220702152e+02
3.352540798843205607e+02 3.089054874802644122e+02
3.345195335840953135e+02 3.096178782767296411e+02
3.337883248755725845e+02 3.103353674366057362e+02
3.330598190406992103e+02 3.110566709562239680e+02
3.323333962521117542e+02 3.117804958771596375e+02
3.316084488625871813e+02 3.125055428333456007e+02
3.308844083227173201e+02 3.132305592489025798e+02
3.301608122992604422e+02 3.139544483519580353e+02
3.294371448832337705e+02 3.146761656620569738e+02
3.287120254420174774e+02 3.153949045711048029e+02
3.279840625640023859e+02 3.161096560406470530e+02
3.272522881245246822e+02 3.168191567460058309e+02
3.265159188611976333e+02 3.175223987633732463e+02
3.257743016173379829e+02 3.182185659393026640e+02
3.250267896519221154e+02 3.189068423047414740e+02
3.242727431545779382e+02 3.195864055130455199e+02
3.235115285200804465e+02 3.202564278060465313e+02
3.227427216717413216e+02 3.209163772808032604e+02
3.219664148705356865e+02 3.215664946624306708e+02
3.211827875755997184e+02 3.222071366558229215e+02
3.203920290835466176e+02 3.228386518656175213e+02
3.195943297261028420e+02 3.234613851471181647e+02
3.187898837255899025e+02 3.240756627099821117e+02
3.179788185823505842e+02 3.246816966197733336e+02
3.171612161823130691e+02 3.252796296075977125e+02
3.163371813000943007e+02 3.258695889609620622e+02
3.155068012483390021e+02 3.264517081904086240e+02
3.146701817322674515e+02 3.270261073703404691e+02
3.138274138649061911e+02 3.275928662759957888e+02
3.129785365096381042e+02 3.281519920352625945e+02
3.121235831796553839e+02 3.287034780973900752e+02
3.112626185127716099e+02 3.292473006446837758e+02
3.103956884175937603e+02 3.297834440666596265e+02
3.095228463822161871e+02 3.303118772726802490e+02
3.086441176779698594e+02 3.308325086421937726e+02
3.077595157767953538e+02 3.313452138593132190e+02
3.068690578267253386e+02 3.318498642704929011e+02
3.059727797563878653e+02 3.323463212680618426e+02
3.050707101602222906e+02 3.328344485567399715e+02
3.041628790124473767e+02 3.333140850035988478e+02
3.032493060409403824e+02 3.337850346813896181e+02
3.023300172175760849e+02 3.342470942258941022e+02
3.014050467661760422e+02 3.347000560698050435e+02
3.004744373941774711e+02 3.351437086992188483e+02
2.995382407686270767e+02 3.355778373942393387e+02
2.985965191439993305e+02 3.360022271835785546e+02
2.976493443371204535e+02 3.364166614676391305e+02
2.966967905962778786e+02 3.368209229692646431e+02
2.957389610780778071e+02 3.372147850833738403e+02
2.947759506305470154e+02 3.375980278028807788e+02
2.938078748547986834e+02 3.379704381693839537e+02
2.928348667743505302e+02 3.383318186918112929e+02
2.918570691391890364e+02 3.386819732404057390e+02
2.908746337941383899e+02 3.390207063843763535e+02
2.898877216493472133e+02 3.393478239794180809e+02
2.888964950558383862e+02 3.396631436520846137e+02
2.879011757653968289e+02 3.399665195517488883e+02
2.869019700423541508e+02 3.402578350610074267e+02
2.858990986579018454e+02 3.405369743801131222e+02
2.848927890456188834e+02 3.408038268857236517e+02
2.838832748404868767e+02 3.410582892375630877e+02
2.828708100217822334e+02 3.413003025322333883e+02
2.818556695926291127e+02 3.415298606773376378e+02
2.808381266728110859e+02 3.417469695308605537e+02
2.798184673040749431e+02 3.419516431630470379e+02
2.787969664573341788e+02 3.421439093721260178e+02
2.777739039147735980e+02 3.423238177593299838e+02
2.767495759013541488e+02 3.424914812552953549e+02
2.757242782985630356e+02 3.426470399507563229e+02
2.746983004417323286e+02 3.427906474070634886e+02
2.736719204074617551e+02 3.429224699907933314e+02
2.726454171533096087e+02 3.430426933578743842e+02
2.716190921107383360e+02 3.431516414797717971e+02
2.705932624901789723e+02 3.432497749164581933e+02
2.695682267589822345e+02 3.433375760763460676e+02
2.685442548133332252e+02 3.434155393541774401e+02
2.675216060698522824e+02 3.434841802511928677e+02
2.665005067699950132e+02 3.435440293372811880e+02
2.654811458213204105e+02 3.435956006704134893e+02
2.644637036121587812e+02 3.436394426298490998e+02
2.634483189349108443e+02 3.436760906455623399e+02
2.624351113391467152e+02 3.437061181301288570e+02
2.614241718856578132e+02 3.437300940689000299e+02
2.604155592544657338e+02 3.437485466312563744e+02
2.594092914707424598e+02 3.437619921251746860e+02
2.584053726483350033e+02 3.437709448452229140e+02
2.574037776214354380e+02 3.437759302162991730e+02
2.564044199079473287e+02 3.437775242096848274e+02
2.554071874034225118e+02 3.437763154019907006e+02
2.544119899432213003e+02 3.437728186766760814e+02
2.534187280352704477e+02 3.437675206021831968e+02
2.524272713567252708e+02 3.437609043308739842e+02
2.514375005277808270e+02 3.437534286323523816e+02
2.504492884690107530e+02 3.437455282715750400e+02
2.494624441420822336e+02 3.437376468597036592e+02
2.484768404506920092e+02 3.437301824789684019e+02
2.474922487113978775e+02 3.437235478615135662e+02
2.465085146000088230e+02 3.437181116261002671e+02
2.455253730021562433e+02 3.437142554048531906e+02
2.445426391305352070e+02 3.437120481275963471e+02
2.435600336550819236e+02 3.437109359615849939e+02
2.425773678063979162e+02 3.437102443803332221e+02
2.415944474258998866e+02 3.437092845521191862e+02
2.406110818417947996e+02 3.437073628677275678e+02
2.396271613849077369e+02 3.437037537349124250e+02
2.386425208587645272e+02 3.436977459425891652e+02
2.376570819218708266e+02 3.436886089756607134e+02
2.366707648401829545e+02 3.436755971986725626e+02
2.356834936352497607e+02 3.436579613828797051e+02
2.346952715584264979e+02 3.436349209761902443e+02
2.337060481602668176e+02 3.436056896554994182e+02
2.327158971782978938e+02 3.435694159599833597e+02
2.317248259357796485e+02 3.435252559246512192e+02
2.307329574686059459e+02 3.434723334173692706e+02
2.297403834514217067e+02 3.434097724178092221e+02
2.287472609397914880e+02 3.433366806957030803e+02
2.277537946330728857e+02 3.432521166552807586e+02
2.267601970316721349e+02 3.431551330940700950e+02
2.257667509417418330e+02 3.430447674350249940e+02
2.247737748387253305e+02 3.429200462421972020e+02
2.237816337403205580e+02 3.427799886140365402e+02
2.227907425265651398e+02 3.426236084832485744e+02
2.218015689837716593e+02 3.424499167892548712e+02
2.208146374748880305e+02 3.422579224657733334e+02
2.198305326205048686e+02 3.420466347709042907e+02
2.188499031600863987e+02 3.418150661412030900e+02
2.178734524514990483e+02 3.415622621066877400e+02
2.169018546810543171e+02 3.412875727969175728e+02
2.159357973888301387e+02 3.409904271769650563e+02
2.149760259435160492e+02 3.406702813210928866e+02
2.140233344058878231e+02 3.403265720550371043e+02
2.130785877310230774e+02 3.399587853700263054e+02
2.121426972093095173e+02 3.395664056085376501e+02
2.112166439464704695e+02 3.391489491691920648e+02
2.103014757913998665e+02 3.387059633492474973e+02
2.093983094902581286e+02 3.382370329076808275e+02
2.085083321353307610e+02 3.377417876571367970e+02
2.076328027124244215e+02 3.372199051165011383e+02
2.067730580196095218e+02 3.366710968128046488e+02
2.059305224533831336e+02 3.360951950803811314e+02
2.051066630443032466e+02 3.354920409534936425e+02
2.043030455699873471e+02 3.348616466282263104e+02
2.035212671671258420e+02 3.342040604936074146e+02
2.027630021859086469e+02 3.335194888132328970e+02
2.020299555991629461e+02 3.328082575696320760e+02
2.013238644805619515e+02 3.320708196533695400e+02
2.006464875224720856e+02 3.313077773458988986e+02
1.999995841241275798e+02 3.305198853880975776e+02
