2.017567788967027411e+02 3.275659332122295950e+02
2.012260005819051969e+02 3.268123704034032357e+02
2.007243978469577428e+02 3.260400245122115734e+02
2.002512304228844755e+02 3.252504306367778213e+02
1.998058842253084890e+02 3.244453441427960456e+02
1.993876047528751201e+02 3.236264198386838871e+02
1.989955125227278927e+02 3.227952053245917909e+02
1.986286256531629988e+02 3.219531434211207284e+02
1.982859021663523436e+02 3.211015963567477911e+02
1.979661044241317995e+02 3.202416765388607587e+02
1.976680810508687216e+02 3.193745850209936066e+02
1.973905121035966488e+02 3.185012437369248346e+02
1.971321647550336991e+02 3.176225790297417575e+02
1.968918234369554625e+02 3.167392160759403055e+02
1.966683674574291558e+02 3.158518294237053397e+02
1.964606359305345507e+02 3.149609523365051587e+02
1.962674589872192428e+02 3.140670378633650444e+02
1.960876808140057506e+02 3.131704839041609034e+02
1.959202351652088510e+02 3.122715857440622926e+02
1.957641356979271734e+02 3.113705702394578907e+02
1.956184119732565421e+02 3.104676207527693350e+02
1.954821492552736402e+02 3.095629677229821368e+02
1.953543615504582647e+02 3.086565727579972531e+02
1.952341879758179459e+02 3.077486593395725549e+02
1.951207010654073883e+02 3.068391164473340496e+02
1.950130604208189880e+02 3.059280329305545933e+02
1.949104349245097865e+02 3.050154066498988641e+02
1.948119780665793996e+02 3.041010913782368448e+02
1.947169459175815973e+02 3.031850438285218274e+02
1.946251942157899748e+02 3.022670889418375850e+02
1.945369729004122803e+02 3.013470383872626144e+02
1.944525667178399431e+02 3.004247582698038173e+02
1.943722617206763061e+02 2.995000558598569000e+02
1.942963753739018387e+02 2.985728610396183171e+02
1.942252264374872652e+02 2.976431544989665099e+02
1.941590825037831394e+02 2.967108426198273605e+02
1.940982204556041779e+02 2.957759028296819110e+02
1.940429406208588432e+02 2.948383933767842677e+02
1.939935401195543818e+02 2.938982621227636969e+02
1.939503418356961788e+02 2.929555929273482775e+02
1.939137375806791397e+02 2.920104600678571387e+02
1.938841478756359891e+02 2.910628800286160072e+02
1.938620088855502672e+02 2.901130181673996162e+02
1.938477662620856563e+02 2.891609975308048774e+02
1.938418659247915627e+02 2.882069058998332594e+02
1.938448115493686998e+02 2.872509464472169043e+02
1.938572043785199526e+02 2.862933165068258177e+02
1.938796614852938092e+02 2.853342638276844809e+02
1.939128008569541635e+02 2.843739911997046192e+02
1.939572398830734983e+02 2.834127896592381717e+02
1.940136120557424988e+02 2.824509634354412810e+02
1.940826340791938094e+02 2.814888511735281895e+02
1.941650573316848920e+02 2.805268264142344492e+02
1.942616335592060750e+02 2.795653067468464883e+02
1.943731138503707143e+02 2.786047082121181120e+02
1.945002343977715782e+02 2.776454907334853033e+02
1.946432505968708710e+02 2.766880472850876345e+02
1.948017203982238925e+02 2.757326070079719784e+02
1.949751546282335255e+02 2.747793803252191651e+02
1.951630755958278485e+02 2.738285373596895624e+02
1.953650125540418685e+02 2.728802161327060958e+02
1.955804919782868865e+02 2.719345708185917943e+02
1.958090081875072883e+02 2.709917480694743972e+02
1.960500589186674745e+02 2.700517558192849492e+02
1.963031358955383894e+02 2.691147211129215862e+02
1.965677616410143287e+02 2.681806641894928589e+02
1.968434651378963451e+02 2.672496261674928633e+02
1.971297820129350669e+02 2.663215983464602914e+02
1.974262440513730610e+02 2.653966110528148761e+02
1.977324150958901612e+02 2.644745773983575532e+02
1.980478592838584575e+02 2.635554809844151123e+02
1.983721728349722184e+02 2.626392570400998920e+02
1.987049695771990230e+02 2.617258213249930350e+02
1.990458708904156993e+02 2.608149319758696265e+02
1.993944828381254979e+02 2.599061417774159395e+02
1.997503293862968121e+02 2.589991602541171005e+02
2.001129279158925272e+02 2.580936983988218572e+02
2.004817994782526966e+02 2.571894671132806138e+02
2.008564571985406815e+02 2.562860728899074161e+02
2.012363762390718875e+02 2.553831453507780225e+02
2.016210531857318244e+02 2.544802423905720161e+02
2.020099859587174649e+02 2.535769336319519880e+02
2.024026938668662012e+02 2.526727101675731433e+02
2.027989901000053123e+02 2.517672634927400850e+02
2.031997828674524271e+02 2.508609280543968794e+02
2.036061985335406064e+02 2.499542081088935959e+02
2.040193147345020748e+02 2.490476862468508443e+02
2.044401725433073125e+02 2.481419914309124692e+02
2.048697752710261852e+02 2.472378036394064509e+02
2.053091420888808614e+02 2.463358917446170437e+02
2.057592959395464902e+02 2.454371080254424839e+02
2.062212140389041792e+02 2.445423539473259780e+02
2.066958262722959887e+02 2.436525762932401165e+02
2.071840154413546600e+02 2.427687642203056839e+02
2.076866098391764126e+02 2.418919401037864816e+02
2.082043671619369434e+02 2.410231414414521680e+02
2.087379926265558652e+02 2.401634313737425259e+02
2.092881517098903430e+02 2.393139031607211393e+02
2.098554694545993016e+02 2.384756755822166099e+02
2.104405291753149356e+02 2.376498876072538167e+02
2.110438397789864950e+02 2.368376645974690859e+02
2.116658554883710508e+02 2.360401245055242896e+02
2.123069872758116503e+02 2.352583977064332714e+02
2.129676271820784450e+02 2.344936206842692457e+02
2.136481396238199295e+02 2.337469396356234483e+02
2.143488854977413212e+02 2.330195255664569061e+02
2.150702516920307232e+02 2.323126008933780327e+02
2.158126113102172781e+02 2.316273989972253844e+02
2.165763191960640768e+02 2.309651555446316991e+02
2.173617151303502908e+02 2.303271069916242197e+02
2.181689768417101618e+02 2.297143340059857337e+02
2.189968247072013696e+02 2.291263436872429509e+02
2.198431871612489203e+02 2.285616795533820209e+02
2.207060531360201878e+02 2.280188005440674033e+02
2.215834809115566770e+02 2.274960975736424587e+02
2.224735948287282383e+02 2.269918977700827156e+02
2.233745120053345090e+02 2.265043858012815292e+02
2.242842736129281320e+02 2.260315274147437776e+02
2.252009695972506620e+02 2.255712144262115260e+02
2.261227520636254269e+02 2.251212887391597519e+02
2.270478310618530600e+02 2.246795492028959700e+02
2.279744894762668537e+02 2.242437769135275971e+02
2.289012068525009909e+02 2.238118815742143966e+02
2.298265638896248220e+02 2.233818395318716341e+02
2.307491783042499947e+02 2.229516096582076727e+02
2.316677217934559110e+02 2.225191027348690795e+02
2.325808701349805858e+02 2.220822495844261937e+02
2.334875267760679947e+02 2.216391660633641720e+02
2.343868799082038947e+02 2.211883514613753903e+02
2.352781693204216253e+02 2.207283225745498214e+02
2.361606262288769358e+02 2.202576140010279460e+02
2.370335122160953460e+02 2.197747361782487019e+02
2.378960601385824987e+02 2.192782276936941912e+02
2.387475129865339625e+02 2.187665818839419671e+02
2.395870954726387936e+02 2.182382957797209713e+02
2.404140280195889829e+02 2.176918753129010042e+02
2.412275274330233970e+02 2.171258346565789168e+02
2.420268341347709509e+02 2.165387054785884686e+02
2.428118614139361284e+02 2.159300252178724975e+02
2.435834482884003194e+02 2.153006806307580803e+02
2.443424701569565229e+02 2.146516778003735055e+02
2.450897729514944103e+02 2.139840458317677871e+02
2.458261753118676438e+02 2.132988349732873701e+02
2.465524967454711032e+02 2.125971524080035238e+02
2.472696658964505900e+02 2.118803150749058091e+02
2.479786313491510441e+02 2.111497178601717621e+02
2.486803217893154851e+02 2.104067708814864943e+02
2.493756482753065598e+02 2.096528979828810293e+02
2.500654299477020857e+02 2.088896825276926563e+02
2.507506372062491380e+02 2.081193691624837072e+02
2.514329461313324146e+02 2.073443480122599283e+02
2.521141313817012133e+02 2.065669727177352399e+02
2.527959578820045010e+02 2.057896040371704771e+02
2.534801779404438662e+02 2.050146095335348662e+02
2.541685292281097475e+02 2.042443809220140736e+02
2.548627527282406788e+02 2.034813564604990290e+02
2.555645701303422754e+02 2.027279976858886528e+02
2.562756748243854759e+02 2.019867908994079073e+02
2.569977285951801491e+02 2.012602416265969225e+02
2.577323504820150220e+02 2.005508720123717126e+02
2.584809949498558126e+02 1.998610356482321038e+02
2.592449490921433721e+02 1.991929265286681527e+02
2.600254610530884634e+02 1.985487625319950666e+02
2.608237249201648069e+02 1.979307928758812238e+02
2.616408871147808100e+02 1.973412990160106233e+02
2.624775955659901570e+02 1.967818807258049674e+02
2.633329469951097508e+02 1.962517636841200215e+02
2.642057315548358929e+02 1.957496773918138047e+02
2.650947301678505710e+02 1.952743558403954580e+02
2.659987199905106650e+02 1.948245313284244276e+02
2.669164867038494435e+02 1.943989335400297307e+02
2.678468012186833676e+02 1.939962667988665430e+02
2.687884252752675707e+02 1.936152089780091785e+02
2.697401350711162422e+02 1.932544317884750171e+02
2.707007168151757242e+02 1.929126013315008947e+02
2.716689709333399492e+02 1.925883764441180404e+02
2.726436792021098086e+02 1.922803408395065219e+02
2.736235558908848589e+02 1.919869031196793401e+02
2.746073283558683329e+02 1.917064281510852481e+02
2.755937567138977329e+02 1.914372627053653559e+02
2.765816378806607645e+02 1.911777338002678732e+02
2.775698152151769591e+02 1.909261575118724750e+02
2.785572387204868505e+02 1.906809490170138019e+02
2.795429439067420390e+02 1.904405798765538407e+02
2.805260130249324675e+02 1.902035037820146215e+02
2.815055840502151909e+02 1.899681496904405833e+02
2.824808641081448854e+02 1.897329117549367652e+02
2.834511790219389127e+02 1.894963194291837567e+02
2.844160516717137170e+02 1.892572333458063838e+02
2.853751509581957180e+02 1.890144874827120418e+02
2.863281120021845254e+02 1.887669609714528463e+02
2.872747354745504254e+02 1.885134503065907552e+02
2.882148446191176845e+02 1.882529475576318134e+02
2.891489715713091186e+02 1.879856879325024295e+02
2.900778391038194286e+02 1.877126769568833140e+02
2.910021908445420422e+02 1.874349343041511986e+02
2.919227663292355146e+02 1.871534939919068563e+02
2.928403008253310418e+02 1.868694001441743637e+02
2.937554503384719169e+02 1.865836226843070165e+02
2.946688081742417467e+02 1.862969480625706922e+02
2.955809502732020633e+02 1.860101612097927841e+02
2.964924379217867454e+02 1.857240699459968596e+02
2.974038621205012873e+02 1.854394801623841147e+02
2.983157593331542330e+02 1.851572267930513362e+02
2.992286289028368174e+02 1.848781354859158057e+02
3.001430055673642983e+02 1.846030117485139215e+02
3.010593828635360296e+02 1.843326861125081848e+02
3.019782044226597009e+02 1.840680242302829299e+02
3.028999548062751614e+02 1.838098879011209874e+02
3.038250581071451961e+02 1.835592016448052561e+02
3.047538819254904752e+02 1.833169777543966177e+02
3.056868617384058098e+02 1.830842111941527435e+02
3.066242872502801902e+02 1.828619411805973414e+02
3.075664326735011969e+02 1.826512182419728560e+02
3.085135276548276693e+02 1.824531208242225659e+02
3.094657693987219886e+02 1.822688235672952146e+02
3.104232477790963571e+02 1.820995507961119699e+02
3.113859912128983183e+02 1.819465260716574448e+02
3.123539458129514514e+02 1.818109682056721681e+02
3.133269713457277135e+02 1.816940856616195958e+02
3.143048270820664243e+02 1.815970845780780110e+02
3.152872055421732398e+02 1.815211475224096773e+02
3.162736812077316131e+02 1.814674290104246097e+02
3.172637350247416066e+02 1.814370465673941339e+02
3.182568432569576657e+02 1.814309868560672498e+02
3.192525242240071179e+02 1.814498960893095898e+02
3.202499443830866426e+02 1.814942589995247602e+02
3.212481423447282509e+02 1.815645361508207429e+02
3.222461595548582522e+02 1.816611345927605043e+02
3.232429897614977108e+02 1.817844441226359606e+02
3.242376203551261824e+02 1.819348010416669297e+02
3.252290142655388081e+02 1.821125083048262070e+02
3.262161374544542127e+02 1.823177838914442646e+02
3.271979422947930516e+02 1.825508257748600158e+02
3.281733721557307604e+02 1.828118066491073250e+02
3.291413620448052484e+02 1.831008720476325777e+02
3.301008409325193043e+02 1.834181387832217638e+02
3.310507357646171158e+02 1.837636888632151795e+02
3.319899698668164092e+02 1.841375778831634307e+02
3.329174626300971909e+02 1.845398380205190563e+02
3.338321298403962487e+02 1.849704786139566579e+02
3.347328833170656708e+02 1.854294880871260318e+02
3.356186202901341744e+02 1.859168694292129658e+02
3.364882180230173958e+02 1.864325854951030976e+02
3.373405586146730570e+02 1.869766076287516796e+02
3.381745084136970831e+02 1.875488722517108897e+02
3.389889307296743368e+02 1.881492910887018866e+02
3.397829645370416642e+02 1.887772903731911924e+02
3.405566428868426101e+02 1.894308985146412283e+02
3.413102816160107977e+02 1.901079108317833573e+02
3.420442994434055777e+02 1.908061886544412857e+02
3.427592103840042910e+02 1.915236546979904517e+02
3.434556547433403466e+02 1.922582787617626821e+02
3.441344043055931934e+02 1.930080180961337817e+02
3.447963670793018878e+02 1.937708451159410288e+02
3.454425441727547650e+02 1.945447996537694166e+02
3.460740242880998494e+02 1.953279912379793757e+02
3.466919793997741976e+02 1.961186004597952888e+02
3.472976118236561547e+02 1.969149380092371473e+02
3.478920724185253448e+02 1.977155277651563949e+02
3.484765545532574151e+02 1.985189801794074924e+02
3.490523094890377820e+02 1.993239707624365451e+02
3.496206380102745470e+02 2.001292385210920202e+02
3.501828690453065747e+02 2.009336110708302101e+02
3.507401932898909536e+02 2.017362287946136234e+02
3.512936641110586038e+02 2.025363920821589829e+02
3.518443687144538785e+02 2.033334628059456008e+02
3.523933928628881631e+02 2.041268379430145217e+02
3.529419387457955963e+02 2.049160345096576066e+02
3.534911230321367839e+02 2.057005676178001181e+02
3.540420154826736621e+02 2.064800408677097039e+02
3.545958241062694469e+02 2.072542200253632814e+02
3.551536568736907498e+02 2.080228114234478483e+02
3.557166493072929256e+02 2.087855983310585373e+02
3.562859425397782047e+02 2.095425938705166402e+02
3.568616306088508736e+02 2.102944020096455233e+02
3.574434560242082171e+02 2.110420936414352582e+02
3.580310455848087940e+02 2.117866436112920212e+02
3.586239802046542877e+02 2.125290109767557567e+02
3.592218745794731944e+02 2.132702085492299773e+02
3.598242194412421782e+02 2.140110503022556259e+02
3.604307293142784943e+02 2.147524743105066989e+02
3.610409138797765536e+02 2.154951867927292710e+02
3.616544018526836339e+02 2.162400649083304245e+02
3.622706751706207342e+02 2.169878256372764724e+02
3.628892256732340797e+02 2.177392866824682187e+02
3.635092515961773074e+02 2.184953091168048616e+02
3.641298325431196190e+02 2.192567848892530833e+02
3.647501416636374643e+02 2.200246865088743959e+02
3.653693672092967404e+02 2.207998939330971950e+02
3.659866055636752549e+02 2.215830812528198805e+02
3.666006520626784777e+02 2.223748294997011499e+02
3.672101200301907511e+02 2.231758793605150117e+02
3.678134791953323770e+02 2.239868026348646879e+02
3.684092285756645424e+02 2.248081820367912940e+02
3.689957918677881707e+02 2.256404760752323000e+02
3.695715690195850129e+02 2.264840988674635298e+02
3.701349014761938747e+02 2.273393990644824783e+02
3.706840617986081270e+02 2.282066496943724587e+02
3.712173332599270452e+02 2.290860510954228459e+02
3.717329496966836473e+02 2.299777228116654726e+02
3.722291473419812746e+02 2.308817038920807931e+02
3.727047536908622192e+02 2.317977716005653690e+02
3.731592759823561209e+02 2.327254906339009608e+02
3.735922631276835659e+02 2.336643951949230029e+02
3.740032745950007325e+02 2.346139942390621798e+02
3.743918702004926331e+02 2.355738095081748611e+02
3.747576294380622244e+02 2.365433497598805275e+02
3.751002358913201533e+02 2.375220674224545405e+02
3.754194062663930822e+02 2.385094165265129789e+02
3.757148592831505880e+02 2.395048538230466306e+02
3.759863163939438095e+02 2.405078232599365720e+02
3.762335032363203595e+02 2.415177609955699722e+02
3.764561557725195939e+02 2.425340937153488312e+02
3.766540201355241493e+02 2.435562381239736851e+02
3.768268467999413929e+02 2.445836009196184762e+02
3.769743905000079280e+02 2.456155777799359896e+02
3.770964104777304442e+02 2.466515522781406560e+02
3.771926560116048108e+02 2.476908954829129925e+02
3.772628306581919446e+02 2.487329649198362915e+02
3.773066327460554135e+02 2.497770988233571359e+02
3.773237590130221975e+02 2.508226371967439547e+02
3.773139223466509407e+02 2.518688466308672957e+02
3.772768437476290160e+02 2.529149878163325980e+02
3.772121609859754017e+02 2.539603518685926247e+02
3.771194864991127247e+02 2.550040909848218291e+02
3.769984290276993306e+02 2.560454063024498055e+02
3.768486213955154085e+02 2.570834087893144897e+02
3.766697005010960311e+02 2.581172122575616186e+02
3.764615903108373232e+02 2.591458492819699586e+02
3.762248835663614841e+02 2.601685135204727430e+02
3.759603206287259241e+02 2.611843675534994986e+02
3.756686626575144032e+02 2.621926075337465818e+02
3.753506729145936447e+02 2.631924872805317932e+02
3.750071385677496778e+02 2.641832738838039631e+02
3.746389490315866055e+02 2.651642865297245635e+02
3.742470637038355790e+02 2.661348988998502136e+02
3.738324523493853917e+02 2.670945311224917873e+02
3.733960926347889426e+02 2.680426520548317058e+02
3.729389686344481447e+02 2.689787820146431159e+02
3.724620872992034606e+02 2.699025138530626009e+02
3.719665498741371152e+02 2.708135028286894226e+02
3.714534610263140735e+02 2.717114939536758129e+02
3.709238927761886089e+02 2.725963127368708001e+02
3.703789400614192004e+02 2.734678368653110851e+02
3.698196587107846085e+02 2.743260432053026534e+02
3.692470797723850637e+02 2.751709757395662450e+02
3.686622414096192415e+02 2.760027795211524335e+02
3.680665053193657741e+02 2.768219350668936158e+02
3.674612813519965471e+02 2.776292953533444461e+02
3.668479345906129083e+02 2.784258902493085657e+02
3.662277274099106990e+02 2.792128108165876483e+02
3.656018278124008134e+02 2.799912237408312308e+02
3.649713447674134272e+02 2.807623654960731869e+02
3.643373203102855200e+02 2.815275041824332902e+02
3.637007495098477534e+02 2.822880115299353747e+02
3.630624578821585260e+02 2.830451484365702299e+02
3.624223869752120208e+02 2.837995948886804740e+02
3.617801159398709387e+02 2.845516210884547377e+02
3.611352415466707839e+02 2.853014935171368052e+02
3.604873981977946755e+02 2.860493621774591020e+02
3.598362376418821214e+02 2.867953535971574297e+02
3.591814544020307949e+02 2.875395401047667292e+02
3.585227809598411000e+02 2.882819483308090867e+02
3.578599735227459746e+02 2.890225641925992477e+02
3.571928126103063619e+02 2.897613306471051828e+02
3.565211032991831530e+02 2.904981601803177114e+02
3.558446722070499959e+02 2.912329209514930994e+02
3.551633511831237797e+02 2.919654355337626157e+02
3.544769871993906918e+02 2.926954954227256849e+02
3.537854469346815449e+02 2.934228659591450423e+02
3.530886133252652712e+02 2.941472875049379923e+02
3.523863827271434275e+02 2.948684782838113279e+02
3.516786530767282102e+02 2.955861252573131424e+02
3.509653366444988478e+02 2.962998985124207252e+02
3.502463430961130939e+02 2.970094421608150697e+02
3.495216005848072882e+02 2.977143920079150803e+02
3.487910354819616714e+02 2.984143692035532354e+02
3.480545926375633030e+02 2.991089897350562978e+02
3.473122125627828041e+02 2.997978711531541194e+02
3.465638645050836999e+02 3.004806285183653358e+02
3.458095009654909404e+02 3.011568741753497989e+02
3.450490729537067409e+02 3.018262119338201046e+02
3.442825512501448770e+02 3.024882507519088222e+02
3.435100611580585337e+02 3.031428431646522768e+02
3.427319020179533027e+02 3.037901005631596831e+02
3.419483686611432631e+02 3.044301520805304335e+02
3.411597405550438680e+02 3.050631319953467369e+02
3.403662901690447029e+02 3.056891784433078101e+02
3.395682738591958127e+02 3.063084371303800140e+02
3.387659393410156099e+02 3.069210612601296475e+02
3.379595242072753649e+02 3.075272091174892921e+02
3.371492554192928424e+02 3.081270434120357891e+02
3.363353498132848927e+02 3.087207312889449327e+02
3.355180144903139876e+02 3.093084442422905340e+02
3.346974455624284133e+02 3.098903555875256188e+02
3.338738288177477784e+02 3.104666409215350313e+02
3.330473417021166256e+02 3.110374807176463605e+02
3.322181536475428629e+02 3.116030606858010970e+02
3.313864273186440528e+02 3.121635719228384005e+02
3.305523151395907462e+02 3.127192084477916296e+02
3.297159561241014103e+02 3.132701599018220691e+02
3.288774272453385947e+02 3.138166275450958551e+02
3.280362134109954582e+02 3.143588733879810775e+02
3.271918678437538119e+02 3.148969048475536283e+02
3.263442435724106758e+02 3.154305269098284725e+02
3.254931959076478165e+02 3.159595231523906023e+02
3.246385772623679600e+02 3.164836636756552934e+02
3.237802432793429261e+02 3.170027140740551772e+02
3.229180544601895804e+02 3.175164350613018769e+02
3.220518753886597096e+02 3.180245830084406293e+02
3.211816642363921233e+02 3.185270432616321159e+02
3.203076076576008973e+02 3.190240403801931279e+02
3.194299313281946411e+02 3.195158487954017801e+02
3.185488654046818624e+02 3.200027389233032409e+02
3.176646407468645066e+02 3.204849783173652327e+02
3.167774932521624009e+02 3.209628328213096324e+02
3.158876725161219952e+02 3.214365858061172503e+02
3.149954340862956315e+02 3.219065306125912684e+02
3.141010392525515726e+02 3.223729586905274118e+02
3.132047422961009602e+02 3.228361619615210429e+02
3.123067998943528778e+02 3.232964305223780457e+02
3.114074717765647051e+02 3.237540622636576018e+02
3.105070212691508118e+02 3.242093702529144252e+02
3.096057080448107968e+02 3.246626692549081667e+02
3.087037925177849615e+02 3.251142767413399497e+02
3.078015256775106536e+02 3.255645134578839475e+02
3.068991533513391232e+02 3.260137023267084260e+02
3.059969139395168440e+02 3.264621688293153738e+02
3.050950376987331651e+02 3.269102419605385421e+02
3.041937459093616667e+02 3.273582548421410365e+02
3.032932517545904147e+02 3.278065470272918560e+02
3.023937568094528956e+02 3.282554631784078651e+02
3.014954490076758589e+02 3.287053494841939596e+02
3.005984996748966864e+02 3.291565509730235135e+02
2.997030667190590520e+02 3.296094188267870209e+02
2.988092941382809045e+02 3.300643115478336540e+02
2.979173110689147279e+02 3.305215953345937123e+02
2.970271811361873233e+02 3.309815534714157366e+02
2.961386209326519747e+02 3.314438603162358277e+02
2.952512094717500304e+02 3.319079343511910452e+02
2.943645299015279306e+02 3.323731883156413005e+02
2.934781720097212201e+02 3.328390338741095889e+02
2.925917328330999112e+02 3.333048769408708267e+02
2.917048176867252209e+02 3.337701193892220886e+02
2.908170415849139658e+02 3.342341588404494246e+02
2.899280300515790714e+02 3.346963877696007899e+02
2.890374202483382646e+02 3.351561932248819176e+02
2.881448621424161729e+02 3.356129566459444504e+02
2.872500183485993261e+02 3.360660508537472424e+02
2.863525679622320013e+02 3.365148457276254703e+02
2.854522053684837601e+02 3.369587024478192347e+02
2.845486424283565157e+02 3.373969762610676639e+02
2.836416097960201341e+02 3.378290166862287265e+02
2.827308580808112310e+02 3.382541677127413777e+02
2.818161593111889829e+02 3.386717688823396770e+02
2.808973080562957989e+02 3.390811557758719346e+02
2.799741210636588562e+02 3.394816582880007445e+02
2.790464416927394495e+02 3.398726042735191868e+02
2.781141368680849268e+02 3.402533175298887613e+02
2.771770997650025379e+02 3.406231192681684661e+02
2.762352517270138037e+02 3.409813320393428739e+02
2.752885417766117371e+02 3.413272778295058743e+02
2.743369468639621687e+02 3.416602778215772673e+02
2.733804705961211425e+02 3.419796516361921590e+02
2.724191525956712780e+02 3.422847347041631565e+02
2.714531488689225966e+02 3.425751720837848779e+02
2.704827150381558454e+02 3.428509182470452856e+02
2.695081148879010016e+02 3.431119508917654457e+02
2.685296097789578198e+02 3.433582537741203851e+02
2.675474741508996885e+02 3.435898273373239249e+02
2.665619799023377254e+02 3.438066856673368648e+02
2.655733839144531316e+02 3.440088377802713921e+02
2.645819751970897755e+02 3.441963242970213059e+02
2.635880026667495031e+02 3.443691766344012990e+02
2.625917508376764999e+02 3.445274573047534545e+02
2.615934768316517989e+02 3.446712325427864698e+02
2.605934395924878686e+02 3.448005753518888810e+02
2.595919056934275204e+02 3.449155844240385704e+02
2.585891254114426374e+02 3.450163647816922889e+02
2.575853485768177507e+02 3.451030348979272731e+02
2.565808326612962560e+02 3.451757621765783028e+02
2.555758194052341139e+02 3.452347545914967668e+02
2.545705262614569619e+02 3.452802168785899539e+02
2.535651630654386395e+02 3.453123421651401941e+02
2.525599350929062155e+02 3.453313245091790691e+02
2.515550394159507164e+02 3.453373423648618541e+02
2.505506697670051039e+02 3.453305566340523001e+02
2.495470138394600212e+02 3.453111457265238187e+02
2.485442606121254698e+02 3.452792573197265824e+02
2.475425870196399671e+02 3.452350562622387429e+02
2.465421801370137302e+02 3.451786736011043217e+02
2.455432073220679285e+02 3.451102593011981980e+02
2.445458564415015985e+02 3.450299655198660389e+02
2.435502875818104087e+02 3.449380459208628054e+02
2.425566749897665773e+02 3.448347448726914877e+02
2.415651792588683122e+02 3.447202999650507991e+02
2.405759450827637806e+02 3.445949516623783211e+02
2.395891407905698429e+02 3.444589125747526737e+02
2.386048891615037348e+02 3.443124017557470324e+02
2.376233440624664581e+02 3.441556147530293970e+02
2.366446428900784724e+02 3.439887380020803676e+02
2.356689014133569628e+02 3.438119597776927776e+02
2.346962791659112497e+02 3.436254412259996229e+02
2.337268578992139396e+02 3.434293507973422379e+02
2.327608137954170218e+02 3.432238119111867718e+02
2.317982125073467614e+02 3.430089588877744973e+02
2.308392234816259361e+02 3.427848992077351227e+02
2.298839275025389668e+02 3.425517390221455116e+02
2.289324474885540610e+02 3.423095726841507371e+02
2.279849286571926825e+02 3.420584608818309107e+02
2.270414422503404808e+02 3.417984559638730389e+02
2.261021225512103570e+02 3.415295990084833875e+02
2.251670842557872447e+02 3.412519145608554254e+02
2.242364395407776101e+02 3.409654137864266090e+02
2.233103000617529119e+02 3.406700914783942835e+02
2.223887774910126325e+02 3.403659238873866570e+02
2.214719825260291373e+02 3.400528721000272867e+02
2.205600246340506772e+02 3.397308817375756007e+02
2.196530118577535973e+02 3.393998822045722363e+02
2.187511217026321333e+02 3.390597047332908573e+02
2.178546050903722744e+02 3.387096759599901930e+02
2.169639478759823703e+02 3.383489548319691380e+02
2.160795863185964549e+02 3.379766836098762610e+02
2.152021148173544134e+02 3.375920243301331993e+02
2.143320561630593772e+02 3.371941243940925688e+02
2.134700971536687177e+02 3.367821727995479364e+02
2.126169457391352751e+02 3.363553633231103390e+02
2.117733727293100401e+02 3.359129112588941553e+02
2.109402138123593602e+02 3.354540586269546338e+02
2.101183711120908981e+02 3.349780802502187385e+02
2.093088219028646790e+02 3.344842919515184008e+02
2.085126463548754714e+02 3.339720620968952858e+02
2.077308684193168915e+02 3.334407768961639817e+02
2.069647748503671494e+02 3.328899566449419467e+02
2.062155043896291033e+02 3.323191039787459431e+02
2.054844496213297589e+02 3.317278903338390137e+02
2.047729329124018136e+02 3.311160090650038228e+02
2.040823621280642897e+02 3.304832791814803272e+02
2.034142103452904848e+02 3.298296377666904959e+02
2.027699687491540317e+02 3.291551270645600198e+02
2.021511514099054239e+02 3.284599143885985768e+02
