1.991877662232842852e+02 3.298860895202371353e+02
1.984998454632515745e+02 3.291323455644726437e+02
1.978490576136506149e+02 3.283458629686376185e+02
1.972357285704465539e+02 3.275298128622230251e+02
1.966598467001819586e+02 3.266872038911408254e+02
1.961211381905178825e+02 3.258209232003770808e+02
1.956190870406346960e+02 3.249337173445663893e+02
1.951529584909600317e+02 3.240281750343515341e+02
1.947218312497097656e+02 3.231067085255661482e+02
1.943245901827672810e+02 3.221715907156760750e+02
1.939599853615947325e+02 3.212248785375833222e+02
1.936266282237641292e+02 3.202684777622307024e+02
1.933230234057255075e+02 3.193041083511966463e+02
1.930475298111673226e+02 3.183333451860450509e+02
1.927984394959436827e+02 3.173575880971737320e+02
1.925739853227176752e+02 3.163780751215142004e+02
1.923723519278919412e+02 3.153958878620226756e+02
1.921916937532773773e+02 3.144119597516804561e+02
1.920301620577517951e+02 3.134270769524928824e+02
1.918859109276922368e+02 3.124418910624054320e+02
1.917570899863377747e+02 3.114569326214719354e+02
1.916418738181137371e+02 3.104726349508437124e+02
1.915384029596901314e+02 3.094892832549889476e+02
1.914449022527794568e+02 3.085071191067809764e+02
1.913596349871718871e+02 3.075262157138220687e+02
1.912809246821461500e+02 3.065466183397953728e+02
1.912071190113897785e+02 3.055682842080860269e+02
1.911365673064051123e+02 3.045910681935662296e+02
1.910677655751194379e+02 3.036147850116252584e+02
1.910004253565792851e+02 3.026390577406610873e+02
1.909350424480617789e+02 3.016634629135524506e+02
1.908721648329725724e+02 3.006876425906069699e+02
1.908123572496795362e+02 2.997112672852181845e+02
1.907562198591843412e+02 2.987340915888157724e+02
1.907043726325408954e+02 2.977559293337339454e+02
1.906574157133817948e+02 2.967766109988714334e+02
1.906159649212914360e+02 2.957960280617106719e+02
1.905806643164362129e+02 2.948141338300249572e+02
1.905521586506264100e+02 2.938308812705375885e+02
1.905311169341023003e+02 2.928462997307847218e+02
1.905182413928918947e+02 2.918604473788603286e+02
1.905142418253223582e+02 2.908733964405508914e+02
1.905198482518906928e+02 2.898852940867305392e+02
1.905357990657456924e+02 2.888963041846093347e+02
1.905628285978807810e+02 2.879066099655453286e+02
1.906016917511562099e+02 2.869164549336234131e+02
1.906531647495637287e+02 2.859261076602907110e+02
1.907180333650075568e+02 2.849358771897105385e+02
1.907970766761783068e+02 2.839460882746587345e+02
1.908910771321531854e+02 2.829571148835204895e+02
1.910008189030950803e+02 2.819693608602366908e+02
1.911270864758152754e+02 2.809832623238331166e+02
1.912706630887561232e+02 2.799992888482760804e+02
1.914323325429162708e+02 2.790179470868754947e+02
1.916128714879230870e+02 2.780397706054245646e+02
1.918130403278471476e+02 2.770653283716727060e+02
1.920330545499509753e+02 2.760951038168471428e+02
1.922723358876769737e+02 2.751294022701153494e+02
1.925302527648080115e+02 2.741684968067394834e+02
1.928061801281938870e+02 2.732126342194976019e+02
1.930994959158346091e+02 2.722620360283500531e+02
1.934095880849492914e+02 2.713169135568147681e+02
1.937358558949854341e+02 2.703774682677065471e+02
1.940776909117570312e+02 2.694438462066058264e+02
1.944345034773805594e+02 2.685162204662378258e+02
1.948057132725029703e+02 2.675947207416152764e+02
1.951907510762232505e+02 2.666794751481511412e+02
1.955890578226969581e+02 2.657705865892485804e+02
1.960000935633738095e+02 2.648681742221018567e+02
1.964233266625876411e+02 2.639722988435149205e+02
1.968582367394892003e+02 2.630830504383300763e+02
1.973043219743002226e+02 2.622004953297981160e+02
1.977610983094818664e+02 2.613246908907588590e+02
1.982280991401593724e+02 2.604555997863213861e+02
1.987048303851361482e+02 2.595930145209176771e+02
1.991907482102029405e+02 2.587367930435291896e+02
1.996853044853693859e+02 2.578867791513791872e+02
2.001879561580996096e+02 2.570428096011677894e+02
2.006981898682719816e+02 2.562046449299275537e+02
2.012155012245685839e+02 2.553720799470161751e+02
2.017394037743486024e+02 2.545448421780683930e+02
2.022694091414450099e+02 2.537226700156493564e+02
2.028050502839817568e+02 2.529052171861763725e+02
2.033459222414259955e+02 2.520922059563226014e+02
2.038918956975627736e+02 2.512834878641761520e+02
2.044429093913619795e+02 2.504789041989974692e+02
2.049988849279467331e+02 2.496783238600233688e+02
2.055597466549497483e+02 2.488816027396186144e+02
2.061254171158387862e+02 2.480885888411369535e+02
2.066958067569748607e+02 2.472991184093154118e+02
2.072708158535634198e+02 2.465130168887384343e+02
2.078503426173044488e+02 2.457301045754348081e+02
2.084342834616354025e+02 2.449501972486334864e+02
2.090225329911108361e+02 2.441731066188364707e+02
2.096149780305825345e+02 2.433986398449573869e+02
2.102114900431103024e+02 2.426265880759285096e+02
2.108119412223782945e+02 2.418567233351267021e+02
2.114161932751341908e+02 2.410888306162783010e+02
2.120241109295188835e+02 2.403226866193921580e+02
2.126355567194057130e+02 2.395580647788165436e+02
2.132503799733271705e+02 2.387947260918898564e+02
2.138684178442586301e+02 2.380324312480525180e+02
2.144895192923322043e+02 2.372709115969493610e+02
2.151135158599399517e+02 2.365099219281154888e+02
2.157402448967495445e+02 2.357492079779257210e+02
2.163695395408137756e+02 2.349885113801428815e+02
2.170012243432139769e+02 2.342275654854075810e+02
2.176351218217691326e+02 2.334661017532184246e+02
2.182710534063174919e+02 2.327038514093477204e+02
2.189088392479380900e+02 2.319405466346250648e+02
2.195483282084693428e+02 2.311759441629028800e+02
2.201896433495440135e+02 2.304101090595471248e+02
2.208330588927119322e+02 2.296432900784048172e+02
2.214788347083769224e+02 2.288757520548895741e+02
2.221272150150088009e+02 2.281077735996664728e+02
2.227784298990571585e+02 2.273396450855877617e+02
2.234327145407551427e+02 2.265716885212388831e+02
2.240903274127776967e+02 2.258042830952861380e+02
2.247515179359913304e+02 2.250378235120945760e+02
2.254165223415811568e+02 2.242727143388506192e+02
2.260855654775309631e+02 2.235093700058472166e+02
2.267588629608439135e+02 2.227482142418815556e+02
2.274366228044848413e+02 2.219896836278273042e+02
2.281190500084400696e+02 2.212342274456736959e+02
2.288063458086332673e+02 2.204823023891009370e+02
2.294986914463590324e+02 2.197343683135751178e+02
2.301962767389271676e+02 2.189908885876231750e+02
2.308992573570262437e+02 2.182523114481353730e+02
2.316077676115873203e+02 2.175190504504188311e+02
2.323219288835045120e+02 2.167915199705443001e+02
2.330418715736292654e+02 2.160701330632969359e+02
2.337677098198832653e+02 2.153553081886392420e+02
2.344995694578043413e+02 2.146474480736691532e+02
2.352375170183854891e+02 2.139469007885690814e+02
2.359816095944687504e+02 2.132539856025665301e+02
2.367319102435135676e+02 2.125690199082141874e+02
2.374884875210915141e+02 2.118923200327220968e+02
2.382514017407956146e+02 2.112242011087831770e+02
2.390206374071998141e+02 2.105648424112662838e+02
2.397960603020834469e+02 2.099142475666450309e+02
2.405775357723385923e+02 2.092724036350728909e+02
2.413649377740575801e+02 2.086392934738018710e+02
2.421581488262730772e+02 2.080148959027715989e+02
2.429570634961901590e+02 2.073991909741800157e+02
2.437616027862622730e+02 2.067921811512567558e+02
2.445717016342008208e+02 2.061938737134902908e+02
2.453873031307522297e+02 2.056042725465904653e+02
2.462083589576582767e+02 2.050233780662886147e+02
2.470350270635684069e+02 2.044511314485891376e+02
2.478679779911978187e+02 2.038874324279923371e+02
2.487075100684765516e+02 2.033325483158144493e+02
2.495538057660788240e+02 2.027868286404693663e+02
2.504070383889045388e+02 2.022506290812073075e+02
2.512673654027047405e+02 2.017243135162973999e+02
2.521349541406075332e+02 2.012082628481992117e+02
2.530099999208059955e+02 2.007029294779567294e+02
2.538926890835489587e+02 2.002087919195660106e+02
2.547832125833962493e+02 1.997263302543412067e+02
2.556817323121977381e+02 1.992560407958777660e+02
2.565884055872548970e+02 1.987984257966227517e+02
2.575034024729471867e+02 1.983540264230625780e+02
2.584268752165891101e+02 1.979234292236923807e+02
2.593589862078252395e+02 1.975072232880514491e+02
2.602998591335176570e+02 1.971060181423757740e+02
2.612496085810718682e+02 1.967204300947878721e+02
2.622081340341422901e+02 1.963507663079183487e+02
2.631746306119863448e+02 1.959962675349970880e+02
2.641481760033394153e+02 1.956559427897890657e+02
2.651278438451024613e+02 1.953288023552366610e+02
2.661127135721488344e+02 1.950138490693752829e+02
2.671018756011229698e+02 1.947100705293782710e+02
2.680943379745164634e+02 1.944162968468217230e+02
2.690890542467611795e+02 1.941312249425988625e+02
2.700850007354913487e+02 1.938535381190818327e+02
2.710811774209724376e+02 1.935819073407152189e+02
2.720766114563229507e+02 1.933149906270244003e+02
2.730703945603644911e+02 1.930514791953028748e+02
2.740617310067150356e+02 1.927902060024860589e+02
2.750498728431452946e+02 1.925300131372046053e+02
2.760341070343019396e+02 1.922697262129835281e+02
2.770137588684549996e+02 1.920081533485933107e+02
2.779882075722112518e+02 1.917441076109498681e+02
2.789570148554176399e+02 1.914766563467365472e+02
2.799198707088795572e+02 1.912050280648732610e+02
2.808765012904636933e+02 1.909284447896896779e+02
2.818266783463940328e+02 1.906461129963485632e+02
2.827702326159934501e+02 1.903572129398345680e+02
2.837070355888474182e+02 1.900609492067596591e+02
2.846370161200479174e+02 1.897565900330288002e+02
2.855602442072628264e+02 1.894433390526579046e+02
2.864767319664954357e+02 1.891204608169238384e+02
2.873866690475994119e+02 1.887871373579659178e+02
2.882902357603385894e+02 1.884427295363905444e+02
2.891882197177536682e+02 1.880875652731099592e+02
2.900815403209393821e+02 1.877226008459908826e+02
2.909711520858858762e+02 1.873488064252076413e+02
2.918580175490484407e+02 1.869671695504137858e+02
2.927431060166568386e+02 1.865786928168282373e+02
2.936273424404892012e+02 1.861843743861803659e+02
2.945116349894382779e+02 1.857851559038424796e+02
2.953968819089027420e+02 1.853819993300004398e+02
2.962839704566605974e+02 1.849758991819331300e+02
2.971738090398376357e+02 1.845678617048204444e+02
2.980672681363508900e+02 1.841589701439639271e+02
2.989652485731688216e+02 1.837505869889791654e+02
2.998686739674373030e+02 1.833441982508913952e+02
3.007783994720307987e+02 1.829413335241910659e+02
3.016952087060087706e+02 1.825435741173318718e+02
3.026198562360219171e+02 1.821525245200004690e+02
3.035530245253671069e+02 1.817699796923236022e+02
3.044953296244737544e+02 1.813980082893452561e+02
3.054473108894187590e+02 1.810387043026215395e+02
3.064093477751183627e+02 1.806942117596424282e+02
3.073816987573956112e+02 1.803667013740980281e+02
3.083644785400050523e+02 1.800583564659674778e+02
3.093576415196013727e+02 1.797713210719009282e+02
3.103609824370005867e+02 1.795077338357176302e+02
3.113741297826020400e+02 1.792697263704621662e+02
3.123965381481182817e+02 1.790594125705968906e+02
3.134274834092511810e+02 1.788788599341459360e+02
3.144661038397683797e+02 1.787294940531147063e+02
3.155114382734585092e+02 1.786119172527410228e+02
3.165624794454190010e+02 1.785266311890444513e+02
3.176181586935354062e+02 1.784740762622591888e+02
3.186771523690507024e+02 1.784544979173305421e+02
3.197375942118745229e+02 1.784676387231273793e+02
3.207981009762277154e+02 1.785130638646152761e+02
3.218575891283369401e+02 1.785903435483791668e+02
3.229149058176259359e+02 1.786989698820665922e+02
3.239690615185054412e+02 1.788384517012078163e+02
3.250190083868017723e+02 1.790082277565709887e+02
3.260638864091244500e+02 1.792077868775756428e+02
3.271027295737308691e+02 1.794365381506366361e+02
3.281347248539501038e+02 1.796939188539331838e+02
3.291590803084797017e+02 1.799793540693353009e+02
3.301750397407978426e+02 1.802922602698253343e+02
3.311818827063468689e+02 1.806320646450873824e+02
3.321789046760125643e+02 1.809982472157837776e+02
3.331654283055353289e+02 1.813902987092818933e+02
3.341408062753530999e+02 1.818077086949792260e+02
3.351044195096866929e+02 1.822499667569882149e+02
3.360556743635182215e+02 1.827165679247660250e+02
3.369940065728996501e+02 1.832071122862821539e+02
3.379187164501433358e+02 1.837211634896942769e+02
3.388292667973467474e+02 1.842583864387015922e+02
3.397250451390628996e+02 1.848183936697024308e+02
3.406054635541013909e+02 1.854008000712231876e+02
3.414700383643681789e+02 1.860050804733717200e+02
3.423185952699495829e+02 1.866303057233926097e+02
3.431509865764085134e+02 1.872754215889754050e+02
3.439671845970229356e+02 1.879394588028083888e+02
3.447671826288671468e+02 1.886214704678148166e+02
3.455509606850642399e+02 1.893204688178724382e+02
3.463186397069524105e+02 1.900354886741507414e+02
3.470703842117515023e+02 1.907655357833567109e+02
3.478063956544076518e+02 1.915096421287534838e+02
3.485269106381035158e+02 1.922668676318863277e+02
3.492321990296093759e+02 1.930363002029203869e+02
3.499225882771299894e+02 1.938170250257625469e+02
3.505985033866856497e+02 1.946080810206996432e+02
3.512604134372646740e+02 1.954085291333369980e+02
3.519088202241701993e+02 1.962174646260346549e+02
3.525442572549701481e+02 1.970340208151920649e+02
3.531672876041814106e+02 1.978573646718212444e+02
3.537785254906085015e+02 1.986866544232873935e+02
3.543786402953659831e+02 1.995210882946144579e+02
3.549683238094864919e+02 2.003598990069782815e+02
3.555482904213363327e+02 2.012023675875799142e+02
3.561192827134810841e+02 2.020477868413191231e+02
3.566820625241418270e+02 2.028955237305084722e+02
3.572373747847769891e+02 2.037450125639152532e+02
3.577859960851746450e+02 2.045957061040764700e+02
3.583287183171198649e+02 2.054471149444609352e+02
3.588663419966760557e+02 2.062987916501994334e+02
3.593996469834394247e+02 2.071503670921781861e+02
3.599289036190812112e+02 2.080018941855429944e+02
3.604541501892744009e+02 2.088536168803552471e+02
3.609753984489807976e+02 2.097057806108168165e+02
3.614926384848740213e+02 2.105586342702368938e+02
3.620058692102818441e+02 2.114124287606861117e+02
3.625150361972470137e+02 2.122674084225186846e+02
3.630201267504729685e+02 2.131238298381024094e+02
3.635210604139891757e+02 2.139819314543198061e+02
3.640177896905942703e+02 2.148419725319125462e+02
3.645102171100883197e+02 2.157041952531517666e+02
3.649982573744685510e+02 2.165688551819806662e+02
3.654818086101960830e+02 2.174361943554054619e+02
3.659607611265721516e+02 2.183064570958422053e+02
3.664350701232905863e+02 2.191798954527887133e+02
3.669047488753369635e+02 2.200567277544296871e+02
3.673698093591195288e+02 2.209371249000482749e+02
3.678302031220785011e+02 2.218212369162119444e+02
3.682859166473980395e+02 2.227092302806837267e+02
3.687368772269347232e+02 2.236012537949683008e+02
3.691830348996958833e+02 2.244974680424320752e+02
3.696243048848439230e+02 2.253980242794116862e+02
3.700605914257974405e+02 2.263030796077228217e+02
3.704917679635362333e+02 2.272127944180775785e+02
3.709176622140552126e+02 2.281273385556142728e+02
3.713381188680676814e+02 2.290468641669029921e+02
3.717529494604210072e+02 2.299715332940885730e+02
3.721619373817151768e+02 2.309015068004158877e+02
3.725643489782855227e+02 2.318370740664003051e+02
3.729588229101560728e+02 2.327786688983183012e+02
3.733439362100051540e+02 2.337266594569717029e+02
3.737182470852386587e+02 2.346813334226643519e+02
3.740802849232796916e+02 2.356429279620288924e+02
3.744285671203385277e+02 2.366116091161556199e+02
3.747616674767836003e+02 2.375874365228183933e+02
3.750781635117168094e+02 2.385704078435956035e+02
3.753766144337558330e+02 2.395604590156574432e+02
3.756555644331988901e+02 2.405574504468234807e+02
3.759135493729240238e+02 2.415611693992904350e+02
3.761491743999381470e+02 2.425713190294028152e+02
3.763611137298620406e+02 2.435875221394527159e+02
3.765480401455214974e+02 2.446093311235183592e+02
3.767086241191476006e+02 2.456362260771022363e+02
3.768415361665826708e+02 2.466676122968802929e+02
3.769454446714326536e+02 2.477028178601676416e+02
3.770190071080370444e+02 2.487410908656055710e+02
3.770608857743994236e+02 2.497815950424307800e+02
3.770697464903844889e+02 2.508234275269506952e+02
3.770442790987426065e+02 2.518655481062648107e+02
3.769831809230551016e+02 2.529068387963972668e+02
3.768849027012814759e+02 2.539461249428791518e+02
3.767477456856456683e+02 2.549820088418850901e+02
3.765700263275024327e+02 2.560130334921670965e+02
3.763501121567906011e+02 2.570375566722759118e+02
3.760864088412869819e+02 2.580538269371284059e+02
3.757782998451959315e+02 2.590600010242791313e+02
3.754277008585805220e+02 2.600545697432632437e+02
3.750370122210792942e+02 2.610361167957618704e+02
3.746086729612816271e+02 2.620033439103106616e+02
3.741451419615743248e+02 2.629550836874319089e+02
3.736489537193089063e+02 2.638902853920793063e+02
3.731232319142391702e+02 2.648081586009936359e+02
3.725714816411248194e+02 2.657081832022036565e+02
3.719972069377730008e+02 2.665900515851859041e+02
3.714038939234093846e+02 2.674536758136540016e+02
3.707949991981566882e+02 2.682991961629354591e+02
3.701738270091598224e+02 2.691269384870774957e+02
3.695433955058214792e+02 2.699374056864327827e+02
3.689066335629841547e+02 2.707313103545977810e+02
3.682663964989376950e+02 2.715095433777729568e+02
3.676254435148770199e+02 2.722733199256137482e+02
3.669863665413243439e+02 2.730239877349146127e+02
3.663508933361823665e+02 2.737628160434118172e+02
3.657202278673813680e+02 2.744911853748621411e+02
3.650951887123279107e+02 2.752120159234650032e+02
3.644767707436257069e+02 2.759280426538330744e+02
3.638660681399410350e+02 2.766417185316219047e+02
3.632641589235123547e+02 2.773553309636419613e+02
3.626719407363663095e+02 2.780713630453403766e+02
3.620902456153626758e+02 2.787922872632553322e+02
3.615198718143606698e+02 2.795204792457277563e+02
3.609614314194799363e+02 2.802585457711232948e+02
3.604154311813053368e+02 2.810086557610442242e+02
3.598807634693916953e+02 2.817720723494825847e+02
3.593558778900599009e+02 2.825491562447095362e+02
3.588391640336919863e+02 2.833403268905914842e+02
3.583292320182624735e+02 2.841456411400175739e+02
3.578246899042209179e+02 2.849651375079188256e+02
3.573241613809059913e+02 2.857985777334410500e+02
3.568262103479073630e+02 2.866454136001099755e+02
3.563294765376108444e+02 2.875049719340183287e+02
3.558327019932905841e+02 2.883764619585550690e+02
3.553347161682173123e+02 2.892590081547605791e+02
3.548343397407167572e+02 2.901514976752804387e+02
3.543297931454440572e+02 2.910519858903976456e+02
3.538191619160016899e+02 2.919581507938993923e+02
3.533006571756172889e+02 2.928675653766973142e+02
3.527726035500082844e+02 2.937777109806290241e+02
3.522334248104353378e+02 2.946859922129911524e+02
3.516816128647693063e+02 2.955897245000587645e+02
3.511157298766128179e+02 2.964861521778886981e+02
3.505343965726094098e+02 2.973724614923209515e+02
3.499363089793313861e+02 2.982458037300985438e+02
3.493202017229630201e+02 2.991033015452553059e+02
3.486849875147592570e+02 2.999422018276919175e+02
3.480301211897525491e+02 3.007604795932746811e+02
3.473552697871964483e+02 3.015563192606573466e+02
3.466600544851968948e+02 3.023279362515974640e+02
3.459440850789752062e+02 3.030735546161029106e+02
3.452070228914705012e+02 3.037914585447504692e+02
3.444494878828353990e+02 3.044814018282008874e+02
3.436731227191379503e+02 3.051447112484218565e+02
3.428795429884529540e+02 3.057828439216659717e+02
3.420702853556049945e+02 3.063973087080370874e+02
3.412468275526447883e+02 3.069896554606414156e+02
3.404105129381500774e+02 3.075613879757843847e+02
3.395623917878961606e+02 3.081136879224672498e+02
3.387034100568557164e+02 3.086476784658275392e+02
3.378344707491542636e+02 3.091645079137655330e+02
3.369564375745487723e+02 3.096653473199322661e+02
3.360701386444618493e+02 3.101513885032539974e+02
3.351763721745144267e+02 3.106238454657928969e+02
3.342759096257184979e+02 3.110839522120174934e+02
3.333694970671768374e+02 3.115329580402848251e+02
3.324578583012876152e+02 3.119721259396264941e+02
3.315416991797088144e+02 3.124027309646206731e+02
3.306217381794299399e+02 3.128261047312477672e+02
3.296987740508259890e+02 3.132437300241485900e+02
3.287735649240584621e+02 3.136571299377092714e+02
3.278463643901444016e+02 3.140678316535068575e+02
3.269176017759607475e+02 3.144770377461461521e+02
3.259880095504865380e+02 3.148857549706614236e+02
3.250583796117650195e+02 3.152950579795553949e+02
3.241295418262004091e+02 3.157060747064487600e+02
3.232023263446604915e+02 3.161199326753626906e+02
3.222775615145246775e+02 3.165377589436311041e+02
3.213560706782922125e+02 3.169606808459646459e+02
3.204384723600620646e+02 3.173895235313027570e+02
3.195248682259074258e+02 3.178243354328868691e+02
3.186152729870165672e+02 3.182650445111090676e+02
3.177096951594145935e+02 3.187115818835636105e+02
3.168081360009736045e+02 3.191638811857478686e+02
3.159105883167221691e+02 3.196218765658966845e+02
3.150170174473268503e+02 3.200854739807213605e+02
3.141273688984485375e+02 3.205545618166023019e+02
3.132415813674306264e+02 3.210290340232281778e+02
3.123595864592617772e+02 3.215087850080614089e+02
3.114813081168593385e+02 3.219937135761322224e+02
3.106066623643790194e+02 3.224837217875665374e+02
3.097355565171146168e+02 3.229787107425598833e+02
3.088678898447566326e+02 3.234785826154779897e+02
3.080035529733165163e+02 3.239832475971054464e+02
3.071424307181811741e+02 3.244926162114082899e+02
3.062843999473652730e+02 3.250066036883331435e+02
3.054293348869805982e+02 3.255251373140515057e+02
3.045771043239959681e+02 3.260481519394911061e+02
3.037275687411968192e+02 3.265755850718530269e+02
3.028805797149850036e+02 3.271073799000851636e+02
3.020359815109365513e+02 3.276434809560939811e+02
3.011936109355644930e+02 3.281838393258917677e+02
3.003532990689432722e+02 3.287284144540854527e+02
2.995148683443000550e+02 3.292771693332148288e+02
2.986781321518651566e+02 3.298300698664486958e+02
2.978428947642134403e+02 3.303870847345080506e+02
2.970088863221420752e+02 3.309480663496521515e+02
2.961753960425504602e+02 3.315120626696653972e+02
2.953415472638009192e+02 3.320777781988167590e+02
2.945064836976074503e+02 3.326439011135104806e+02
2.936693750634844946e+02 3.332091068744747986e+02
2.928294175544973541e+02 3.337720539631195606e+02
2.919858372652727212e+02 3.343313841191044844e+02
2.911378929665274882e+02 3.348857216376504198e+02
2.902848789249477477e+02 3.354336728220946497e+02
2.894261277231786380e+02 3.359738255328671812e+02
2.885610130823423560e+02 3.365047488673734506e+02
2.876889536324719074e+02 3.370250021353610919e+02
2.868094497023745930e+02 3.375331840957696272e+02
2.859220497513467194e+02 3.380278959207765865e+02
2.850263533626671801e+02 3.385077204691106090e+02
2.841220120981083141e+02 3.389712236630236930e+02
2.832087318510236855e+02 3.394169554923789747e+02
2.822862788838145320e+02 3.398434602335215686e+02
2.813544822779965102e+02 3.402492794067360933e+02
2.804132286190862828e+02 3.406329416495872806e+02
2.794624735737474452e+02 3.409929640740222681e+02
2.785022300866471028e+02 3.413278548443129807e+02
2.775325640577987656e+02 3.416360773493954639e+02
2.765535561768588195e+02 3.419159317322003631e+02
2.755653471192940742e+02 3.421656679754498782e+02
2.745681542929373222e+02 3.423835302306572999e+02
2.735622696095688866e+02 3.425677578557107950e+02
2.725480895000007422e+02 3.427166575976084459e+02
2.715265264256574369e+02 3.428300780103358534e+02
2.704989270812405948e+02 3.429094115129761917e+02
2.694666071370376130e+02 3.429561548105317570e+02
2.684308231321167000e+02 3.429718394973679665e+02
2.673927795006796373e+02 3.429580433636360226e+02
2.663536448554176559e+02 3.429165322497277657e+02
2.653146341949896510e+02 3.428496097149886168e+02
2.642768765212193784e+02 3.427597674150795228e+02
2.632414216753128358e+02 3.426495030117055194e+02
2.622091689244805934e+02 3.425213891306341338e+02
2.611809402238739040e+02 3.423780090862188104e+02
2.601574282358009782e+02 3.422218953535440278e+02
2.591391633902355238e+02 3.420555660385427927e+02
2.581266058402535464e+02 3.418815488190678025e+02
2.571200827818144603e+02 3.417024006199935684e+02
2.561196877034943213e+02 3.415207521163656565e+02
2.551253715267816915e+02 3.413389884752950820e+02
2.541370523304715050e+02 3.411586513507924110e+02
2.531546024164142921e+02 3.409811179847926041e+02
2.521778002792955817e+02 3.408077656271312890e+02
2.512064552755105069e+02 3.406399420782420293e+02
2.502403505413023197e+02 3.404789243913062933e+02
2.492790501458357255e+02 3.403254288404482395e+02
2.483223142808083139e+02 3.401797222469530197e+02
2.473696435991940916e+02 3.400420841107546721e+02
2.464208018496067893e+02 3.399127391485571934e+02
2.454752642336977146e+02 3.397919283211443258e+02
2.445327948242158698e+02 3.396794934107722383e+02
2.435928867254107502e+02 3.395744669786242298e+02
2.426552904001463276e+02 3.394757316700969909e+02
2.417197146815367716e+02 3.393821558307410555e+02
2.407858479264008054e+02 3.392926011577933423e+02
2.398536162682836448e+02 3.392059437983660928e+02
2.389226991342223982e+02 3.391214653529241900e+02
2.379930078172853882e+02 3.390386597288501775e+02
2.370643858462654521e+02 3.389570062209792241e+02
2.361366139656585119e+02 3.388759751951136536e+02
2.352097069531806710e+02 3.387950214068702053e+02
2.342833535724938940e+02 3.387136832031898166e+02
2.333576319472196587e+02 3.386316858142607202e+02
2.324321883612468866e+02 3.385487443303924806e+02
2.315070739348786617e+02 3.384645785761582033e+02
2.305820247259056828e+02 3.383788685589910301e+02
2.296569373922633872e+02 3.382913035962448589e+02
2.287317475918661387e+02 3.382016304714687749e+02
2.278061598883616057e+02 3.381095934990322007e+02
2.268800671306549361e+02 3.380149393560411681e+02
2.259532956678446851e+02 3.379173791854184969e+02
2.250256603207204193e+02 3.378165969523586227e+02
2.240969753814643184e+02 3.377122215404671124e+02
2.231670609551098039e+02 3.376038092469828484e+02
2.222357344390963760e+02 3.374908821187767103e+02
2.213028098094031861e+02 3.373729299149459280e+02
2.203680979789510843e+02 3.372494080306024102e+02
2.194315084169749355e+02 3.371196723275280078e+02
2.184929187233128971e+02 3.369825639280958853e+02
2.175525360105394270e+02 3.368367839003270774e+02
2.166104397881876480e+02 3.366809632098228917e+02
2.156669269383741039e+02 3.365137480747102359e+02
2.147221599573108222e+02 3.363337080413817830e+02
2.137766146779918870e+02 3.361392496539071431e+02
2.128309163225299869e+02 3.359284944892771705e+02
2.118858093618307521e+02 3.356995529975880572e+02
2.109421577245357753e+02 3.354505500709998955e+02
2.100009527478250675e+02 3.351796343788539616e+02
2.090633346658532332e+02 3.348849783644390641e+02
2.081306492322846111e+02 3.345647445576526593e+02
2.072043143755925314e+02 3.342171246954659978e+02
2.062860554383198064e+02 3.338404296607390620e+02
2.053776262285794587e+02 3.334330317337686438e+02
2.044810690474030253e+02 3.329934584071112340e+02
2.035985341598081959e+02 3.325203577726476283e+02
2.027323654548947900e+02 3.320125634850515439e+02
2.018850854652150701e+02 3.314691018580265904e+02
2.010593752699687116e+02 3.308892179940939400e+02
2.002580677703636525e+02 3.302724058792712754e+02
