2.017168348943060607e+02 3.276020078996324969e+02
2.010566497612777823e+02 3.269564890174446532e+02
2.004065496733799989e+02 3.262949183621464044e+02
1.997668158367387150e+02 3.256165938996239220e+02
1.991380638378056460e+02 3.249212315516108447e+02
1.985209576444569279e+02 3.242086575431019924e+02
1.979162000068227201e+02 3.234788048296936722e+02
1.973245283817681184e+02 3.227317113732825646e+02
1.967467245000444791e+02 3.219675229729315902e+02
1.961835086882741166e+02 3.211864090193997185e+02
1.956357026077781995e+02 3.203887165244995003e+02
1.951040636926207128e+02 3.195747862685193468e+02
1.945894164965670541e+02 3.187450644829178827e+02
1.940926068172705925e+02 3.178999787890157904e+02
1.936145291901049177e+02 3.170400539860633558e+02
1.931560592260515534e+02 3.161658434922253491e+02
1.927180606202571767e+02 3.152779463039632333e+02
1.923013880929891855e+02 3.143770050993063592e+02
1.919068689170679534e+02 3.134636994364885823e+02
1.915353074214249318e+02 3.125387417760993571e+02
1.911874949055155071e+02 3.116028689551216644e+02
1.908642298880276655e+02 3.106568397584728132e+02
1.905662656601204503e+02 3.097014210218470680e+02
1.902943702689548786e+02 3.087374084764402937e+02
1.900492431883847360e+02 3.077656077439086175e+02
1.898315885542903629e+02 3.067868395548190392e+02
1.896421056787133637e+02 3.058019290739844678e+02
1.894814682506524548e+02 3.048117129642622558e+02
1.893502569908167175e+02 3.038170452733120328e+02
1.892479903270019292e+02 3.028188902150301942e+02
1.891735115018250895e+02 3.018182109306453640e+02
1.891256450613822437e+02 3.008158775426285274e+02
1.891031939826957569e+02 2.998126730427984512e+02
1.891049606324732224e+02 2.988092954692338026e+02
1.891297502133855346e+02 2.978063653339143571e+02
1.891763491775258501e+02 2.968044284215876019e+02
1.892435447922923402e+02 2.958039597810416694e+02
1.893301403223724719e+02 2.948053716335275567e+02
1.894349312813334905e+02 2.938090064121549858e+02
1.895567294235040379e+02 2.928151540972596649e+02
1.896943526091223191e+02 2.918240480530910190e+02
1.898466132066471346e+02 2.908358569174090462e+02
1.900123477185852892e+02 2.898507146319843741e+02
1.901904058267128335e+02 2.888687002601821519e+02
1.903796402580375968e+02 2.878898334826390624e+02
1.905789394550620557e+02 2.869141082889011045e+02
1.907872332223620333e+02 2.859414729912335815e+02
1.910034743065090481e+02 2.849718446889540928e+02
1.912266234496056256e+02 2.840050807624814979e+02
1.914556603314395318e+02 2.830410198630038963e+02
1.916895887335456337e+02 2.820794624527661085e+02
1.919274669399722200e+02 2.811201788931108467e+02
1.921683871729010775e+02 2.801629096747785184e+02
1.924114632513564800e+02 2.792073707814747081e+02
1.926558266625607985e+02 2.782532317884947588e+02
1.929006386336159267e+02 2.773001396973004944e+02
1.931456517562374415e+02 2.763478462294443148e+02
1.933914696172103049e+02 2.753962920075731517e+02
1.936387725386803993e+02 2.744454717110895103e+02
1.938882482762608106e+02 2.734953999082810583e+02
1.941405871132064647e+02 2.725461133351248577e+02
1.943964813578270707e+02 2.715977006512884486e+02
1.946566174361464334e+02 2.706502920342094285e+02
1.949216759516503430e+02 2.697039734328186569e+02
1.951923388182032397e+02 2.687589460751670458e+02
1.954692992774243407e+02 2.678153865749915781e+02
1.957532516409787604e+02 2.668735258177817968e+02
1.960449010844129702e+02 2.659336105738414631e+02
1.963449674064276849e+02 2.649959616064997476e+02
1.966541744306407224e+02 2.640608718385675502e+02
1.969732412423702499e+02 2.631287217652190407e+02
1.973028948051983775e+02 2.621999089303494088e+02
1.976438651534020892e+02 2.612748686444278974e+02
1.979968764573442002e+02 2.603539996113787538e+02
1.983625864041462989e+02 2.594376233258949469e+02
1.987415733687827526e+02 2.585261913377457859e+02
1.991343827673084093e+02 2.576201980915865875e+02
1.995415368357263617e+02 2.567201810331555976e+02
1.999635317083262578e+02 2.558266660056268051e+02
2.004008321963587775e+02 2.549402411222830835e+02
2.008538782516710341e+02 2.540614921478222357e+02
2.013230799179108317e+02 2.531910498367008415e+02
2.018088182894555302e+02 2.523295312494515201e+02
2.023112332490583469e+02 2.514774781596560729e+02
2.028296987617207776e+02 2.506349783789727894e+02
2.033634173469107225e+02 2.498019615613739859e+02
2.039115918917484294e+02 2.489783353449012679e+02
2.044734347662294454e+02 2.481639650688968572e+02
2.050481668110066380e+02 2.473586763890334908e+02
2.056350179412130217e+02 2.465622567177572932e+02
2.062332284217146423e+02 2.457744559845662593e+02
2.068420501370350451e+02 2.449949876284757124e+02
2.074607476143595761e+02 2.442235296470391290e+02
2.080885989209270406e+02 2.434597257689416949e+02
2.087248986113102660e+02 2.427031904818037731e+02
2.093689634747150023e+02 2.419535120011041442e+02
2.100201277457576339e+02 2.412102408728428315e+02
2.106777369481025062e+02 2.404729091836401835e+02
2.113411546638175480e+02 2.397410193520051678e+02
2.120097606722765420e+02 2.390140489488554181e+02
2.126829548191828678e+02 2.382914558940526604e+02
2.133601543015108746e+02 2.375726863148428549e+02
2.140407984699504595e+02 2.368571458967573733e+02
2.147243314927753488e+02 2.361442399001076353e+02
2.154102166779451863e+02 2.354333514753258214e+02
2.160979262855767900e+02 2.347238432900241207e+02
2.167869339374097137e+02 2.340150515799022912e+02
2.174767249663944142e+02 2.333062976079627333e+02
2.181667975272129638e+02 2.325968911174183802e+02
2.188566617503439602e+02 2.318861326143574502e+02
2.195458972496382160e+02 2.311733682317774026e+02
2.202346524767157803e+02 2.304585499179053159e+02
2.209233905148605004e+02 2.297419934054650810e+02
2.216125574946127017e+02 2.290240396794852700e+02
2.223025791879625785e+02 2.283050502827700825e+02
2.229938626527502947e+02 2.275854047407606799e+02
2.236868071464940897e+02 2.268655094581395133e+02
2.243818131390827659e+02 2.261458132487741750e+02
2.250792667475840858e+02 2.254267824442439689e+02
2.257795376517769625e+02 2.247088974808752369e+02
2.264829804201795582e+02 2.239926531098681437e+02
2.271899381361230326e+02 2.232785580050697263e+02
2.279007526407196451e+02 2.225671420779515017e+02
2.286157583484373674e+02 2.218589584338360794e+02
2.293352820893404100e+02 2.211545714631416217e+02
2.300596369217549864e+02 2.204545445784646063e+02
2.307891300005568382e+02 2.197594571213038819e+02
2.315240540697392362e+02 2.190698830712684924e+02
2.322646903422825915e+02 2.183863947613324967e+02
2.330113118066859670e+02 2.177095658957830437e+02
2.337641917089007677e+02 2.170399758793386695e+02
2.345235942965172740e+02 2.163782044351550553e+02
2.352897876923966578e+02 2.157248325978874846e+02
2.360630215120025071e+02 2.150804258518842005e+02
2.368435429238012944e+02 2.144455429156688524e+02
2.376316021877544813e+02 2.138207429707014171e+02
2.384274533126542224e+02 2.132065855439735458e+02
2.392313421613238233e+02 2.126036186439392850e+02
2.400432228130740953e+02 2.120119628209637312e+02
2.408626522223349298e+02 2.114311573751765252e+02
2.416891730676209136e+02 2.108606920812481746e+02
2.425223421585253050e+02 2.103000487873459008e+02
2.433617295680068651e+02 2.097487021690959637e+02
2.442069186059798938e+02 2.092061216576668130e+02
2.450575083800426626e+02 2.086717771010590070e+02
2.459131100019963014e+02 2.081451352199067628e+02
2.467733443939994231e+02 2.076256582564868154e+02
2.476378416174871973e+02 2.071128046327935124e+02
2.485062997194167167e+02 2.066060656550149304e+02
2.493785639551168742e+02 2.061050737634431869e+02
2.502544033082010912e+02 2.056095512197305482e+02
2.511335648489489358e+02 2.051192339033705707e+02
2.520157934219859328e+02 2.046338587332734846e+02
2.529008310704614360e+02 2.041531616402353393e+02
2.537884183650556338e+02 2.036768771851397730e+02
2.546782880286895931e+02 2.032047293268076658e+02
2.555701704220867043e+02 2.027364362570912704e+02
2.564637979302536337e+02 2.022717192986421253e+02
2.573589044922300673e+02 2.018102956368276466e+02
2.582552262362369788e+02 2.013518823066527546e+02
2.591525054656047473e+02 2.008962037432567627e+02
2.600504928825072852e+02 2.004429794902225694e+02
2.609489399699945693e+02 1.999919370790140647e+02
2.618476074944283027e+02 1.995427944588321623e+02
2.627462592497524838e+02 1.990952700260842221e+02
2.636446854829696349e+02 1.986491205011066086e+02
2.645427623112104811e+02 1.982042031494202945e+02
2.654403761213975486e+02 1.977604116143129147e+02
2.663374254102294003e+02 1.973176331376445773e+02
2.672338164081209015e+02 1.968757491275157463e+02
2.681294549715639164e+02 1.964346503523215688e+02
2.690242665957656527e+02 1.959942360989690542e+02
2.699181946919601387e+02 1.955544068285097410e+02
2.708111815824358359e+02 1.951150714855832859e+02
2.717031817365723896e+02 1.946761368610528962e+02
2.725941580738788730e+02 1.942375110621360079e+02
2.734840916857065736e+02 1.937990916607617464e+02
2.743729631982548653e+02 1.933607854526963763e+02
2.752607693209383797e+02 1.929224961027128984e+02
2.761475190373881219e+02 1.924841267698139688e+02
2.770332344679115408e+02 1.920455801780250908e+02
2.779179509658690108e+02 1.916067571140960411e+02
2.788017096039873763e+02 1.911675395283228625e+02
2.796845621522194278e+02 1.907277969451577349e+02
2.805665754013421065e+02 1.902874019689726026e+02
2.814478388567706588e+02 1.898462256241651573e+02
2.823284708738882500e+02 1.894041293403465431e+02
2.832085881974816175e+02 1.889609647775118049e+02
2.840883024068151030e+02 1.885165540718635384e+02
2.849677974700296090e+02 1.880706703321490352e+02
2.858472212472078127e+02 1.876231388183466038e+02
2.867268151373726255e+02 1.871737387492275673e+02
2.876068270567103013e+02 1.867223860852222401e+02
2.884879008039530959e+02 1.862697309298771700e+02
2.893707860739572197e+02 1.858168908859401540e+02
2.902562309837056773e+02 1.853650080773157640e+02
2.911449638245782126e+02 1.849152492426854906e+02
2.920376879254911842e+02 1.844688043285266872e+02
2.929350822194805914e+02 1.840269452233371226e+02
2.938378193299204213e+02 1.835910566279344778e+02
2.947465281153492356e+02 1.831625660067143144e+02
2.956617863437496680e+02 1.827429370126891399e+02
2.965841176521188345e+02 1.823336560322892694e+02
2.975139769812347481e+02 1.819362492525151538e+02
2.984517573362377334e+02 1.815522972642999946e+02
2.993977760335199605e+02 1.811834093538945467e+02
3.003522630836403096e+02 1.808312231586390624e+02
3.013153632768480179e+02 1.804974109660271893e+02
3.022871128439092558e+02 1.801836579424280274e+02
3.032674394894825127e+02 1.798916269824663345e+02
3.042561663168175414e+02 1.796229435045869138e+02
3.052529669842683120e+02 1.793792161438724406e+02
3.062574288085948524e+02 1.791620631718309937e+02
3.072690074041861408e+02 1.789731007689794069e+02
3.082870255593182947e+02 1.788139234627251710e+02
3.093106551489195795e+02 1.786860452024245944e+02
3.103389574412260004e+02 1.785909355707480586e+02
3.113708520106588367e+02 1.785300230851998151e+02
3.124051249866745366e+02 1.785046844974721409e+02
3.134404309876875345e+02 1.785162133557684569e+02
3.144753505859194433e+02 1.785650817594436717e+02
3.155084471110089339e+02 1.786507250587637827e+02
3.165383395159757356e+02 1.787724451956793246e+02
3.175636858404873237e+02 1.789294675361174711e+02
3.185830608190378257e+02 1.791208228905085491e+02
3.195948723703929772e+02 1.793451064571027018e+02
3.205980867415821649e+02 1.796008578831478246e+02
3.215919579479032109e+02 1.798866639377424974e+02
3.225757871842133682e+02 1.802010721061239735e+02
3.235490396004951208e+02 1.805426653348459354e+02
3.245112394450530360e+02 1.809100012157020672e+02
3.254620686113329384e+02 1.813016560597930606e+02
3.264012682733574593e+02 1.817161460335615573e+02
3.273287079745767301e+02 1.821520295206579192e+02
3.282443355762582655e+02 1.826078918057715725e+02
3.291481799173819809e+02 1.830823471657541575e+02
3.300403512319429638e+02 1.835740335825528859e+02
3.309210463510821114e+02 1.840815920617504275e+02
3.317905364641855499e+02 1.846036932434147957e+02
3.326491598978934121e+02 1.851390463996356743e+02
3.334973177726524227e+02 1.856864006418869337e+02
3.343354690552199031e+02 1.862445474017942786e+02
3.351641017203925799e+02 1.868123523610883296e+02
3.359837749764452610e+02 1.873887263415485620e+02
3.367950594203915102e+02 1.879726305473523382e+02
3.375985840028114922e+02 1.885630689766597925e+02
3.383950173863595410e+02 1.891590853004835253e+02
3.391849460388708053e+02 1.897599579802937626e+02
3.399685970204077989e+02 1.903655872328215253e+02
3.407461512252683065e+02 1.909759984925966876e+02
3.415177344704354141e+02 1.915912170915260333e+02
3.422834520367295568e+02 1.922112829141510986e+02
3.430434347053746365e+02 1.928362488340520429e+02
3.437977619372320532e+02 1.934661552291630073e+02
3.445465102668260329e+02 1.941010523952216147e+02
3.452897417611627588e+02 1.947409961546848933e+02
3.460275039620177040e+02 1.953860471150211140e+02
3.467598303287215344e+02 1.960362702024950181e+02
3.474867436957929954e+02 1.966917306423648881e+02
3.482082615171775046e+02 1.973524884721544765e+02
3.489243901805191967e+02 1.980186061111361369e+02
3.496351241949221276e+02 1.986901494230145317e+02
3.503404422113154055e+02 1.993671862422649781e+02
3.510403099507435059e+02 2.000497874898952944e+02
3.517347138220044940e+02 2.007380284247611257e+02
3.524236090767435030e+02 2.014319662677627889e+02
3.531069463732470695e+02 2.021316672918096344e+02
3.537846497801523924e+02 2.028371955581334589e+02
3.544566866891605059e+02 2.035486432857726413e+02
3.551229695807136864e+02 2.042660680926438204e+02
3.557833927389863220e+02 2.049895305265208378e+02
3.564379079479862753e+02 2.057191286353804855e+02
3.570863999337748851e+02 2.064549175154582770e+02
3.577287470611323101e+02 2.071969677469841997e+02
3.583648766284480303e+02 2.079453704065359432e+02
3.589947049990555001e+02 2.087001227548720408e+02
3.596182323817182578e+02 2.094612464155091232e+02
3.602354252404367685e+02 2.102287420023466495e+02
3.608462410042180863e+02 2.110026211151738096e+02
3.614506672012923332e+02 2.117829190839954094e+02
3.620486238730313175e+02 2.125696423297191870e+02
3.626400998597094940e+02 2.133628540552255117e+02
3.632250020733560518e+02 2.141625707263400500e+02
3.638032945812802268e+02 2.149688598638605583e+02
3.643748891774155823e+02 2.157817606888054627e+02
3.649397194237404847e+02 2.166013414938108781e+02
3.654976859733176866e+02 2.174276694055385235e+02
3.660486800681387649e+02 2.182608235225323767e+02
3.665926582645468557e+02 2.191008837585439437e+02
3.671296311391508880e+02 2.199478786673621471e+02
3.676596122378880978e+02 2.208017869178878527e+02
3.681825570048018221e+02 2.216625932431834656e+02
3.686984354997806008e+02 2.225302916785368836e+02
3.692071753045383957e+02 2.234048889858394205e+02
3.697087223785141532e+02 2.242863836260146684e+02
3.702030022713811945e+02 2.251747890928758409e+02
3.706899277303401732e+02 2.260701209732532391e+02
3.711693662089792269e+02 2.269724045543283637e+02
3.716411465680082529e+02 2.278817038555392571e+02
3.721051048699665103e+02 2.287980280175070504e+02
3.725610618804322485e+02 2.297214390383031457e+02
3.730088123601857433e+02 2.306519814695936930e+02
3.734477730414222378e+02 2.315897836199330584e+02
3.738769054816634707e+02 2.325351104573887824e+02
3.742951215627995225e+02 2.334881639502542612e+02
3.747013193666511484e+02 2.344490776488005963e+02
3.750943788745505003e+02 2.354179731547878873e+02
3.754731815082388948e+02 2.363949185325389806e+02
3.758367037847390293e+02 2.373798738758250977e+02
3.761839424975020165e+02 2.383727687265121631e+02
3.765138805238984787e+02 2.393735000712558190e+02
3.768254877580840798e+02 2.403819110385107649e+02
3.771177292312526106e+02 2.413977973278063871e+02
3.773896733414624123e+02 2.424208930856604525e+02
3.776404896656115397e+02 2.434508777513349855e+02
3.778693470286320917e+02 2.444873917975454276e+02
3.780754101584921614e+02 2.455300358049853173e+02
3.782578407915896719e+02 2.465783687842006486e+02
3.784158236397781820e+02 2.476319052039937958e+02
3.785486282207141358e+02 2.486901129424260262e+02
3.786555435533211948e+02 2.497524189729426212e+02
3.787358532134952611e+02 2.508182436310652861e+02
3.787888532161829289e+02 2.518868893439626788e+02
3.788138456082808148e+02 2.529576389718585290e+02
3.788100465824467733e+02 2.540298168775561010e+02
3.787766477020041975e+02 2.551025296529093964e+02
3.787128345589603668e+02 2.561749575984281364e+02
3.786178186990433119e+02 2.572461368503495009e+02
3.784908146865586787e+02 2.583151096631730184e+02
3.783313366888235691e+02 2.593807632416183537e+02
3.781395785752852134e+02 2.604421867692669252e+02
3.779158942792847142e+02 2.614983636929325144e+02
3.776606651831102681e+02 2.625482842136499357e+02
3.773742779653970274e+02 2.635909931080864794e+02
3.770571456162576283e+02 2.646255026966616128e+02
3.767096910740044677e+02 2.656508212967085569e+02
3.763323539627735954e+02 2.666659538135073717e+02
3.759256018593105182e+02 2.676699043611864681e+02
3.754899321859842871e+02 2.686616775272647146e+02
3.750258742169489778e+02 2.696402800209629049e+02
3.745340338867111996e+02 2.706047725689525691e+02
3.740152310989716966e+02 2.715542083280752763e+02
3.734703263078672535e+02 2.724877138975049888e+02
3.729001660858887135e+02 2.734044994863953093e+02
3.723056945215116116e+02 2.743036980339434194e+02
3.716878512036371376e+02 2.751845816508877078e+02
3.710477876472510275e+02 2.760465009551523963e+02
3.703868358305919628e+02 2.768888688589616436e+02
3.697070365688838365e+02 2.777108079179847095e+02
3.690103247987597683e+02 2.785122924980270227e+02
3.682984644382859187e+02 2.792938011275088570e+02
3.675731115418568606e+02 2.800560590597216901e+02
3.668359630996375813e+02 2.807999128709566321e+02
3.660886380396827917e+02 2.815263639005727327e+02
3.653326447161213082e+02 2.822365289988632640e+02
3.645694650039494036e+02 2.829316127077715919e+02
3.638003809849515733e+02 2.836128703237182549e+02
3.630261815867177120e+02 2.842812583534188775e+02
3.622473677943377766e+02 2.849375796422434632e+02
3.614644281905661387e+02 2.855826642773845379e+02
3.606778029310647185e+02 2.862173184265155328e+02
3.598879033879134113e+02 2.868423619171085761e+02
3.590950837112120553e+02 2.874585792003803704e+02
3.582996274531985819e+02 2.880666914700990446e+02
3.575017920882312978e+02 2.886674028447061460e+02
3.567018176330923893e+02 2.892613980962727283e+02
3.558999254711543472e+02 2.898493552972046814e+02
3.550963254170089272e+02 2.904319176536712348e+02
3.542911902373187445e+02 2.910096831219448745e+02
3.534846716386793446e+02 2.915832266071797676e+02
3.526769155715514898e+02 2.921531029328058935e+02
3.518680644037910383e+02 2.927198435982402316e+02
3.510582555537699250e+02 2.932839593871468651e+02
3.502476256244165711e+02 2.938459279509739872e+02
3.494362801741203270e+02 2.944062469942490452e+02
3.486243638038959034e+02 2.949653431083094119e+02
3.478119829577038331e+02 2.955236699017544311e+02
3.469992707111934465e+02 2.960816340370603257e+02
3.461863378791034620e+02 2.966396605682377867e+02
3.453733405370923606e+02 2.971981328213817619e+02
3.445603933935698251e+02 2.977574784765163258e+02
3.437476525897237707e+02 2.983180728725600943e+02
3.429352659188212442e+02 2.988802834237104094e+02
3.421233617516120376e+02 2.994444877472645317e+02
3.413120359250440288e+02 3.000109483177722609e+02
3.405013197181805822e+02 3.005798326484975860e+02
3.396912476518199355e+02 3.011512932415110413e+02
3.388818630644927339e+02 3.017254696415755575e+02
3.380732101628734085e+02 3.023024990104134986e+02
3.372653490453180893e+02 3.028825077659607814e+02
3.364583544215254847e+02 3.034656292235137585e+02
3.356523092207894479e+02 3.040519935668206131e+02
3.348473030527744640e+02 3.046417246211988186e+02
3.340434322957321456e+02 3.052349404493775751e+02
3.332408001666836981e+02 3.058317538445474497e+02
3.324395161048874456e+02 3.064322716950178460e+02
3.316396960329838066e+02 3.070365956044448694e+02
3.308414632324409013e+02 3.076448233952505689e+02
3.300449486376350023e+02 3.082570494754798460e+02
3.292502906223792252e+02 3.088733659454546796e+02
3.284576335805365375e+02 3.094938574086330618e+02
3.276671212766128747e+02 3.101185929445439342e+02
3.268789229092635651e+02 3.107475967741012255e+02
3.260933702419674773e+02 3.113804622105595854e+02
3.253104982190031365e+02 3.120167628840347334e+02
3.245300906865979300e+02 3.126562282052531145e+02
3.237519119411614952e+02 3.132985774548577069e+02
3.229757151037690619e+02 3.139435197485991011e+02
3.222012494051792828e+02 3.145907646448054038e+02
3.214282602662258341e+02 3.152400227951787315e+02
3.206564898346823611e+02 3.158910048848027827e+02
3.198856299080641179e+02 3.165433501312157318e+02
3.191152493299632624e+02 3.171965124357610648e+02
3.183448963367931128e+02 3.178499155479867682e+02
3.175741186672580056e+02 3.185029823255378005e+02
3.168024642258600920e+02 3.191551328794838582e+02
3.160294822823611298e+02 3.198057855511113985e+02
3.152547265977688085e+02 3.204543590371322352e+02
3.144777540400862677e+02 3.211002694255518577e+02
3.136981273869866413e+02 3.217429299197702335e+02
3.129154115310311113e+02 3.223817475532659955e+02
3.121291781774150422e+02 3.230161238894291955e+02
3.113390141972009815e+02 3.236454665945288411e+02
3.105445274759705399e+02 3.242692010747350650e+02
3.097453340137994360e+02 3.248867478211251978e+02
3.089410649677215019e+02 3.254975199587818793e+02
3.081313569429087238e+02 3.261009236066453241e+02
3.073158601519085096e+02 3.266963579228262802e+02
3.064942493750998551e+02 3.272832332690905446e+02
3.056662182993675287e+02 3.278609609526725990e+02
3.048314736151993429e+02 3.284289426216371339e+02
3.039897409925046077e+02 3.289865697399245619e+02
3.031407580956981747e+02 3.295332246927538336e+02
3.022842768519801098e+02 3.300682714346247053e+02
3.014200605008238654e+02 3.305910506584573341e+02
3.005478914605781142e+02 3.311008907530801935e+02
2.996675732685349658e+02 3.315971089082755157e+02
2.987789318041330375e+02 3.320790110461860536e+02
2.978818829689877248e+02 3.325460134476575718e+02
2.969768091105485155e+02 3.329983466660295903e+02
2.960642787695409197e+02 3.334365838210093216e+02
2.951448540346138998e+02 3.338613044150112046e+02
2.942190979755802687e+02 3.342730941039919230e+02
2.932875602754560873e+02 3.346725483276039768e+02
2.923507901090984546e+02 3.350602840782050293e+02
2.914093352866564715e+02 3.354369479296879035e+02
2.904637311023233792e+02 3.358031991028987591e+02
2.895144978188694154e+02 3.361597088769583479e+02
2.885621388992428820e+02 3.365071614409334302e+02
2.876071381064303409e+02 3.368462580096638703e+02
2.866499793538147856e+02 3.371777425006008002e+02
2.856911198517273078e+02 3.375023841760595928e+02
2.847309933396309134e+02 3.378209674322592946e+02
2.837700064570048539e+02 3.381342932457632173e+02
2.828085367307432989e+02 3.384431795198543682e+02
2.818469298360479343e+02 3.387484590691515791e+02
2.808854977369558128e+02 3.390509792863538223e+02
2.799245172747474157e+02 3.393516035528007819e+02
2.789642314271698069e+02 3.396512148056982028e+02
2.780048443090806245e+02 3.399507125699924472e+02
2.770465206789068588e+02 3.402510111741055994e+02
2.760893828945211794e+02 3.405530346463549449e+02
2.751335114753939592e+02 3.408577208635736611e+02
2.741789446732574334e+02 3.411660226604275294e+02
2.732256767579025905e+02 3.414789051399760069e+02
2.722736444287731956e+02 3.417973001035467178e+02
2.713224268869297475e+02 3.421210576457573325e+02
2.703713031655763075e+02 3.424489427368289398e+02
2.694195849260202067e+02 3.427796606364299237e+02
2.684666289565512898e+02 3.431118977157087215e+02
2.675118495705049781e+02 3.434443340126955491e+02
2.665547120626374635e+02 3.437756323594877017e+02
2.655947154138538622e+02 3.441044053149189494e+02
2.646314485676915638e+02 3.444292696246536707e+02
2.636645141439213376e+02 3.447488130610285566e+02
2.626936245601007727e+02 3.450616321449261932e+02
2.617185174872878974e+02 3.453663130741209670e+02
2.607390014530292319e+02 3.456614645295287005e+02
2.597549782044017093e+02 3.459457297766310262e+02
2.587663810437088046e+02 3.462177491556861924e+02
2.577732164469064742e+02 3.464761638182285424e+02
2.567756214168898055e+02 3.467196473460147672e+02
2.557737909399294267e+02 3.469469411367818452e+02
2.547678992027810239e+02 3.471568822393693381e+02
2.537581544106114393e+02 3.473483112303600251e+02
2.527448324867558540e+02 3.475200658078670699e+02
2.517282130660609312e+02 3.476709710624706986e+02
2.507086092553108756e+02 3.477998342372425213e+02
2.496864488382477418e+02 3.479054651978044603e+02
2.486620938501298497e+02 3.479866448506485881e+02
2.476360732628973835e+02 3.480421677240736358e+02
2.466088429395372259e+02 3.480708049370391564e+02
2.455810360347358028e+02 3.480713495216034516e+02
2.445532121630478173e+02 3.480431132881899430e+02
2.435260742275583539e+02 3.479867043212657904e+02
2.425002154313305027e+02 3.479029014407816476e+02
2.414762417258464211e+02 3.477924847238765551e+02
2.404547583511127584e+02 3.476562466719407212e+02
2.394362823961719755e+02 3.474949610580436570e+02
2.384213969018677517e+02 3.473094651959928001e+02
2.374105897148669442e+02 3.471006003343142652e+02
2.364043564520557652e+02 3.468692077966175589e+02
2.354031893115269440e+02 3.466161411741161942e+02
2.344075107361688026e+02 3.463422259048836054e+02
2.334177845211527256e+02 3.460483959815538242e+02
2.324343571570159668e+02 3.457356826446558102e+02
2.314576142576035522e+02 3.454051720280351674e+02
2.304878538393992642e+02 3.450579073448533336e+02
2.295253803295297814e+02 3.446949518266342238e+02
2.285704452142612126e+02 3.443173612552474765e+02
2.276232623990137256e+02 3.439262301069865089e+02
2.266840001927014328e+02 3.435226931518528772e+02
2.257527853192503926e+02 3.431078624307212408e+02
2.248297038299834583e+02 3.426828362538878991e+02
2.239147969733898833e+02 3.422486966858159576e+02
2.230080750255730209e+02 3.418064463717109334e+02
2.221095293476253403e+02 3.413569707497921399e+02
2.212191102825113660e+02 3.409011268059659301e+02
2.203367222070492062e+02 3.404397493647409760e+02
2.194622204218111392e+02 3.399736481377186124e+02
2.185954848872847265e+02 3.395034824540174441e+02
2.177365257646872294e+02 3.390291681556512344e+02
2.168855593642571478e+02 3.385503466403424682e+02
2.160427325067244908e+02 3.380666373138597578e+02
2.152083052865709476e+02 3.375776636117606699e+02
2.143824297807889820e+02 3.370830199006771295e+02
2.135653781947553398e+02 3.365823199957299039e+02
2.127574007490438248e+02 3.360751572062952732e+02
2.119587621360516607e+02 3.355611187816543293e+02
2.111697409439000523e+02 3.350397864217012511e+02
2.103906289502778293e+02 3.345107369033496525e+02
2.096217341916244266e+02 3.339735537800830230e+02
2.088633908089985027e+02 3.334278692905288040e+02
2.081157783682882041e+02 3.328732682132949208e+02
2.073793209478030519e+02 3.323094297402695929e+02
2.066541794194161525e+02 3.317359018930118282e+02
2.059407560884312431e+02 3.311523490971463275e+02
2.052392910518876761e+02 3.305583369378495604e+02
2.045500676788972498e+02 3.299534595368861574e+02
2.038733932959513027e+02 3.293373209070465464e+02
2.032095508476033672e+02 3.287095066766759714e+02
2.025588188084368255e+02 3.280696021618014129e+02
