2.003612478959411476e+02 3.288262812392903811e+02
1.996700525826059049e+02 3.281364919420458364e+02
1.989968934206905828e+02 3.274253722681365844e+02
1.983422138229242648e+02 3.266934337317721884e+02
1.977065133345992649e+02 3.259413514405915180e+02
1.970902483988750475e+02 3.251698479269916788e+02
1.964938311718925661e+02 3.243796844334246430e+02
1.959176321269165726e+02 3.235716520434077665e+02
1.953619922304330316e+02 3.227465600878745704e+02
1.948271726266201256e+02 3.219052342169447343e+02
1.943134355298835771e+02 3.210485113104068091e+02
1.938209798756325313e+02 3.201772249863689126e+02
1.933499899077272914e+02 3.192922041030591345e+02
1.929005928017500935e+02 3.183942761624128366e+02
1.924729034842979445e+02 3.174842516107947290e+02
1.920670108201891537e+02 3.165629245436636552e+02
1.916829798328859340e+02 3.156310732095806202e+02
1.913208575322551894e+02 3.146894560879599112e+02
1.909806689598177059e+02 3.137388140367257847e+02
1.906624215511626801e+02 3.127798677716955353e+02
1.903661115844817004e+02 3.118133161208866682e+02
1.900917430348725645e+02 3.108398229808399833e+02
1.898392898687255013e+02 3.098600601575070073e+02
1.896087459689199761e+02 3.088746423735399844e+02
1.894000800624136502e+02 3.078842016474475258e+02
1.892132720027476012e+02 3.068893228576403089e+02
1.890483088595919980e+02 3.058905785284509307e+02
1.889051641467063405e+02 3.048885412884791322e+02
1.887837862075633950e+02 3.038837550003584624e+02
1.886837460953354650e+02 3.028767921826446923e+02
1.886043775635257305e+02 3.018682085469803269e+02
1.885450170776636298e+02 3.008585090678168967e+02
1.885049929012878636e+02 2.998481646982870643e+02
1.884836423292049403e+02 2.988375923875036619e+02
1.884803181719755685e+02 2.978271669903363659e+02
1.884943706693690046e+02 2.968172373562204598e+02
1.885251570601002413e+02 2.958081116072515897e+02
1.885720546688659169e+02 2.948000598638298584e+02
1.886344359873115479e+02 2.937933330392373819e+02
1.887116919330941016e+02 2.927881430490832031e+02
1.888032236725512405e+02 2.917846780639569602e+02
1.889084278022810395e+02 2.907831044863218040e+02
1.890267253200439086e+02 2.897835574904830764e+02
1.891575486144286913e+02 2.887861540224163264e+02
1.893003296629133274e+02 2.877909896601275932e+02
1.894545198843294429e+02 2.867981369935034763e+02
1.896195816224118857e+02 2.858076506772716243e+02
1.897949946733690467e+02 2.848195680391427231e+02
1.899802403786047194e+02 2.838339067654057430e+02
1.901748165006429474e+02 2.828506685109263117e+02
1.903782347527981642e+02 2.818698392154131511e+02
1.905900221136866435e+02 2.808913897541778510e+02
1.908097195686658551e+02 2.799152764428386604e+02
1.910368846690406315e+02 2.789414433099586290e+02
1.912710840412388507e+02 2.779698171170082333e+02
1.915118990891339763e+02 2.770003122962628481e+02
1.917590321692445627e+02 2.760328557029618537e+02
1.920123529749213276e+02 2.750674018411248198e+02
1.922717589248734953e+02 2.741039095000639918e+02
1.925371579551546972e+02 2.731423334346595198e+02
1.928084647943063317e+02 2.721826238333375727e+02
1.930856098744363578e+02 2.712247365171056686e+02
1.933685451115331659e+02 2.702686332361171822e+02
1.936572165793920988e+02 2.693142505187657321e+02
1.939515977305239005e+02 2.683615515228049162e+02
1.942516718247111100e+02 2.674104823506677917e+02
1.945574389441963206e+02 2.664609960016306900e+02
1.948689096366230160e+02 2.655130387945325765e+02
1.951861211066524220e+02 2.645665699882310378e+02
1.955091140535537590e+02 2.636215285086751123e+02
1.958379544618142631e+02 2.626778693866727394e+02
1.961727294434219857e+02 2.617355432540931020e+02
1.965135472528329785e+02 2.607945013255089179e+02
1.968604996255130857e+02 2.598546710701253346e+02
1.972135955372490628e+02 2.589159397498653448e+02
1.975728204656497553e+02 2.579782057153522032e+02
1.979381546809383110e+02 2.570413649460344345e+02
1.983095853127010741e+02 2.561053127240295453e+02
1.986870947562766219e+02 2.551699438831785756e+02
1.990706894233215394e+02 2.542351605657067921e+02
1.994603619802617231e+02 2.533008634423981675e+02
1.998561120603395409e+02 2.523669500461001576e+02
2.002579132222771534e+02 2.514333200845064198e+02
2.006659108893562120e+02 2.504999618272638031e+02
2.010808349366644734e+02 2.495672340270470784e+02
2.015035025547144585e+02 2.486356207516792267e+02
2.019347073088500224e+02 2.477056365804639881e+02
2.023752067593538584e+02 2.467778369457192582e+02
2.028257204727747194e+02 2.458528134998510666e+02
2.032869086571197386e+02 2.449311763808123317e+02
2.037593765083444453e+02 2.440135534814670564e+02
2.042436934390256909e+02 2.431006007513257714e+02
2.047403939758233093e+02 2.421930005611968113e+02
2.052499782217842039e+02 2.412914596016254904e+02
2.057728884797733429e+02 2.403966844312775777e+02
2.063094567612127150e+02 2.395093389069012062e+02
2.068599600748325713e+02 2.386300966375506505e+02
2.074246623466628421e+02 2.377596297442843252e+02
2.080037981376372329e+02 2.368986249727897473e+02
2.085975736962192286e+02 2.360477730538924277e+02
2.092061168306639445e+02 2.352077206568149279e+02
2.098295089627622758e+02 2.343790747945778321e+02
2.104677816743827918e+02 2.335624652791548499e+02
2.111209828449826489e+02 2.327584928035730059e+02
2.117891385904306958e+02 2.319677658217501914e+02
2.124722753564407185e+02 2.311909004444534901e+02
2.131704370512250080e+02 2.304285360070457500e+02
2.138836623931625240e+02 2.296813121749669904e+02
2.146119828441153459e+02 2.289498640190455774e+02
2.153554258384138222e+02 2.282348206377760391e+02
2.161139294143686982e+02 2.275367320800849029e+02
2.168866933164969737e+02 2.268553248464591263e+02
2.176725086221130994e+02 2.261898280500560361e+02
2.184702004374553326e+02 2.255394229080715718e+02
2.192786342735411154e+02 2.249032504022302703e+02
2.200967117768161643e+02 2.242804161164788752e+02
2.209233469979676840e+02 2.236699719588631865e+02
2.217574582320182799e+02 2.230708896647673782e+02
2.225979927709495598e+02 2.224821076134437590e+02
2.234439318259844356e+02 2.219025368150518034e+02
2.242942922758726922e+02 2.213310621966906524e+02
2.251481113441084290e+02 2.207665365137966944e+02
2.260043659647691072e+02 2.202077063657070255e+02
2.268620475480690004e+02 2.196532425377206721e+02
2.277201775545061366e+02 2.191018008937634818e+02
2.285777713365924058e+02 2.185520344968254278e+02
2.294339078749616476e+02 2.180025618669585867e+02
2.302876416068803564e+02 2.174519876445588693e+02
2.311380416419000596e+02 2.168988646531250879e+02
2.319841787905446040e+02 2.163417407750285975e+02
2.328251539609989038e+02 2.157791512541849954e+02
2.336600615506013412e+02 2.152096337979139378e+02
2.344880372541640554e+02 2.146317250528778118e+02
2.353082606107148251e+02 2.140440409441881968e+02
2.361199435260935502e+02 2.134452217484124503e+02
2.369223031145439222e+02 2.128339096286650829e+02
2.377145587159939737e+02 2.122087507027396214e+02
2.384959405821466589e+02 2.115684273073561030e+02
2.392665755663513494e+02 2.109128838829977326e+02
2.400277754000580046e+02 2.102437933828364294e+02
2.407809060744949932e+02 2.095629756612013637e+02
2.415273048138502645e+02 2.088722733447085602e+02
2.422682834203867799e+02 2.081735491968899225e+02
2.430051185118221042e+02 2.074686646928220171e+02
2.437390014330379984e+02 2.067593998960601880e+02
2.444710873869529735e+02 2.060475165620328255e+02
2.452025196894604164e+02 2.053347866246651279e+02
2.459344331897917755e+02 2.046229900149225216e+02
2.466681825947042910e+02 2.039138240424798312e+02
2.474055716357958943e+02 2.032085889381097843e+02
2.481477991812414530e+02 2.025086625537855411e+02
2.488959177582406141e+02 2.018155023993227815e+02
2.496509669001585792e+02 2.011305754036689279e+02
2.504139620643223338e+02 2.004553630030986255e+02
2.511858717096722273e+02 1.997912872273766425e+02
2.519674635978433912e+02 1.991395201346399517e+02
2.527594282025747532e+02 1.985011839820432442e+02
2.535624632125293658e+02 1.978774017960202798e+02
2.543772180437463817e+02 1.972693265366323487e+02
2.552043414335585396e+02 1.966781331150355356e+02
2.560446552193514549e+02 1.961052922927518978e+02
2.568990823260593857e+02 1.955525810459840557e+02
2.577685684990685218e+02 1.950217844606057724e+02
2.586539756723217920e+02 1.945147378417914865e+02
2.595561439893847933e+02 1.940332917940911557e+02
2.604755857449068230e+02 1.935788435698110561e+02
2.614117307715096672e+02 1.931512422025259070e+02
2.623638411804400334e+02 1.927499865413505518e+02
2.633311359672550225e+02 1.923746006399658199e+02
2.643128122896745822e+02 1.920246172210940472e+02
2.653080620896187156e+02 1.916995248946056734e+02
2.663157107936684724e+02 1.913982526878777435e+02
2.673343079527826944e+02 1.911192826903305217e+02
2.683624331843094524e+02 1.908610653059910760e+02
2.693986726999020789e+02 1.906220463112512675e+02
2.704416318516369415e+02 1.904006597336329492e+02
2.714897444872781875e+02 1.901950085413414229e+02
2.725410188642158573e+02 1.900022967765721944e+02
2.735934357645863315e+02 1.898195518262766655e+02
2.746450446100374165e+02 1.896437629187081200e+02
2.756939709862776340e+02 1.894718783516359224e+02
2.767384343311454131e+02 1.893008217115608431e+02
2.777768571661049464e+02 1.891276914097041413e+02
2.788078270701010410e+02 1.889496836845440555e+02
2.798300319394609232e+02 1.887639542191787996e+02
2.808422671127548256e+02 1.885676123743401433e+02
2.818434486980667657e+02 1.883577130550418133e+02
2.828327195843540380e+02 1.881314898338261798e+02
2.838095675360330006e+02 1.878866422342967155e+02
2.847736597740717457e+02 1.876208632423885945e+02
2.857247549814725858e+02 1.873318468225940308e+02
2.866627970385778212e+02 1.870172090842080763e+02
2.875879541792000964e+02 1.866748774259718857e+02
2.885016729730892848e+02 1.863054796745464614e+02
2.894059512438842034e+02 1.859111775045023762e+02
2.903027837996885978e+02 1.854941851279791081e+02
2.911941398238929537e+02 1.850567606438379187e+02
2.920819553281854155e+02 1.846012070617728682e+02
2.929681427335518720e+02 1.841299783242308763e+02
2.938546157802728658e+02 1.836457497462014032e+02
2.947432203833163271e+02 1.831512778574469280e+02
2.956357198911850901e+02 1.826493868861987551e+02
2.965337850931272214e+02 1.821429574886881255e+02
2.974389877979511994e+02 1.816349973297692486e+02
2.983528766567513344e+02 1.811289825783799472e+02
2.992768733668871732e+02 1.806286285386460406e+02
3.002122111621733893e+02 1.801377245059680661e+02
3.011599335323458604e+02 1.796601371925355579e+02
3.021208363022170147e+02 1.791997876888566168e+02
3.030954443773579783e+02 1.787603790375572714e+02
3.040840169510051396e+02 1.783452547154213050e+02
3.050864975608401437e+02 1.779577461123894864e+02
3.061026637752164561e+02 1.776012111415706443e+02
3.071320186735604807e+02 1.772790260023072051e+02
3.081737819194686381e+02 1.769944438044007313e+02
3.092268344150411963e+02 1.767499812221670084e+02
3.102898751504467896e+02 1.765478677995826047e+02
3.113613703998019560e+02 1.763902834016542727e+02
3.124395718797269410e+02 1.762793417845682598e+02
3.135225184200405693e+02 1.762170400688863197e+02
3.146081384689014726e+02 1.762040392850345825e+02
3.156943092477802679e+02 1.762393208396691762e+02
3.167790157251964729e+02 1.763216682193299789e+02
3.178603025208049075e+02 1.764497617682164048e+02
3.189359150712530777e+02 1.766220267700179249e+02
3.200029170413199608e+02 1.768364082155283654e+02
3.210595348991690230e+02 1.770912337727671115e+02
3.221045738415318169e+02 1.773850207430790249e+02
3.231367769041662541e+02 1.777162074511364835e+02
3.241551828383227303e+02 1.780832756564769284e+02
3.251588042114861992e+02 1.784846431746416897e+02
3.261469686935990353e+02 1.789187235835222793e+02
3.271189636497396123e+02 1.793837806747476407e+02
3.280743198826702383e+02 1.798781359690159718e+02
3.290126490434700486e+02 1.804001273105621976e+02
3.299336597273847360e+02 1.809481153310572381e+02
3.308371921095348398e+02 1.815204054850865703e+02
3.317233128823762058e+02 1.821150237087573203e+02
3.325922337676038865e+02 1.827299678670939329e+02
3.334442780251625891e+02 1.833632857119459629e+02
3.342798735021593757e+02 1.840130771902789775e+02
3.350995498314709948e+02 1.846774895137609178e+02
3.359040017790406409e+02 1.853546168186448426e+02
3.366940440493331721e+02 1.860424548899547403e+02
3.374706313479062487e+02 1.867391087932934113e+02
3.382347820811801853e+02 1.874427309682254474e+02
3.389876060021382500e+02 1.881515434411926719e+02
3.397301142823466762e+02 1.888641342308222590e+02
3.404628059369758262e+02 1.895800507209490320e+02
3.411860870766767562e+02 1.902990222289097915e+02
3.419003439895269594e+02 1.910208043823555784e+02
3.426059448789355315e+02 1.917451740606103954e+02
3.433032754356655118e+02 1.924719284424207046e+02
3.439926380959557832e+02 1.932009479556754457e+02
3.446742903094213943e+02 1.939321800727354912e+02
3.453484746113111896e+02 1.946655838652592365e+02
3.460154195585468528e+02 1.954011280635249648e+02
3.466753401287348879e+02 1.961387905365887718e+02
3.473284272015793022e+02 1.968785706889769926e+02
3.479748305290731878e+02 1.976205072661210238e+02
3.486146808504637420e+02 1.983646494092297132e+02
3.492480944095001973e+02 1.991110511856427081e+02
3.498751681207558022e+02 1.998597690591996923e+02
3.504959817534964941e+02 2.006108641698672557e+02
3.511106290912410941e+02 2.013644223391667083e+02
3.517191546565995850e+02 2.021205109936564668e+02
3.523215973979588398e+02 2.028792085372604959e+02
3.529179602979263564e+02 2.036405838302343625e+02
3.535083111994610476e+02 2.044047595308832967e+02
3.540926394808723785e+02 2.051717954358585132e+02
3.546709150834637967e+02 2.059417420268645174e+02
3.552432023416125730e+02 2.067147305989692825e+02
3.558094594189964823e+02 2.074908065041885834e+02
3.563696415530575905e+02 2.082700351826947269e+02
3.569237606873902564e+02 2.090525648134769199e+02
3.574715575899670625e+02 2.098385370208830523e+02
3.580127927591304910e+02 2.106282421688865156e+02
3.585471510883174346e+02 2.114218962810175526e+02
3.590742950393503747e+02 2.122197061470368737e+02
3.595939364239899305e+02 2.130219289846135666e+02
3.601056579203801675e+02 2.138286789394716720e+02
3.606092000386052518e+02 2.146402221878321939e+02
3.611041236348062853e+02 2.154566195153854551e+02
3.615901193042160457e+02 2.162780920740404440e+02
3.620667523996623913e+02 2.171047073353612404e+02
3.625336506310696336e+02 2.179366171587682572e+02
3.629903888646092014e+02 2.187738993802234972e+02
3.634365396411812412e+02 2.196166326297062312e+02
3.638718270716924508e+02 2.204650567260510741e+02
3.642960470964903834e+02 2.213194098452406990e+02
3.647089306190139268e+02 2.221797556185202609e+02
3.651100662691260368e+02 2.230459502588241492e+02
3.654991665459361343e+02 2.239180408957819566e+02
3.658758004121060594e+02 2.247958468188428469e+02
3.662396399767233675e+02 2.256793580904854934e+02
3.665902741817558876e+02 2.265684156198877872e+02
3.669273168637601543e+02 2.274629099847751661e+02
3.672503902240338789e+02 2.283627300302178753e+02
3.675590457076829694e+02 2.292676434615905805e+02
3.678529259613733302e+02 2.301775783920085132e+02
3.681315834287199777e+02 2.310922719688044822e+02
3.683946063909484110e+02 2.320115224883106464e+02
3.686418977161137036e+02 2.329350572030881779e+02
3.688736648072301705e+02 2.338624218954648768e+02
3.690901591083963922e+02 2.347932304700038912e+02
3.692916527943461347e+02 2.357271386010334027e+02
3.694783973417030438e+02 2.366637571786522471e+02
3.696506429677683059e+02 2.376027223777463746e+02
3.698086570119389762e+02 2.385437390728447156e+02
3.699526994486285503e+02 2.394864970486661377e+02
3.700830254403593358e+02 2.404306896669356775e+02
3.701998930076243823e+02 2.413760385659106191e+02
3.703035595205037680e+02 2.423222813352321054e+02
3.703942742226989822e+02 2.432691723377180324e+02
3.704722778408989825e+02 2.442164822084114633e+02
3.705378085918545139e+02 2.451639968063838069e+02
3.705911018619142965e+02 2.461115172598307765e+02
3.706323895946057974e+02 2.470588600842855840e+02
3.706618985473397743e+02 2.480058573863325648e+02
3.706798469185056888e+02 2.489523570533474128e+02
3.706864466778162637e+02 2.498982226226478076e+02
3.706818954345176849e+02 2.508433025771775249e+02
3.706663945735480183e+02 2.517875279474758372e+02
3.706401403795636611e+02 2.527308220877297629e+02
3.706033205121797209e+02 2.536730452154979787e+02
3.705561400234265648e+02 2.546142151633650030e+02
3.704987860713659984e+02 2.555542522825662388e+02
3.704314371788301514e+02 2.564931660036154994e+02
3.703542539947206365e+02 2.574309233423105638e+02
3.702672061943158042e+02 2.583675900926340319e+02
3.701697332644832841e+02 2.593030322572278124e+02
3.700611736548059980e+02 2.602371726599553767e+02
3.699408638756981418e+02 2.611698957511591743e+02
3.698081353824887856e+02 2.621010028008367385e+02
3.696623100916280578e+02 2.630302841154792191e+02
3.695026867492543374e+02 2.639574871691506814e+02
3.693285502454272660e+02 2.648823151270249241e+02
3.691391875012463970e+02 2.658044278676018166e+02
3.689338901425016388e+02 2.667234406547494814e+02
3.687119570983468861e+02 2.676389227860953497e+02
3.684726842194204437e+02 2.685503587826243574e+02
3.682153401922272451e+02 2.694572441745571041e+02
3.679392189654153071e+02 2.703589867733191454e+02
3.676436420338596349e+02 2.712548711599106923e+02
3.673279325914305673e+02 2.721442542697122917e+02
3.669914693770916756e+02 2.730263327720050484e+02
3.666336328111830198e+02 2.739002872808400753e+02
3.662538258801087636e+02 2.747653457826681915e+02
3.658513970334232681e+02 2.756217448125601095e+02
3.654261443256161783e+02 2.764692115693250116e+02
3.649781315803997472e+02 2.773071112215905600e+02
3.645075367132967017e+02 2.781346445528924392e+02
3.640145443413719590e+02 2.789511279727871056e+02
3.634994034946354873e+02 2.797558609266550320e+02
3.629624213722786408e+02 2.805480873597226150e+02
3.624038862862492465e+02 2.813272105497898679e+02
3.618242327058197247e+02 2.820925186419961506e+02
3.612241696559449906e+02 2.828437441829768773e+02
3.606046195917883210e+02 2.835806396655826234e+02
3.599664179352471933e+02 2.843031570733169247e+02
3.593104489907621542e+02 2.850111738365067708e+02
3.586375236281625689e+02 2.857046980620041268e+02
3.579484593551679836e+02 2.863837731061274781e+02
3.572440720552097559e+02 2.870484885984739662e+02
3.565251398162769760e+02 2.876989854341272803e+02
3.557924105667688650e+02 2.883354371078489180e+02
3.550465902020993667e+02 2.889580677068984755e+02
3.542883720124501110e+02 2.895671135947101789e+02
3.535184369273205220e+02 2.901628659796234615e+02
3.527374337402607125e+02 2.907456609727063324e+02
3.519459804438096171e+02 2.913158560756322686e+02
3.511446669086759584e+02 2.918738231492808950e+02
3.503340520975791037e+02 2.924199502136508499e+02
3.495146888307636459e+02 2.929546420207346955e+02
3.486870738554201807e+02 2.934783965777897947e+02
3.478517444140429689e+02 2.939916496892109308e+02
3.470091494486109696e+02 2.944949105534339537e+02
3.461597559560837567e+02 2.949886526234373605e+02
3.453039709816259233e+02 2.954734093886756909e+02
3.444422670740039507e+02 2.959497021154794538e+02
3.435750244455888947e+02 2.964181492111677585e+02
3.427026687289380220e+02 2.968793145330730567e+02
3.418255910977345025e+02 2.973337739086792340e+02
3.409441337078196170e+02 2.977821553321738861e+02
3.400588527730536157e+02 2.982253282998743202e+02
3.391704729484607128e+02 2.986644697028672226e+02
3.382797034858041911e+02 2.991007810862967631e+02
3.373872371089012177e+02 2.995354674111483178e+02
3.364937351854707686e+02 2.999697520472265069e+02
3.355998162324394229e+02 3.004047899800133337e+02
3.347059233302277335e+02 3.008414976114169690e+02
3.338124539196648470e+02 3.012807330683843929e+02
3.329198030776499309e+02 3.017233532507260065e+02
3.320283654383266025e+02 3.021702134079959592e+02
3.311385330657000736e+02 3.026221605411691371e+02
3.302506256553449475e+02 3.030799230285230124e+02
3.293649016020208933e+02 3.035441228031508558e+02
3.284816248440671984e+02 3.040153745846985771e+02
3.276010687844172367e+02 3.044942892442709876e+02
3.267235156751726208e+02 3.049814754829486674e+02
3.258492641902357718e+02 3.054775395644474543e+02
3.249786319255610465e+02 3.059830940710473897e+02
3.241120717641701958e+02 3.064986436195985107e+02
3.232513111915272930e+02 3.070235379988344562e+02
3.223974816967798915e+02 3.075572983451666005e+02
3.215507635491130145e+02 3.081000833055205703e+02
3.207114672593277760e+02 3.086523173672294433e+02
3.198800149085169551e+02 3.092146106142533881e+02
3.190568232183520081e+02 3.097875813831520304e+02
3.182422962540494495e+02 3.103718553757249765e+02
3.174368273438444135e+02 3.109680633820985349e+02
3.166406730725790908e+02 3.115766617940682295e+02
3.158537697454687532e+02 3.121976417584642149e+02
3.150759913090856799e+02 3.128309275785153432e+02
3.143071941020533586e+02 3.134764544255660326e+02
3.135472257676636332e+02 3.141341610629404499e+02
3.127959068593500547e+02 3.148039877604063008e+02
3.120529700593857001e+02 3.154857655308260291e+02
3.113180948385367515e+02 3.161792557663717389e+02
3.105909295589989938e+02 3.168842394830382432e+02
3.098711299039557048e+02 3.176004881742463226e+02
3.091583233482734840e+02 3.183277877529867510e+02
3.084519602737570381e+02 3.190656734504916585e+02
3.077511487337789617e+02 3.198131347333672920e+02
3.070549508285008642e+02 3.205690896440486881e+02
3.063624102317360780e+02 3.213324686097728886e+02
3.056725879097704137e+02 3.221021860665769054e+02
3.049845014863027473e+02 3.228770897048399320e+02
3.042968366459749063e+02 3.236554655246129641e+02
3.036081256034190687e+02 3.244353057195685892e+02
3.029169221642725915e+02 3.252145819737312991e+02
3.022218026437266190e+02 3.259912507995485385e+02
3.015213790565792351e+02 3.267632425636397784e+02
3.008142934481124371e+02 3.275284616873316281e+02
3.000992229184541316e+02 3.282847806457894535e+02
2.993748872412857622e+02 3.290300436572053968e+02
2.986400536056745523e+02 3.297620655389134185e+02
2.978935410776264803e+02 3.304786300757697859e+02
2.971343356846098800e+02 3.311776908796276189e+02
2.963622191923961964e+02 3.318585409950808867e+02
2.955773055688256932e+02 3.325210267742585870e+02
2.947797257527892612e+02 3.331649870111527321e+02
2.939696321715757676e+02 3.337902537059993051e+02
2.931471934669872326e+02 3.343966528168723471e+02
2.923126318568130841e+02 3.349840727292576048e+02
2.914662352073854663e+02 3.355524963537721419e+02
2.906083089620310034e+02 3.361019112548462431e+02
2.897391719616198884e+02 3.366323029220230296e+02
2.888591561445686011e+02 3.371436556635794659e+02
2.879685973773076739e+02 3.376359457923385889e+02
2.870678412509468558e+02 3.381091099969299307e+02
2.861572282821710473e+02 3.385630759916862758e+02
2.852371154942271119e+02 3.389977716697237042e+02
2.843078730669266179e+02 3.394131276555220325e+02
2.833698830370296378e+02 3.398090770973763597e+02
2.824235220572425078e+02 3.401855149971983678e+02
2.814691594324189055e+02 3.405422904463848113e+02
2.805071742043268728e+02 3.408792548542797931e+02
2.795379672955392039e+02 3.411962661163582879e+02
2.785619451757193588e+02 3.414931916458165233e+02
2.775795244758523381e+02 3.417698993279435058e+02
2.765911225328539444e+02 3.420262333782876567e+02
2.755971653391670202e+02 3.422620392439538932e+02
2.745980899564817150e+02 3.424771735918238278e+02
2.735943402919965024e+02 3.426715041161672275e+02
2.725863803219650094e+02 3.428449271779989544e+02
2.715747786046687793e+02 3.429977010131491397e+02
2.705601889225514469e+02 3.431304450469036738e+02
2.695432468615603057e+02 3.432438159942648213e+02
2.685245568689165339e+02 3.433384887892613619e+02
2.675047077712998203e+02 3.434151663958794529e+02
2.664842585772902339e+02 3.434746056638286404e+02
2.654637506405216527e+02 3.435176682891751625e+02
2.644437061906518807e+02 3.435452847859813232e+02
2.634245957089351009e+02 3.435583801912565605e+02
2.624068494547387331e+02 3.435579269457160194e+02
2.613908571281461946e+02 3.435449027866355323e+02
2.603769655874368141e+02 3.435202940508960410e+02
2.593654621342547557e+02 3.434851178253906028e+02
2.583566026675492822e+02 3.434403968559325335e+02
2.573505887910506544e+02 3.433871723025384881e+02
2.563475207128749958e+02 3.433265442588279370e+02
2.553474429389450222e+02 3.432596064297080147e+02
2.543504108065644687e+02 3.431873106939945046e+02
2.533564552272289916e+02 3.431105713972160061e+02
2.523655526801082090e+02 3.430303033548432836e+02
2.513776867471637786e+02 3.429473986452750864e+02
2.503928223313278068e+02 3.428627182117552366e+02
2.494108138906339036e+02 3.427770174065240667e+02
2.484316089754849770e+02 3.426909245068152927e+02
2.474550001310614391e+02 3.426050847255888812e+02
2.464809007320235423e+02 3.425200981930694297e+02
2.455090503718987236e+02 3.424365809237998519e+02
2.445393257782460239e+02 3.423547890207744331e+02
2.435714442632689156e+02 3.422742475069044872e+02
2.426052630480198786e+02 3.421943457234598327e+02
2.416406164393477525e+02 3.421144602453826451e+02
2.406773262853478172e+02 3.420339636292363252e+02
2.397153479081226237e+02 3.419522074027145209e+02
2.387545067229521578e+02 3.418686293354530221e+02
2.377947708177828758e+02 3.417826934550657256e+02
2.368360805758301240e+02 3.416938499681095891e+02
2.358783507719346346e+02 3.416015448557861305e+02
2.349216405764758235e+02 3.415052010460757970e+02
2.339658391934526378e+02 3.414042562656849782e+02
2.330110826793346064e+02 3.412981562158710744e+02
2.320572794034112007e+02 3.411863438243553901e+02
2.311045892487057927e+02 3.410682496302053437e+02
2.301530119744041372e+02 3.409432887846206199e+02
2.292026616842374551e+02 3.408108722273620970e+02
2.282537083665248190e+02 3.406703898133145572e+02
2.273062192854944499e+02 3.405212184346605113e+02
2.263603996813396577e+02 3.403627341283885812e+02
2.254164478575047781e+02 3.401942960392703412e+02
2.244745882466820319e+02 3.400152529781699968e+02
2.235350789384171435e+02 3.398249312638726565e+02
2.225982166734724785e+02 3.396226278277464417e+02
2.216643346054503354e+02 3.394076310316668241e+02
2.207338039696228122e+02 3.391792238496091727e+02
2.198070363258251518e+02 3.389366853518733933e+02
2.188845198697387673e+02 3.386793375662067547e+02
2.179665566661177252e+02 3.384067638749564821e+02
2.170535823203441055e+02 3.381186705410027002e+02
2.161459375125785982e+02 3.378147319593072666e+02
2.152440973211894004e+02 3.374946328573610117e+02
2.143484233241574373e+02 3.371580248399129687e+02
2.134594120635608760e+02 3.368045848680218342e+02
2.125775427625326586e+02 3.364339718047299357e+02
2.117033201116361170e+02 3.360458421762630223e+02
2.108372751727907826e+02 3.356398519879991795e+02
2.099799660506085957e+02 3.352156590288041684e+02
2.091319852132305925e+02 3.347729263412522869e+02
2.082939831263242922e+02 3.343113260669898068e+02
2.074665307710102127e+02 3.338305145764294934e+02
2.066503931307964024e+02 3.333302141884981324e+02
2.058461849449175531e+02 3.328101004016845650e+02
2.050547019181246640e+02 3.322699328916393711e+02
2.042766630086325677e+02 3.317094497481293160e+02
2.035128354414474074e+02 3.311284424175224217e+02
2.027640204647013888e+02 3.305267443115289439e+02
2.020310223062733712e+02 3.299042239947207804e+02
2.013146547683609811e+02 3.292607997869545216e+02
