1.992367081017612520e+02 3.298418885673773389e+02
1.986018937227346441e+02 3.290455018534852911e+02
1.979964218351945817e+02 3.282276863142016623e+02
1.974201514641103188e+02 3.273904097756547458e+02
1.968727227180980890e+02 3.265355088868242888e+02
1.963536224338381260e+02 3.256647338000671539e+02
1.958621992471438773e+02 3.247797384166795496e+02
1.953976811813333256e+02 3.238820714820546414e+02
1.949592017845380383e+02 3.229731661356881887e+02
1.945457769976760005e+02 3.220543670714656628e+02
1.941563716525937480e+02 3.211268842269096240e+02
1.937898718534320039e+02 3.201918309511244729e+02
1.934451304957831042e+02 3.192502046932694952e+02
1.931209393494968651e+02 3.183029041496930063e+02
1.928160788405580490e+02 3.173507247662766986e+02
1.925293080674687758e+02 3.163943650232248501e+02
1.922593709574470324e+02 3.154344323128265160e+02
1.920050075553211855e+02 3.144714482464355001e+02
1.917649626557453075e+02 3.135058506847685749e+02
1.915379904233458319e+02 3.125380006236401300e+02
1.913228537720595170e+02 3.115681885700981297e+02
1.911183484705768763e+02 3.105966452879671351e+02
1.909232493778418984e+02 3.096235207821220570e+02
1.907363843976922624e+02 3.086489353557287245e+02
1.905565548870325188e+02 3.076729283044170415e+02
1.903826038221699832e+02 3.066955111496253608e+02
1.902133989432307999e+02 3.057166392330675535e+02
1.900478111260542562e+02 3.047362125925811824e+02
1.898848429191142770e+02 3.037540904265417225e+02
1.897246159419538571e+02 3.027699795494489763e+02
1.895679721464217096e+02 3.017835581175892230e+02
1.894157995916955315e+02 3.007945734882005127e+02
1.892690002259383562e+02 2.998028356515835071e+02
1.891285047403063970e+02 2.988082231916402520e+02
1.889952852796918705e+02 2.978106723178220250e+02
1.888703476242746717e+02 2.968101757491738226e+02
1.887547150774259705e+02 2.958067849072672857e+02
1.886494345613382677e+02 2.948006020508058782e+02
1.885555490206650973e+02 2.937917884644524520e+02
1.884741166792656770e+02 2.927805491178085617e+02
1.884061881037553690e+02 2.917671370714161299e+02
1.883527959883189169e+02 2.907518623364871360e+02
1.883149905242597981e+02 2.897350621696963344e+02
1.882938244163025843e+02 2.887171249425254587e+02
1.882903382819849867e+02 2.876984941271034586e+02
1.883055552659581622e+02 2.866796341511242758e+02
1.883404493930877948e+02 2.856610517818488120e+02
1.883959943670822952e+02 2.846432844892305525e+02
1.884731475938767744e+02 2.836269277860469060e+02
1.885728687803099888e+02 2.826125966186384630e+02
1.886961177613786447e+02 2.816009485767872889e+02
1.888438787756799400e+02 2.805926868672217438e+02
1.890171416645764850e+02 2.795885579294141507e+02
1.892168922761568695e+02 2.785893455969252841e+02
1.894440992014262974e+02 2.775958889225456687e+02
1.896997013116404958e+02 2.766090607099225736e+02
1.899836649604502554e+02 2.756295555786570048e+02
1.902945403431727414e+02 2.746577398407843589e+02
1.906307799143018258e+02 2.736938942570289441e+02
1.909908438036759151e+02 2.727382511345755347e+02
1.913731979571348916e+02 2.717909898068121493e+02
1.917763129490941765e+02 2.708522203701487001e+02
1.921985894707472653e+02 2.699219726836379891e+02
1.926383804555798633e+02 2.690002319019355355e+02
1.930940879016935980e+02 2.680869013657672895e+02
1.935641204570722493e+02 2.671818471859659212e+02
1.940469146747669242e+02 2.662848760427315824e+02
1.945408999016905227e+02 2.653957321269454610e+02
1.950445152408549632e+02 2.645141002414812874e+02
1.955562100771554412e+02 2.636395985810030993e+02
1.960744753046136850e+02 2.627717980630021088e+02
1.965978365197548783e+02 2.619102125030889852e+02
1.971248789721747414e+02 2.610543076851556066e+02
1.976543041823442763e+02 2.602034719786797154e+02
1.981848235731067405e+02 2.593569125456323263e+02
1.987151487415719942e+02 2.585138017935146308e+02
1.992440182587523907e+02 2.576732487239030434e+02
1.997702075735023470e+02 2.568343108404208124e+02
2.002925564964312741e+02 2.559959480503337090e+02
2.008099608948944876e+02 2.551571115938762944e+02
2.013213615140202819e+02 2.543166604554649552e+02
2.018257323466034734e+02 2.534734253223616633e+02
2.023220936823929605e+02 2.526261342766625546e+02
2.028099371957112282e+02 2.517737673640220066e+02
2.032903994209184475e+02 2.509162527239155054e+02
2.037649643919344271e+02 2.500537691751358977e+02
2.042350718906351688e+02 2.491865885724618295e+02
2.047021287135605121e+02 2.483150445087657943e+02
2.051675054972537851e+02 2.474395366985815485e+02
2.056325712668157166e+02 2.465605571705823138e+02
2.060986839789663634e+02 2.456786864501276568e+02
2.065671558753522277e+02 2.447945701560267935e+02
2.070392513033571333e+02 2.439089159486796063e+02
2.075161859260855124e+02 2.430224909771212083e+02
2.079991562864227603e+02 2.421361432872182604e+02
2.084893961878132700e+02 2.412508449052292860e+02
2.089880989610278448e+02 2.403676326960442111e+02
2.094964050429461793e+02 2.394876002184239496e+02
2.100154029747550055e+02 2.386118894194775066e+02
2.105461267516845396e+02 2.377416854915871056e+02
2.110895224517184943e+02 2.368781822368011660e+02
2.116464676147500370e+02 2.360225873896123687e+02
2.122177823071323814e+02 2.351761417591155805e+02
2.128042528670378033e+02 2.343401123322156536e+02
2.134066233194927236e+02 2.335157942642306068e+02
2.140255656355958251e+02 2.327044730100681136e+02
2.146616360711221319e+02 2.319073727585773099e+02
2.153153496590329041e+02 2.311257193840285993e+02
2.159871952618644855e+02 2.303607496490046458e+02
2.166776390954199769e+02 2.296137088996183593e+02
2.173870307972230762e+02 2.288857559450752888e+02
2.181148135695597716e+02 2.281770834088597155e+02
2.188599301447274001e+02 2.274872967782517890e+02
2.196213503681174757e+02 2.268159539584372340e+02
2.203980785943378748e+02 2.261625741215864309e+02
2.211891517800891052e+02 2.255266410934101486e+02
2.219936547721807756e+02 2.249076263647314136e+02
2.228107430592809806e+02 2.243050102279992188e+02
2.236396050606537642e+02 2.237182506278094820e+02
2.244794580980351384e+02 2.231467793863871236e+02
2.253295495098682295e+02 2.225900041130943805e+02
2.261891482181299580e+02 2.220473047998125367e+02
2.270574996510587198e+02 2.215179883143786697e+02
2.279338655366759099e+02 2.210013131401917974e+02
2.288175346230607943e+02 2.204965231831533856e+02
2.297078070833252923e+02 2.200028438160364601e+02
2.306040210663391008e+02 2.195194839081147506e+02
2.315054975196397038e+02 2.190456010792606492e+02
2.324115367252336739e+02 2.185802781038925104e+02
2.333214526176965080e+02 2.181225780233310445e+02
2.342345808192849859e+02 2.176715566385804550e+02
2.351502733913012548e+02 2.172262542544594055e+02
2.360678996916269909e+02 2.167857114657510067e+02
2.369868506503534036e+02 2.163489634439126235e+02
2.379065313627045839e+02 2.159150436357527383e+02
2.388263582225993105e+02 2.154829826877891037e+02
2.397457577716581909e+02 2.150518094055525467e+02
2.406641727873065122e+02 2.146205491113281880e+02
2.415812163506618333e+02 2.141884674194458285e+02
2.424967329499408493e+02 2.137551512444093191e+02
2.434105832435497803e+02 2.133202136402672124e+02
2.443226272443420157e+02 2.128832712654076147e+02
2.452327239370605696e+02 2.124439444979569771e+02
2.461407376219223408e+02 2.120018672515736569e+02
2.470465649625556068e+02 2.115567269881202321e+02
2.479501110568506590e+02 2.111082312034208712e+02
2.488512782718380834e+02 2.106560917350198849e+02
2.497499657214331990e+02 2.102000251626796796e+02
2.506459303087326873e+02 2.097399260769456362e+02
2.515386228244477991e+02 2.092761848091248567e+02
2.524279454592972627e+02 2.088089716210449467e+02
2.533139191958475180e+02 2.083383766250927067e+02
2.541965688794505240e+02 2.078644865341841808e+02
2.550759288734390964e+02 2.073873785095736935e+02
2.559520286703832994e+02 2.069071372296635616e+02
2.568249110727809921e+02 2.064238502819170833e+02
2.576946328016153984e+02 2.059375957457459378e+02
2.585612354240374202e+02 2.054484662741923557e+02
2.594247850588363917e+02 2.049565351827140773e+02
2.602853408125791361e+02 2.044618805444556529e+02
2.611429477743424172e+02 2.039645732247003878e+02
2.619976759453991235e+02 2.034646425997563597e+02
2.628495607122505930e+02 2.029621483405225035e+02
2.636986777134783324e+02 2.024571209629318673e+02
2.645450908391842972e+02 2.019496014860941671e+02
2.653888894689962967e+02 2.014396913145169776e+02
2.662303108215962766e+02 2.009276240446899067e+02
2.670695694902670425e+02 2.004137054857444866e+02
2.679069087558825117e+02 1.998982253691276014e+02
2.687425807188835734e+02 1.993814678428677212e+02
2.695768113633319558e+02 1.988637392399081136e+02
2.704098281795662047e+02 1.983453111808492224e+02
2.712418628560888578e+02 1.978264230653883828e+02
2.720731226365027169e+02 1.973073363366348758e+02
2.729038269562663004e+02 1.967883110210893847e+02
2.737341956424550062e+02 1.962696139068478089e+02
2.745644697792785678e+02 1.957514961631987660e+02
2.753948615596291916e+02 1.952342234229750488e+02
2.762255956025730370e+02 1.947180589503195449e+02
2.770568992982272789e+02 1.942032713840430347e+02
2.778890027522029982e+02 1.936901351341266206e+02
2.787221391601311211e+02 1.931789316581917433e+02
2.795565493471711989e+02 1.926699591675576642e+02
2.803924794958306279e+02 1.921635296331346296e+02
2.812301718185273671e+02 1.916599679081908505e+02
2.820698760804605740e+02 1.911596043343737676e+02
2.829118585281489686e+02 1.906627652800954991e+02
2.837563663730346661e+02 1.901698134428424964e+02
2.846036412090952012e+02 1.896811662031079777e+02
2.854540084954368240e+02 1.891971963541503499e+02
2.863076792723683752e+02 1.887183607254088145e+02
2.871649689424889971e+02 1.882450618536784646e+02
2.880260854466123419e+02 1.877777844458021832e+02
2.888913491949767831e+02 1.873169714462652280e+02
2.897609932594795623e+02 1.868631339764185952e+02
2.906352715157544253e+02 1.864167884471626451e+02
2.915144365044577626e+02 1.859784629515247047e+02
2.923987374328606847e+02 1.855486946926185681e+02
2.932883998356228972e+02 1.851280596679907546e+02
2.941836528372169823e+02 1.847171703316246010e+02
2.950847088778151033e+02 1.843166603795786784e+02
2.959917606052964061e+02 1.839271846133083272e+02
2.969049986489323487e+02 1.835494006712972066e+02
2.978245720452349019e+02 1.831839940088705134e+02
2.987506058262617330e+02 1.828316872861863658e+02
2.996832193303685585e+02 1.824932106125700102e+02
3.006224897026679059e+02 1.821693111637773654e+02
3.015684527431716901e+02 1.818607611611817845e+02
3.025211259387727978e+02 1.815683302518187929e+02
3.034804742020259027e+02 1.812928009913216272e+02
3.044464164587988080e+02 1.810349758545141583e+02
3.054188449341796172e+02 1.807956356269653213e+02
3.063975848659693497e+02 1.805755792738267189e+02
3.073824187982657463e+02 1.803756057785955420e+02
3.083730769191888044e+02 1.801965061760986941e+02
3.093692320572962444e+02 1.800390355323280858e+02
3.103705007113378542e+02 1.799039353826896388e+02
3.113764437610848290e+02 1.797919278888882388e+02
3.123865648213337636e+02 1.797037107384910541e+02
3.134003103356485553e+02 1.796399460487782278e+02
3.144170857014883040e+02 1.796010638371686809e+02
3.154362680257179363e+02 1.795871877177256124e+02
3.164572287852583372e+02 1.795983860396897001e+02
3.174793295635127492e+02 1.796346832588090479e+02
3.185018477199972153e+02 1.796959469694780296e+02
3.195238689366084941e+02 1.797816424595853846e+02
3.205447115304004910e+02 1.798911433998971177e+02
3.215638458932401704e+02 1.800238550219636124e+02
3.225807383817547702e+02 1.801791411235536486e+02
3.235949487180004098e+02 1.803563918557582610e+02
3.246060338662769027e+02 1.805549627335603020e+02
3.256136525621150781e+02 1.807742589568389917e+02
3.266174352546049704e+02 1.810136469017953118e+02
3.276170990140062713e+02 1.812725230135971799e+02
3.286123860913986618e+02 1.815502911070368555e+02
3.296030698391162446e+02 1.818463630705746539e+02
3.305889558564987851e+02 1.821601630055405678e+02
3.315698781835424143e+02 1.824911329083905400e+02
3.325456989586199370e+02 1.828387289320292268e+02
3.335163071967074870e+02 1.832024208456957410e+02
3.344816171141517884e+02 1.835816928115948770e+02
3.354415666530709359e+02 1.839760451445439173e+02
3.363961321533965929e+02 1.843850318999389515e+02
3.373452340508402472e+02 1.848081641935742709e+02
3.382888993583122783e+02 1.852450393235930619e+02
3.392271185882837585e+02 1.856952369976120849e+02
3.401599057621459110e+02 1.861583544929166862e+02
3.410872177130972887e+02 1.866341336790575838e+02
3.420087943947256122e+02 1.871227288479862807e+02
3.429242603432460328e+02 1.876243094500459279e+02
3.438332795647435773e+02 1.881390908778685969e+02
3.447354837744484257e+02 1.886672857999957955e+02
3.456304342906842635e+02 1.892090395777705112e+02
3.465177506334653685e+02 1.897645182984623489e+02
3.473970264903768452e+02 1.903338499027354658e+02
3.482678392522892068e+02 1.909171539714597543e+02
3.491297509919391473e+02 1.915145421774970487e+02
3.499823087843213898e+02 1.921261176885906536e+02
3.508250527803835439e+02 1.927519653761591485e+02
3.516575288924573215e+02 1.933921381797692334e+02
3.524792735296293813e+02 1.940466768242673083e+02
3.532898108554997521e+02 1.947156127975870561e+02
3.540886569252792242e+02 1.953989743866258948e+02
3.548753156317144430e+02 1.960967821779615292e+02
3.556492584355161171e+02 1.968089995562394563e+02
3.564099866472673170e+02 1.975356187211830559e+02
3.571569778542385052e+02 1.982766096388671997e+02
3.578897124051700303e+02 1.990319582305633901e+02
3.586075971354642888e+02 1.998015389967253839e+02
3.593100868465508597e+02 2.005853189836941795e+02
3.599965902220330918e+02 2.013832962110172957e+02
3.606664191032451754e+02 2.021953199357535311e+02
3.613189636823900628e+02 2.030213463110466705e+02
3.619535774991540507e+02 2.038612973832742341e+02
3.625696065226600240e+02 2.047149201083095136e+02
3.631669731240563692e+02 2.055817315034523176e+02
3.637457687763312606e+02 2.064609358609085348e+02
3.643061576766282883e+02 2.073518325753621525e+02
3.648483151644474560e+02 2.082537423946058368e+02
3.653723991792608672e+02 2.091659189202271989e+02
3.658786726571128725e+02 2.100877812195351169e+02
3.663673486230063645e+02 2.110185391150900500e+02
3.668387624933639586e+02 2.119576436497042380e+02
3.672931784977259326e+02 2.129043742894236289e+02
3.677309441750971359e+02 2.138581824383165610e+02
3.681523867879873819e+02 2.148184346358902417e+02
3.685579357622145267e+02 2.157845454289156066e+02
3.689480522465952959e+02 2.167559292358127152e+02
3.693231954452676860e+02 2.177318443934796335e+02
3.696839196475907556e+02 2.187115340684798923e+02
3.700309001554253996e+02 2.196943951513030981e+02
3.703648958833813936e+02 2.206800178482004071e+02
3.706866783938402818e+02 2.216678501146262477e+02
3.709970706893344072e+02 2.226575491978754826e+02
3.712968750778644562e+02 2.236486771954227208e+02
3.715869243469958860e+02 2.246409347678208803e+02
3.718680456690250935e+02 2.256340222701288667e+02
3.721410841624679620e+02 2.266276705648105860e+02
3.724068880977261529e+02 2.276217221573041343e+02
3.726663056019594933e+02 2.286159555561562797e+02
3.729201961669136267e+02 2.296102943264036185e+02
3.731693855927355798e+02 2.306046697766144291e+02
3.734140591969992897e+02 2.315992208901947151e+02
3.736536360164489565e+02 2.325943416905506638e+02
3.738874639054525346e+02 2.335903780132343002e+02
3.741148754553049116e+02 2.345876279741761721e+02
3.743351799644761968e+02 2.355863850107695896e+02
3.745476549753304312e+02 2.365869060131745130e+02
3.747515483035718944e+02 2.375893902822976429e+02
3.749460881454133983e+02 2.385940140606789726e+02
3.751304819106804871e+02 2.396009215574459574e+02
3.753039188210120756e+02 2.406102125906204492e+02
3.754655723167251722e+02 2.416219468148420617e+02
3.756146057794887838e+02 2.426361421312487039e+02
3.757501735452345883e+02 2.436527739121117406e+02
3.758714176763916726e+02 2.446717745186739137e+02
3.759774690229198200e+02 2.456930320118960651e+02
3.760674485413072716e+02 2.467163887377544143e+02
3.761404712722002728e+02 2.477416396898576352e+02
3.761956541338822149e+02 2.487685308795529693e+02
3.762321105903507146e+02 2.497967584227368718e+02
3.762489423502522641e+02 2.508259813628759218e+02
3.762452583673206732e+02 2.518557737486239603e+02
3.762201708438353194e+02 2.528856655874443220e+02
3.761727627319368708e+02 2.539151660247544555e+02
3.761021324204015173e+02 2.549436581311519490e+02
3.760073714174740189e+02 2.559705157380805360e+02
3.758875895327188346e+02 2.569950145489921169e+02
3.757418981334674868e+02 2.580163895398322325e+02
3.755697748333270169e+02 2.590338020505570285e+02
3.753716030093660834e+02 2.600465515050721024e+02
3.751479474639554610e+02 2.610539290821875511e+02
3.748993890625063159e+02 2.620552519457420431e+02
3.746265079118398376e+02 2.630498784381620681e+02
3.743298973277010759e+02 2.640371789765581525e+02
3.740101855639792348e+02 2.650165543250685118e+02
3.736680261881384695e+02 2.659874370697357904e+02
3.733040804437101201e+02 2.669492901575429187e+02
3.729190162035106937e+02 2.679016085526731672e+02
3.725135071419089172e+02 2.688439211318890329e+02
3.720882303408726557e+02 2.697758000134941767e+02
3.716439082019300599e+02 2.706968509757618335e+02
3.711812661188811830e+02 2.716067357838116436e+02
3.707010053685544335e+02 2.725051640842012830e+02
3.702038537163364822e+02 2.733918812207058409e+02
3.696905144240720915e+02 2.742666942165905652e+02
3.691616862832078141e+02 2.751294564270419301e+02
3.686180937759551171e+02 2.759800966532250186e+02
3.680608029864121704e+02 2.768188454281245754e+02
3.674909771340733187e+02 2.776462227615702432e+02
3.669097673625921630e+02 2.784628873062916909e+02
3.663182604448386428e+02 2.792695543300837357e+02
3.657175013383317719e+02 2.800670208791441951e+02
3.651084977282766317e+02 2.808561498639492129e+02
3.644922042530155863e+02 2.816378366111552509e+02
3.638695500106099985e+02 2.824130699660373693e+02
3.632413465014371354e+02 2.831827765771471945e+02
3.626078832922650008e+02 2.839475703708483820e+02
3.619692195888144397e+02 2.847078241514595902e+02
3.613254217770249852e+02 2.854639336432610435e+02
3.606765630471103350e+02 2.862162247233566177e+02
3.600227186594092359e+02 2.869650242205415225e+02
3.593639789143005032e+02 2.877106322825178495e+02
3.587004436287477347e+02 2.884533241202806835e+02
3.580322170682770206e+02 2.891933554282744581e+02
3.573594088041026566e+02 2.899309593887191454e+02
3.566821364372227663e+02 2.906663553115487844e+02
3.560005212968072783e+02 2.913997361720825552e+02
3.553146783780098303e+02 2.921312665448639905e+02
3.546247254137547316e+02 2.928610925525174480e+02
3.539307864232028464e+02 2.935893445225212872e+02
3.532329893799108618e+02 2.943161367135613204e+02
3.525314649009076788e+02 2.950415682186513777e+02
3.518263297189782293e+02 2.957657070638239816e+02
3.511177043208763280e+02 2.964885974174527519e+02
3.504056944142998304e+02 2.972102646251238980e+02
3.496904239656043387e+02 2.979307240733346021e+02
3.489720077698076466e+02 2.986499807229369594e+02
3.482505734890880831e+02 2.993680235903785274e+02
3.475262067837867903e+02 3.000848055004190655e+02
3.467990210299764726e+02 3.008002570355536704e+02
3.460691087732957953e+02 3.015143083066237182e+02
3.453365646094330259e+02 3.022268775816514221e+02
3.446014998963447624e+02 3.029378657997517053e+02
3.438638880838277032e+02 3.036469996724391081e+02
3.431235807775740341e+02 3.043538070693008422e+02
3.423804309402790409e+02 3.050577973051769618e+02
3.416342944761615286e+02 3.057584726200814202e+02
3.408850397429539498e+02 3.064553263788586719e+02
3.401325459649075924e+02 3.071478724279768358e+02
3.393767513098570134e+02 3.078357054960389405e+02
3.386176072550055665e+02 3.085184390004863531e+02
3.378550629093778070e+02 3.091956859016401040e+02
3.370890640127339566e+02 3.098670596502275885e+02
3.363195545656518561e+02 3.105321791601752466e+02
3.355465224259908155e+02 3.111907412198490306e+02
3.347699923660667878e+02 3.118425132972601546e+02
3.339899828907101664e+02 3.124872698038710723e+02
3.332065039038254781e+02 3.131247905834263179e+02
3.324195575702144083e+02 3.137548611577811926e+02
3.316291439676715527e+02 3.143772891067031310e+02
3.308352822751924123e+02 3.149919342637332420e+02
3.300378901078995000e+02 3.155987083589861868e+02
3.292358206185994618e+02 3.161978913656548684e+02
3.284281092325970235e+02 3.167894360408952821e+02
3.276143860008638740e+02 3.173728960020042109e+02
3.267942605472076139e+02 3.179477470271185098e+02
3.259673181159715227e+02 3.185134127997537234e+02
3.251331495757111725e+02 3.190693095325601121e+02
3.242913554630939643e+02 3.196148452046340367e+02
3.234415446089236639e+02 3.201494207201374138e+02
3.225834770530136666e+02 3.206726395577189805e+02
3.217172769672015420e+02 3.211846409278554120e+02
3.208431338160319797e+02 3.216856415011436638e+02
3.199612490741201327e+02 3.221758487635212305e+02
3.190718286263249865e+02 3.226554646808334610e+02
3.181750910244046509e+02 3.231246817145654973e+02
3.172712615878174915e+02 3.235836858727868730e+02
3.163605673427468332e+02 3.240326584552088889e+02
3.154432564314334968e+02 3.244717686576013875e+02
3.145195674599382869e+02 3.249011877759715503e+02
3.135897559495217592e+02 3.253210764848513463e+02
3.126541197523266078e+02 3.257316456423607178e+02
3.117130269225146435e+02 3.261332200761709146e+02
3.107668557052175515e+02 3.265261356630182945e+02
3.098160019672890257e+02 3.269107209893393815e+02
3.088608497881789958e+02 3.272873101221246088e+02
3.079017975906551783e+02 3.276562497964139880e+02
3.069393246976044338e+02 3.280180200833491995e+02
3.059739477536821255e+02 3.283731706396455365e+02
3.050061777740958746e+02 3.287222552788189205e+02
3.040365241836337873e+02 3.290658318808115723e+02
3.030654837407023479e+02 3.294044663149545613e+02
3.020935624923921523e+02 3.297387587420624868e+02
3.011212839050029402e+02 3.300693669082171482e+02
3.001491607473054160e+02 3.303969629018104683e+02
2.991776905257818839e+02 3.307222292233929579e+02
2.982073537708620847e+02 3.310458597151753111e+02
2.972385685975596630e+02 3.313684804792973750e+02
2.962714422402199830e+02 3.316901879488855798e+02
2.953059542504022374e+02 3.320108598669980893e+02
2.943420801468215586e+02 3.323303755408097686e+02
2.933797927018018754e+02 3.326486209861405428e+02
2.924190607333640628e+02 3.329654843332781411e+02
2.914598345462718498e+02 3.332808282271506641e+02
2.905020405925291129e+02 3.335944766091087104e+02
2.895456020045877494e+02 3.339062536154994518e+02
2.885904403330255263e+02 3.342159869169627768e+02
2.876364756071277498e+02 3.345235078086309386e+02
2.866836268112295443e+02 3.348286431751845953e+02
2.857317944588002661e+02 3.351312109247232343e+02
2.847808829695096620e+02 3.354310189138382725e+02
2.838307941743300944e+02 3.357278794639341868e+02
2.828814296872086516e+02 3.360216085615570591e+02
2.819326911823302453e+02 3.363120257214529261e+02
2.809844789723108534e+02 3.365989501426961397e+02
2.800366920316067194e+02 3.368821999559222036e+02
2.790892323986950601e+02 3.371615943669011699e+02
2.781419958857094912e+02 3.374369622706158225e+02
2.771948863789483539e+02 3.377081327530472095e+02
2.762478084052599456e+02 3.379749399383666741e+02
2.753006687765627021e+02 3.382372267060158606e+02
2.743533762643032219e+02 3.384948413499615754e+02
2.734058413308392801e+02 3.387476364634517836e+02
2.724579806232585497e+02 3.389954655276134758e+02
2.715097033598689791e+02 3.392381907576324807e+02
2.705609185845753473e+02 3.394756577711138448e+02
2.696115364157668637e+02 3.397076942520039893e+02
2.686614689466392178e+02 3.399341318797186204e+02
2.677106472849917509e+02 3.401547965264801405e+02
2.667589737129459309e+02 3.403695353670686359e+02
2.658063722150264994e+02 3.405781997492193227e+02
2.648528195134363159e+02 3.407806276077762391e+02
2.638981886993702801e+02 3.409767160955914278e+02
2.629424997293843376e+02 3.411663051492739100e+02
2.619856363519534739e+02 3.413492961378424297e+02
2.610275899557050252e+02 3.415255600540468208e+02
2.600683353423290782e+02 3.416949777426440278e+02
2.591078034274437982e+02 3.418574620188377935e+02
2.581459876172945087e+02 3.420129125663267473e+02
2.571828600554774766e+02 3.421612406013254031e+02
2.562183080985387846e+02 3.423024120476543999e+02
2.552522615807499449e+02 3.424364161608929180e+02
2.542847732501045357e+02 3.425632143627130972e+02
2.533159019523554605e+02 3.426827531804874525e+02
2.523456734543478888e+02 3.427949810417393337e+02
2.513741563408627258e+02 3.428998241011508981e+02
2.504014233302799539e+02 3.429971890417259033e+02
2.494274741752832369e+02 3.430869976929564018e+02
2.484524217977016463e+02 3.431691289277999886e+02
2.474762609253209007e+02 3.432434826029020769e+02
2.464991058531304304e+02 3.433099179911377519e+02
2.455209535138328363e+02 3.433683143793537056e+02
2.445419225605264444e+02 3.434185172606150900e+02
2.435620234960221921e+02 3.434603987896248327e+02
2.425813506140931963e+02 3.434938084405526411e+02
2.415999679869583474e+02 3.435185868459013250e+02
2.406179219623718950e+02 3.435345747522122792e+02
2.396353262589423991e+02 3.435415843393299724e+02
2.386522134074432699e+02 3.435394330887088472e+02
2.376686908539580543e+02 3.435279159604687038e+02
2.366848444233290252e+02 3.435068160793317702e+02
2.357007434805710488e+02 3.434759158719376728e+02
2.347165244676518796e+02 3.434349698311961561e+02
2.337322403675275098e+02 3.433837405030998866e+02
2.327480588922879576e+02 3.433219525648276544e+02
2.317640446308375886e+02 3.432493403774851117e+02
2.307803720232352021e+02 3.431656089439425728e+02
2.297971481857921958e+02 3.430704616807445859e+02
2.288145289725391933e+02 3.429635891519694155e+02
2.278326938342323729e+02 3.428446539835982207e+02
2.268517871967276562e+02 3.427133183572004782e+02
2.258720081331282188e+02 3.425692281569453144e+02
2.248935580216430878e+02 3.424120133458334294e+02
2.239166532271808592e+02 3.422412906426225732e+02
2.229415274739370716e+02 3.420566626903045631e+02
2.219684334770898317e+02 3.418577175697939197e+02
2.209976441075296520e+02 3.416440305051662563e+02
2.200294539401587315e+02 3.414151643218405638e+02
2.190641809325467477e+02 3.411706698900773631e+02
2.181021872821965246e+02 3.409100550977539683e+02
2.171438763829137315e+02 3.406327245033987765e+02
2.161897372081155595e+02 3.403380178085722605e+02
2.152402809585900911e+02 3.400252810838117057e+02
2.142960859084827234e+02 3.396938401283528037e+02
2.133577589048931316e+02 3.393430429785323668e+02
2.124259734093302825e+02 3.389722313406725220e+02
2.115014543105355642e+02 3.385807557939943422e+02
2.105849849844510402e+02 3.381679800680198014e+02
2.096774099210733198e+02 3.377332861384650755e+02
2.087796369998718831e+02 3.372760801342207628e+02
2.078926397436881928e+02 3.367957968440365448e+02
2.070174606699549713e+02 3.362918971915093493e+02
2.061552030768565373e+02 3.357639274552279289e+02
2.053070407974752527e+02 3.352114336156519698e+02
2.044742159266149883e+02 3.346340820252226536e+02
2.036580297195507683e+02 3.340315613198483788e+02
2.028598522940785358e+02 3.334036752329279238e+02
2.020811010516190436e+02 3.327503196952693543e+02
2.013232416847927198e+02 3.320714873890876220e+02
2.005877808870632180e+02 3.313672904009904414e+02
1.998762519260590693e+02 3.306379671013700090e+02
