1.995323314631186236e+02 3.295749017931411800e+02
1.989724840727111541e+02 3.287301271336116315e+02
1.984474808023043408e+02 3.278659659513626252e+02
1.979565257665217644e+02 3.269849707771298881e+02
1.974985828144293123e+02 3.260895222935767492e+02
1.970724119327877020e+02 3.251818309624956669e+02
1.966765937933543000e+02 3.242639288614830093e+02
1.963095576642471087e+02 3.233376659215957147e+02
1.959696212811469138e+02 3.224047138024864694e+02
1.956549409652899101e+02 3.214665370854681896e+02
1.953636498302475957e+02 3.205244674685463906e+02
1.950937660489453833e+02 3.195796212599443038e+02
1.948433318203565250e+02 3.186329746382613166e+02
1.946104190494755244e+02 3.176852554527469579e+02
1.943931468340666981e+02 3.167370999563297005e+02
1.941896153078985776e+02 3.157889956556268203e+02
1.939979222761800202e+02 3.148413102542088495e+02
1.938161838935305639e+02 3.138943078082263582e+02
1.936426151091764893e+02 3.129481205746919841e+02
1.934755189489747806e+02 3.120027777375165101e+02
1.933132259531866453e+02 3.110582339927292423e+02
1.931541246406259518e+02 3.101144197561118858e+02
1.929965732135540009e+02 3.091710843940969085e+02
1.928389771646376403e+02 3.082280824200802840e+02
1.926795691394000301e+02 3.072850804162912368e+02
1.925166324485619214e+02 3.063418051047166841e+02
1.923484784405189316e+02 3.053978877231533602e+02
1.921734238881651891e+02 3.044528426402786749e+02
1.919899769795881070e+02 3.035061819328964816e+02
1.917982369385350978e+02 3.025571874125507748e+02
1.915993283086264114e+02 3.016051063346204160e+02
1.913944386316160546e+02 3.006492956124618559e+02
1.911847768702190820e+02 2.996891713892391067e+02
1.909715929065241653e+02 2.987242827782817471e+02
1.907562973983492896e+02 2.977542661556502139e+02
1.905405820137288799e+02 2.967788053718668948e+02
1.903261937863682078e+02 2.957977027553878315e+02
1.901149069702213978e+02 2.948108703521492657e+02
1.899084941282988837e+02 2.938182785804685864e+02
1.897087685592941000e+02 2.928200139247443872e+02
1.895177484303140432e+02 2.918162456977692045e+02
1.893375438007114724e+02 2.908072328857088564e+02
1.891702792323107474e+02 2.897933387925450575e+02
1.890180786140317650e+02 2.887750075409114174e+02
1.888830488871261650e+02 2.877527748708670288e+02
1.887672010631405328e+02 2.867272477488485265e+02
1.886723643556684635e+02 2.856990919201340944e+02
1.886003481369235146e+02 2.846690344535612667e+02
1.885529391385099416e+02 2.836378860844588985e+02
1.885319184131486736e+02 2.826065108199096585e+02
1.885390247708967593e+02 2.815758368665139528e+02
1.885757725000359528e+02 2.805468234396308844e+02
1.886435722240078974e+02 2.795204704828351510e+02
1.887438240879473597e+02 2.784978253093522653e+02
1.888779036792093962e+02 2.774800059306774642e+02
1.890471469717387549e+02 2.764681749170854914e+02
1.892517513737286663e+02 2.754632909101179621e+02
1.894902586381395508e+02 2.744659356556063017e+02
1.897610913476275414e+02 2.734765937512134428e+02
1.900626751842888211e+02 2.724957024194719679e+02
1.903934368610576087e+02 2.715236473356059719e+02
1.907518340886735189e+02 2.705607395682496303e+02
1.911364051571644040e+02 2.696072450237636531e+02
1.915456757751434509e+02 2.686634460299636658e+02
1.919782276580863538e+02 2.677295046563245364e+02
1.924326320348228592e+02 2.668055872380472238e+02
1.929074819127721980e+02 2.658917960987847096e+02
1.934012723460218695e+02 2.649881652269158963e+02
1.939124134980176564e+02 2.640946183831053986e+02
1.944392981817264854e+02 2.632110554219230494e+02
1.949803658199050176e+02 2.623372982766755399e+02
1.955340768284993942e+02 2.614731317845403282e+02
1.960989071226701128e+02 2.606182857957519445e+02
1.966732639982345461e+02 2.597723989839468004e+02
1.972554876705527533e+02 2.589349602995833948e+02
1.978439492295113098e+02 2.581053281071042989e+02
1.984370500243553295e+02 2.572827713836709904e+02
1.990332335632563456e+02 2.564664863318418497e+02
1.996310533857034955e+02 2.556556071300981330e+02
2.002291857605959535e+02 2.548492549763480497e+02
2.008263454277325195e+02 2.540464637935369581e+02
2.014212845196399257e+02 2.532462183199796470e+02
2.020127943191733380e+02 2.524474015170023335e+02
2.026000586420396985e+02 2.516490746478360450e+02
2.031835976669017612e+02 2.508510464065377619e+02
2.037642211788040356e+02 2.500533031108796820e+02
2.043427133170535797e+02 2.492558870593791482e+02
2.049198424003908485e+02 2.484588701860169522e+02
2.054963545779874607e+02 2.476623549589371862e+02
2.060729322150640712e+02 2.468664475687473612e+02
2.066502012592757467e+02 2.460712597299389870e+02
2.072287658403687374e+02 2.452769308867452196e+02
2.078092087352459032e+02 2.444836283456868387e+02
2.083920908234827323e+02 2.436915465347680652e+02
2.089779475745937134e+02 2.429009062547468716e+02
2.095672847618058938e+02 2.421119465460508593e+02
2.101605861381624436e+02 2.413249192536123076e+02
2.107583075609190644e+02 2.405401104052398296e+02
2.113608855114710821e+02 2.397578239247344243e+02
2.119687351967275220e+02 2.389783847604465166e+02
2.125822596373219540e+02 2.382021456410152780e+02
2.132018462721264314e+02 2.374294902988499985e+02
2.138278665974752926e+02 2.366608013080658282e+02
2.144606627693598853e+02 2.358964937889180362e+02
2.151005613024533147e+02 2.351369929873502542e+02
2.157478743809101900e+02 2.343827422308372377e+02
2.164029070961262846e+02 2.336342083799760587e+02
2.170659485600828020e+02 2.328918716249054626e+02
2.177372712792654283e+02 2.321562228954783222e+02
2.184171324105059568e+02 2.314277634033194033e+02
2.191057291024643519e+02 2.307069502833381307e+02
2.198027863152498753e+02 2.299937560222708726e+02
2.205077709609782346e+02 2.292878552887820547e+02
2.212201600587174823e+02 2.285889030411883027e+02
2.219394439757033695e+02 2.278965397587219002e+02
2.226651264135799693e+02 2.272103916408658222e+02
2.233967218072270668e+02 2.265300681889349050e+02
2.241337531482954546e+02 2.258551644825318476e+02
2.248757555782634938e+02 2.251852636826206151e+02
2.256222759740098525e+02 2.245199388039215762e+02
2.263728728381606459e+02 2.238587549387030151e+02
2.271271160846243617e+02 2.232012692046152722e+02
2.278845838222025293e+02 2.225470252482364231e+02
2.286448630579984069e+02 2.218955646522143468e+02
2.294075526199157196e+02 2.212464260861698619e+02
2.301722571226773368e+02 2.205991333116104158e+02
2.309385903969830167e+02 2.199532159570212286e+02
2.317061730801406156e+02 2.193081931198132395e+02
2.324746331087303588e+02 2.186635851455093302e+02
2.332436033880027253e+02 2.180189068041869689e+02
2.340127241927471573e+02 2.173736747923848043e+02
2.347816373714571228e+02 2.167273997169139079e+02
2.355499936479025678e+02 2.160795977213678043e+02
2.363174521111835986e+02 2.154297921645766678e+02
2.370836776179118317e+02 2.147775108778760966e+02
2.378483380802614988e+02 2.141222831999503455e+02
2.386111040134063899e+02 2.134636404700258083e+02
2.393716506160219240e+02 2.128011244705046181e+02
2.401299680538738528e+02 2.121347210841702235e+02
2.408864635223270056e+02 2.114650218680777130e+02
2.416415646009354532e+02 2.107926699143979761e+02
2.423956901997842976e+02 2.101183163554728424e+02
2.431492517998719620e+02 2.094426194335777325e+02
2.439026525029530603e+02 2.087662404640806244e+02
2.446562793631369175e+02 2.080898300528028244e+02
2.454105122098216896e+02 2.074140381516128002e+02
2.461657283211718550e+02 2.067395183706947250e+02
2.469223038368215271e+02 2.060669272043539877e+02
2.476807506757128010e+02 2.053969057713671589e+02
2.484419385230325190e+02 2.047300449179242321e+02
2.492065131515022642e+02 2.040670731297666407e+02
2.499750485033136442e+02 2.034087644710267853e+02
2.507481110754329734e+02 2.027558983878011816e+02
2.515262534262472514e+02 2.021092617295982734e+02
2.523100172618709109e+02 2.014696312676850596e+02
2.530998942132824823e+02 2.008377368450220786e+02
2.538963473030817966e+02 2.002143041584656089e+02
2.546998439816422888e+02 1.996000614361939824e+02
2.555108229652444720e+02 1.989957538485886346e+02
2.563297177961597413e+02 1.984021335952748188e+02
2.571569729667179445e+02 1.978199874711577024e+02
2.579930074075761013e+02 1.972501477136520123e+02
2.588382554017366601e+02 1.966934467833171709e+02
2.596931049514910228e+02 1.961507438497230567e+02
2.605579362984068439e+02 1.956229054749031775e+02
2.614329640136958233e+02 1.951105634120308423e+02
2.623178360610174877e+02 1.946135445088434892e+02
2.632121228779664648e+02 1.941314926733428479e+02
2.641153725145371709e+02 1.936640662129306918e+02
2.650271231848849993e+02 1.932109272139410052e+02
2.659469298200130538e+02 1.927717324817381837e+02
2.668743223653741552e+02 1.923461266489070738e+02
2.678088086266714072e+02 1.919337415288073601e+02
2.687499139853364909e+02 1.915342033561491348e+02
2.696971593140236791e+02 1.911471437364716621e+02
2.706500687498592015e+02 1.907721959228739479e+02
2.716081353346694414e+02 1.904089584768958048e+02
2.725708158580852114e+02 1.900569233635449962e+02
2.735375602969394890e+02 1.897155663568620696e+02
2.745078277865949872e+02 1.893843603638461559e+02
2.754810879759435807e+02 1.890627748406258206e+02
2.764568200507132474e+02 1.887502704772747961e+02
2.774344891174880559e+02 1.884462481169610726e+02
2.784135596094473044e+02 1.881500667713904420e+02
2.793935175166143949e+02 1.878610788972805210e+02
2.803738693083715248e+02 1.875786302350781227e+02
2.813541424229265999e+02 1.873020539938014792e+02
2.823339023220976287e+02 1.870306891655376944e+02
2.833127591433719772e+02 1.867639069028271308e+02
2.842903480592025289e+02 1.865010547742810445e+02
2.852663428018332752e+02 1.862414910590473482e+02
2.862404537013802610e+02 1.859845439107754146e+02
2.872124551130854115e+02 1.857296343292997562e+02
2.881824418383445163e+02 1.854768438791500671e+02
2.891506486860911878e+02 1.852266474728095318e+02
2.901173133057375821e+02 1.849795324504170821e+02
2.910826714907009887e+02 1.847359935982479158e+02
2.920469574765573952e+02 1.844965293320830710e+02
2.930103937367034064e+02 1.842616535867871619e+02
2.939732001681377369e+02 1.840318878774144764e+02
2.949355887761666395e+02 1.838077648737001368e+02
2.958977616705718674e+02 1.835898309894633940e+02
2.968599256077534392e+02 1.833786292366494877e+02
2.978222630271685034e+02 1.831747180559704304e+02
2.987849373152066619e+02 1.829786626461390142e+02
2.997481200510320036e+02 1.827910177306647483e+02
3.007119608171025220e+02 1.826123475510218839e+02
3.016765821434610757e+02 1.824432359718793464e+02
3.026421192665048920e+02 1.822842564722266445e+02
3.036086724505734082e+02 1.821359877738932767e+02
3.045763070069403398e+02 1.819990206326973521e+02
3.055451231510497792e+02 1.818739159334234330e+02
3.065151497223303068e+02 1.817612563013343561e+02
3.074864106220468898e+02 1.816616234225521396e+02
3.084589108462429294e+02 1.815755954077449132e+02
3.094326452084287666e+02 1.815037318204851999e+02
3.104075612163188680e+02 1.814465920539200283e+02
3.113835903838181594e+02 1.814047247539517400e+02
3.123606375783315912e+02 1.813786658989728835e+02
3.133385800990302528e+02 1.813689380145056020e+02
3.143172540610480610e+02 1.813761259744367749e+02
3.152964756842176257e+02 1.814008752602596530e+02
3.162760003530369204e+02 1.814438134318946538e+02
3.172555420954224701e+02 1.815055391891402223e+02
3.182348784677345179e+02 1.815865341670426290e+02
3.192139630176736205e+02 1.816869741285890143e+02
3.201924542258557835e+02 1.818069239919493896e+02
3.211698832829067669e+02 1.819464522245512228e+02
3.221458157424727347e+02 1.821056004784535105e+02
3.231197669384372375e+02 1.822844133052677478e+02
3.240912764527303693e+02 1.824829104800336665e+02
3.250598348015168995e+02 1.827011244396090035e+02
3.260249627342481062e+02 1.829390632107249814e+02
3.269861494033224858e+02 1.831967308160360233e+02
3.279428814371432850e+02 1.834741264530531453e+02
3.288946402055832436e+02 1.837712414153451164e+02
3.298409012282004937e+02 1.840880585820773945e+02
3.307811352014315389e+02 1.844245514504337109e+02
3.317148079458795564e+02 1.847806857889255525e+02
3.326413805372779962e+02 1.851564202743876990e+02
3.335603095091233854e+02 1.855517066566281414e+02
3.344710468665682583e+02 1.859664900480179881e+02
3.353730329955249658e+02 1.864007203546724156e+02
3.362657205790024477e+02 1.868543157496838489e+02
3.371485438592272885e+02 1.873272059415235162e+02
3.380209373296658555e+02 1.878193092874181218e+02
3.388823316987227940e+02 1.883305348436167321e+02
3.397322614413798192e+02 1.888606060061341623e+02
3.405706005173106519e+02 1.894087131027955024e+02
3.413973370227437272e+02 1.899739493830968513e+02
3.422124910479798814e+02 1.905554405051198614e+02
3.430161153729195576e+02 1.911523419921545610e+02
3.438083126270331604e+02 1.917638202596063479e+02
3.445892113846019811e+02 1.923890704209708815e+02
3.453589735885756795e+02 1.930273121984595548e+02
3.461177914285640327e+02 1.936777901120858871e+02
3.468658855833435837e+02 1.943397737024957621e+02
3.476035036375581626e+02 1.950125577541685118e+02
3.483309179283787671e+02 1.956954632998592842e+02
3.490484230872767171e+02 1.963878389516100356e+02
3.497563360833756860e+02 1.970890593518948890e+02
3.504549952661012071e+02 1.977985250778470743e+02
3.511447567439625459e+02 1.985156633953419885e+02
3.518259930917662359e+02 1.992399295944114499e+02
3.524991046396295360e+02 1.999708092752040329e+02
3.531644940896446201e+02 2.007078137129069262e+02
3.538225814159316087e+02 2.014504838588010216e+02
3.544737899624866486e+02 2.021983887516878724e+02
3.551185908522236332e+02 2.029511300509206251e+02
3.557574431638333294e+02 2.037083244405197604e+02
3.563908073118445259e+02 2.044696215298046411e+02
3.570192007028708758e+02 2.052347112148080441e+02
3.576431163115707363e+02 2.060032939989903866e+02
3.582630558207699778e+02 2.067751098947603055e+02
3.588795002779356196e+02 2.075499904026384286e+02
3.594923304134205182e+02 2.083281929813895204e+02
3.601011736476093574e+02 2.091101959004376170e+02
3.607056098956070400e+02 2.098964483210286289e+02
3.613051886905226979e+02 2.106873866946641272e+02
3.618994614893002790e+02 2.114834354038731874e+02
3.624879059677875262e+02 2.122849887368180077e+02
3.630700266292062111e+02 2.130924444815956917e+02
3.636452481223943778e+02 2.139061586279497931e+02
3.642130175179505613e+02 2.147264830076316855e+02
3.647727261935482375e+02 2.155537338441914983e+02
3.653237631411650455e+02 2.163882119973813190e+02
3.658654768889758202e+02 2.172301933452199876e+02
3.663971921349264562e+02 2.180799313204002488e+02
3.669182747759300582e+02 2.189376258380343643e+02
3.674281353126933709e+02 2.198033945883383353e+02
3.679261891702853404e+02 2.206772954557103503e+02
3.684118093550233652e+02 2.215593747555412847e+02
3.688843885421196660e+02 2.224496306923324482e+02
3.693432798157081720e+02 2.233480609067334512e+02
3.697878440355666498e+02 2.242546131359842718e+02
3.702174203134208597e+02 2.251692272666449526e+02
3.706313408802487857e+02 2.260918078082517013e+02
3.710289475213926380e+02 2.270222205469224832e+02
3.714095600088755873e+02 2.279603312573387939e+02
3.717725094741126668e+02 2.289059331910124229e+02
3.721171094681409954e+02 2.298588332243182322e+02
3.724426752020057165e+02 2.308187895171531068e+02
3.727488709507355793e+02 2.317854221781913964e+02
3.730357530543128632e+02 2.327582600739349346e+02
3.733034043123777792e+02 2.337368222243381979e+02
3.735519215819002170e+02 2.347206286598728013e+02
3.737814024369977801e+02 2.357092285764887265e+02
3.739919401937516454e+02 2.367021812398414227e+02
3.741836308904609609e+02 2.376990409430860893e+02
3.743565737324973384e+02 2.386993796984551182e+02
3.745108673896289133e+02 2.397027820435677370e+02
3.746466118431769132e+02 2.407088372402147627e+02
3.747639086126796428e+02 2.417171421064940944e+02
3.748628595112348876e+02 2.427273007272551979e+02
3.749435663301910040e+02 2.437389240000344159e+02
3.750061313655107824e+02 2.447516291163234996e+02
3.750506571669828872e+02 2.457650391881109329e+02
3.750772462780732326e+02 2.467787828912959753e+02
3.750860017129945732e+02 2.477924940878784810e+02
3.750770284864964310e+02 2.488058114922788775e+02
3.750504315079461435e+02 2.498183785794103926e+02
3.750063067369853229e+02 2.508298476780124702e+02
3.749447585714219144e+02 2.518398648371063189e+02
3.748658937924400902e+02 2.528480849685634837e+02
3.747698021850964096e+02 2.538541750081404587e+02
3.746565933133180692e+02 2.548577902360301550e+02
3.745263628458259291e+02 2.558586013885795296e+02
3.743792115386377191e+02 2.568562762489759734e+02
3.742152282101114338e+02 2.578504888953427781e+02
3.740345471344246562e+02 2.588409168432598335e+02
3.738373641258230009e+02 2.598272580208729892e+02
3.736238941494415826e+02 2.608092198855225661e+02
3.733943545458629956e+02 2.617865245354394119e+02
3.731489517676940864e+02 2.627589052891538017e+02
3.728878879687388235e+02 2.637261078085796271e+02
3.726113585177415075e+02 2.646878905045389274e+02
3.723195522798733350e+02 2.656440250714045419e+02
3.720126525189163544e+02 2.665942973277876149e+02
3.716908363592448836e+02 2.675385078519077524e+02
3.713542741687938928e+02 2.684764726440390064e+02
3.710031196904288890e+02 2.694080162025727532e+02
3.706375258826673189e+02 2.703329910890570318e+02
3.702576392356529595e+02 2.712512645413960968e+02
3.698635813727051982e+02 2.721627038719132088e+02
3.694554774992735133e+02 2.730672219907274894e+02
3.690334355405367432e+02 2.739647298925418113e+02
3.685975541998829499e+02 2.748551688145057028e+02
3.681479493748096274e+02 2.757385384433528657e+02
3.676850063443536101e+02 2.766152312435394833e+02
3.672093182719157767e+02 2.774856695042815318e+02
3.667215438670957042e+02 2.783502655498098761e+02
3.662223314313505966e+02 2.792094287717628731e+02
3.657123325156254054e+02 2.800636339159956378e+02
3.651921990981761041e+02 2.809133843561320418e+02
3.646625601465641466e+02 2.817591905691641614e+02
3.641240560718721326e+02 2.826016246791821800e+02
3.635771892473082971e+02 2.834411575341185312e+02
3.630216798348154725e+02 2.842776671828828512e+02
3.624569105160520053e+02 2.851106657521360717e+02
3.618823435591132807e+02 2.859396215965003876e+02
3.612974723336315037e+02 2.867639295675449489e+02
3.607018537399803790e+02 2.875829384405007545e+02
3.600950901802928001e+02 2.883959507480844877e+02
3.594768179478222123e+02 2.892022251847286611e+02
3.588467134653026847e+02 2.900009842173367929e+02
3.582044866241029695e+02 2.907914201465907240e+02
3.575498872594120598e+02 2.915726995906875345e+02
3.568826892370137784e+02 2.923439767818396149e+02
3.562027221899960523e+02 2.931044241016062415e+02
3.555098504849627830e+02 2.938532134599602728e+02
3.548039517789949286e+02 2.945895084525109837e+02
3.540849101896029651e+02 2.953124664365150807e+02
3.533526149167634571e+02 2.960212392495624840e+02
3.526069603019673195e+02 2.967149909057021659e+02
3.518478919718907036e+02 2.973928942702376617e+02
3.510753060154650029e+02 2.980541425007887142e+02
3.502891303343155869e+02 2.986979127453752767e+02
3.494892564344758625e+02 2.993233973284971512e+02
3.486755764153834889e+02 2.999297628912593154e+02
3.478478615342245348e+02 3.005160965671989288e+02
3.470058956057523574e+02 3.010814442742635606e+02
3.461494130635755369e+02 3.016248731408497292e+02
3.452781363055360657e+02 3.021454483861729727e+02
3.443918173164607310e+02 3.026422807759253146e+02
3.434909283931551727e+02 3.031155815086406164e+02
3.425767077435234000e+02 3.035667439984669613e+02
3.416503690577197858e+02 3.039972560906063563e+02
3.407130646151908309e+02 3.044086396115521325e+02
3.397658952601129840e+02 3.048024474595561628e+02
3.388099542948891667e+02 3.051803285411129423e+02
3.378464657415036640e+02 3.055442198248518935e+02
3.368766522064940432e+02 3.058961458492020711e+02
3.359016970453554904e+02 3.062381517448609998e+02
3.349227500685815926e+02 3.065723000245773733e+02
3.339409335625492758e+02 3.069006681883956276e+02
3.329573548431042695e+02 3.072253566133989580e+02
3.319731108923632519e+02 3.075484846402541166e+02
3.309892875458704680e+02 3.078721782773436644e+02
3.300069649014708943e+02 3.081985671848373727e+02
3.290272223771366384e+02 3.085297828427698619e+02
3.280510708110844575e+02 3.088678397472528445e+02
3.270792968147415536e+02 3.092143872429548423e+02
3.261127025513919193e+02 3.095709399046500607e+02
3.251526504979129868e+02 3.099383230584247713e+02
3.242003423377419153e+02 3.103172528581451388e+02
3.232565628862412268e+02 3.107086820230097715e+02
3.223218966479528831e+02 3.111132974459064258e+02
3.213967841849215574e+02 3.115315869470666144e+02
3.204816515329004005e+02 3.119640393772492075e+02
3.195769103707078216e+02 3.124111517819079040e+02
3.186829582357302115e+02 3.128734275321992300e+02
3.177999002271715767e+02 3.133509596601779776e+02
3.169271236837981292e+02 3.138427716419024591e+02
3.160638922759359843e+02 3.143477238835852745e+02
3.152094560642120200e+02 3.148646851102220694e+02
3.143630593597006850e+02 3.153925258571671861e+02
3.135239461884003731e+02 3.159301422585127170e+02
3.126914829426494293e+02 3.164766313032370704e+02
3.118651127315634994e+02 3.170312092055529547e+02
3.110442604714615413e+02 3.175931079526339431e+02
3.102283628964711966e+02 3.181615478281131004e+02
3.094168416917582363e+02 3.187357581727474098e+02
3.086091120596481687e+02 3.193149665675176720e+02
3.078045898356151611e+02 3.198983852908878021e+02
3.070026913862807305e+02 3.204852211418723869e+02
3.062028171221471666e+02 3.210746933104628624e+02
3.054043865157766504e+02 3.216660056169262134e+02
3.046068107696675042e+02 3.222583508674596260e+02
3.038094516462758179e+02 3.228508285269221005e+02
3.030116517207931679e+02 3.234424865518751631e+02
3.022127642044669074e+02 3.240323637393697140e+02
3.014121470456402676e+02 3.246194966601545957e+02
3.006091794601680363e+02 3.252029058424612913e+02
2.998032233880780382e+02 3.257815538059807068e+02
2.989936088558824281e+02 3.263543051716448531e+02
2.981796822968584593e+02 3.269200029195550883e+02
2.973608137823331390e+02 3.274774761140146211e+02
2.965363992557218467e+02 3.280255391624482968e+02
2.957059271766543134e+02 3.285631089814025927e+02
2.948693442951008592e+02 3.290898862812681500e+02
2.940267854258501643e+02 3.296058978904820833e+02
2.931783931137150034e+02 3.301111677332214072e+02
2.923243049566715399e+02 3.306057272718343825e+02
2.914646719337575291e+02 3.310896022200052471e+02
2.905996575945749782e+02 3.315628447793756095e+02
2.897294452091828134e+02 3.320255433336895976e+02
2.888542206229004705e+02 3.324777913270281715e+02
2.879741704225010608e+02 3.329196851427533375e+02
2.870894814525875063e+02 3.333513246284784941e+02
2.862003463010756263e+02 3.337728099313808912e+02
2.853069448186934096e+02 3.341842685297874596e+02
2.844094730160447853e+02 3.345858260957049310e+02
2.835081195489781294e+02 3.349776161866045641e+02
2.826030698071264169e+02 3.353597786833327064e+02
2.816945056765155755e+02 3.357324601275410032e+02
2.807826054953776520e+02 3.360958155770904909e+02
2.798675434775802842e+02 3.364500093080116585e+02
2.789494911943159536e+02 3.367952109568659580e+02
2.780286051502895930e+02 3.371316048508764425e+02
2.771050435585486298e+02 3.374593794681785539e+02
2.761789556586852541e+02 3.377787319155894465e+02
2.752504813000114154e+02 3.380898671570277543e+02
2.743197516647273915e+02 3.383929989047526874e+02
2.733868888412192177e+02 3.386883501600811428e+02
2.724520096305828929e+02 3.389761498126233050e+02
2.715152090021288132e+02 3.392566339872687422e+02
2.705765268266891326e+02 3.395298791651599117e+02
2.696359560755416851e+02 3.397958007075371256e+02
2.686934880875622298e+02 3.400543132091452208e+02
2.677491303739922728e+02 3.403053271445226073e+02
2.668028612774878638e+02 3.405487753077022148e+02
2.658546775947563674e+02 3.407845942060865241e+02
2.649046204985831423e+02 3.410127018914353698e+02
2.639526343188159103e+02 3.412330732531013382e+02
2.629987945968109102e+02 3.414456303315506602e+02
2.620430519985529259e+02 3.416503550676217742e+02
2.610854514131872293e+02 3.418472024223303833e+02
2.601260191901080816e+02 3.420361344171528231e+02
2.591647409689487063e+02 3.422171421600149870e+02
2.582016545655533264e+02 3.423902060882932119e+02
2.572367767957215960e+02 3.425553188185459135e+02
2.562700514399474514e+02 3.427125269804928394e+02
2.553014583732984022e+02 3.428619020086552496e+02
2.543310779048252073e+02 3.430034892097827992e+02
2.533589907094448677e+02 3.431373195571002270e+02
2.523852460842810217e+02 3.432634259864138926e+02
2.514099242676486767e+02 3.433818204114931518e+02
2.504331040429563018e+02 3.434924956626601329e+02
2.494548021113344021e+02 3.435954596804331231e+02
2.484751211677612446e+02 3.436906794894241557e+02
2.474940668715930769e+02 3.437781417583861412e+02
2.465117342292928129e+02 3.438577935835010635e+02
2.455281240963738298e+02 3.439296007763600187e+02
2.445433260897564196e+02 3.439934494328716710e+02
2.435573475145349107e+02 3.440491429220119244e+02
2.425702610066714726e+02 3.440964460238231482e+02
2.415821199667753092e+02 3.441351141287980226e+02
2.405929693289316447e+02 3.441649026039937667e+02
2.396029046580637498e+02 3.441855368848294461e+02
2.386119701057750149e+02 3.441967454373825035e+02
2.376202653245510135e+02 3.441982312206685037e+02
2.366278800154861699e+02 3.441896854809727984e+02
2.356348993177266777e+02 3.441707994517205975e+02
2.346414552613438502e+02 3.441412342581470512e+02
2.336476364512320174e+02 3.441006624228364217e+02
2.326536050356989449e+02 3.440487133352360161e+02
2.316594732526747009e+02 3.439850320923954996e+02
2.306654206336490915e+02 3.439092288032065881e+02
2.296716012160547393e+02 3.438209176691373727e+02
2.286782032433410734e+02 3.437196983271537647e+02
2.276854360505808472e+02 3.436051439387679807e+02
2.266935069005468222e+02 3.434768344767138046e+02
2.257026582835017336e+02 3.433343303240615683e+02
2.247131485209749542e+02 3.431771788634244444e+02
2.237252577776581859e+02 3.430049162702507601e+02
2.227392897032424344e+02 3.428170691849057903e+02
2.217555729457174323e+02 3.426131559379338114e+02
2.207744634649934312e+02 3.423926853502855465e+02
2.197963466045320047e+02 3.421551573711747665e+02
2.188216392277897455e+02 3.419000640941168854e+02
2.178507987866921951e+02 3.416268560249817483e+02
2.168843626497648529e+02 3.413349017213573120e+02
2.159229244181972831e+02 3.410234997634682372e+02
2.149671390095793413e+02 3.406919727712864301e+02
2.140177099384538053e+02 3.403396197562678935e+02
2.130754140733286306e+02 3.399657852172937282e+02
2.121410755882634760e+02 3.395698069726399240e+02
2.112155909053705614e+02 3.391510499739810029e+02
2.102999254840219692e+02 3.387089051919479061e+02
2.093951164496293131e+02 3.382427960084257279e+02
2.085022746290066493e+02 3.377521856508108726e+02
2.076225861178056675e+02 3.372365807314939730e+02
2.067573159767547395e+02 3.366955211661433509e+02
2.059078221474835857e+02 3.361286642612537321e+02
2.050755089400508666e+02 3.355356689017997951e+02
2.042618896267229900e+02 3.349163619193240606e+02
2.034685135466868360e+02 3.342705988535398092e+02
2.026970196334538059e+02 3.335983908999920686e+02
2.019490877126022781e+02 3.328998651950715271e+02
2.012264411764132035e+02 3.321752728676834181e+02
2.005308392909803672e+02 3.314250141714139772e+02
1.998640570049794292e+02 3.306496428616082994e+02
