1.986777717038828257e+02 3.303466816432273845e+02
1.980019227590262005e+02 3.295560809190866394e+02
1.973468442446176709e+02 3.287486058810183067e+02
1.967128993247687845e+02 3.279250133123827595e+02
1.961002822915559989e+02 3.270859483162425363e+02
1.955091464081388892e+02 3.262320763526046790e+02
1.949396067394587533e+02 3.253640768472733384e+02
1.943917437932502139e+02 3.244826329811253345e+02
1.938656116218514285e+02 3.235884094891982841e+02
1.933612398454365859e+02 3.226821430161821809e+02
1.928786184714754484e+02 3.217644671333226825e+02
1.924177354690898198e+02 3.208360819915889692e+02
1.919785537691151376e+02 3.198976187800435582e+02
1.915610249338396898e+02 3.189497603009999693e+02
1.911650819148028972e+02 3.179931147449964328e+02
1.907906609198561227e+02 3.170282981282530272e+02
1.904376921849749351e+02 3.160559140327082446e+02
1.901061026774411005e+02 3.150765438244953884e+02
1.897958171134153815e+02 3.140907575231312876e+02
1.895067590271848985e+02 3.130991079910194799e+02
1.892388543433817745e+02 3.121021314466945569e+02
1.889920443915239332e+02 3.111003146650296571e+02
1.887662655239191452e+02 3.100942132842231445e+02
1.885614704881250248e+02 3.090842640213712684e+02
1.883776164070511925e+02 3.080709928425492876e+02
1.882146709771615463e+02 3.070548366726067684e+02
1.880726205113928700e+02 3.060362415515791668e+02
1.879514482690547368e+02 3.050156831779038953e+02
1.878511144104597292e+02 3.039935899342121957e+02
1.877712056584742868e+02 3.029704358281738905e+02
1.877110743084020896e+02 3.019466839820490804e+02
1.876700797515163401e+02 3.009227497067523132e+02
1.876475784440667098e+02 2.998990356503338148e+02
1.876429382142571285e+02 2.988758808710468315e+02
1.876555436120999900e+02 2.978535849616192763e+02
1.876847754459502937e+02 2.968324431906739278e+02
1.877300229462102834e+02 2.958127069789520078e+02
1.877906977182952915e+02 2.947945850363431646e+02
1.878662085677070763e+02 2.937782914582026024e+02
1.879559839868645668e+02 2.927639873589812396e+02
1.880594600558409866e+02 2.917518186602203514e+02
1.881760668039915458e+02 2.907419251811296590e+02
1.883052606756096452e+02 2.897343992090903839e+02
1.884465102178332359e+02 2.887293276345594677e+02
1.885992836537754442e+02 2.877267875040358263e+02
1.887630686083998057e+02 2.867268215323881009e+02
1.889373605882083211e+02 2.857294626309104615e+02
1.891216732635377582e+02 2.847347249638241919e+02
1.893155209833967092e+02 2.837426164723498800e+02
1.895184360972616275e+02 2.827531211798179243e+02
1.897299647565464511e+02 2.817662116234066048e+02
1.899496666662875839e+02 2.807818477614600283e+02
1.901771149533146286e+02 2.797999767735514638e+02
1.904118999188682153e+02 2.788205330786429386e+02
1.906536200461642636e+02 2.778434410290448682e+02
1.909018945257202233e+02 2.768686129552336865e+02
1.911567469585731942e+02 2.758960379792101207e+02
1.914187798659114605e+02 2.749258472019918145e+02
1.916886494704299366e+02 2.739582136909527890e+02
1.919670127497636258e+02 2.729933432790977008e+02
1.922545229507075248e+02 2.720314725149548281e+02
1.925518404002154114e+02 2.710728704704882261e+02
1.928596392690528489e+02 2.701178432622378409e+02
1.931785701802021151e+02 2.691667254392053223e+02
1.935093033883857174e+02 2.682198899272861468e+02
1.938524985453421721e+02 2.672777431070728085e+02
1.942088164573596600e+02 2.663407286965687604e+02
1.945789070110856187e+02 2.654093246727541100e+02
1.949634266819488175e+02 2.644840541969466585e+02
1.953630086371186394e+02 2.635654699449029295e+02
1.957782886113533323e+02 2.626541745008879047e+02
1.962098937930199440e+02 2.617508134516388623e+02
1.966584378142027560e+02 2.608560775338187909e+02
1.971244740206693109e+02 2.599706624789340026e+02
1.976084548380473791e+02 2.590952202106624327e+02
1.981107842280715374e+02 2.582304373088615534e+02
1.986318339563085544e+02 2.573770238070341634e+02
1.991719480383017356e+02 2.565357188731621818e+02
1.997313658628744975e+02 2.557072175310740647e+02
2.003102307530240012e+02 2.548922152130438690e+02
2.009086572614753550e+02 2.540913923995571793e+02
2.015267335310997225e+02 2.533054565015216326e+02
2.021645244857521675e+02 2.525350808161578584e+02
2.028216546350543297e+02 2.517807289106540054e+02
2.034962590196889494e+02 2.510419374231629490e+02
2.041861757890749516e+02 2.503179081798122638e+02
2.048892797922344755e+02 2.496077611564626011e+02
2.056034992040867451e+02 2.489105064805947336e+02
2.063268241094899906e+02 2.482250561709184353e+02
2.070574461463287435e+02 2.475503260089939204e+02
2.077937315087447416e+02 2.468852313616993968e+02
2.085340991978985699e+02 2.462286117643957368e+02
2.092770181058455137e+02 2.455792320853087460e+02
2.100210077597595273e+02 2.449357865571718662e+02
2.107647552847345196e+02 2.442969999708686828e+02
2.115073443421857462e+02 2.436618177741767397e+02
2.122479672850971042e+02 2.430291783290633418e+02
2.129858315082708202e+02 2.423980127491785481e+02
2.137201818603448942e+02 2.417672138800286632e+02
2.144503051516274752e+02 2.411356584358151451e+02
2.151756737217842215e+02 2.405023397896680422e+02
2.158958801902075209e+02 2.398663529489562904e+02
2.166105710561156741e+02 2.392267345149210485e+02
2.173193681753730289e+02 2.385825656832338666e+02
2.180219207982020180e+02 2.379329066110614121e+02
2.187177761087052374e+02 2.372767034163840094e+02
2.194062225175757703e+02 2.366126258563954252e+02
2.200865305432859316e+02 2.359392902170152126e+02
2.207579918582131882e+02 2.352553014101521285e+02
2.214199158605595130e+02 2.345592573814606396e+02
2.220717319141387520e+02 2.338498331915369306e+02
2.227137897163353557e+02 2.331267095428779896e+02
2.233469542130119976e+02 2.323901668209333025e+02
2.239720592768252629e+02 2.316405340284489398e+02
2.245899000704621358e+02 2.308781817798866598e+02
2.252012386689872301e+02 2.301035175127864818e+02
2.258069698331128166e+02 2.293171675264743499e+02
2.264082643381874504e+02 2.285201805903224681e+02
2.270062859441405010e+02 2.277136902907789420e+02
2.276021520415336852e+02 2.268988703247053422e+02
2.281969337203513817e+02 2.260769347564855138e+02
2.287917272768372356e+02 2.252492093657523640e+02
2.293881051703000935e+02 2.244176679857178272e+02
2.299878101955095246e+02 2.235846457984494009e+02
2.305925375327877589e+02 2.227525218848237785e+02
2.312039512339190708e+02 2.219236855972280296e+02
2.318236448812882884e+02 2.211005909842921824e+02
2.324532187786724080e+02 2.202857324568100807e+02
2.330942697195902724e+02 2.194817000685449955e+02
2.337483716793596784e+02 2.186911028471805878e+02
2.344170668265827544e+02 2.179165764498299040e+02
2.351018769924307037e+02 2.171607621107789328e+02
2.358042717477171664e+02 2.164262807990232318e+02
2.365255162876497081e+02 2.157154913468658037e+02
2.372667928396364232e+02 2.150306537535034295e+02
2.380292831027554143e+02 2.143740283213195994e+02
2.388141721072152279e+02 2.137478738196607537e+02
2.396226190991180260e+02 2.131544013831639859e+02
2.404545514408861493e+02 2.125940580171011902e+02
2.413082467342422888e+02 2.120648830512351992e+02
2.421819134797818833e+02 2.115647111951446675e+02
2.430738079483489571e+02 2.110913450300230920e+02
2.439822302591238099e+02 2.106425582679958097e+02
2.449054906138854051e+02 2.102160556778763976e+02
2.458417834959011259e+02 2.098092984902505975e+02
2.467892887912269657e+02 2.094196568236254166e+02
2.477462162145917262e+02 2.090444826795771576e+02
2.487108010238182771e+02 2.086811131904067906e+02
2.496812503831307311e+02 2.083269848646770299e+02
2.506556299222112898e+02 2.079798921083578591e+02
2.516321577461064010e+02 2.076375844255336176e+02
2.526091082947258144e+02 2.072977719702742263e+02
2.535847672660865726e+02 2.069581560387587160e+02
2.545574394686881590e+02 2.066164213704864210e+02
2.555255411597033515e+02 2.062703933752617331e+02
2.564879205543737157e+02 2.059184922301323866e+02
2.574435579411047570e+02 2.055592738324792776e+02
2.583914386531685636e+02 2.051912946636369384e+02
2.593305896952927014e+02 2.048130800466279027e+02
2.602600654394562412e+02 2.044231603821613135e+02
2.611791482312650032e+02 2.040203780961844586e+02
2.620873715881660928e+02 2.036038334236701246e+02
2.629842630645514419e+02 2.031726555894757098e+02
2.638694146783733459e+02 2.027259293835429617e+02
2.647424311626253939e+02 2.022627351317538000e+02
2.656032103861855376e+02 2.017825856668995641e+02
2.664526278576038862e+02 2.012864065374663767e+02
2.672917015527609124e+02 2.007754683380401275e+02
2.681214782385906688e+02 2.002510270358184812e+02
2.689430104360806695e+02 1.997143365950717282e+02
2.697573090296903615e+02 1.991666673079915597e+02
2.705652684259550256e+02 1.986090682698727221e+02
2.713676966836249562e+02 1.980424111106238740e+02
2.721653703716671657e+02 1.974675906264358503e+02
2.729590754932676759e+02 1.968855042054872229e+02
2.737495940092066462e+02 1.962970613048480573e+02
2.745377733315963269e+02 1.957032516967809954e+02
2.753245560226748125e+02 1.951053328528071233e+02
2.761109027869281363e+02 1.945046131077058078e+02
2.768977571141755334e+02 1.939024198696756969e+02
2.776860428084519299e+02 1.933001010705690419e+02
2.784766736365932047e+02 1.926990506423885563e+02
2.792706783825039452e+02 1.921009666688432560e+02
2.800691379807666408e+02 1.915077581836187619e+02
2.808730833907908391e+02 1.909213752929999259e+02
2.816834986359221489e+02 1.903438012112883655e+02
2.825013206429245542e+02 1.897770459248808095e+02
2.833274257590931029e+02 1.892232180657158551e+02
2.841626573032357328e+02 1.886845884096734665e+02
2.850078369936364879e+02 1.881634398558634587e+02
2.858636245348448028e+02 1.876621548393218291e+02
2.867306487632322387e+02 1.871831122886314347e+02
2.876092900157651115e+02 1.867285860874433467e+02
2.884991796855966868e+02 1.862990077893206546e+02
2.893994968879278531e+02 1.858938717613654887e+02
2.903094394780839593e+02 1.855126536327757094e+02
2.912282162733505402e+02 1.851548207987150363e+02
2.921550486193341385e+02 1.848198273317916005e+02
2.930891482162649027e+02 1.845070919432811252e+02
2.940297286525499771e+02 1.842159576670745480e+02
2.949760220790245171e+02 1.839457497991710966e+02
2.959272839590997251e+02 1.836957837967824787e+02
2.968828136267798072e+02 1.834653467010837176e+02
2.978419282146354590e+02 1.832537184567773920e+02
2.988039782853264796e+02 1.830601782903252115e+02
2.997683784506628513e+02 1.828839765691737114e+02
3.007345791031575573e+02 1.827243470919108290e+02
3.017020668073216711e+02 1.825805175504155784e+02
3.026704142350730535e+02 1.824516798358389167e+02
3.036392381965135883e+02 1.823370250990379589e+02
3.046082043121124912e+02 1.822357617268671959e+02
3.055771100448329776e+02 1.821470496415647915e+02
3.065457683993508908e+02 1.820700548919998312e+02
3.075140906292055547e+02 1.820039289644360281e+02
3.084820770571193407e+02 1.819478057102927551e+02
3.094498346548893437e+02 1.819007680499838671e+02
3.104175382661587150e+02 1.818618902939876989e+02
3.113854759401712613e+02 1.818302431405682569e+02
3.123540397635260888e+02 1.818048987982986091e+02
3.133237267557526593e+02 1.817849628444448342e+02
3.142950718502128780e+02 1.817705380305819745e+02
3.152685681281220127e+02 1.817629522259219073e+02
3.162445946560210928e+02 1.817636138784025661e+02
3.172234381152472338e+02 1.817739274157495402e+02
3.182054120936745107e+02 1.817952051996965395e+02
3.191909449267619152e+02 1.818284915856443149e+02
3.201799749622528566e+02 1.818747935029720395e+02
3.211722014135355607e+02 1.819351393960104701e+02
3.221672800736870386e+02 1.820105257273832819e+02
3.231647388524101530e+02 1.821019424730631329e+02
3.241640515343160018e+02 1.822103421772757770e+02
3.251645757401818742e+02 1.823367054669699030e+02
3.261656077800016647e+02 1.824819951517692687e+02
3.271663565617005816e+02 1.826471528238559756e+02
3.281659648788690902e+02 1.828330916109871680e+02
3.291635108280278814e+02 1.830406914578178430e+02
3.301580176245557823e+02 1.832707823101940789e+02
3.311484763192901255e+02 1.835241008034790866e+02
3.321338352215993268e+02 1.838013360561286618e+02
3.331129979496666351e+02 1.841031432431796873e+02
3.340848261053422448e+02 1.844301431843837520e+02
3.350481430644092598e+02 1.847829199634282986e+02
3.360017670987217002e+02 1.851620016408897698e+02
3.369444662955952481e+02 1.855677948859425896e+02
3.378750291109209343e+02 1.860007219278023172e+02
3.387921856775773222e+02 1.864611491994106416e+02
3.396946448765903597e+02 1.869494088689308455e+02
3.405813275399976874e+02 1.874654154661211294e+02
3.414518927984211700e+02 1.880079142882958649e+02
3.423061804084391611e+02 1.885754150341573734e+02
3.431441390839985388e+02 1.891664947165242268e+02
3.439657770220895259e+02 1.897797667141472573e+02
3.447711456539310575e+02 1.904138405815076851e+02
3.455603811695472700e+02 1.910674039203297525e+02
3.463336605393424179e+02 1.917391795156894432e+02
3.470912156585409889e+02 1.924279248394244064e+02
3.478333310299659615e+02 1.931324327695338070e+02
3.485603410575743624e+02 1.938515320732140026e+02
3.492726394366677027e+02 1.945840737925420569e+02
3.499706958132182422e+02 1.953289117469466873e+02
3.506550298096164511e+02 1.960849341582863588e+02
3.513262044101782067e+02 1.968510696669927711e+02
3.519848232602645339e+02 1.976262901432985757e+02
3.526315279852576623e+02 1.984096091261211825e+02
3.532670124696059588e+02 1.992000600999545554e+02
3.538920155902624174e+02 1.999967228631649334e+02
3.545073086009511485e+02 2.007987203386465467e+02
3.551136891949935261e+02 2.016052264377735526e+02
3.557120023369013211e+02 2.024154464344779285e+02
3.563031088065499716e+02 2.032286487589713317e+02
3.568878667515164125e+02 2.040441696454810199e+02
3.574671857926633152e+02 2.048613850726384555e+02
3.580419839348301707e+02 2.056797216993306563e+02
3.586131968628849336e+02 2.064986597236977559e+02
3.591817200317105403e+02 2.073177981053267729e+02
3.597476733337403516e+02 2.081373473537880727e+02
3.603108168921145307e+02 2.089578060050970123e+02
3.608708680067475143e+02 2.097796554280350279e+02
3.614275122177542698e+02 2.106033671269177034e+02
3.619804345546121453e+02 2.114294014907010251e+02
3.625292581380978731e+02 2.122581926438435289e+02
3.630736443826320397e+02 2.130901690355644860e+02
3.636131787977180352e+02 2.139257256479207001e+02
3.641474692231397512e+02 2.147652589418191269e+02
3.646760675299494778e+02 2.156091353507664508e+02
3.651985253251169752e+02 2.164577141698091225e+02
3.657143584740351230e+02 2.173113325684949189e+02
3.662230616127437770e+02 2.181703122759475661e+02
3.667241771886434094e+02 2.190349426735404279e+02
3.672172949420564692e+02 2.199054470200044875e+02
3.677020041133482096e+02 2.207819899065222558e+02
3.681778364491643174e+02 2.216647186242897760e+02
3.686443397312678485e+02 2.225537568393260983e+02
3.691010110426403230e+02 2.234492160329116359e+02
3.695473587383017957e+02 2.243511775410262885e+02
3.699828618774355391e+02 2.252597092654043536e+02
3.704069898146342439e+02 2.261748548492536202e+02
3.708192083551882661e+02 2.270966291953005225e+02
3.712189518562949502e+02 2.280250458239153772e+02
3.716056667131285280e+02 2.289600626146200284e+02
3.719787743220008451e+02 2.299016451209877516e+02
3.723376911497744572e+02 2.308497222770409678e+02
3.726820341523834941e+02 2.318041313150539793e+02
3.730116373862331329e+02 2.327646577278080997e+02
3.733263442433923274e+02 2.337310703795949109e+02
3.736260038118617786e+02 2.347031263602203808e+02
3.739104582657727747e+02 2.356806003324793437e+02
3.741795408395713025e+02 2.366632661206353418e+02
3.744330900195203071e+02 2.376508766189967332e+02
3.746709438029001262e+02 2.386431914149458748e+02
3.748929337425149129e+02 2.396399728886601110e+02
3.750988866858439224e+02 2.406409763329332634e+02
3.752886255237595492e+02 2.416459533317334660e+02
3.754619703901991556e+02 2.426546510728638850e+02
3.756187385414784785e+02 2.436668118935710368e+02
3.757587430471090784e+02 2.446821729117532129e+02
3.758817927062917761e+02 2.457004654314697234e+02
3.759876920478674265e+02 2.467214143159442301e+02
3.760762414046421895e+02 2.477447373338067678e+02
3.761472370835398920e+02 2.487701444821977645e+02
3.762004713669726357e+02 2.497973372981495288e+02
3.762357245192779374e+02 2.508260224886085439e+02
3.762527821305778275e+02 2.518558657862269854e+02
3.762514300575531365e+02 2.528865330174845951e+02
3.762314306131045782e+02 2.539177164982678221e+02
3.761925629549663768e+02 2.549490298845827283e+02
3.761345896243857965e+02 2.559801291482550596e+02
3.760572791973106064e+02 2.570106223447092475e+02
3.759603861341066136e+02 2.580401322621880809e+02
3.758436248225356167e+02 2.590682084203577915e+02
3.757065128654600699e+02 2.600944212012603884e+02
3.755485546028107251e+02 2.611182524560445586e+02
3.753692666017225292e+02 2.621391496722570196e+02
3.751681620406739626e+02 2.631565456590082590e+02
3.749447658059052628e+02 2.641698187922982015e+02
3.746986091753037158e+02 2.651783040816586094e+02
3.744292349996703138e+02 2.661812919433920683e+02
3.741362051234440287e+02 2.671780278897049357e+02
3.738191038478262840e+02 2.681677116449255891e+02
3.734775415369137477e+02 2.691494964466836564e+02
3.731111366601894019e+02 2.701225004943898398e+02
3.727195526044759504e+02 2.710857527310428736e+02
3.723024859610479780e+02 2.720382535509460808e+02
3.718596434846985517e+02 2.729789831497959653e+02
3.713908289758147134e+02 2.739068127016364542e+02
3.708958633629084147e+02 2.748206191511437169e+02
3.703746300690925182e+02 2.757192038727288832e+02
3.698271336284497579e+02 2.766012962287621235e+02
3.692540565666010366e+02 2.774653742353074222e+02
3.686561590555417638e+02 2.783104083348297877e+02
3.680341682428780246e+02 2.791356619872288434e+02
3.673887769459995525e+02 2.799405234142398058e+02
3.667207491934182144e+02 2.807244169066466952e+02
3.660308514480754525e+02 2.814868497775709670e+02
3.653198186585938743e+02 2.822273922862190147e+02
3.645884311507018083e+02 2.829456640680520536e+02
3.638375331777541533e+02 2.836414534009111890e+02
3.630689575094743873e+02 2.843153818761693969e+02
3.622848492781286041e+02 2.849685400314628509e+02
3.614872735819127456e+02 2.856021773899977347e+02
3.606781708259104562e+02 2.862176429470107450e+02
3.598593791636898800e+02 2.868164090186863859e+02
3.590326271956180335e+02 2.874000346184234331e+02
3.581995338571940124e+02 2.879701398470602953e+02
3.573616216050476169e+02 2.885284142402024372e+02
3.565203253524039724e+02 2.890766021145382751e+02
3.556769932476258305e+02 2.896165081015996634e+02
3.548328792009547783e+02 2.901499343664221442e+02
3.539890150490433598e+02 2.906785462298668676e+02
3.531463173514541154e+02 2.912039713206688134e+02
3.523056568923258283e+02 2.917278460932004691e+02
3.514678657215235376e+02 2.922518073233965765e+02
3.506337375473940483e+02 2.927774892112763041e+02
3.498039804065717817e+02 2.933064343082653522e+02
3.489791621695961794e+02 2.938401317329621065e+02
3.481598862379898947e+02 2.943799853562503586e+02
3.473466918636045762e+02 2.949274409734356368e+02
3.465401463850537311e+02 2.954838906954947788e+02
3.457408128284300233e+02 2.960507965510610688e+02
3.449494672118250946e+02 2.966297818849032524e+02
3.441668681514242394e+02 2.972225926608643363e+02
3.433938238503093316e+02 2.978309131481985332e+02
3.426311294778570868e+02 2.984564206029264710e+02
3.418795293583137891e+02 2.991007624658292912e+02
3.411390148998184486e+02 2.997644162720219470e+02
3.404087633851355577e+02 3.004466249985025001e+02
3.396879668789387097e+02 3.011465273511950045e+02
3.389758728123617288e+02 3.018632175220702152e+02
3.382717728331813305e+02 3.025957587788744831e+02
3.375749323478218571e+02 3.033430571162436422e+02
3.368843536152464821e+02 3.041035304548502154e+02
3.361990098050825964e+02 3.048754549188071223e+02
3.355179153893434432e+02 3.056570791576378383e+02
3.348401207504971353e+02 3.064466286084584681e+02
3.341646985992284726e+02 3.072422968819711855e+02
3.334905921952836820e+02 3.080420249518612650e+02
3.328166287716069291e+02 3.088435305620154168e+02
3.321416468680866956e+02 3.096445153966786279e+02
3.314644944812407630e+02 3.104426768252305351e+02
3.307840229215709655e+02 3.112357125065764194e+02
3.300991563033162493e+02 3.120214430441845366e+02
3.294090502980859583e+02 3.127980699910847306e+02
3.287128442451563615e+02 3.135638833889665307e+02
3.280090614986864921e+02 3.143172490508248416e+02
3.272960691777251441e+02 3.150564240779468719e+02
3.265724695329940346e+02 3.157795421398835174e+02
3.258371077813415013e+02 3.164850725965070524e+02
3.250890090558984866e+02 3.171717312818443020e+02
3.243272167456295278e+02 3.178382286136688890e+02
3.235507923529640379e+02 3.184832614230831496e+02
3.227588169317507436e+02 3.191055136564114036e+02
3.219508203254102909e+02 3.197043034750801098e+02
3.211274417149078317e+02 3.202806002706196864e+02
3.202895099286029108e+02 3.208356224253165578e+02
3.194378721750516661e+02 3.213705750166498660e+02
3.185733865022843929e+02 3.218866534588216268e+02
3.176969163651169197e+02 3.223850258718792361e+02
3.168092239046139298e+02 3.228666802526178117e+02
3.159110085414259288e+02 3.233324927535345523e+02
3.150029886249664628e+02 3.237833268205176296e+02
3.140858766803195294e+02 3.242200457655858372e+02
3.131603993595088014e+02 3.246435044955936178e+02
3.122273419191791959e+02 3.250546391692899988e+02
3.112875965999406844e+02 3.254545631821431471e+02
3.103420657878097586e+02 3.258444120816126315e+02
3.093916590011755261e+02 3.262253208778823819e+02
3.084372688928592652e+02 3.265984333693501753e+02
3.074797935454988647e+02 3.269649161713888361e+02
3.065202172318542466e+02 3.273261043018638929e+02
3.055595565780378138e+02 3.276834245936133811e+02
3.045988075397696662e+02 3.280383170907317663e+02
3.036389456496733033e+02 3.283922368349877274e+02
3.026809164558370071e+02 3.287466558327968755e+02
3.017256266338369528e+02 3.291030460683829801e+02
3.007739327513729108e+02 3.294628687587283480e+02
2.998266541884092931e+02 3.298276028262827140e+02
2.988845716101766925e+02 3.301987492921003309e+02
2.979484236257828798e+02 3.305778325894712566e+02
2.970187720865635015e+02 3.309661614117877093e+02
2.960952572343113616e+02 3.313634389038076620e+02
2.951771503465655542e+02 3.317686959827566966e+02
2.942637282939859347e+02 3.321809547441478685e+02
2.933542765430309487e+02 3.325992345289250238e+02
2.924480920015493552e+02 3.330225462316751077e+02
2.915444877875428915e+02 3.334499014242611565e+02
2.906427970204476310e+02 3.338803150288698589e+02
2.897423692194463456e+02 3.343127941349260368e+02
2.888425718288825692e+02 3.347463365248730724e+02
2.879427922234278867e+02 3.351799301532720392e+02
2.870424398695985815e+02 3.356125497209218906e+02
2.861409470745140879e+02 3.360431664055395800e+02
2.852377747397505914e+02 3.364707369915832373e+02
2.843324107307901727e+02 3.368942075605486366e+02
2.834243728992050251e+02 3.373125131264395691e+02
2.825132111143948350e+02 3.377245775812059492e+02
2.815985083469252572e+02 3.381293116709117044e+02
2.806798825062580818e+02 3.385256128101991635e+02
2.797569891851304646e+02 3.389123665144250594e+02
2.788295237418283250e+02 3.392884515599831161e+02
2.778972235152930921e+02 3.396527363281990688e+02
2.769598685344923865e+02 3.400040806336290302e+02
2.760172833304803248e+02 3.403413372276085056e+02
2.750693382360854571e+02 3.406633524639316306e+02
2.741159505290522702e+02 3.409689672857093683e+02
2.731570851366986972e+02 3.412570163724197414e+02
2.721927674348619348e+02 3.415263720445478270e+02
2.712233198463732720e+02 3.417767701943220118e+02
2.702493158852665260e+02 3.420088110156117409e+02
2.692713177148902446e+02 3.422231513101231712e+02
2.682898637134800879e+02 3.424204620233304013e+02
2.673054646262779670e+02 3.426014431952843893e+02
2.663186051097770815e+02 3.427668178843572377e+02
2.653297467413834738e+02 3.429173156354199818e+02
2.643393061715006525e+02 3.430537173756715674e+02
2.633476900151639484e+02 3.431767877315398891e+02
2.623552455000420309e+02 3.432873416210960613e+02
2.613623061138789581e+02 3.433861923730818830e+02
2.603691643935912339e+02 3.434741558431996395e+02
2.593760610931165616e+02 3.435520725079949216e+02
2.583832177838173720e+02 3.436207859605706290e+02
2.573908109561517108e+02 3.436811566762972348e+02
2.563989412694248813e+02 3.437341008162878779e+02
2.554076781776384166e+02 3.437805599364915565e+02
2.544171027363656208e+02 3.438214322390338680e+02
2.534272664778000035e+02 3.438575972055653551e+02
2.524381714325572545e+02 3.438899350631930361e+02
2.514498098938457247e+02 3.439193054264264902e+02
2.504621460342102353e+02 3.439465476500676573e+02
2.494750676906380988e+02 3.439725198693491848e+02
2.484884984872131213e+02 3.439980425772469061e+02
2.475022531734347808e+02 3.440239518468999904e+02
2.465161885298417701e+02 3.440510411175035301e+02
2.455300469702796420e+02 3.440801161578276037e+02
2.445436143024377600e+02 3.441115109163236525e+02
2.435565896720805199e+02 3.441445614559635260e+02
2.425687523777706076e+02 3.441784287703979999e+02
2.415798866861772183e+02 3.442122587311112056e+02
2.405897909329811171e+02 3.442451919849290221e+02
2.395983332885649020e+02 3.442763326797755781e+02
2.386053565742355715e+02 3.443047672886970645e+02
2.376107789432690254e+02 3.443295434895327958e+02
2.366145322524470203e+02 3.443496937967782401e+02
2.356165689686892790e+02 3.443642480128005445e+02
2.346169055075386041e+02 3.443722027025439161e+02
2.336155513132796955e+02 3.443725474572770509e+02
2.326126036745590966e+02 3.443641920450088492e+02
2.316081566762972841e+02 3.443460599447743675e+02
2.306023801360812229e+02 3.443170374090717587e+02
2.295954654788122582e+02 3.442760184179949761e+02
2.285876597785142508e+02 3.442218833872390178e+02
2.275792569518398238e+02 3.441534894050598723e+02
2.265706014065616216e+02 3.440697088148264129e+02
2.255620908847838280e+02 3.439693968542188713e+02
2.245541808611761496e+02 3.438514037309602145e+02
2.235473879511271491e+02 3.437145776454799488e+02
2.225422879607103539e+02 3.435577884083951972e+02
2.215395148252643764e+02 3.433799424947750367e+02
2.205397716405200299e+02 3.431799542169094366e+02
2.195438358451538647e+02 3.429567460741624245e+02
2.185525638853273449e+02 3.427092527465948137e+02
2.175668377762736441e+02 3.424365331550199016e+02
2.165873657395910357e+02 3.421384987472167722e+02
2.156147215851359533e+02 3.418153189284192308e+02
2.146495327585818984e+02 3.414671940369942149e+02
2.136923990083260776e+02 3.410942796193041318e+02
2.127439876852411942e+02 3.406967821679321560e+02
2.118049374624730206e+02 3.402748595848199784e+02
2.108759310303877328e+02 3.398286674877229530e+02
2.099576688917378249e+02 3.393583667581046370e+02
2.090508685664073596e+02 3.388641270414016162e+02
2.081562638033774135e+02 3.383461294592953550e+02
2.072746015975098430e+02 3.378045641056469890e+02
2.064066375230190715e+02 3.372396115705029160e+02
2.055531829200853338e+02 3.366515419924537582e+02
2.047149842670680187e+02 3.360405446532765836e+02
2.038928781473270249e+02 3.354069489138653921e+02
2.030876263452030059e+02 3.347510134581693251e+02
2.023000426826210401e+02 3.340730968434675674e+02
2.015309079075828720e+02 3.333735817786725306e+02
2.007809803868332494e+02 3.326528773969998838e+02
2.000510012682817376e+02 3.319114434562978317e+02
1.993416766292374405e+02 3.311497845173440737e+02
