1.958677818144458058e+02 3.328844720694378907e+02
1.951274688547991616e+02 3.320022592798907226e+02
1.944433252157338359e+02 3.310770419242425646e+02
1.938167908402457442e+02 3.301141475015214723e+02
1.932483743957447757e+02 3.291182119070427348e+02
1.927381761998576337e+02 3.280936914406943856e+02
1.922859188905069345e+02 3.270448316550844083e+02
1.918909777618560213e+02 3.259756322616282773e+02
1.915524114122962658e+02 3.248897937763160826e+02
1.912690738588390786e+02 3.237909402170609496e+02
1.910394794039194721e+02 3.226821745977360365e+02
1.908620236394950211e+02 3.215665261196775191e+02
1.907344116141399297e+02 3.204468400668905019e+02
1.906526655878851102e+02 3.193264334214161977e+02
1.906122747538936721e+02 3.182082076835675366e+02
1.906085952493582170e+02 3.170946816126628391e+02
1.906368610511141526e+02 3.159879658239759692e+02
1.906921960878305526e+02 3.148897822151657806e+02
1.907693723777424850e+02 3.138015766985614619e+02
1.908628948500221725e+02 3.127244890269766984e+02
1.909672342857248566e+02 3.116593020746866500e+02
1.910768728757207668e+02 3.106064698409227844e+02
1.911862672365275841e+02 3.095661255754880585e+02
1.912903607837701543e+02 3.085380519778221355e+02
1.913852257910825472e+02 3.075215405971848668e+02
1.914672037641077793e+02 3.065157433850197322e+02
1.915327015331868097e+02 3.055196771559569129e+02
1.915781655002624859e+02 3.045321978003503318e+02
1.916004043145077844e+02 3.035520594731343067e+02
1.915994570890662771e+02 3.025775859275207154e+02
1.915774387492166682e+02 3.016070293016400683e+02
1.915365844023073976e+02 3.006388588247534130e+02
1.914791856961652172e+02 2.996717039239535438e+02
1.914076034119027838e+02 2.987044253983034423e+02
1.913240933863790758e+02 2.977360793457799559e+02
1.912305848001997219e+02 2.967658457250705624e+02
1.911289968753476955e+02 2.957930630618673717e+02
1.910212900887771070e+02 2.948172212154868816e+02
1.909094355208274862e+02 2.938378766066292656e+02
1.907954610707124630e+02 2.928547493111763060e+02
1.906816550670102117e+02 2.918676669789769562e+02
1.905704307971762717e+02 2.908765558425750442e+02
1.904642218789122410e+02 2.898815038845122558e+02
1.903654675873553970e+02 2.888826912451371527e+02
1.902765985066098438e+02 2.878803968657510381e+02
1.902001069722660134e+02 2.868750359577961717e+02
1.901385826304890543e+02 2.858671323889846576e+02
1.900946228677172485e+02 2.848573232286992152e+02
1.900708044814080608e+02 2.838463445301902084e+02
1.900696941076303119e+02 2.828350458493945325e+02
1.900938288944989267e+02 2.818243762224958573e+02
1.901456239509399495e+02 2.808153690683148511e+02
1.902274301728788259e+02 2.798091473171028269e+02
1.903415799140735203e+02 2.788069288938311843e+02
1.904903753520540874e+02 2.778100298083307962e+02
1.906760637225916639e+02 2.768198563233329423e+02
1.908994765691674047e+02 2.758375953204106281e+02
1.911593923049993862e+02 2.748639887518309592e+02
1.914544320076082329e+02 2.738996920832276487e+02
1.917832166626141657e+02 2.729453137466958879e+02
1.921443644546916971e+02 2.720014141214677466e+02
1.925364865895892876e+02 2.710685020630897384e+02
1.929581159208901511e+02 2.701470221211125704e+02
1.934077357188244264e+02 2.692373572550404788e+02
1.938838560549159240e+02 2.683398546731383476e+02
1.943849873539645614e+02 2.674548144826695761e+02
1.949096466198871553e+02 2.665825001202026669e+02
1.954561955202597971e+02 2.657230708228336766e+02
1.960228195374877771e+02 2.648765949615937529e+02
1.966077035264373194e+02 2.640430416156339675e+02
1.972090491136293338e+02 2.632223673017107330e+02
1.978250813835541635e+02 2.624144664913854399e+02
1.984540443920035386e+02 2.616191820703188569e+02
1.990942024548826339e+02 2.608361690592963669e+02
1.997438435476538245e+02 2.600647642256196832e+02
2.004012185232762420e+02 2.593043384383857983e+02
2.010645978286273419e+02 2.585541942652809553e+02
2.017322894666951072e+02 2.578135879901187764e+02
2.024029458274443982e+02 2.570817356079796809e+02
2.030754990534493061e+02 2.563580254642957925e+02
2.037489486964996388e+02 2.556417203301127756e+02
2.044222951941322037e+02 2.549320986585808839e+02
2.050946125707936289e+02 2.542282712709832140e+02
2.057651555644024199e+02 2.535295170529184077e+02
2.064339312697761386e+02 2.528354921344558477e+02
2.071011487898867642e+02 2.521458693231238612e+02
2.077669803902651608e+02 2.514603963721029345e+02
2.084316092302412073e+02 2.507788081283887323e+02
2.090952240222839862e+02 2.501008408048947160e+02
2.097580597392357618e+02 2.494262683933271489e+02
2.104203878515212409e+02 2.487549009663263746e+02
2.110824764911354237e+02 2.480865600999854053e+02
2.117445886077173896e+02 2.474210785292561070e+02
2.124069813982053176e+02 2.467583005400765046e+02
2.130699021015614960e+02 2.460980896837940577e+02
2.137335944303977442e+02 2.454403203486475604e+02
2.143983150424542714e+02 2.447848469985028430e+02
2.150642829316568623e+02 2.441315787455678219e+02
2.157317206223472397e+02 2.434804220511776123e+02
2.164008393192209212e+02 2.428312930901386721e+02
2.170718045607892179e+02 2.421840878325625113e+02
2.177447319543481967e+02 2.415387141539803224e+02
2.184197862894045841e+02 2.408950128083739344e+02
2.190970640425259148e+02 2.402529088026601585e+02
2.197766762762826431e+02 2.396123112699495152e+02
2.204587025467052968e+02 2.389731142744647627e+02
2.211431578229444312e+02 2.383351617019387731e+02
2.218300440699712226e+02 2.376982941329365246e+02
2.225193583199031480e+02 2.370623579766988485e+02
2.232110903792017780e+02 2.364272083383730489e+02
2.239052469451832224e+02 2.357926914485532564e+02
2.246018584775187321e+02 2.351587345382085061e+02
2.253009864400541176e+02 2.345252937831699285e+02
2.260026857527840889e+02 2.338923325815401029e+02
2.267070016208041352e+02 2.332598243047545168e+02
2.274139754723300086e+02 2.326277457206873009e+02
2.281236274833532605e+02 2.319960432823908434e+02
2.288359138364112937e+02 2.313646269248088174e+02
2.295507862907165020e+02 2.307333996006261145e+02
2.302681932260111921e+02 2.301022675036981298e+02
2.309880733122495258e+02 2.294711468531378955e+02
2.317103632189476059e+02 2.288399528315823943e+02
2.324350131269173119e+02 2.282085527962542244e+02
2.331619153800077413e+02 2.275768515030156607e+02
2.338909596706357377e+02 2.269447606804720863e+02
2.346221072536234260e+02 2.263121243012618322e+02
2.353552151978161646e+02 2.256788804117685459e+02
2.360902253752284992e+02 2.250449018410096755e+02
2.368270309432433578e+02 2.244101171563628156e+02
2.375655614492982295e+02 2.237744250420249159e+02
2.383057045744519087e+02 2.231377619045896097e+02
2.390474003912790408e+02 2.225000185712291909e+02
2.397905289580654085e+02 2.218611488392409683e+02
2.405350521269678268e+02 2.212211056727350353e+02
2.412809187573360816e+02 2.205798777249823672e+02
2.420280712236984186e+02 2.199374607217368407e+02
2.427764503488627952e+02 2.192938539669382294e+02
2.435260179696094553e+02 2.186490383385026917e+02
2.442767002573982040e+02 2.180030043305356742e+02
2.450284186653931897e+02 2.173557212665254212e+02
2.457810935564471606e+02 2.167071584265683271e+02
2.465346444853661296e+02 2.160572867054573294e+02
2.472889903102018536e+02 2.154060785695347136e+02
2.480440544270669250e+02 2.147535154295695747e+02
2.487997858041730979e+02 2.140996180820617099e+02
2.495561410711940766e+02 2.134444210024214215e+02
2.503130763444277136e+02 2.127879602536843890e+02
2.510705468097102653e+02 2.121302739768906918e+02
2.518282583495665108e+02 2.114716507360572564e+02
2.525854463132548631e+02 2.108129917801605018e+02
2.533421857096335827e+02 2.101547191176617844e+02
2.540987480309267994e+02 2.094971222371703732e+02
2.548554029903525873e+02 2.088404915545924041e+02
2.556124256438634177e+02 2.081851113300824920e+02
2.563700799387601137e+02 2.075312858138493937e+02
2.571286528258306134e+02 2.068793477875806559e+02
2.578884430214611143e+02 2.062296307708119230e+02
2.586497242613527305e+02 2.055824901233628452e+02
2.594127893274425674e+02 2.049382662444690482e+02
2.601779156609320012e+02 2.042973124771103244e+02
2.609453775690320185e+02 2.036600085629888781e+02
2.617154798743880519e+02 2.030267271958686308e+02
2.624884869487468109e+02 2.023978772396393992e+02
2.632646887808774068e+02 2.017738484237550836e+02
2.640443540639511184e+02 2.011550475438969841e+02
2.648276726797740253e+02 2.005417945062616525e+02
2.656146447191080142e+02 1.999340419830741382e+02
2.664051907702107655e+02 1.993317025633669459e+02
2.671992535229998111e+02 1.987346771214808712e+02
2.679967815483262257e+02 1.981428628956080047e+02
2.687977068323882008e+02 1.975561731358388897e+02
2.696019561007214520e+02 1.969744822432362525e+02
2.704094533765718325e+02 1.963976300306633220e+02
2.712201111398573516e+02 1.958254706697623817e+02
2.720338548029351387e+02 1.952578566686489410e+02
2.728506159871455452e+02 1.946946441158730181e+02
2.736703404948835328e+02 1.941356710636338505e+02
2.744929556755712952e+02 1.935807666872782988e+02
2.753184032406405208e+02 1.930297540899267403e+02
2.761466360478577826e+02 1.924824575157507240e+02
2.769776190395568278e+02 1.919387023817625391e+02
2.778113296755698798e+02 1.913983142649433944e+02
2.786477532686080281e+02 1.908611075684966636e+02
2.794868867127503904e+02 1.903268898440430803e+02
2.803287417842412310e+02 1.897954729687853330e+02
2.811733515653091331e+02 1.892666690460397660e+02
2.820207733379089632e+02 1.887402839974990627e+02
2.828710757203982098e+02 1.882161349802258883e+02
2.837243486001610790e+02 1.876940562964844332e+02
2.845807292627586662e+02 1.871738531375679599e+02
2.854403480186852562e+02 1.866553709678033499e+02
2.863033894221080686e+02 1.861384270698937087e+02
2.871700836914370143e+02 1.856229728288498677e+02
2.880410447025646477e+02 1.851098159945818509e+02
2.889170370093553970e+02 1.846002761200812756e+02
2.897988004646826994e+02 1.840957073039217278e+02
2.906870368743179256e+02 1.835974949466914552e+02
2.915824016811825459e+02 1.831070541582673457e+02
2.924855060305474126e+02 1.826258409109858007e+02
2.933969094786047549e+02 1.821553524084680191e+02
2.943171135798061187e+02 1.816971222142205704e+02
2.952465582141308005e+02 1.812527210367346129e+02
2.961855960016630434e+02 1.808237487305747777e+02
2.971345088821329341e+02 1.804118228023308745e+02
2.980934795676257636e+02 1.800184865959275271e+02
2.990625691091922818e+02 1.796452598991745333e+02
3.000417571962901775e+02 1.792936832786556351e+02
3.010309498342599568e+02 1.789653238029801798e+02
3.020299085396318901e+02 1.786617615793355185e+02
3.030382990222713602e+02 1.783845220454349203e+02
3.040556950823873308e+02 1.781350504323533812e+02
3.050814648544002239e+02 1.779147722062250523e+02
3.061149484034980333e+02 1.777251053221599193e+02
3.071553423340407107e+02 1.775674586675753801e+02
3.082017141247833365e+02 1.774432290911482824e+02
3.092529778791297872e+02 1.773538344312605659e+02
3.103079604802804283e+02 1.773006760717190389e+02
3.113653355284109239e+02 1.772851042462451403e+02
3.124236426193167517e+02 1.773084059594376072e+02
3.134812908610708178e+02 1.773717759346504010e+02
3.145366200759347066e+02 1.774756761219506984e+02
3.155879190727901005e+02 1.776196434879407207e+02
3.166335354892095779e+02 1.778030760162408512e+02
3.176718426234828030e+02 1.780252803597780371e+02
3.187010388548985702e+02 1.782853417918365153e+02
3.197190174022753695e+02 1.785818507516035538e+02
3.207245109107620351e+02 1.789132895444468545e+02
3.217166437480678951e+02 1.792781783497418360e+02
3.226945569437502854e+02 1.796749897786627344e+02
3.236575882150154371e+02 1.801022358695113326e+02
3.246051181841233984e+02 1.805583922856129675e+02
3.255367448966600818e+02 1.810418392629771631e+02
3.264521560982630604e+02 1.815507708564306029e+02
3.273512031350846883e+02 1.820834260020351678e+02
3.282338316179535127e+02 1.826380751452468871e+02
3.291000859388781237e+02 1.832130235990284461e+02
3.299501205844746323e+02 1.838065771155271477e+02
3.307842399341345185e+02 1.844169409259509109e+02
3.316028580460006765e+02 1.850423348769108429e+02
3.324064804614671971e+02 1.856810295190450688e+02
3.331956982734467942e+02 1.863313476564606219e+02
3.339711799996337618e+02 1.869916700304793835e+02
3.347336028431261070e+02 1.876605121997563401e+02
3.354837409966382893e+02 1.883365100724434171e+02
3.362223481485229968e+02 1.890183397958751641e+02
3.369502706265252527e+02 1.897047418950884321e+02
3.376684017882833473e+02 1.903945049679932993e+02
3.383776174345289292e+02 1.910865652176964034e+02
3.390786159352792311e+02 1.917801967507947154e+02
3.397721537615590250e+02 1.924747923774583853e+02
3.404589224501440299e+02 1.931697450759597245e+02
3.411396262362530933e+02 1.938644896298831952e+02
3.418150604360596390e+02 1.945585415414566626e+02
3.424858491674501124e+02 1.952515393982984904e+02
3.431525717570427219e+02 1.959432620922029855e+02
3.438158041028231082e+02 1.966335147878714906e+02
3.444761190752696507e+02 1.973221257674027811e+02
3.451340865603115731e+02 1.980089462562218898e+02
3.457902769566470624e+02 1.986938462538317083e+02
3.464452667306922535e+02 1.993767087364835504e+02
3.470996316131175945e+02 2.000574386925600834e+02
3.477539453420340578e+02 2.007359648223028898e+02
3.484087711358013166e+02 2.014122345247162400e+02
3.490646812587198156e+02 2.020862044768972794e+02
3.497224469286360886e+02 2.027577409317856052e+02
3.503828785395029968e+02 2.034266080901536213e+02
3.510468132012359206e+02 2.040926229505785159e+02
3.517150662861822639e+02 2.047556209472574835e+02
3.523885756817597894e+02 2.054155656697421364e+02
3.530683799918455748e+02 2.060721863163166176e+02
3.537559325832226023e+02 2.067249099898504312e+02
3.544529102592537697e+02 2.073733165676024441e+02
3.551608950593769691e+02 2.080169396097149956e+02
3.558815203582463482e+02 2.086554261296963944e+02
3.566163693798018812e+02 2.092887303618604165e+02
3.573654322145990818e+02 2.099178560943908565e+02
3.581280476026162773e+02 2.105444633017078786e+02
3.589034221615556248e+02 2.111701087648329462e+02
3.596906991197350294e+02 2.117963206744039724e+02
3.604890086217652652e+02 2.124246408218014324e+02
3.612967737268676274e+02 2.130568391628783900e+02
3.621115232653031057e+02 2.136953110727111778e+02
3.629304764602006799e+02 2.143422748084406635e+02
3.637508309689159773e+02 2.149998953863885447e+02
3.645696225090920848e+02 2.156701460693439287e+02
3.653837891852031703e+02 2.163548998509822354e+02
3.661899590556504904e+02 2.170559708258739704e+02
3.669845825543472415e+02 2.177750513561002492e+02
3.677640447135781301e+02 2.185135728910158832e+02
3.685246644649170662e+02 2.192726448745181358e+02
3.692627126910469997e+02 2.200531387973002211e+02
3.699749797597891074e+02 2.208555735297260583e+02
3.706590103558369265e+02 2.216798516995620218e+02
3.713124108839183464e+02 2.225258843664229289e+02
3.719327430561082224e+02 2.233933509293152895e+02
3.725175782642028253e+02 2.242819307259136963e+02
3.730645377882238449e+02 2.251911220779260532e+02
3.735716506780079840e+02 2.261201519989530198e+02
3.740370989195918128e+02 2.270682390804413444e+02
3.744590375298608365e+02 2.280343328032850252e+02
3.748356693288995984e+02 2.290174945833713593e+02
3.751652200778142401e+02 2.300166121850971876e+02
3.754471511521214779e+02 2.310301123065933666e+02
3.756823870758806834e+02 2.320561336247358497e+02
3.758719665645550094e+02 2.330927936403522835e+02
3.760169823503638895e+02 2.341382456477323615e+02
3.761185825109751022e+02 2.351907757325779471e+02
3.761779272931548803e+02 2.362487289173051863e+02
3.761961228068158789e+02 2.373104790441808518e+02
3.761742960016158577e+02 2.383744928729776120e+02
3.761136080248342068e+02 2.394393021949159674e+02
3.760152521386708599e+02 2.405034816390795243e+02
3.758804838629808387e+02 2.415656554242116840e+02
3.757112233297482931e+02 2.426244260501676422e+02
3.755100343633930606e+02 2.436784220978005067e+02
3.752795404187359054e+02 2.447263970403452902e+02
3.750223961587856252e+02 2.457672348822901256e+02
3.747412834937414914e+02 2.467999524182988580e+02
3.744390143919432603e+02 2.478236966488741473e+02
3.741187878774057936e+02 2.488377469276314002e+02
3.737838971311061869e+02 2.498415512597661632e+02
3.734376365812586300e+02 2.508347284114331046e+02
3.730833137291217554e+02 2.518170939290411923e+02
3.727241948225129704e+02 2.527886537224507890e+02
3.723628777532458685e+02 2.537495385888610713e+02
3.720014495359011448e+02 2.547000694201108502e+02
3.716419528951511779e+02 2.556406371785784870e+02
3.712864091308455841e+02 2.565718050156201571e+02
3.709368008054968300e+02 2.574942277212562090e+02
3.705944786036438359e+02 2.584087084274328845e+02
3.702590685304458020e+02 2.593158012216601946e+02
3.699298764544031997e+02 2.602160909614813136e+02
3.696061870623962022e+02 2.611101384284317533e+02
3.692872608553342388e+02 2.619984276790690387e+02
3.689723477719999778e+02 2.628814450089269599e+02
3.686608860757744424e+02 2.637597004404665881e+02
3.683524264060225732e+02 2.646337284571204123e+02
3.680464905193717868e+02 2.655040629876007188e+02
3.677425676304515036e+02 2.663712365040441341e+02
3.674401139696701648e+02 2.672357796343275709e+02
3.671387171537737686e+02 2.680982284023294824e+02
3.668382704153238478e+02 2.689593613685715923e+02
3.665386786703020903e+02 2.698199684664712095e+02
3.662398059837941560e+02 2.706807796673023745e+02
3.659414048826861858e+02 2.715427533026837636e+02
3.656432462363784452e+02 2.724067491884299557e+02
3.653453642233375263e+02 2.732739160360370647e+02
3.650478629656854537e+02 2.741457271249312271e+02
3.647504130729740268e+02 2.750252095425263406e+02
3.644531594796815170e+02 2.759145835874082309e+02
3.641565229109259008e+02 2.768155094093258981e+02
3.638610529099011046e+02 2.777294470197244323e+02
3.635673123689899739e+02 2.786580712565176441e+02
3.632758842051408124e+02 2.796030197838796880e+02
3.629873579118905127e+02 2.805658510409073756e+02
3.627022559225446230e+02 2.815482622642511501e+02
3.624207992456129546e+02 2.825514877141106354e+02
3.621404747506774697e+02 2.835747058018388316e+02
3.618577809624131305e+02 2.846157738135725026e+02
3.615694247104692067e+02 2.856723457753189450e+02
3.612723522229051127e+02 2.867417710870228120e+02
3.609637201696122020e+02 2.878211988326209507e+02
3.606405051765853500e+02 2.889072039399621303e+02
3.602992838847942494e+02 2.899955868410039557e+02
3.599368196473487842e+02 2.910818989260700391e+02
3.595500947160158489e+02 2.921615223208083876e+02
3.591363148263609446e+02 2.932296839608601999e+02
3.586931271913715022e+02 2.942818039914183146e+02
3.582199659274307919e+02 2.953150087150893341e+02
3.577169277172314423e+02 2.963270869697074659e+02
3.571841227522364193e+02 2.973158662252436670e+02
3.566216572740319180e+02 2.982792169737469408e+02
3.560296530182026800e+02 2.992150730509196137e+02
3.554089846912735879e+02 3.001223855623809982e+02
3.547615919286295139e+02 3.010013498462500934e+02
3.540892339250846135e+02 3.018524444975745382e+02
3.533937040411300359e+02 3.026761463233984841e+02
3.526766103889183910e+02 3.034730785695231816e+02
3.519395526257922597e+02 3.042438595740952110e+02
3.511838575329706487e+02 3.049891698580940442e+02
3.504109244743295335e+02 3.057096140804938500e+02
3.496219467540257710e+02 3.064059391398291154e+02
3.488180722213877516e+02 3.070789158060284194e+02
3.480004639480291075e+02 3.077293123317317054e+02
3.471701834654565459e+02 3.083580326999285148e+02
3.463282939858922305e+02 3.089660502442808934e+02
3.454758091951123902e+02 3.095543698456149286e+02
3.446136850523718635e+02 3.101240277496470981e+02
3.437428553681114067e+02 3.106760711303185190e+02
3.428640776230422489e+02 3.112114156496450050e+02
3.419776432894535674e+02 3.117303424362304440e+02
3.410837147955244859e+02 3.122329845996746940e+02
3.401824304900639504e+02 3.127194851253480579e+02
3.392739049485911664e+02 3.131899970865865726e+02
3.383582298986274850e+02 3.136446850322500381e+02
3.374354866712762941e+02 3.140837442799441419e+02
3.365057447140547424e+02 3.145073993118456883e+02
3.355690504668218637e+02 3.149158873584186722e+02
3.346254266883283890e+02 3.153094586298745980e+02
3.336748748089597711e+02 3.156883761288290202e+02
3.327175034809878866e+02 3.160531244966122131e+02
3.317538186771990922e+02 3.164048490124108639e+02
3.307842644444787652e+02 3.167448884118856540e+02
3.298080191850453957e+02 3.170750813690351606e+02
3.288247946803947457e+02 3.173967119262338770e+02
3.278351891424655378e+02 3.177105598640205812e+02
3.268403376850609448e+02 3.180181598742389610e+02
3.258417585071127291e+02 3.183216112867557399e+02
3.248409844040291432e+02 3.186230205186408853e+02
3.238395529434521904e+02 3.189244889112983401e+02
3.228389999948396394e+02 3.192281154912986381e+02
3.218406258160460993e+02 3.195356412055264173e+02
3.208451253461702208e+02 3.198478938927804620e+02
3.198530927173849250e+02 3.201655592958564966e+02
3.188651162228842395e+02 3.204893260878843080e+02
3.178817724644613349e+02 3.208198884164353331e+02
3.169036118635326602e+02 3.211579171193994284e+02
3.159309776979184221e+02 3.215037882440551584e+02
3.149640807237870490e+02 3.218576992939825345e+02
3.140031245168650003e+02 3.222198505151771428e+02
3.130482946786258367e+02 3.225904499249848527e+02
3.120997675391918165e+02 3.229697106629647578e+02
3.111576582179972661e+02 3.233577778667767575e+02
3.102219659125876774e+02 3.237546429505898118e+02
3.092926645803863153e+02 3.241602818324254827e+02
3.083697185852522580e+02 3.245746794606546359e+02
3.074530778630081045e+02 3.249978269013887484e+02
3.065426757174693648e+02 3.254297150931920442e+02
3.056383979997032156e+02 3.258702852267957155e+02
3.047401006636670786e+02 3.263194561742665769e+02
3.038476269656745785e+02 3.267771520926985431e+02
3.029608075055800214e+02 3.272433053529606468e+02
3.020794606413787733e+02 3.277178529291805376e+02
3.012033964263008556e+02 3.282007465132034554e+02
3.003324202102598974e+02 3.286919585822031422e+02
2.994663244722789273e+02 3.291914689284386668e+02
2.986048877712919989e+02 3.296992630120672061e+02
2.977478745822056112e+02 3.302153317597611704e+02
2.968949839159481030e+02 3.307395775540867362e+02
2.960455599162380054e+02 3.312712712920426839e+02
2.951988087271187169e+02 3.318094158476436064e+02
2.943539455640808455e+02 3.323530034690008392e+02
2.935101979785602566e+02 3.329010200513415612e+02
2.926668077619753490e+02 3.334524391464318569e+02
2.918230203847696771e+02 3.340061990450674330e+02
2.909780831422606866e+02 3.345611908982288014e+02
2.901312643061440326e+02 3.351162898324290609e+02
2.892818568847366123e+02 3.356703569703992684e+02
2.884291810334379988e+02 3.362222388824895347e+02
2.875725836926123975e+02 3.367707662444000221e+02
2.867114531469488270e+02 3.373147607192851183e+02
2.858452069520743635e+02 3.378530298961470635e+02
2.849733004697058618e+02 3.383843651315114016e+02
2.840952282471761237e+02 3.389075422417083132e+02
2.832105269337652089e+02 3.394213233828249940e+02
2.823187980223075897e+02 3.399245085359935956e+02
2.814197116989904544e+02 3.404159467831406687e+02
2.805129804940899021e+02 3.408944781969759674e+02
2.795983709744249950e+02 3.413589311829445023e+02
2.786756904482716095e+02 3.418081251047146338e+02
2.777448013768111537e+02 3.422408849539521043e+02
2.768056404977218108e+02 3.426560970957930863e+02
2.758581993296094765e+02 3.430526609972144456e+02
2.749025180896317693e+02 3.434294716285629647e+02
2.739386809643202128e+02 3.437854204525999080e+02
2.729668403015517697e+02 3.441194216765122746e+02
2.719873594217569348e+02 3.444309634456541289e+02
2.710007813935479248e+02 3.447201085111802286e+02
2.700076612568520886e+02 3.449869589338354103e+02
2.690085380342347889e+02 3.452316316171482526e+02
2.680039872332723121e+02 3.454542592928674480e+02
2.669945612870362766e+02 3.456549766950643061e+02
2.659807427977309544e+02 3.458338517401591616e+02
2.649631221291059546e+02 3.459909543348501870e+02
2.639421460582589134e+02 3.461263735496340814e+02
2.629183946381892270e+02 3.462402139978448190e+02
2.618923473265514872e+02 3.463326046888164456e+02
2.608644985659388453e+02 3.464036857812162111e+02
2.598353783449348384e+02 3.464536255011963704e+02
2.588054594506825765e+02 3.464826106266514785e+02
2.577752249990450082e+02 3.464908443542249756e+02
2.567452062921723837e+02 3.464785787081734156e+02
2.557158860150641146e+02 3.464461416990609450e+02
2.546876590754708047e+02 3.463939414509441121e+02
2.536609064400795717e+02 3.463223903037970786e+02
2.526360129082744663e+02 3.462319032190436019e+02
2.516133328126833533e+02 3.461228841803156229e+02
2.505932154849290043e+02 3.459957302996638759e+02
2.495760269053513412e+02 3.458509611417192673e+02
2.485620999208930471e+02 3.456891410073477573e+02
2.475517720230361647e+02 3.455108543627082440e+02
2.465453605887952904e+02 3.453166558627506220e+02
2.455431672503182199e+02 3.451071226344229785e+02
2.445454980168661052e+02 3.448831428888286723e+02
2.435526037055491599e+02 3.446464270885816177e+02
2.425646974971837153e+02 3.443987813351384943e+02
2.415819204612664066e+02 3.441420056824866833e+02
2.406043307474279800e+02 3.438779020943630371e+02
2.396319713138351517e+02 3.436082197115283634e+02
2.386647614465837250e+02 3.433344801962588235e+02
2.377026353804365897e+02 3.430580494586993154e+02
2.367454517379784136e+02 3.427802767847622363e+02
2.357929797241712890e+02 3.425025045873240970e+02
2.348450220079630242e+02 3.422260421478515013e+02
2.339011922227418552e+02 3.419520657806165218e+02
2.329612653382010592e+02 3.416814681369442610e+02
2.320247637791747479e+02 3.414151012126211526e+02
2.310913663595673313e+02 3.411537884218251975e+02
2.301605342965204386e+02 3.408983241654777316e+02
2.292317590952615092e+02 3.406494880222028883e+02
2.283044997227541160e+02 3.404080857417469019e+02
2.273780097986921476e+02 3.401749137121070135e+02
2.264515922059183595e+02 3.399507373162635417e+02
2.255244409443000109e+02 3.397362681313836106e+02
2.245956681036585678e+02 3.395321710553374146e+02
2.236642003653074653e+02 3.393394395020601451e+02
2.227286818403787834e+02 3.391596091922513665e+02
2.217875880481119850e+02 3.389941799098417050e+02
2.208392310880129514e+02 3.388445482607424424e+02
2.198817516471958129e+02 3.387119944171110433e+02
2.189133166810636624e+02 3.385972272810186041e+02
2.179327956226514971e+02 3.384981125496059349e+02
2.169396248210531439e+02 3.384114443972071058e+02
2.159332226662369294e+02 3.383339316661705993e+02
2.149132076536062073e+02 3.382622343367223152e+02
2.138792154403735708e+02 3.381929138668272117e+02
2.128315678575912955e+02 3.381214934942599939e+02
2.117714269757798320e+02 3.380421634559668860e+02
2.107003428998655465e+02 3.379490784190736576e+02
2.096202384006374473e+02 3.378364746882878080e+02
2.085334335946714646e+02 3.376986998250372380e+02
2.074425805997490500e+02 3.375303873106631727e+02
2.063502972259895785e+02 3.373270255951341596e+02
2.052594887746877248e+02 3.370845626978587575e+02
2.041733584568009121e+02 3.367990329301409247e+02
2.030956340219603931e+02 3.364668552344480190e+02
2.020303208721543626e+02 3.360845972300273843e+02
2.009819505386576282e+02 3.356492744363358156e+02
1.999554390880290669e+02 3.351582822778618720e+02
1.989560925861792668e+02 3.346094461893027869e+02
1.979896337145603127e+02 3.340011268444552570e+02
1.970621557854318553e+02 3.333322618500458816e+02
