1.981112775089632692e+02 3.308583004037698743e+02
1.974870263295421751e+02 3.299942610207076541e+02
1.968835511896243702e+02 3.291201371977035137e+02
1.963008049832918118e+02 3.282365105566672128e+02
1.957385197239692616e+02 3.273437395638844123e+02
1.951964129606187441e+02 3.264421794070200349e+02
1.946741933303703718e+02 3.255321805914869060e+02
1.941715656583257896e+02 3.246140830219919735e+02
1.936882395170590030e+02 3.236881973368719514e+02
1.932239373085326122e+02 3.227549100287270107e+02
1.927783668741440408e+02 3.218144914304589861e+02
1.923512696898968670e+02 3.208672892738161408e+02
1.919423962474784844e+02 3.199135803648858314e+02
1.915515367261730830e+02 3.189536948152478999e+02
1.911784934696411256e+02 3.179878964140033304e+02
1.908230977405217175e+02 3.170164712463753176e+02
1.904851977811084396e+02 3.160397070811670801e+02
1.901646595750476081e+02 3.150578843749256066e+02
1.898613667373458611e+02 3.140712869342566478e+02
1.895752194801894461e+02 3.130801964752623121e+02
1.893061356049740880e+02 3.120848932700130831e+02
1.890540620764570861e+02 3.110856241938760718e+02
1.888189520015227174e+02 3.100827161513516899e+02
1.886007839262914274e+02 3.090763950815922954e+02
1.883995430742780002e+02 3.080669871174025616e+02
1.882152326645264111e+02 3.070547435753475156e+02
1.880478812871693606e+02 3.060399349339967330e+02
1.878975206751516680e+02 3.050228723799939985e+02
1.877641898872195441e+02 3.040038264925491944e+02
1.876478414918377098e+02 3.029830952894151324e+02
1.875483767644743693e+02 3.019609767325468965e+02
1.874657120786339703e+02 3.009377550214090320e+02
1.873997649824446512e+02 2.999137385826397804e+02
1.873504666901205553e+02 2.988892010046582186e+02
1.873177700038800992e+02 2.978644040313580490e+02
1.873016322148811525e+02 2.968396393948696641e+02
1.873020193566539433e+02 2.958151805686883336e+02
1.873189185305312208e+02 2.947912793645078295e+02
1.873523120265765840e+02 2.937682295725296626e+02
1.874022007391758677e+02 2.927462860544209207e+02
1.874686039531538313e+02 2.917257146954763698e+02
1.875515378176474428e+02 2.907068090706457610e+02
1.876510412228831512e+02 2.896898227988701819e+02
1.877671600297008183e+02 2.886750337772006105e+02
1.878999336718084976e+02 2.876627406709895922e+02
1.880494227529596571e+02 2.866532169487746842e+02
1.882157008269698792e+02 2.856467545875640894e+02
1.883988543871766126e+02 2.846436448712067318e+02
1.885989616887828220e+02 2.836442066644387978e+02
1.888161122422456799e+02 2.826487460076195362e+02
1.890504008893109642e+02 2.816575816272885504e+02
1.893019288072449058e+02 2.806710429012429699e+02
1.895708016873545887e+02 2.796894690134858479e+02
1.898571323592559565e+02 2.787132071415849737e+02
1.901610297138928445e+02 2.777426227794665579e+02
1.904825980489956407e+02 2.767780872887182682e+02
1.908216141094046066e+02 2.758199077459497062e+02
1.911773726021948505e+02 2.748682766726319073e+02
1.915491425349310077e+02 2.739233564687121998e+02
1.919361995658560431e+02 2.729852911881209820e+02
1.923378233619443449e+02 2.720542022782427694e+02
1.927533023287360834e+02 2.711301896468480663e+02
1.931819075266244568e+02 2.702133320896101623e+02
1.936228872137838550e+02 2.693036697593550457e+02
1.940755181734689643e+02 2.684012417607132761e+02
1.945390840553538396e+02 2.675060570899283903e+02
1.950128839586650429e+02 2.666181147950598529e+02
1.954962387298655528e+02 2.657373915425504833e+02
1.959885035080323519e+02 2.648638797159021578e+02
1.964890438069321590e+02 2.639975135742008092e+02
1.969972393402854038e+02 2.631382520440093344e+02
1.975124904869476836e+02 2.622860282220811428e+02
1.980342292510820812e+02 2.614407672424332532e+02
1.985619649212204365e+02 2.606023017506363999e+02
1.990952128543979711e+02 2.597702623376333690e+02
1.996334386228376445e+02 2.589443544370838595e+02
2.001761071922995825e+02 2.581242697085186819e+02
2.007226922213785940e+02 2.573096969363525659e+02
2.012727426188668574e+02 2.565002502093134922e+02
2.018258468205024769e+02 2.556956112409556567e+02
2.023816214819967740e+02 2.548953865051000491e+02
2.029396780935281868e+02 2.540992075793096774e+02
2.034996615375088993e+02 2.533066075574388094e+02
2.040612997881700608e+02 2.525172249391653452e+02
2.046247003155710047e+02 2.517308914760143637e+02
2.051900666352770486e+02 2.509474417838876832e+02
2.057575751683499163e+02 2.501667611415444128e+02
2.063274030697661203e+02 2.493887307266762150e+02
2.068997207390376616e+02 2.486132337205549447e+02
2.074746582438757798e+02 2.478401363910125497e+02
2.080523115660748772e+02 2.470692901841953244e+02
2.086327703579359820e+02 2.463005500594232160e+02
2.092161185588354329e+02 2.455337753844714541e+02
2.098024341233999053e+02 2.447688301825745327e+02
2.103917758587078879e+02 2.440055784429878258e+02
2.109841647203655839e+02 2.432438610004769828e+02
2.115796184781121951e+02 2.424834995863269853e+02
2.121781359301414795e+02 2.417243412002915193e+02
2.127797165587779773e+02 2.409662286493375518e+02
2.133843530361363037e+02 2.402090069693061878e+02
2.139920137669708993e+02 2.394525083268221408e+02
2.146026436864919447e+02 2.386965682211146884e+02
2.152162041011470706e+02 2.379409880314286454e+02
2.158326266255418489e+02 2.371856065272771446e+02
2.164518479794635084e+02 2.364302541677322722e+02
2.170737964075784134e+02 2.356747603620526945e+02
2.176983864173126619e+02 2.349189479790885571e+02
2.183255269642991152e+02 2.341626408569851208e+02
2.189551226793710725e+02 2.334056655398713076e+02
2.195870734790144070e+02 2.326478525212173452e+02
2.202213089039581178e+02 2.318890586336897002e+02
2.208580422794091191e+02 2.311294702185585095e+02
2.214976447999993638e+02 2.303694681166861358e+02
2.221404702562447540e+02 2.296094517219634952e+02
2.227868534180092581e+02 2.288498366676227818e+02
2.234371126186715628e+02 2.280910518947463004e+02
2.240915766327620133e+02 2.273335661705266091e+02
2.247506064398399417e+02 2.265779237133570803e+02
2.254145535221524881e+02 2.258246871236421214e+02
2.260837538553925583e+02 2.250744302168809838e+02
2.267585290080010338e+02 2.243277385899042997e+02
2.274391902427761636e+02 2.235852082317718441e+02
2.281260478069502540e+02 2.228474485511733292e+02
2.288194021147630792e+02 2.221150897711324603e+02
2.295195480357548945e+02 2.213887703670392568e+02
2.302267717841077399e+02 2.206691225832467467e+02
2.309413512910462885e+02 2.199567951501187508e+02
2.316635476454659397e+02 2.192524160244722680e+02
2.323935981294920055e+02 2.185565935239026487e+02
2.331317345954796281e+02 2.178699319954359055e+02
2.338781906662591155e+02 2.171930396864118222e+02
2.346331952981610129e+02 2.165265213495266323e+02
2.353969818020433706e+02 2.158709811803487923e+02
2.361697661037058538e+02 2.152270000631751827e+02
2.369517626841537208e+02 2.145951485086791308e+02
2.377431917663725187e+02 2.139759952767641380e+02
2.385442800301238151e+02 2.133701072898589644e+02
2.393552473202015847e+02 2.127780342974544112e+02
2.401759324175609436e+02 2.121997679432670338e+02
2.410056578126029478e+02 2.116345402983297674e+02
2.418437281281319429e+02 2.110815177210044169e+02
2.426894668096988994e+02 2.105398553374035089e+02
2.435422146975723763e+02 2.100086982273315641e+02
2.444013276774320502e+02 2.094871812089728564e+02
2.452661714729036930e+02 2.089744243819235407e+02
2.461361235279669586e+02 2.084695388236742417e+02
2.470105731371179729e+02 2.079716297683255277e+02
2.478889201701286993e+02 2.074797976806360964e+02
2.487706087021161920e+02 2.069931920422420717e+02
2.496551655980894395e+02 2.065111434950314333e+02
2.505420961394643768e+02 2.060330306140415644e+02
2.514309025001363977e+02 2.055582324253656736e+02
2.523210883336318489e+02 2.050861264005676503e+02
2.532121597488786335e+02 2.046160854049815896e+02
2.541036288049918426e+02 2.041474848945020142e+02
2.549950227307856778e+02 2.036797113314657679e+02
2.558858779439354976e+02 2.032121472599992842e+02
2.567757361802800915e+02 2.027441762349117198e+02
2.576641506310514274e+02 2.022751712393734635e+02
2.585506832104276782e+02 2.018045024098665010e+02
2.594349218427627193e+02 2.013315631550454725e+02
2.603164873956401948e+02 2.008557531133037344e+02
2.611950058510091708e+02 2.003764786314728781e+02
2.620701262721678972e+02 1.998931282089797605e+02
2.629415089857595831e+02 1.994050863909501459e+02
2.638090326663129304e+02 1.989120613364550252e+02
2.646732751703324880e+02 1.984148290635476144e+02
2.655349375378901300e+02 1.979144137307269204e+02
2.663947215823228589e+02 1.974118412456869862e+02
2.672533212885867329e+02 1.969081423539960554e+02
2.681114112550563391e+02 1.964043676994044745e+02
2.689696530431769474e+02 1.959015656871118267e+02
2.698286933693488550e+02 1.954007818764970921e+02
2.706891545141764368e+02 1.949030840462652066e+02
2.715516448937817131e+02 1.944095533621258483e+02
2.724167530083572046e+02 1.939212887303025639e+02
2.732850519362808654e+02 1.934393971193277935e+02
2.741570817266307927e+02 1.929650117032637411e+02
2.750333600572417936e+02 1.924992824808747969e+02
2.759143758309976420e+02 1.920433794775422598e+02
2.768005864558493840e+02 1.915984936847685560e+02
2.776924142557313644e+02 1.911658365970237412e+02
2.785902361792900024e+02 1.907466265738705147e+02
2.794943838922175132e+02 1.903420949322157583e+02
2.804051432844211149e+02 1.899534998871597509e+02
2.813227556406050667e+02 1.895821230482103488e+02
2.822474182476752276e+02 1.892292614842688749e+02
2.831792325333597660e+02 1.888961820662293860e+02
2.841181687529577289e+02 1.885840489099772981e+02
2.850641807624764397e+02 1.882939854800041246e+02
2.860170940396240553e+02 1.880271895537056537e+02
2.869767410898272715e+02 1.877848288370916521e+02
2.879427327883282146e+02 1.875679609550341524e+02
2.889140490056681756e+02 1.873758938809539814e+02
2.898892608489629765e+02 1.872070514751435439e+02
2.908670042566481015e+02 1.870598118900788052e+02
2.918459756632650510e+02 1.869325171965526806e+02
2.928249438727441998e+02 1.868234678695642401e+02
2.938027600824181604e+02 1.867310635138951511e+02
2.947784257311705005e+02 1.866538881230854656e+02
2.957510107598880040e+02 1.865905190317447762e+02
2.967196478534209518e+02 1.865395057169974393e+02
2.976835992456496456e+02 1.864993400905438534e+02
2.986421852604922833e+02 1.864685684284559670e+02
2.995949156312111654e+02 1.864462330372666088e+02
3.005414964880100683e+02 1.864315497285438425e+02
3.014816668707616145e+02 1.864237205445105019e+02
3.024151815271711143e+02 1.864219460641996875e+02
3.033419791539706125e+02 1.864253777508969563e+02
3.042620503855606557e+02 1.864333915609742007e+02
3.051754325715967866e+02 1.864457173350145069e+02
3.060824427444264870e+02 1.864620479974682894e+02
3.069832424680118379e+02 1.864821127926118720e+02
3.078781135120572685e+02 1.865056275896727698e+02
3.087674131727016515e+02 1.865322862054153177e+02
3.096516256476401736e+02 1.865616706039050712e+02
3.105312058551190262e+02 1.865933440208644356e+02
3.114067307565483134e+02 1.866268726115254992e+02
3.122788575011555849e+02 1.866618331944266060e+02
3.131483226174959782e+02 1.866978282798485509e+02
3.140158721820318988e+02 1.867348635444200795e+02
3.148823786447890143e+02 1.867734345417738666e+02
3.157486177299933843e+02 1.868140874380646324e+02
3.166153660925621125e+02 1.868573896820560662e+02
3.174840122748177009e+02 1.869039180956444568e+02
3.183572441910338284e+02 1.869541646276882716e+02
3.192360924146182697e+02 1.870081770910627199e+02
3.201208540290250539e+02 1.870658738550428382e+02
3.210121205848890895e+02 1.871272237389416091e+02
3.219101948243802553e+02 1.871921793033116614e+02
3.228156052472710940e+02 1.872607482752420651e+02
3.237285258039545397e+02 1.873330693442532322e+02
3.246493555882954638e+02 1.874095092525126063e+02
3.255782497957389410e+02 1.874904039780290077e+02
3.265153711143474879e+02 1.875761066235304781e+02
3.274608592298534973e+02 1.876669761795198497e+02
3.284147593289872020e+02 1.877635290022814161e+02
3.293768360338347065e+02 1.878668616969747802e+02
3.303467166055557414e+02 1.879781862053038708e+02
3.313239450343175463e+02 1.880986877117540530e+02
3.323079870461927499e+02 1.882295230308275507e+02
3.332982236345335991e+02 1.883718403122217353e+02
3.342937353311840525e+02 1.885271299255282429e+02
3.352934550930098681e+02 1.886971853284476026e+02
3.362960786655708603e+02 1.888837157935855089e+02
3.373002687797267072e+02 1.890883988924203152e+02
3.383045834670268164e+02 1.893128445135384652e+02
3.393076035998718680e+02 1.895584063354356488e+02
3.403081927181428910e+02 1.898258057539719630e+02
3.413052755303000367e+02 1.901156142303341028e+02
3.422977240519223869e+02 1.904283710354290804e+02
3.432843893490295955e+02 1.907645973384000513e+02
3.442641129356516672e+02 1.911247466749698560e+02
3.452358706146002305e+02 1.915090308492422650e+02
3.461987446088426736e+02 1.919174825281247081e+02
3.471518168225382510e+02 1.923501136569712173e+02
3.480941661887637792e+02 1.928069188451346179e+02
3.490248684966610426e+02 1.932878748886124640e+02
3.499430533077383529e+02 1.937928728532945399e+02
3.508479948891287563e+02 1.943216220028428154e+02
3.517389981636788434e+02 1.948737985938472832e+02
3.526153767046450866e+02 1.954490719099442799e+02
3.534764545378918115e+02 1.960471092873910379e+02
3.543215660870273496e+02 1.966675700916511005e+02
3.551500722640137155e+02 1.973100327726779426e+02
3.559613935863139886e+02 1.979740805681948643e+02
3.567549497636833280e+02 1.986592835697901194e+02
3.575301794054458355e+02 1.993652316823996387e+02
3.582864756142890315e+02 2.000914213839430147e+02
3.590232635817047253e+02 2.008374553365788131e+02
3.597398944685407969e+02 2.016030117687648158e+02
3.604356392338447108e+02 2.023876391898911891e+02
3.611098495882393422e+02 2.031909853701978648e+02
3.617618546472406820e+02 2.040126701412002888e+02
3.623910052693069588e+02 2.048521375959184923e+02
3.629973435006039040e+02 2.057085142311936465e+02
3.635811569500630753e+02 2.065805923708812202e+02
3.641428199151548597e+02 2.074672682993089552e+02
3.646827344615268771e+02 2.083674737380472948e+02
3.652013041136469269e+02 2.092800918971790054e+02
3.656990476816183104e+02 2.102041777111282954e+02
3.661764574816219806e+02 2.111386032651123799e+02
3.666341544397718053e+02 2.120824847528845396e+02
3.670727099862432965e+02 2.130347952640092331e+02
3.674927862123903424e+02 2.139946866009599091e+02
3.678950504029930926e+02 2.149612464348037406e+02
3.682803337742225835e+02 2.159335968181461851e+02
3.686495348118048696e+02 2.169108721525724945e+02
3.690035747883771933e+02 2.178920961066810946e+02
3.693434870340966540e+02 2.188763126444262355e+02
3.696704315159448697e+02 2.198627340529272374e+02
3.699856637979057155e+02 2.208507631526231023e+02
3.702904909967430740e+02 2.218397046095549570e+02
3.705862702343873707e+02 2.228290718061258815e+02
3.708743572845377230e+02 2.238183348825923531e+02
3.711561385437578906e+02 2.248071123787450745e+02
3.714330011236779114e+02 2.257950607840139696e+02
3.717063346905758294e+02 2.267819055661790912e+02
3.719775239304827892e+02 2.277674982723887638e+02
3.722479659038048680e+02 2.287516790757127580e+02
3.725190634875734759e+02 2.297344366813860859e+02
3.727921752923851386e+02 2.307158119491633101e+02
3.730675186798639515e+02 2.316962254464178272e+02
3.733439511094971976e+02 2.326764981059509978e+02
3.736202127693729267e+02 2.336573872401245922e+02
3.738950139209076156e+02 2.346395713681461075e+02
3.741670263652270592e+02 2.356236862494354511e+02
3.744348787448238340e+02 2.366102998583001806e+02
3.746971621383667070e+02 2.375998908917433710e+02
3.749524378363005326e+02 2.385928791618277387e+02
3.751992368670200904e+02 2.395896187021414505e+02
3.754360636612657913e+02 2.405903851142582823e+02
3.756614009700460883e+02 2.415953785804311735e+02
3.758737481923224095e+02 2.426047178867698904e+02
3.760716224793537776e+02 2.436184413975736334e+02
3.762535262341089606e+02 2.446365109015898724e+02
3.764179479544437186e+02 2.456588097003902078e+02
3.765633646704645230e+02 2.466851403067466606e+02
3.766882658833915229e+02 2.477152209422057751e+02
3.767912085111080955e+02 2.487486827452406146e+02
3.768707622098631305e+02 2.497850735682960703e+02
3.769254884587399488e+02 2.508238763689163875e+02
3.769539606588000424e+02 2.518644432479065074e+02
3.769547592904564794e+02 2.529060501080402048e+02
3.769263996581144056e+02 2.539479289434188161e+02
3.768673884025183725e+02 2.549891158569870413e+02
3.767762352205755860e+02 2.560286159368412200e+02
3.766514827529010176e+02 2.570652762785969685e+02
3.764916909105231753e+02 2.580978682557249613e+02
3.762961214125325569e+02 2.591250598558974616e+02
3.760658343782411634e+02 2.601457801306492570e+02
3.758022368069567847e+02 2.611589848686141409e+02
3.755067610169083991e+02 2.621636996195940128e+02
3.751808448990711895e+02 2.631590432772956660e+02
3.748259562516897745e+02 2.641441891203635919e+02
3.744437198469056511e+02 2.651184161200204699e+02
3.740358636096044052e+02 2.660811131751408993e+02
3.736041204042017512e+02 2.670317663318378436e+02
3.731502222386400831e+02 2.679699626082853001e+02
3.726758959097394381e+02 2.688953943978907546e+02
3.721828900497283144e+02 2.698078836617833076e+02
3.716730561037726375e+02 2.707073894680019635e+02
3.711482303435988683e+02 2.715940214851083851e+02
3.706101915973537757e+02 2.724680262621204747e+02
3.700607043272764258e+02 2.733297804091561147e+02
3.695014555400952645e+02 2.741798111352194383e+02
3.689340085744548219e+02 2.750187568639298661e+02
3.683598535477586324e+02 2.758474139134366965e+02
3.677806964229390019e+02 2.766670780541371073e+02
3.671982796942093614e+02 2.774793772129862077e+02
3.666142886778994239e+02 2.782860904171187144e+02
3.660302975906965912e+02 2.790890674601428714e+02
3.654477753252715502e+02 2.798902781045637198e+02
3.648681068969811463e+02 2.806917720625926904e+02
3.642925847615784960e+02 2.814956365681921966e+02
3.637224270841717271e+02 2.823040716928566667e+02
3.631585137546827582e+02 2.831190491194661831e+02
3.625997310996270357e+02 2.839410671439623002e+02
3.620441625457618215e+02 2.847697284007494432e+02
3.614899990786190642e+02 2.856045053397951392e+02
3.609355388175242751e+02 2.864446675684907859e+02
3.603791860101955535e+02 2.872893577019113991e+02
3.598193877950695878e+02 2.881375168483718312e+02
3.592545885868448181e+02 2.889878597673022114e+02
3.586833288044028336e+02 2.898389771706318925e+02
3.581042471661485820e+02 2.906893560314065894e+02
3.575160838965718426e+02 2.915373928139695181e+02
3.569176664883238459e+02 2.923814151647136441e+02
3.563079487069929883e+02 2.932197359576239819e+02
3.556859764492498357e+02 2.940506299123879330e+02
3.550508570266609922e+02 2.948723251277290842e+02
3.544017477793615853e+02 2.956830110979838651e+02
3.537378543997029965e+02 2.964808482784994226e+02
3.530585514227068415e+02 2.972641471434865252e+02
3.523634691632222484e+02 2.980314079876923756e+02
3.516521992194992094e+02 2.987811720365057226e+02
3.509243946447643339e+02 2.995119471505497017e+02
3.501796716252807187e+02 3.002222629727752405e+02
3.494176784180830850e+02 3.009106216910149101e+02
3.486379685558774781e+02 3.015755122909686747e+02
3.478401517071306444e+02 3.022153785368167291e+02
3.470237676252608594e+02 3.028287050510836025e+02
3.461883484442985832e+02 3.034139747206847346e+02
3.453334772565826825e+02 3.039697185439611644e+02
3.444596192182680738e+02 3.044958376393813069e+02
3.435681911811988130e+02 3.049936931265994531e+02
3.426605816792579731e+02 3.054647647309217859e+02
3.417381027792584973e+02 3.059105778437788672e+02
3.408020075266780964e+02 3.063326950278494110e+02
3.398535315075932886e+02 3.067327985981017946e+02
3.388940589649245112e+02 3.071129106041059913e+02
3.379249679932385106e+02 3.074751592248280190e+02
3.369475855505884851e+02 3.078217009587494886e+02
3.359631936921290389e+02 3.081547168542722375e+02
3.349730463229261659e+02 3.084764252377673301e+02
3.339785632688565329e+02 3.087893666829752988e+02
3.329813123900801770e+02 3.090963679395418922e+02
3.319828455444632027e+02 3.094002777921126039e+02
3.309847002027154872e+02 3.097039535905267371e+02
3.299884073293947608e+02 3.100102576086501358e+02
3.289954499051459038e+02 3.103219768112971337e+02
3.280071651554235359e+02 3.106416566037734697e+02
3.270248893435080504e+02 3.109717521437655705e+02
3.260501797092732090e+02 3.113142503992379488e+02
3.250845911006941265e+02 3.116709272955677648e+02
3.241295044655036008e+02 3.120436305333898872e+02
3.231860617828834847e+02 3.124338726892377736e+02
3.222552262793362274e+02 3.128429202175851174e+02
3.213379416023528847e+02 3.132720421365265793e+02
3.204351322308910426e+02 3.137225186656640403e+02
3.195477009916315296e+02 3.141956400356226595e+02
3.186760348770993119e+02 3.146919598546894576e+02
3.178192413552964126e+02 3.152101206481487452e+02
3.169762104054088923e+02 3.157484723535908984e+02
3.161458138107538502e+02 3.163053759628597277e+02
3.153269111812209644e+02 3.168791981527073176e+02
3.145183557485633514e+02 3.174683267417581192e+02
3.137190799851225051e+02 3.180712909630591412e+02
3.129280644453673403e+02 3.186867041716278663e+02
3.121442766174512258e+02 3.193131908777151580e+02
3.113666882015260171e+02 3.199493681443291848e+02
3.105942618708747887e+02 3.205938568988718771e+02
3.098259108940421243e+02 3.212451996380459605e+02
3.090604522842509709e+02 3.219017678978461277e+02
3.082966967138735299e+02 3.225619040152979551e+02
3.075334585524951763e+02 3.232239495901719692e+02
3.067695719082030905e+02 3.238862296413360582e+02
3.060038770510478798e+02 3.245470466934663136e+02
3.052351726605286899e+02 3.252045896750111638e+02
3.044622507208677007e+02 3.258569803526273745e+02
3.036839306378393530e+02 3.265023205993241504e+02
3.028990624719955349e+02 3.271386942002598062e+02
3.021065330313692812e+02 3.277641608253892969e+02
3.013052816542486880e+02 3.283767818986141833e+02
3.004943148084972222e+02 3.289746372870729374e+02
2.996726866082266838e+02 3.295557851200579762e+02
2.988395001038602459e+02 3.301182562642756011e+02
2.979939111633278799e+02 3.306600532264158119e+02
2.971352748438951608e+02 3.311794099318826738e+02
2.962639536234974571e+02 3.316762997161700923e+02
2.953807181298467412e+02 3.321514232420817621e+02
2.944863401636584967e+02 3.326054864139047140e+02
2.935815920225044806e+02 3.330392030328923738e+02
2.926672422206219721e+02 3.334532930889807290e+02
2.917440572209106904e+02 3.338484903221981881e+02
2.908128003558020396e+02 3.342255460456725586e+02
2.898742260903516126e+02 3.345852234663383911e+02
2.889290776291572342e+02 3.349282983900565114e+02
2.879780847752760451e+02 3.352555604599538697e+02
2.870219646077266589e+02 3.355678169793655456e+02
2.860614290014817698e+02 3.358659295023873028e+02
2.850971753694574318e+02 3.361507843976980325e+02
2.841298763434958232e+02 3.364232870070106856e+02
2.831601781275224994e+02 3.366843622825805369e+02
2.821886978676599824e+02 3.369349547536837690e+02
2.812160122829825468e+02 3.371760066904790847e+02
2.802426545708644881e+02 3.374084538384898337e+02
2.792691248639444552e+02 3.376332492030717276e+02
2.782958818752335901e+02 3.378513720415826356e+02
2.773233507735041030e+02 3.380638199408739979e+02
2.763519072072973586e+02 3.382715878011952100e+02
2.753818491230247218e+02 3.384755869517065321e+02
2.744134255265510092e+02 3.386767190162375414e+02
2.734468454917242752e+02 3.388759037871872124e+02
2.724822809356374478e+02 3.390740752217765817e+02
2.715198454856683838e+02 3.392721656412684297e+02
2.705594601769110454e+02 3.394705914160388716e+02
2.696008811953461759e+02 3.396692500757604307e+02
2.686438551894609645e+02 3.398680200262191420e+02
2.676881437462712370e+02 3.400667715867020888e+02
2.667334743658352068e+02 3.402653942166077172e+02
2.657795964153310138e+02 3.404637947561061537e+02
2.648263229783213433e+02 3.406619201278153923e+02
2.638733552184629616e+02 3.408597876697364200e+02
2.629205417003270782e+02 3.410573532900862688e+02
2.619675828589510616e+02 3.412546326514238331e+02
2.610142866726162652e+02 3.414516092815495654e+02
2.600604453569666816e+02 3.416483143997535876e+02
2.591058056189242507e+02 3.418448416627186361e+02
2.581501713917346592e+02 3.420412689078008839e+02
2.571933185550849430e+02 3.422376819229158968e+02
2.562349376137787544e+02 3.424342166884082985e+02
2.552747646192841557e+02 3.426310370687199338e+02
2.543126531228801355e+02 3.428283023284186584e+02
2.533484536234409745e+02 3.430261581932458625e+02
2.523819787181776917e+02 3.432247482150325482e+02
2.514130684511081881e+02 3.434241903491081302e+02
2.504415521866181109e+02 3.436245767030406455e+02
2.494671916348215177e+02 3.438259784332710751e+02
2.484898197286610184e+02 3.440283999932183292e+02
2.475091771886040988e+02 3.442318592530217529e+02
2.465250693211185933e+02 3.444363296707495579e+02
2.455372225744625609e+02 3.446417956301912682e+02
2.445454118047780696e+02 3.448478275551802312e+02
2.435493735150275256e+02 3.450531343694568136e+02
2.425489181826395395e+02 3.452562695780455897e+02
2.415438878878616435e+02 3.454557715177081718e+02
2.405341722456317370e+02 3.456501742606399148e+02
2.395197083395492541e+02 3.458379685856616561e+02
2.385004917576382297e+02 3.460175725515207432e+02
2.374765669003292885e+02 3.461873317592057333e+02
2.364480371069701619e+02 3.463455793799581670e+02
2.354150801794454821e+02 3.464906514038918885e+02
2.343778957439969304e+02 3.466208490115354834e+02
2.333368063488987048e+02 3.467345938462762547e+02
2.322920774558488404e+02 3.468304320701198549e+02
2.312441480935271443e+02 3.469069719572672739e+02
2.301933935082141431e+02 3.469627694854779065e+02
2.291403592434393204e+02 3.469964122308029459e+02
2.280855949593422451e+02 3.470065067928584313e+02
2.270296390699211315e+02 3.469919056029428930e+02
2.259731672651010683e+02 3.469516253158647601e+02
2.249168196154808470e+02 3.468846545152703698e+02
2.238613262704800491e+02 3.467899875613119320e+02
2.228074857566826950e+02 3.466666242015770649e+02
2.217561533142311703e+02 3.465136254350821901e+02
2.207082328719205577e+02 3.463301478628127370e+02
2.196646988180233109e+02 3.461153678842841828e+02
2.186266027678946386e+02 3.458684781308411971e+02
2.175950786627151103e+02 3.455886922744341518e+02
2.165712356314698184e+02 3.452753605210600085e+02
2.155560935094981403e+02 3.449288553757388058e+02
2.145503660657507226e+02 3.445498074151066703e+02
2.135549297615046100e+02 3.441389283563815411e+02
2.125705108730567190e+02 3.436968480180109395e+02
2.115980326523105646e+02 3.432243106471068472e+02
2.106382951218033952e+02 3.427219019363374173e+02
2.096922263509967195e+02 3.421901446033056686e+02
2.087607751725648768e+02 3.416295763911739982e+02
2.078449064476029662e+02 3.410407611632834914e+02
2.069455987587259358e+02 3.404242927829765222e+02
2.060638214565233284e+02 3.397808100296046518e+02
2.052004579892575862e+02 3.391110430863643614e+02
2.043565043492493487e+02 3.384159169621516980e+02
2.035327130012456678e+02 3.376961874941477504e+02
2.027300607131063543e+02 3.369528713095273247e+02
2.019492740422522559e+02 3.361868219322284972e+02
2.011911887581112239e+02 3.353990668961537267e+02
2.004565348898953800e+02 3.345906379572425635e+02
1.997459625095707452e+02 3.337625805126663181e+02
1.990600650060032706e+02 3.329159916467783660e+02
1.983993455980687486e+02 3.320519987353083025e+02
