1.998956319013176994e+02 3.292467937179607702e+02
1.992258443738736275e+02 3.285145159229816727e+02
1.985742708191883423e+02 3.277642884895320208e+02
1.979412940885405874e+02 3.269964842225704729e+02
1.973273114593312414e+02 3.262115699023456159e+02
1.967326975488205392e+02 3.254100605627073151e+02
1.961578032970835466e+02 3.245925129567066278e+02
1.956029578623362681e+02 3.237595178592071079e+02
1.950684790236529977e+02 3.229116878073807584e+02
1.945546318557913992e+02 3.220496742115513484e+02
1.940616893574697883e+02 3.211741295116821675e+02
1.935898865287715864e+02 3.202857288718853397e+02
1.931394548780681646e+02 3.193851439005359225e+02
1.927105896775614156e+02 3.184730655424040719e+02
1.923034835875351405e+02 3.175501715662945799e+02
1.919183168277972413e+02 3.166171402851529706e+02
1.915552562837510209e+02 3.156746472206440899e+02
1.912144599932040876e+02 3.147233601982427444e+02
1.908960746087138034e+02 3.137639415925025901e+02
1.906002379933036366e+02 3.127970453579176251e+02
1.903270830007111840e+02 3.118233156602344707e+02
1.900767553192503101e+02 3.108433732037198638e+02
1.898493753339636783e+02 3.098578593283912710e+02
1.896450886937771259e+02 3.088673680488652167e+02
1.894640239303075191e+02 3.078725199104579815e+02
1.893063241709928377e+02 3.068738998619066933e+02
1.891721416439403072e+02 3.058720912135579511e+02
1.890616159138625108e+02 3.048676843710824187e+02
1.889748270016774825e+02 3.038612573189125214e+02
1.889110770923098244e+02 3.028534637881555227e+02
1.888691768787332137e+02 3.018449462994203145e+02
1.888479331868789188e+02 3.008362680182945041e+02
1.888461426362147790e+02 2.998279240647636925e+02
1.888626106919990093e+02 2.988203328979112143e+02
1.888961548923924738e+02 2.978138475172672770e+02
1.889455828241331687e+02 2.968087626800733574e+02
1.890097100502904368e+02 2.958053111977866365e+02
1.890873746835760585e+02 2.948036706184010427e+02
1.891774130362381072e+02 2.938039643094485882e+02
1.892786843998359814e+02 2.928062665773392155e+02
1.893900707926829625e+02 2.918106049122443437e+02
1.895104590536740545e+02 2.908169555907556401e+02
1.896387647247061636e+02 2.898252598878353297e+02
1.897739203116284159e+02 2.888354146211361240e+02
1.899148644013110072e+02 2.878472690693020013e+02
1.900605655750494805e+02 2.868606438242740637e+02
1.902100196402796826e+02 2.858753196478837140e+02
1.903622473174646927e+02 2.848910457288536122e+02
1.905162793433456159e+02 2.839075245273265296e+02
1.906711696110049843e+02 2.829244335425356667e+02
1.908259909961049345e+02 2.819414141788822121e+02
1.909798168727603240e+02 2.809580697439137680e+02
1.911317340982140252e+02 2.799739673974437437e+02
1.912808561162856904e+02 2.789886422921941289e+02
1.914263168822636487e+02 2.780015885552275563e+02
1.915672921187343434e+02 2.770122715928542902e+02
1.917039032936522460e+02 2.760203323881968913e+02
1.918376348860239773e+02 2.750257352702366234e+02
1.919700870094855816e+02 2.740285337134708925e+02
1.921028606469109548e+02 2.730288430064256318e+02
1.922375516955415549e+02 2.720268416541115926e+02
1.923757710008052584e+02 2.710227758792646569e+02
1.925191981400076031e+02 2.700169697711692152e+02
1.926695021623464754e+02 2.690098240189441299e+02
1.928283721369829777e+02 2.680017957797418831e+02
1.929974788204656306e+02 2.669934187862706949e+02
1.931784902974989109e+02 2.659852881978630421e+02
1.933730127634631515e+02 2.649780587053577960e+02
1.935826111508476401e+02 2.639724154959860130e+02
1.938088032485410963e+02 2.629691435114518754e+02
1.940531191300802902e+02 2.619690641152578223e+02
1.943170694040908586e+02 2.609730841855268864e+02
1.946021182118053900e+02 2.599821740649391018e+02
1.949094978729561376e+02 2.589973930688504993e+02
1.952402109346702730e+02 2.580199514822343758e+02
1.955952467806554296e+02 2.570509935187486121e+02
1.959755524388614276e+02 2.560916972010676318e+02
1.963820456885961221e+02 2.551432756573952076e+02
1.968155981350794264e+02 2.542070657470874835e+02
1.972771164765214564e+02 2.532844254737869960e+02
1.977674238283911734e+02 2.523768000631324071e+02
1.982873151381665195e+02 2.514856456546064294e+02
1.988374834526847792e+02 2.506125058093650750e+02
1.994181614053165390e+02 2.497586508664113296e+02
2.000279375505769508e+02 2.489244022518995223e+02
2.006650144845776254e+02 2.481098101829660152e+02
2.013276353868620845e+02 2.473148096744714053e+02
2.020140611785376734e+02 2.465392575136984306e+02
2.027225682304284646e+02 2.457829206385418672e+02
2.034513195988241705e+02 2.450453820764370505e+02
2.041983958723282626e+02 2.443260500754506950e+02
2.049619165775874876e+02 2.436242365129589871e+02
2.057400464773107842e+02 2.429391621819696070e+02
2.065309976752733405e+02 2.422699598787189075e+02
2.073329761322655997e+02 2.416156340450958737e+02
2.081440740202673396e+02 2.409749745673664165e+02
2.089624084675097890e+02 2.403466574866076257e+02
2.097861609844900954e+02 2.397292758437767759e+02
2.106135733909062537e+02 2.391213453961894970e+02
2.114429561933939965e+02 2.385213155568508796e+02
2.122727820636932279e+02 2.379276586208880531e+02
2.131016495863393345e+02 2.373388583436914701e+02
2.139282137311647602e+02 2.367533314514473943e+02
2.147511734321076062e+02 2.361694608895379019e+02
2.155692790913059582e+02 2.355855836019034939e+02
2.163814113268398387e+02 2.350000796039803674e+02
2.171866930616482705e+02 2.344114966397474120e+02
2.179843087638089969e+02 2.338183910753463124e+02
2.187734716270697106e+02 2.332193024325788429e+02
2.195534208814511317e+02 2.326127574474729158e+02
2.203235269524543298e+02 2.319973725423157020e+02
2.210841986456602797e+02 2.313728699286344295e+02
2.218364193119693653e+02 2.307396393884878307e+02
2.225811430520887484e+02 2.300981217830585877e+02
2.233192872704289300e+02 2.294488004274844855e+02
2.240517350069584097e+02 2.287921959112318007e+02
2.247792889086154560e+02 2.281288048380261841e+02
2.255026203702252587e+02 2.274590489620110532e+02
2.262223637571511006e+02 2.267833633881188291e+02
2.269391273527105568e+02 2.261022091815299291e+02
2.276534929165021026e+02 2.254160744556987765e+02
2.283660236322322419e+02 2.247254740967553630e+02
2.290772966768994934e+02 2.240309680218875314e+02
2.297878672995499301e+02 2.233331692016006969e+02
2.304982721889211348e+02 2.226327122258028339e+02
2.312090441891552359e+02 2.219302242460630907e+02
2.319206742318581007e+02 2.212263787812360931e+02
2.326336864920885716e+02 2.205218817168471617e+02
2.333486276939914603e+02 2.198175324758037732e+02
2.340660405806911513e+02 2.191141400745846965e+02
2.347864472765166965e+02 2.184125351781852089e+02
2.355103648089950354e+02 2.177135458591259862e+02
2.362382938275420372e+02 2.170180270426588436e+02
2.369707523002107621e+02 2.163268583148602602e+02
2.377082536841058413e+02 2.156409398159802322e+02
2.384513049678672587e+02 2.149611787396553950e+02
2.392004091219797601e+02 2.142884877506847374e+02
2.399560545001232299e+02 2.136237632232852945e+02
2.407182462643713450e+02 2.129672279829591730e+02
2.414863481459294690e+02 2.123181793430708524e+02
2.422596922092181160e+02 2.116758401198812010e+02
2.430376241754637476e+02 2.110394250667936262e+02
2.438195021622766205e+02 2.104081419266257456e+02
2.446046941020763370e+02 2.097811905143735203e+02
2.453925710694262818e+02 2.091577557687319313e+02
2.461825107349210953e+02 2.085370153457333515e+02
2.469738983062769364e+02 2.079181436413676352e+02
2.477661254377599391e+02 2.073003127639957768e+02
2.485586442404944023e+02 2.066827332927507825e+02
2.493510959910337021e+02 2.060647489530672942e+02
2.501431303570034856e+02 2.054457591580046767e+02
2.509343911621069196e+02 2.048251677002012912e+02
2.517245280233180154e+02 2.042023745604490728e+02
2.525131951740512477e+02 2.035767744296856847e+02
2.533000615764263159e+02 2.029477627887548579e+02
2.540848211052596071e+02 2.023147538769324569e+02
2.548671784572672721e+02 2.016771614870062024e+02
2.556468569405163009e+02 2.010343928819825123e+02
2.564235862117689635e+02 2.003858496114644652e+02
2.571971165402939619e+02 1.997309298106049482e+02
2.579672885842221035e+02 1.990691307897920979e+02
2.587340098475445984e+02 1.984000445978217613e+02
2.594972242753146361e+02 1.977232560060458866e+02
2.602568776179405745e+02 1.970383480082320204e+02
2.610129409735854438e+02 1.963448931064546912e+02
2.617657099438824275e+02 1.956429272229719913e+02
2.625164467521928486e+02 1.949340689281664822e+02
2.632666337849226466e+02 1.942202687867967086e+02
2.640177202873945816e+02 1.935035034522940407e+02
2.647711248545787157e+02 1.927857714737292838e+02
2.655282533266737346e+02 1.920690704261114377e+02
2.662903339764193333e+02 1.913551923119338198e+02
2.670584433404157494e+02 1.906457736225269173e+02
2.678336526093174825e+02 1.899424589537070744e+02
2.686169969502853974e+02 1.892469229252701552e+02
2.694094825712257375e+02 1.885608664261978902e+02
2.702119535222742570e+02 1.878858495088783798e+02
2.710249820140942347e+02 1.872229587262206962e+02
2.718490585273551687e+02 1.865732275718456776e+02
2.726846459301273171e+02 1.859377127904602105e+02
2.735321769115602706e+02 1.853174954130453216e+02
2.743920405145155996e+02 1.847136608265223288e+02
2.752644677606141954e+02 1.841270760893002603e+02
2.761495805957542871e+02 1.835584732694264005e+02
2.770474825360886371e+02 1.830085998556623963e+02
2.779582379029229742e+02 1.824782299072533078e+02
2.788818451940831551e+02 1.819681698719181497e+02
2.798183625344559573e+02 1.814793418308121602e+02
2.807679627509270972e+02 1.810129315501548888e+02
2.817305982076919122e+02 1.805702455847413148e+02
2.827063981272381170e+02 1.801525375925369872e+02
2.836951947516494101e+02 1.797611705477783914e+02
2.846969633399291979e+02 1.793973915945467184e+02
2.857111050389827938e+02 1.790619365861359995e+02
2.867370398736446759e+02 1.787551583848784276e+02
2.877740903547476137e+02 1.784774417935034876e+02
2.888215193769599409e+02 1.782291852304841484e+02
2.898785235606560491e+02 1.780107958158889119e+02
2.909443080349292359e+02 1.778226969478416493e+02
2.920180191374061565e+02 1.776653672672125595e+02
2.930987565253395246e+02 1.775392895496814276e+02
2.941855737549131504e+02 1.774449443506590001e+02
2.952774031186622778e+02 1.773828138056096009e+02
2.963731575386877921e+02 1.773532676073666892e+02
2.974715662467674520e+02 1.773560348059909586e+02
2.985712027720894071e+02 1.773905485294780817e+02
2.996706763460637148e+02 1.774561928181995540e+02
3.007686414090268840e+02 1.775523126337409963e+02
3.018636847767026552e+02 1.776782036214996765e+02
3.029543896722626073e+02 1.778326326423959074e+02
3.040393324594042497e+02 1.780136074061293243e+02
3.051170934263753338e+02 1.782190019337284923e+02
3.061864899186473963e+02 1.784466230754350420e+02
3.072464562573994158e+02 1.786942214147698280e+02
3.082960847109196720e+02 1.789594763792716208e+02
3.093346356007974691e+02 1.792399378607544804e+02
3.103615915225387312e+02 1.795330872373857858e+02
3.113766406620046610e+02 1.798363630295189068e+02
3.123797003640490288e+02 1.801471693103101472e+02
3.133709277222119454e+02 1.804629187983911436e+02
3.143506583870206441e+02 1.807821784644746401e+02
3.153192846505774014e+02 1.811049481894283417e+02
3.162772277301911572e+02 1.814313151975217124e+02
3.172249410688028775e+02 1.817613627730707435e+02
3.181630647310632867e+02 1.820950950968470465e+02
3.190927304823756572e+02 1.824323235224007931e+02
3.200148271012945997e+02 1.827729638539081236e+02
3.209300199801783151e+02 1.831170214682643120e+02
3.218390197194301550e+02 1.834645319647796384e+02
3.227423973802372075e+02 1.838155675580051422e+02
3.236407667130480377e+02 1.841702280679452883e+02
3.245345797719663778e+02 1.845286132962306738e+02
3.254243827116800389e+02 1.848908272681926803e+02
3.263105908977414629e+02 1.852569824200178061e+02
3.271935946195928295e+02 1.856272174804949202e+02
3.280737488984014476e+02 1.860016900383430993e+02
3.289513767924399872e+02 1.863805518841042783e+02
3.298267958356804002e+02 1.867638907117568863e+02
3.307003007172882576e+02 1.871517901079337491e+02
3.315721578252382074e+02 1.875443467890883369e+02
3.324426063069428210e+02 1.879416693258994826e+02
3.333118596268822103e+02 1.883438741729925141e+02
3.341800886761890297e+02 1.887510341762845485e+02
3.350475842953062511e+02 1.891632183409552397e+02
3.359144859449038449e+02 1.895804631019956332e+02
3.367809889152236451e+02 1.900028451773088136e+02
3.376472636829684575e+02 1.904304447841892625e+02
3.385133935150288949e+02 1.908634571423864941e+02
3.393792105556462957e+02 1.913024068088193133e+02
3.402445332021814011e+02 1.917478916992544384e+02
3.411090715430969453e+02 1.922004714772354816e+02
3.419725032900305450e+02 1.926607067303276040e+02
3.428345210153593712e+02 1.931291648725741936e+02
3.436946884760941998e+02 1.936064280659035717e+02
3.445525193264339805e+02 1.940931109058360562e+02
3.454074888474817158e+02 1.945898102794877218e+02
3.462590353919587756e+02 1.950971033057231239e+02
3.471065617341083680e+02 1.956155466212195506e+02
3.479494230347546022e+02 1.961456913323901574e+02
3.487869067970128185e+02 1.966881044874257611e+02
3.496182604164411032e+02 1.972433335520423157e+02
3.504426972406410528e+02 1.978118993988632042e+02
3.512593954010506536e+02 1.983942961544321122e+02
3.520675006017995656e+02 1.989909911183172255e+02
3.528661451825325344e+02 1.996024106410420131e+02
3.536544269477425360e+02 2.002289457040775744e+02
3.544314163309800847e+02 2.008709590551909514e+02
3.551961498498055789e+02 2.015287885389131475e+02
3.559476505092710568e+02 2.022027224336075051e+02
3.566849215627036642e+02 2.028930104491812472e+02
3.574069623652994210e+02 2.035998561702679126e+02
3.581127626789748888e+02 2.043233967914833613e+02
3.588012880173669714e+02 2.050637535088825985e+02
3.594714754229224241e+02 2.058210149285932005e+02
3.601223312097960161e+02 2.065951363084432160e+02
3.607535396302910726e+02 2.073855537093512851e+02
3.613651387726960706e+02 2.081914183191195775e+02
3.619571972752804641e+02 2.090119137593206062e+02
3.625298009890423714e+02 2.098462451881425181e+02
3.630830629593031063e+02 2.106936095671677265e+02
3.636171056388507736e+02 2.115532704462071081e+02
3.641320668055490160e+02 2.124244566947482724e+02
3.646280992698132764e+02 2.133064744055957078e+02
3.651053766442220763e+02 2.141985965255847475e+02
3.655640885405006202e+02 2.151001514684840288e+02
3.660044444393629988e+02 2.160104600495384659e+02
3.664266787437623520e+02 2.169288701569395243e+02
3.668310435003081125e+02 2.178547444865402554e+02
3.672178587659198570e+02 2.187874201282074296e+02
3.675875433041353517e+02 2.197262368167762077e+02
3.679405776762648657e+02 2.206705760215423879e+02
3.682774394196921435e+02 2.216198734221680979e+02
3.685986592539869662e+02 2.225735716931269224e+02
3.689047503212489119e+02 2.235311612947164406e+02
3.691962636516812495e+02 2.244921561727275900e+02
3.694737430769980620e+02 2.254561041913683823e+02
3.697377454210503629e+02 2.264225860844141494e+02
3.699888402469271114e+02 2.273912168477170326e+02
3.702275719216324887e+02 2.283616354289022183e+02
3.704545316538899442e+02 2.293335296855527758e+02
3.706702828435657011e+02 2.303065964549819284e+02
3.708753926445051547e+02 2.312805775125411571e+02
3.710702452257343680e+02 2.322553076186139833e+02
3.712549694331081014e+02 2.332306847728389982e+02
3.714296818805542557e+02 2.342066301114264490e+02
3.715945054161817893e+02 2.351830780798576939e+02
3.717495433465144856e+02 2.361599525646041684e+02
3.718948859653191903e+02 2.371371856873180946e+02
3.720306259378359073e+02 2.381147323980160593e+02
3.721568452872047601e+02 2.390925436067403211e+02
3.722736140098504052e+02 2.400705715467172467e+02
3.723809951025959322e+02 2.410487783403240201e+02
3.724790434816889615e+02 2.420271316374847288e+02
3.725678074577515986e+02 2.430056043674492230e+02
3.726473283728327601e+02 2.439841748460823680e+02
3.727176385738619047e+02 2.449628270386794213e+02
3.727787609904983697e+02 2.459415505558433495e+02
3.728307087639684028e+02 2.469203406434810404e+02
3.728734873707589941e+02 2.478991980548205447e+02
3.729071003573441772e+02 2.488781290280112728e+02
3.729315421028254605e+02 2.498571460600188630e+02
3.729467872609708934e+02 2.508362556315904328e+02
3.729528083905936455e+02 2.518154974675194353e+02
3.729495685598117234e+02 2.527949077489208207e+02
3.729370113221322072e+02 2.537744979436465371e+02
3.729150919112461224e+02 2.547543415925346153e+02
3.728837406204627882e+02 2.557344744919857646e+02
3.728428772162621954e+02 2.567149665686575872e+02
3.727923965853141794e+02 2.576958721835424058e+02
3.727319987325455486e+02 2.586772653414723209e+02
3.726608210245336750e+02 2.596590910953963203e+02
3.725779012451071708e+02 2.606412703256880263e+02
3.724822745343469137e+02 2.616236705299179448e+02
3.723729647403675358e+02 2.626060912050153320e+02
3.722489887695357424e+02 2.635882840705564263e+02
3.721093419089696113e+02 2.645699383266396012e+02
3.719530079222336667e+02 2.655506782668704773e+02
3.717789756346389822e+02 2.665300632990776535e+02
3.715862428559010482e+02 2.675075856913325083e+02
3.713738204222811419e+02 2.684826683281280566e+02
3.711407264213876260e+02 2.694546561723304876e+02
3.708860076940624140e+02 2.704228302704614180e+02
3.706087416615764027e+02 2.713863914176536696e+02
3.703080201502748992e+02 2.723444548115447219e+02
3.699829945654938683e+02 2.732960684994950498e+02
3.696328515064742533e+02 2.742401948960806521e+02
3.692568451541134209e+02 2.751757237823011906e+02
3.688543391955955713e+02 2.761014785531685334e+02
3.684252084167420094e+02 2.770162876249163446e+02
3.679695875288589946e+02 2.779190437808219940e+02
3.674877054457461441e+02 2.788086911172923692e+02
3.669798168169854193e+02 2.796841989176782022e+02
3.664462584720437803e+02 2.805445519720714742e+02
3.658874166156704177e+02 2.813887699038020287e+02
3.653036892384012617e+02 2.822159024050063181e+02
3.646955561832417629e+02 2.830250292889863886e+02
3.640635515763597141e+02 2.838153408849875632e+02
3.634088847855869631e+02 2.845865511553439546e+02
3.627329625520557101e+02 2.853386897686655743e+02
3.620371899277691909e+02 2.860718817352513952e+02
3.613228829154636514e+02 2.867863442729861845e+02
3.605913241808035536e+02 2.874823726056689566e+02
3.598437453472106426e+02 2.881603487770190100e+02
3.590813284829724807e+02 2.888207307510165833e+02
3.583052001120779551e+02 2.894640367546800803e+02
3.575164288037503866e+02 2.900908376208774371e+02
3.567160304745592612e+02 2.907017567955361983e+02
3.559049680624195275e+02 2.912974594510747579e+02
3.550841727390372853e+02 2.918786683043153403e+02
3.542545324877065696e+02 2.924461499035440966e+02
3.534168865270977449e+02 2.930006998445111890e+02
3.525720277739246740e+02 2.935431356478714520e+02
3.517207051583797011e+02 2.940742932780843262e+02
3.508636290575062162e+02 2.945950173644766323e+02
3.500014637495264651e+02 2.951061954633520372e+02
3.491348563832700620e+02 2.956086912711478476e+02
3.482644028242472700e+02 2.961034055029732031e+02
3.473906843609756834e+02 2.965912234655324937e+02
3.465142335834049163e+02 2.970730502987548789e+02
3.456355537326338094e+02 2.975497216248268160e+02
3.447550850835758069e+02 2.980221065416482134e+02
3.438732806503942925e+02 2.984910405390917276e+02
3.429905704204468293e+02 2.989573591006229094e+02
3.421073500806788275e+02 2.994219164390665924e+02
3.412239727933541076e+02 2.998854700183437103e+02
3.403407214277953017e+02 3.003486985904419271e+02
3.394578703117198870e+02 3.008122722713224562e+02
3.385756924346711116e+02 3.012768528089210918e+02
3.376944509443957259e+02 3.017431046361285212e+02
3.368144087638514748e+02 3.022116697331400701e+02
3.359358003898088327e+02 3.026831445024507730e+02
3.350588551251522631e+02 3.031581102859619250e+02
3.341838057709082932e+02 3.036371427811084232e+02
3.333108897504644688e+02 3.041208121815270147e+02
3.324403502874063179e+02 3.046096833612027694e+02
3.315724382872300566e+02 3.051043170838684091e+02
3.307074134273521508e+02 3.056052699431147630e+02
3.298455447159476535e+02 3.061130933865764518e+02
3.289871118688975002e+02 3.066283335141469024e+02
3.281324055002664863e+02 3.071515321708490092e+02
3.272817421643968032e+02 3.076832420506135009e+02
3.264354880479879739e+02 3.082240651393485678e+02
3.255940978381335640e+02 3.087745374179291957e+02
3.247587187244096185e+02 3.093344190397947955e+02
3.239300857734091892e+02 3.099035238058573896e+02
3.231083608019307576e+02 3.104820435441178574e+02
3.222937563974030013e+02 3.110702948799440151e+02
3.214865304248967846e+02 3.116686809119935333e+02
3.206869327591545584e+02 3.122776111678691109e+02
3.198952013370544591e+02 3.128975018179890526e+02
3.191115625726977783e+02 3.135287738875084642e+02
3.183360148632836513e+02 3.141715296848494745e+02
3.175679982334322062e+02 3.148250402445398208e+02
3.168068557377750949e+02 3.154884497979573439e+02
3.160519193314160589e+02 3.161609088315792064e+02
3.153025152182516990e+02 3.168415691298019397e+02
3.145579482986311177e+02 3.175295697633520717e+02
3.138173941028121021e+02 3.182238581182674579e+02
3.130799512522741566e+02 3.189232603961318659e+02
3.123447101170182236e+02 3.196266064957279696e+02
3.116107698782419675e+02 3.203327156623989822e+02
3.108772269105510304e+02 3.210404068978320424e+02
3.101431416674922730e+02 3.217484293524364034e+02
3.094074985467199213e+02 3.224553846150235472e+02
3.086692812903772847e+02 3.231598459189585242e+02
3.079274843353109645e+02 3.238603812905306540e+02
3.071811226938318669e+02 3.245555416238599946e+02
3.064292321472556182e+02 3.252438700627193384e+02
3.056708985597300057e+02 3.259239412750109750e+02
3.049052457692419011e+02 3.265943369880645264e+02
3.041314234141767656e+02 3.272536209468728430e+02
3.033486111681995112e+02 3.279003393816610128e+02
3.025560202566570638e+02 3.285330182400125523e+02
3.017529292111613586e+02 3.291502189492688331e+02
3.009387092455523884e+02 3.297505794450315193e+02
3.001127745987549247e+02 3.303327260057988042e+02
2.992745795248384297e+02 3.308952629099580349e+02
2.984236210230644133e+02 3.314367718679538939e+02
2.975595407887601027e+02 3.319559931385067557e+02
2.966826880603018139e+02 3.324528758876861616e+02
2.957937022695211340e+02 3.329278736478120209e+02
2.948932283179549927e+02 3.333814419269771747e+02
2.939819212048547001e+02 3.338140390971194051e+02
2.930604356698344191e+02 3.342261275551205699e+02
2.921294234266848093e+02 3.346181607505278066e+02
2.911895282972949417e+02 3.349905790965151482e+02
2.902413939252743376e+02 3.353438285135944739e+02
2.892856630535731028e+02 3.356783631107794577e+02
2.883229759960450451e+02 3.359946463982807359e+02
2.873539735569344202e+02 3.362931640158149094e+02
2.863793286369628390e+02 3.365744922826121979e+02
2.853997116718171014e+02 3.368392460492870555e+02
2.844157810545775078e+02 3.370880551315762546e+02
2.834281803770006150e+02 3.373215658051698256e+02
2.824375368383908267e+02 3.375404429229440098e+02
2.814444739135248597e+02 3.377454076092460582e+02
2.804496104392378015e+02 3.379372457714503639e+02
2.794535410994749327e+02 3.381167647813132362e+02
2.784568290992568222e+02 3.382847974785018437e+02
2.774600098180281975e+02 3.384421961548123363e+02
2.764635799133524188e+02 3.385898188368953470e+02
2.754679776112760123e+02 3.387284758406464675e+02
2.744736010682763094e+02 3.388589791587637592e+02
2.734808135724121598e+02 3.389821611695656429e+02
2.724899459380179678e+02 3.390988709315392953e+02
2.715012781846408529e+02 3.392099674488657683e+02
2.705149588948224277e+02 3.393159986352449096e+02
2.695310224064826912e+02 3.394171986413276159e+02
2.685494823116602561e+02 3.395137988451079423e+02
2.675703552585115403e+02 3.396060296264994918e+02
2.665936029817755752e+02 3.396941495180954576e+02
2.656191844783531337e+02 3.397784024707602839e+02
2.646470902983485871e+02 3.398589374104968215e+02
2.636771499636209910e+02 3.399359553774057758e+02
2.627093768043696400e+02 3.400095903989015937e+02
2.617435757203325579e+02 3.400800512714409365e+02
2.607796867285576354e+02 3.401475066044018263e+02
2.598176075232116204e+02 3.402121108350027612e+02
2.588571459195164266e+02 3.402740334854745470e+02
2.578981910908033797e+02 3.403334236211775874e+02
2.569405841648263618e+02 3.403904426890069885e+02
2.559840018296419544e+02 3.404453131994508794e+02
2.550281651522231812e+02 3.404982845483837650e+02
2.540729964580363855e+02 3.405495940192905664e+02
2.531184253078499751e+02 3.405994662903078734e+02
2.521643146400959949e+02 3.406481280311609794e+02
2.512105987167043963e+02 3.406957776702662386e+02
2.502572156580466753e+02 3.407425991410392498e+02
2.493039592077786324e+02 3.407888853970638365e+02
2.483508312309300550e+02 3.408349400487127809e+02
2.473975853933852704e+02 3.408810923755567615e+02
2.464441946340508309e+02 3.409276230472883071e+02
2.454903761484659412e+02 3.409748325194622112e+02
2.445360740288432453e+02 3.410227645015496591e+02
2.435810009816384820e+02 3.410709788711596389e+02
2.426250525256149615e+02 3.411189349808985867e+02
2.416680713756550745e+02 3.411660795785030587e+02
2.407098709130114003e+02 3.412118546004897439e+02
2.397504171562788429e+02 3.412556677190790424e+02
2.387895115165020172e+02 3.412968799483685416e+02
2.378271275684550403e+02 3.413348052437934257e+02
2.368632008718708164e+02 3.413687413427250590e+02
2.358976396741640826e+02 3.413979802442507889e+02
2.349305064164643397e+02 3.414217896486882182e+02
2.339616950195340905e+02 3.414393734239858986e+02
2.329913747837616143e+02 3.414497956077074150e+02
2.320195046351038286e+02 3.414521009040134345e+02
2.310463002819881808e+02 3.414453206111066379e+02
2.300718434815559590e+02 3.414284727890941440e+02
2.290963418855558302e+02 3.414005582371841001e+02
2.281200871215884831e+02 3.413604559819853534e+02
2.271433246928147014e+02 3.413069931033562625e+02
2.261664453339845693e+02 3.412389964445953865e+02
2.251898679469344700e+02 3.411552827606190590e+02
2.242140694082710866e+02 3.410546656809623869e+02
2.232395947474211368e+02 3.409359408300561540e+02
2.222670653164133796e+02 3.407978783035914603e+02
2.212971775278924440e+02 3.406392518474771691e+02
2.203307068209782642e+02 3.404588450481504651e+02
2.193685124526247989e+02 3.402554555475630309e+02
2.184115223037625526e+02 3.400280273429129352e+02
2.174603756704141233e+02 3.397763590753103244e+02
2.165157014559773359e+02 3.395005669130626416e+02
2.155780838839248759e+02 3.392007632712201257e+02
2.146481769856574999e+02 3.388770553865285251e+02
2.137265857311405455e+02 3.385295552932085457e+02
2.128139722560629536e+02 3.381584004199211222e+02
2.119109830623572179e+02 3.377637506807785144e+02
2.110182762329843911e+02 3.373457723466244715e+02
2.101365215817806700e+02 3.369046381313119127e+02
2.092663996415406586e+02 3.364405292329015538e+02
2.084086028483432074e+02 3.359536373569670786e+02
2.075638431900896421e+02 3.354441647940716962e+02
2.067327872259607773e+02 3.349123412060801002e+02
2.059161769811961733e+02 3.343584043736771036e+02
2.051146760833162261e+02 3.337826141415843608e+02
2.043290099633076977e+02 3.331852511596148361e+02
2.035598523092405969e+02 3.325666136178057286e+02
2.028078690313564607e+02 3.319270325821677261e+02
2.020737127926609276e+02 3.312668634836323918e+02
2.013580038846461662e+02 3.305864872878725578e+02
2.006613270607579409e+02 3.298863140991155092e+02
