1.997898969975756245e+02 3.293422862417743318e+02
1.990288865068013138e+02 3.286821283072727624e+02
1.982817949484861231e+02 3.279988353798199228e+02
1.975497620844648736e+02 3.272924386389345841e+02
1.968339631048504543e+02 3.265631289060094673e+02
1.961355759110797408e+02 3.258112235369323457e+02
1.954557712930536013e+02 3.250371559340171075e+02
1.947957056989463354e+02 3.242414609454436913e+02
1.941565196403094831e+02 3.234247474236952371e+02
1.935393213690366281e+02 3.225877641302998313e+02
1.929451839050631179e+02 3.217312518118970388e+02
1.923751583235986118e+02 3.208560729856299076e+02
1.918302264629992067e+02 3.199630972413381187e+02
1.913112447878901037e+02 3.190533376654117887e+02
1.908190022277635762e+02 3.181277716418836121e+02
1.903542622235690089e+02 3.171874147040040839e+02
1.899177532959439532e+02 3.162332957532790374e+02
1.895101687444425806e+02 3.152664411657859773e+02
1.891321374755609952e+02 3.142878941746983514e+02
1.887842327619631817e+02 3.132986986488378420e+02
1.884670020163581512e+02 3.122998882436146459e+02
1.881809783947612971e+02 3.112924363419668339e+02
1.879266752718057205e+02 3.102774269118023653e+02
1.877046294352559528e+02 3.092557684982024853e+02
1.875154826615498678e+02 3.082284937882456006e+02
1.873598787332786060e+02 3.071965148019735921e+02
1.872384653697728254e+02 3.061607747182513322e+02
1.871518734670217157e+02 3.051222761931290393e+02
1.871006177161951030e+02 3.040819712437231601e+02
1.870839981742021223e+02 3.030409561157827625e+02
1.871005408521342019e+02 3.020003184878340221e+02
1.871487512536947690e+02 3.009610272779502225e+02
1.872271166070787274e+02 2.999239819219609444e+02
1.873341212048758848e+02 2.988899454328484353e+02
1.874681730140246714e+02 2.978595865423177997e+02
1.876274893900040865e+02 2.968335191385772873e+02
1.878102665725754719e+02 2.958122432216017614e+02
1.880147193964419330e+02 2.947961547159118254e+02
1.882390580702993645e+02 2.937855917001152193e+02
1.884814970288099119e+02 2.927807850256580195e+02
1.887401248121952904e+02 2.917818903624868199e+02
1.890129578174029916e+02 2.907889820158523548e+02
1.892980424037892533e+02 2.898020441642962624e+02
1.895934434811459255e+02 2.888209908622824855e+02
1.898972352748800176e+02 2.878456545847858479e+02
1.902075776407180001e+02 2.868758064736430811e+02
1.905227531385002351e+02 2.859111614352688093e+02
1.908410822278109436e+02 2.849513821829904714e+02
1.911609004400708898e+02 2.839960545886640944e+02
1.914805705215884757e+02 2.830447218665279365e+02
1.917985109210180212e+02 2.820968739388276845e+02
1.921133668672460146e+02 2.811519797445947688e+02
1.924238947406188345e+02 2.802094789493986582e+02
1.927288797988143756e+02 2.792687785328894279e+02
1.930271328793403995e+02 2.783292268707787116e+02
1.933175071666136660e+02 2.773901411733294253e+02
1.935997115799683570e+02 2.764509924306614153e+02
1.938746879863390973e+02 2.755115293740005882e+02
1.941434864762472898e+02 2.745715796054876137e+02
1.944071667165063957e+02 2.736310035026023684e+02
1.946667927883124491e+02 2.726896964250319684e+02
1.949234138850579541e+02 2.717476214759317941e+02
1.951779817870281306e+02 2.708047734928381942e+02
1.954314185090109959e+02 2.698610827549763371e+02
1.956846428563337668e+02 2.689166251790523461e+02
1.959385920550800506e+02 2.679714430335529300e+02
1.961942051604772246e+02 2.670256453552472635e+02
1.964524430767480396e+02 2.660793604950517874e+02
1.967142892516430663e+02 2.651328077998299477e+02
1.969807395229957763e+02 2.641861702053374188e+02
1.972527835356214609e+02 2.632397353962902002e+02
1.975314238807776803e+02 2.622938076307650590e+02
1.978176796690624997e+02 2.613487370781091954e+02
1.981126143612831925e+02 2.604048553109344084e+02
1.984172369892657457e+02 2.594624366760255612e+02
1.987324664791699718e+02 2.585219214492525452e+02
1.990591845181546375e+02 2.575838110182569949e+02
1.993982470267900169e+02 2.566486649378474567e+02
1.997504951414948096e+02 2.557170594746469590e+02
2.001167521539371421e+02 2.547896562989971585e+02
2.004978082893847784e+02 2.538671370189938443e+02
2.008944190943491890e+02 2.529502406784683330e+02
2.013072971034162606e+02 2.520397205473673239e+02
2.017369488157276294e+02 2.511362851954268081e+02
2.021832444174326611e+02 2.502402947192148304e+02
2.026458927709596196e+02 2.493520064352563566e+02
2.031245914759387574e+02 2.484716722521353347e+02
2.036190287416315527e+02 2.475995286895202412e+02
2.041288822175608857e+02 2.467357967585770666e+02
2.046538123861364511e+02 2.458806763934392166e+02
2.051934652068169100e+02 2.450343463450811896e+02
2.057474798771950759e+02 2.441969680425012257e+02
2.063154901528620258e+02 2.433686854262708437e+02
2.068971254484223437e+02 2.425496247397810237e+02
2.074920127727951922e+02 2.417398947885526752e+02
2.080997767937122092e+02 2.409395864805169651e+02
2.087200364332408355e+02 2.401487708957255336e+02
2.093524136741192478e+02 2.393675018904268086e+02
2.099965309910654128e+02 2.385958163329063950e+02
2.106520126485984861e+02 2.378337340181878687e+02
2.113184862770009715e+02 2.370812586580804577e+02
2.119955870513177558e+02 2.363383800415489873e+02
2.126829454964195634e+02 2.356050689742542943e+02
2.133802026184124543e+02 2.348812812251178173e+02
2.140870039697674372e+02 2.341669587416531328e+02
2.148030010694068608e+02 2.334620293792440577e+02
2.155278519723622423e+02 2.327664075972693070e+02
2.162612215681571968e+02 2.320799949698755142e+02
2.170027820375937040e+02 2.314026808949412271e+02
2.177522135893292727e+02 2.307343436748903116e+02
2.185091840062646611e+02 2.300748297137162126e+02
2.192731885047792275e+02 2.294237789057202122e+02
2.200436320080154360e+02 2.287807011185587953e+02
2.208199359350398367e+02 2.281450872467626425e+02
2.216015393465060015e+02 2.275164124879652832e+02
2.223878980848574258e+02 2.268941373234370928e+02
2.231784836201335054e+02 2.262777076434052503e+02
2.239727835623638441e+02 2.256665584465278869e+02
2.247703003812096370e+02 2.250601137525984825e+02
2.255705505230192216e+02 2.244577877896198004e+02
2.263730639909386468e+02 2.238589873932435523e+02
2.271773839792047909e+02 2.232631128595232042e+02
2.279830670828540633e+02 2.226695555977618142e+02
2.287896809966873661e+02 2.220777082698175775e+02
2.295968049243579117e+02 2.214869625668538902e+02
2.304040273088251070e+02 2.208966941161695559e+02
2.312109416364044989e+02 2.203062891477680978e+02
2.320171520869797632e+02 2.197151216554609903e+02
2.328222667449735184e+02 2.191225707195944210e+02
2.336259008053015407e+02 2.185280093281670588e+02
2.344276726134860951e+02 2.179308165986702761e+02
2.352272063288591255e+02 2.173303633021961900e+02
2.360241250372382069e+02 2.167260290474936824e+02
2.368180497984730550e+02 2.161171779142215996e+02
2.376085982379555617e+02 2.155031737363893853e+02
2.383953889379660325e+02 2.148833839070594820e+02
2.391780412758077148e+02 2.142571795932960015e+02
2.399561807840010204e+02 2.136239409873531656e+02
2.407297266153581461e+02 2.129834744990233162e+02
2.414989929446794577e+02 2.123361628088055397e+02
2.422643110548366678e+02 2.116824394478830129e+02
2.430260014394867767e+02 2.110227476454958264e+02
2.437843747804041925e+02 2.103575395260570531e+02
2.445397379778074765e+02 2.096872826580928688e+02
2.452924157707039967e+02 2.090124894046285817e+02
2.460427339046588884e+02 2.083336908735386430e+02
2.467910119012927339e+02 2.076514243341059682e+02
2.475375642320167344e+02 2.069662325622748824e+02
2.482827822243519904e+02 2.062786854825261571e+02
2.490273251349990460e+02 2.055894316585162755e+02
2.497718229909891363e+02 2.048992004628418329e+02
2.505168791860201338e+02 2.042087400810102338e+02
2.512630943505051562e+02 2.035188009964844866e+02
2.520110614383594054e+02 2.028301370157656152e+02
2.527613658595651316e+02 2.021434926084696428e+02
2.535145540687838661e+02 2.014595694642894728e+02
2.542711518507330197e+02 2.007790631043833685e+02
2.550316905797308209e+02 2.001026712541021482e+02
2.557966816713428102e+02 1.994311032972452438e+02
2.565666318333327354e+02 1.987650698781355345e+02
2.573420065134675383e+02 1.981052262270851543e+02
2.581232020863891421e+02 1.974521854498691482e+02
2.589106330699619889e+02 1.968065556011181059e+02
2.597046786851932438e+02 1.961689655457628021e+02
2.605057184531842722e+02 1.955400477803484023e+02
2.613140493404700351e+02 1.949203105407792407e+02
2.621296488573005945e+02 1.943098418539741488e+02
2.629524717421976447e+02 1.937086264989465860e+02
2.637824504823990992e+02 1.931166656863787239e+02
2.646195064918129560e+02 1.925339674202644744e+02
2.654635845957206470e+02 1.919605373124803975e+02
2.663146324866920054e+02 1.913964229744296119e+02
2.671725922680295184e+02 1.908417050681784985e+02
2.680374277866231978e+02 1.902964605588411189e+02
2.689090930072843548e+02 1.897607780872463366e+02
2.697875422195083956e+02 1.892347530663596444e+02
2.706727101212595130e+02 1.887185054686194121e+02
2.715645691630546139e+02 1.882121794661163108e+02
2.724630811464797375e+02 1.877159371180888456e+02
2.733682032749779296e+02 1.872299488093420621e+02
2.742798878733577794e+02 1.867543934501975968e+02
2.751980829551995953e+02 1.862894603915320602e+02
2.761227410427957807e+02 1.858353680103658689e+02
2.770538144945916770e+02 1.853923570947826249e+02
2.779912560246161775e+02 1.849606769180803667e+02
2.789350047142604012e+02 1.845405899815250166e+02
2.798849703017609727e+02 1.841323728737586976e+02
2.808410852733559864e+02 1.837363083787667790e+02
2.818033076132439874e+02 1.833527033300809990e+02
2.827714752630380417e+02 1.829819043651431514e+02
2.837455571784322501e+02 1.826242281606250515e+02
2.847253720666574850e+02 1.822800411963083320e+02
2.857108575246275564e+02 1.819496655289627540e+02
2.867017160727638156e+02 1.816332890407198875e+02
2.876977177735749365e+02 1.813309761869826389e+02
2.886985976862154075e+02 1.810428103512180655e+02
2.897040780803192206e+02 1.807688818396432566e+02
2.907138656131024277e+02 1.805092837371985866e+02
2.917276847329476936e+02 1.802640906355137531e+02
2.927452360503472164e+02 1.800333533470458462e+02
2.937662224358466574e+02 1.798171206296582625e+02
2.947903533763532664e+02 1.796154433836338171e+02
2.958173034584204970e+02 1.794283725958705418e+02
2.968467823796893867e+02 1.792559472708116459e+02
2.978785087040284338e+02 1.790981822040246243e+02
2.989121587424257314e+02 1.789550783819215667e+02
2.999474348792517162e+02 1.788266250684016541e+02
3.009840736632768881e+02 1.787128097897098371e+02
3.020217709856181045e+02 1.786136110870922096e+02
3.030602634375867979e+02 1.785289866141067989e+02
3.040993267569147633e+02 1.784588837565900690e+02
3.051386679826784984e+02 1.784032254661700279e+02
3.061780916221293296e+02 1.783619237225850895e+02
3.072173989261337965e+02 1.783348831578265106e+02
3.082564081651091215e+02 1.783219953859836835e+02
3.092949430338708794e+02 1.783231318921738477e+02
3.103328846654530366e+02 1.783381541241955688e+02
3.113701292145322554e+02 1.783669078109565476e+02
3.124066026919608134e+02 1.784092215863288118e+02
3.134422623745838337e+02 1.784649183437403508e+02
3.144770860871384457e+02 1.785342235817214771e+02
3.155109813095968434e+02 1.786178459728291159e+02
3.165438330056746850e+02 1.787165056488599078e+02
3.175754768327815327e+02 1.788308952253154871e+02
3.186055509494955800e+02 1.789615552881365090e+02
3.196333383983132421e+02 1.791086135839454982e+02
3.206585267265160724e+02 1.792721500078919519e+02
3.216809637683480787e+02 1.794523020543738028e+02
3.227003866411714057e+02 1.796491675424331333e+02
3.237165801896412631e+02 1.798628794856617787e+02
3.247292350482532584e+02 1.800935309311162769e+02
3.257381045816445635e+02 1.803412603826629379e+02
3.267428275667882644e+02 1.806061471535426790e+02
3.277430872712549785e+02 1.808882964707661358e+02
3.287385316674266846e+02 1.811878092088694814e+02
3.297287851561064258e+02 1.815047812396825577e+02
3.307134554629507761e+02 1.818393010905418805e+02
3.316921384572978013e+02 1.821914405046605623e+02
3.326644158334743224e+02 1.825612640833092826e+02
3.336298546417323223e+02 1.829488319987716523e+02
3.345880078100651644e+02 1.833541996890068617e+02
3.355384152709671071e+02 1.837774177279978005e+02
3.364806311353688670e+02 1.842185537818721741e+02
3.374141211388400734e+02 1.846775929445960003e+02
3.383384369318842460e+02 1.851545890367241611e+02
3.392530604210489855e+02 1.856495537077004485e+02
3.401574712022267590e+02 1.861624938249290722e+02
3.410512258608412139e+02 1.866932757080079739e+02
3.419341525276738594e+02 1.872413708026693939e+02
3.428061013610320060e+02 1.878061332910540955e+02
3.436670036746458550e+02 1.883869829877292830e+02
3.445167989107135895e+02 1.889833577798416684e+02
3.453554028791822930e+02 1.895946586892821415e+02
3.461827995651763104e+02 1.902203537385410073e+02
3.469989690780771525e+02 1.908599170281840713e+02
3.478039071322009477e+02 1.915128373620245270e+02
3.485976247625526412e+02 1.921786186693385616e+02
3.493801472766641041e+02 1.928567799305215260e+02
3.501515142732432082e+02 1.935468539106367984e+02
3.509117803198973320e+02 1.942483853928877409e+02
3.516610121040042714e+02 1.949609336933623354e+02
3.523992872500264184e+02 1.956840730281016363e+02
3.531266954476037654e+02 1.964173970842794574e+02
3.538433346888025994e+02 1.971605162343116433e+02
3.545493032911069804e+02 1.979130246583024473e+02
3.552447317357555221e+02 1.986745570267716801e+02
3.559297502893510909e+02 1.994447568589878301e+02
3.566045006863645881e+02 2.002233007393047330e+02
3.572691050186902544e+02 2.010098207981518783e+02
3.579237303106796162e+02 2.018040167798435220e+02
3.585685451617640638e+02 2.026056137314159287e+02
3.592036932121942527e+02 2.034142752679735793e+02
3.598293644467055401e+02 2.042297498568723881e+02
3.604457376164074844e+02 2.050517964775888231e+02
3.610529313826396560e+02 2.058801658628908058e+02
3.616507122510283807e+02 2.067149987096004224e+02
3.622386060576237696e+02 2.075564940292969141e+02
3.628161391478363953e+02 2.084048736236393040e+02
3.633828113532849216e+02 2.092603434919691097e+02
3.639380932553729622e+02 2.101230416554868157e+02
3.644814568005161846e+02 2.109931732634778143e+02
3.650123187711425317e+02 2.118708076186937888e+02
3.655301146089367421e+02 2.127561119538508194e+02
3.660342290903037110e+02 2.136491219523247196e+02
3.665240560361149278e+02 2.145499302721640333e+02
3.669989539540539454e+02 2.154585455084495038e+02
3.674582706393546232e+02 2.163749828945704792e+02
3.679013310305395521e+02 2.172992209144508990e+02
3.683274604239008454e+02 2.182310869788028924e+02
3.687360456714782231e+02 2.191703306636630941e+02
3.691265354402137291e+02 2.201167335911899272e+02
3.694983753130640594e+02 2.210701597276296297e+02
3.698509848136027927e+02 2.220303495257613235e+02
3.701837835496461935e+02 2.229971231437559425e+02
3.704961763949732472e+02 2.239701895407123970e+02
3.707875681375110162e+02 2.249492901132643681e+02
3.710573505265195422e+02 2.259341137029700803e+02
3.713049139814077648e+02 2.269243166043303574e+02
3.715296295320999320e+02 2.279195657021969339e+02
3.717308788140900901e+02 2.289194395824083301e+02
3.719080335492405425e+02 2.299235379424307553e+02
3.720604787763583658e+02 2.309314008139480165e+02
3.721882343504549908e+02 2.319423570874545533e+02
3.722920414332469932e+02 2.329555595854925514e+02
3.723727006522044007e+02 2.339701822528381570e+02
3.724310418587339768e+02 2.349854421353765019e+02
3.724679029690964853e+02 2.360006000211587036e+02
3.724841490772683414e+02 2.370149513306875519e+02
3.724807516885273913e+02 2.380278243637459923e+02
3.724587168098422580e+02 2.390385892252828341e+02
3.724190579995308212e+02 2.400466615268759085e+02
3.723627996393019544e+02 2.410515084515994033e+02
3.722909729346184236e+02 2.420526473232417572e+02
3.722045727502458021e+02 2.430496510988469936e+02
3.721045574125481608e+02 2.440421457705649573e+02
3.719918873182736547e+02 2.450298043776017209e+02
3.718675251852711199e+02 2.460123475755189304e+02
3.717324345544745370e+02 2.469895445750435670e+02
3.715875259776568100e+02 2.479612167180937945e+02
3.714335276793617027e+02 2.489272390162005593e+02
3.712711248485949795e+02 2.498875252735586514e+02
3.711009886890188909e+02 2.508419986176126883e+02
3.709237938574263467e+02 2.517906766926312230e+02
3.707401991764819513e+02 2.527335986772826857e+02
3.705506942531460481e+02 2.536707573899092267e+02
3.703556574699739485e+02 2.546023061013484607e+02
3.701554441063819922e+02 2.555283071979778242e+02
3.699503988120197278e+02 2.564489208306444539e+02
3.697408469325518467e+02 2.573642654319192502e+02
3.695269227508734957e+02 2.582745812669405154e+02
3.693082406524720795e+02 2.591798964675367642e+02
3.690843108597346145e+02 2.600803229568922461e+02
3.688546373264666727e+02 2.609759474766518679e+02
3.686187168301059955e+02 2.618667722011759338e+02
3.683760405120625592e+02 2.627528092308926944e+02
3.681261869005197127e+02 2.636340692738074267e+02
3.678687885717044992e+02 2.645105617913556557e+02
3.676034695299846362e+02 2.653822836210218838e+02
3.673298444487571146e+02 2.662492184810363369e+02
3.670475192464027145e+02 2.671113367132339249e+02
3.667561318766977934e+02 2.679685562153061369e+02
3.664553667586674806e+02 2.688209216538994042e+02
3.661449242229251695e+02 2.696684263392796197e+02
3.658245152959868847e+02 2.705109486882371925e+02
3.654937849965857595e+02 2.713485676454822624e+02
3.651524258969897687e+02 2.721811899203927965e+02
3.648001444608777319e+02 2.730088238149543258e+02
3.644366171686527878e+02 2.738316716131281510e+02
3.640610256362560335e+02 2.746516855535368222e+02
3.636730960227152423e+02 2.754699260753082513e+02
3.632729093740405233e+02 2.762868075683964548e+02
3.628607103422826299e+02 2.771024609473851683e+02
3.624367042589505559e+02 2.779172201533394286e+02
3.620011509921814650e+02 2.787313648969891346e+02
3.615543764767933226e+02 2.795450588318444716e+02
3.610966087680452006e+02 2.803586939799950528e+02
3.606282030104868568e+02 2.811723519835064735e+02
3.601490995013725183e+02 2.819861313364545481e+02
3.596592767705830056e+02 2.827997692535790861e+02
3.591586220723048086e+02 2.836131880811948349e+02
3.586471751041682978e+02 2.844260991265657594e+02
3.581249265202748688e+02 2.852383091930807382e+02
3.575918643748561294e+02 2.860495132798827740e+02
3.570479204214358333e+02 2.868592781059094818e+02
3.564930389620478195e+02 2.876671552454074572e+02
3.559271953886673145e+02 2.884726754156775428e+02
3.553503829450800708e+02 2.892753717158417430e+02
3.547626213094966374e+02 2.900747328642510752e+02
3.541638770356428836e+02 2.908701677032103134e+02
3.535541071530653880e+02 2.916610556369770961e+02
3.529332898798009523e+02 2.924467659073916934e+02
3.523014205261779352e+02 2.932266578237480417e+02
3.516585050345865398e+02 2.940000855715476291e+02
3.510045575963433180e+02 2.947663931569357487e+02
3.503395921414581835e+02 2.955249486978614755e+02
3.496636391169097351e+02 2.962750895969468843e+02
3.489767198236518198e+02 2.970161760385890375e+02
3.482788593371850538e+02 2.977475566152875786e+02
3.475700884053002255e+02 2.984686057474032168e+02
3.468504712925109175e+02 2.991787449479268162e+02
3.461200823493140319e+02 2.998774327003119424e+02
3.453789825336262993e+02 3.005641262800068603e+02
3.446272171916745606e+02 3.012382883930169442e+02
3.438648385362623117e+02 3.018994101216865715e+02
3.430921826206320588e+02 3.025474215933571713e+02
3.423098840206528166e+02 3.031827296375131482e+02
3.415185615652620186e+02 3.038057828997987713e+02
3.407188026865745201e+02 3.044170473265938881e+02
3.399111700387596215e+02 3.050170056536169341e+02
3.390961953986459321e+02 3.056061530390533676e+02
3.382743784197564310e+02 3.061849863530173366e+02
3.374461943286837027e+02 3.067540120001189052e+02
3.366120972227646462e+02 3.073137478880960316e+02
3.357725216557716408e+02 3.078647226321390349e+02
3.349278839658898619e+02 3.084074745327685605e+02
3.340785799057115923e+02 3.089425450383646421e+02
3.332249866116682711e+02 3.094704789271938807e+02
3.323674675585469345e+02 3.099918292807255398e+02
3.315063740082472918e+02 3.105071573349882215e+02
3.306420468019439340e+02 3.110170323639341063e+02
3.297748174928897242e+02 3.115220322794662593e+02
3.289050113626049665e+02 3.120227451979757234e+02
3.280329238156353995e+02 3.125197541957691101e+02
3.271586015202251474e+02 3.130134796338284673e+02
3.262820821136469363e+02 3.135041365022909190e+02
3.254034905425482407e+02 3.139918775366234058e+02
3.245229615616792103e+02 3.144768580855816253e+02
3.236406361694467364e+02 3.149592354519235187e+02
3.227566577267981529e+02 3.154391636197784692e+02
3.218711717811632980e+02 3.159167935931158127e+02
3.209843254931879528e+02 3.163922735034596485e+02
3.200962908428654146e+02 3.168657849927610073e+02
3.192073003121556667e+02 3.173375990020807080e+02
3.183175958478310008e+02 3.178079991189378575e+02
3.174274189123956944e+02 3.182772683869338834e+02
3.165370097866103265e+02 3.187456884485564501e+02
3.156466062772026362e+02 3.192135407118268517e+02
3.147564385551270334e+02 3.196810988896913273e+02
3.138667307109590752e+02 3.201486306705753577e+02
3.129777018518855130e+02 3.206164085807538981e+02
3.120895685855184070e+02 3.210847028601232864e+02
3.112025406659415125e+02 3.215537878345638774e+02
3.103168175214642588e+02 3.220239349392377903e+02
3.094325842132990374e+02 3.224954018861531608e+02
3.085500176613157350e+02 3.229684458291649776e+02
3.076692833017357884e+02 3.234433341580858610e+02
3.067905422891515173e+02 3.239203341254896031e+02
3.059139446849379738e+02 3.243997180851662847e+02
3.050396278555023741e+02 3.248817594998363916e+02
3.041677172145278405e+02 3.253667350642086831e+02
3.032983269320002933e+02 3.258549264657605704e+02
3.024315565664878136e+02 3.263466251247330092e+02
3.015674957622471197e+02 3.268421261649880876e+02
3.007062270253199472e+02 3.273417465494318890e+02
2.998478317878200983e+02 3.278458350602224982e+02
2.989923764528701327e+02 3.283547508131530890e+02
2.981399100482488507e+02 3.288688611050164923e+02
2.972904632995347924e+02 3.293885416313752330e+02
2.964439859883956387e+02 3.299140636965675526e+02
2.955999975718821133e+02 3.304449406415418480e+02
2.947578476559584715e+02 3.309803660858691501e+02
2.939168935870132486e+02 3.315195240778616039e+02
2.930764986829351528e+02 3.320615962219136463e+02
2.922360405376232961e+02 3.326057522076503119e+02
2.913948944303203348e+02 3.331511269557073547e+02
2.905524316268536609e+02 3.336968072368068192e+02
2.897080398128281331e+02 3.342418661868519507e+02
2.888611265563146162e+02 3.347853657321722380e+02
2.880111212769779172e+02 3.353263561554920784e+02
2.871574743359399804e+02 3.358638679743887678e+02
2.862996501752927543e+02 3.363968978911005934e+02
2.854371392242132970e+02 3.369244174298342500e+02
2.845694622714701154e+02 3.374453852852072941e+02
2.836961733109022248e+02 3.379587471789968163e+02
2.828168618474130085e+02 3.384634366348730623e+02
2.819311625874534002e+02 3.389583945665332294e+02
2.810387579719863993e+02 3.394425737676547783e+02
2.801393687992812715e+02 3.399149165323886450e+02
2.792327611580383291e+02 3.403743562990281930e+02
2.783187408832062602e+02 3.408198171191971255e+02
2.773971619675975262e+02 3.412502252560517491e+02
2.764679406197268463e+02 3.416645489022137099e+02
2.755310419354750024e+02 3.420617641714625847e+02
2.745864758565972465e+02 3.424408429005567314e+02
2.736342944649071001e+02 3.428007528790666356e+02
2.726746103728629578e+02 3.431404870805019982e+02
2.717077524099998982e+02 3.434596380489846865e+02
2.707342330405646749e+02 3.437583985272528366e+02
2.697545703286562571e+02 3.440370020224507925e+02
2.687692663107741282e+02 3.442956953046517583e+02
2.677788405440994097e+02 3.445347441722993267e+02
2.667837929973243263e+02 3.447544267579107782e+02
2.657845743273037442e+02 3.449549947624033734e+02
2.647816983045328811e+02 3.451367203956332901e+02
2.637755762488637288e+02 3.452998835959671169e+02
2.627666973443527922e+02 3.454447892723964628e+02
2.617554758869343914e+02 3.455717587664271946e+02
2.607423256808667702e+02 3.456811248427364376e+02
2.597276744200009944e+02 3.457732490412786888e+02
2.587119020057630223e+02 3.458485069259103284e+02
2.576953846205823879e+02 3.459072898985156712e+02
2.566785214766788386e+02 3.459500384577189607e+02
2.556616699617558481e+02 3.459772460209235305e+02
2.546451155266719866e+02 3.459894280266632336e+02
2.536291233206247000e+02 3.459870931538221726e+02
2.526139516958054685e+02 3.459707514211481794e+02
2.515998281061812918e+02 3.459408993885998029e+02
2.505869655975078274e+02 3.458980175161344164e+02
2.495755782887436851e+02 3.458426142072300991e+02
2.485658444366083017e+02 3.457751766228374777e+02
2.475579449182507972e+02 3.456962078896652315e+02
2.465520339976218906e+02 3.456061782658637753e+02
2.455482575897896425e+02 3.455055753800854745e+02
2.445467470771308456e+02 3.453947994442813751e+02
2.435476182154229434e+02 3.452741408780577217e+02
2.425509869087496782e+02 3.451438497189793679e+02
2.415569614806865957e+02 3.450041681141149752e+02
2.405656371473453703e+02 3.448553401622201591e+02
2.395771244053025555e+02 3.446975800578771896e+02
2.385914995221692152e+02 3.445311008911062345e+02
2.376088613697966991e+02 3.443560869011752175e+02
2.366292959072335975e+02 3.441727122658201097e+02
2.356528694777619819e+02 3.439811521299964170e+02
2.346796859827676087e+02 3.437815528403433518e+02
2.337097801709280418e+02 3.435740651118037476e+02
2.327432716435468762e+02 3.433587873189483162e+02
2.317801792894399853e+02 3.431358281061043272e+02
2.308206166244053179e+02 3.429052668570305400e+02
2.298646146960691965e+02 3.426671811654184694e+02
2.289122427779162194e+02 3.424216349279037672e+02
2.279635908157595736e+02 3.421686568502375394e+02
2.270186780404397098e+02 3.419082664812059420e+02
2.260775821470325013e+02 3.416404695906527991e+02
2.251403613525705225e+02 3.413652536255700056e+02
2.242070703020091287e+02 3.410825905711593578e+02
2.232777608105533034e+02 3.407924378524501776e+02
2.223524813329705978e+02 3.404947383285807518e+02
2.214312771937792377e+02 3.401894172943809167e+02
2.205141904007368225e+02 3.398763812946043004e+02
2.196012593996262012e+02 3.395555170593727325e+02
2.186925703434318109e+02 3.392266561623172834e+02
2.177881762749775874e+02 3.388894151985273311e+02
2.168882878835324846e+02 3.385433366663176571e+02
2.159930390402254261e+02 3.381879303673681534e+02
2.151026772543361574e+02 3.378227006792449174e+02
2.142173519279465665e+02 3.374471170618660381e+02
2.133373241179656645e+02 3.370606653847891607e+02
2.124628338427010306e+02 3.366628147702531919e+02
2.115941410691388000e+02 3.362530188779843456e+02
2.107315273283629722e+02 3.358307156668063271e+02
2.098752969819985310e+02 3.353953283935638296e+02
2.090257849526231837e+02 3.349462673344218615e+02
2.081833801082543403e+02 3.344829306813709309e+02
2.073483998832694510e+02 3.340046859759661402e+02
2.065213422565228996e+02 3.335109359587684139e+02
2.057025742872912133e+02 3.330010254130808107e+02
2.048926341651498717e+02 3.324743496196503543e+02
2.040920025275121077e+02 3.319302671727405709e+02
2.033012168125875689e+02 3.313681652656526921e+02
2.025208614191003846e+02 3.307874493258419193e+02
2.017515443267323008e+02 3.301875410044158343e+02
2.009939059351602850e+02 3.295678937360418672e+02
