2.007211387425329860e+02 3.285012524737439890e+02
2.001141485143546674e+02 3.277585635095294947e+02
1.995275408880556256e+02 3.269998270325218073e+02
1.989611725078170821e+02 3.262255701741726739e+02
1.984149979503927455e+02 3.254364867879027088e+02
1.978889287382248483e+02 3.246332721941127488e+02
1.973828371824901922e+02 3.238166185373830217e+02
1.968965647212906163e+02 3.229872128592884337e+02
1.964299432550282916e+02 3.221457410679390136e+02
1.959827114340985759e+02 3.212928266912289246e+02
1.955546665277176146e+02 3.204291525180958047e+02
1.951455279506720615e+02 3.195553178019030156e+02
1.947550441605275751e+02 3.186719488518992875e+02
1.943829020056299726e+02 3.177796008846895575e+02
1.940288199957350628e+02 3.168788566769340491e+02
1.936924976996510566e+02 3.159702511273844152e+02
1.933736271791514696e+02 3.150542940120908497e+02
1.930719016699997326e+02 3.141314770774895351e+02
1.927870112253373804e+02 3.132022656095963384e+02
1.925186472953707835e+02 3.122671039661719306e+02
1.922665043949193660e+02 3.113264152177937945e+02
1.920303063170680957e+02 3.103806248020100611e+02
1.918097356098384694e+02 3.094300736119645876e+02
1.916045345165617562e+02 3.084751672671793585e+02
1.914144049199749418e+02 3.075162099388976458e+02
1.912390885751019880e+02 3.065535524941801668e+02
1.910783369469619402e+02 3.055875104137323888e+02
1.909318889975109528e+02 3.046183542936793742e+02
1.907995142648127853e+02 3.036463752934534455e+02
1.906810575445728091e+02 3.026718308266229656e+02
1.905764177063024363e+02 3.016949675929259342e+02
1.904855099820425437e+02 3.007160320008297845e+02
1.904082457353787845e+02 2.997352434816683626e+02
1.903445534312706400e+02 2.987528402579018802e+02
1.902943809895234608e+02 2.977690615858406318e+02
1.902576759009809848e+02 2.967841189204055468e+02
1.902343951265252429e+02 2.957982332935149543e+02
1.902245157921801990e+02 2.948116383614320739e+02
1.902280093663286493e+02 2.938245345591306545e+02
1.902448646326909341e+02 2.928371498708178251e+02
1.902750817382014361e+02 2.918497046091329139e+02
1.903186564408090362e+02 2.908623990359118920e+02
1.903756038243612352e+02 2.898754657351785795e+02
1.904459471066360265e+02 2.888891231908647796e+02
1.905297060865947003e+02 2.879035765888310721e+02
1.906269132754974009e+02 2.869190562516063778e+02
1.907376077044810643e+02 2.859357855056559288e+02
1.908618393933467132e+02 2.849539977269687938e+02
1.909996559333693540e+02 2.839739098184399495e+02
1.911511128440241976e+02 2.829957598362875615e+02
1.913162721094597600e+02 2.820197868499560059e+02
1.914951978170347502e+02 2.810462330536410605e+02
1.916879576866716093e+02 2.800753457216649167e+02
1.918946270168853800e+02 2.791073830799427924e+02
1.921152826662764141e+02 2.781425988833092902e+02
1.923499995459832235e+02 2.771812572997979487e+02
1.925986171416693935e+02 2.762235794710173877e+02
1.928606287407864670e+02 2.752696976798338824e+02
1.931355118325274702e+02 2.743197269212939204e+02
1.934227539399375075e+02 2.733737570830390382e+02
1.937218490422871184e+02 2.724318543886165003e+02
1.940323045367731822e+02 2.714940864568576444e+02
1.943536543627108983e+02 2.705605233773845839e+02
1.946854389396031877e+02 2.696311620963992368e+02
1.950272119222631773e+02 2.687060579024881122e+02
1.953785445415052493e+02 2.677852074131558879e+02
1.957390197798149245e+02 2.668686161299308424e+02
1.961082409071933625e+02 2.659562629001129608e+02
1.964858359369200969e+02 2.650481581456637628e+02
1.968714514776336557e+02 2.641442379415654500e+02
1.972647433018796903e+02 2.632444849354874350e+02
1.976653920550404564e+02 2.623488528692251975e+02
1.980730980854184224e+02 2.614572858853126149e+02
1.984875780370262817e+02 2.605696158551371013e+02
1.989085254848579041e+02 2.596854994928213500e+02
1.993355734044346264e+02 2.588046962966348019e+02
1.997683496627960267e+02 2.579269632114430806e+02
2.002064861640496645e+02 2.570520579467508924e+02
2.006496159116661602e+02 2.561796538077051650e+02
2.010973510931380019e+02 2.553094510607663210e+02
2.015493208283981517e+02 2.544410884235784920e+02
2.020051538793662473e+02 2.535742191105935603e+02
2.024644968703461529e+02 2.527084238569007937e+02
2.029271639759090533e+02 2.518434139542852677e+02
2.033936146863902081e+02 2.509792693608663114e+02
2.038644407149760696e+02 2.501161501485270833e+02
2.043402015159720975e+02 2.492542699866574480e+02
2.048214384654499725e+02 2.483938627315334884e+02
2.053086717376335173e+02 2.475351867032346718e+02
2.058024166719621633e+02 2.466785378380629368e+02
2.063031796691240345e+02 2.458242476984487439e+02
2.068114420709170247e+02 2.449726721708507853e+02
2.073276595393998605e+02 2.441241899129118167e+02
2.078522620929873028e+02 2.432792010696511795e+02
2.083856613469415606e+02 2.424381328539618892e+02
2.089282645695895440e+02 2.416014472706040408e+02
2.094804560339340469e+02 2.407696215762710779e+02
2.100425929228517248e+02 2.399431570457765019e+02
2.106150095474013995e+02 2.391225685568309984e+02
2.111980165791020170e+02 2.383083851170203786e+02
2.117919018891257110e+02 2.375011483422671574e+02
2.123969338760235814e+02 2.367014144786065231e+02
2.130133564703171771e+02 2.359097411025504982e+02
2.136413948035178976e+02 2.351267003529338524e+02
2.142812569906486999e+02 2.343528703585969879e+02
2.149331306346518033e+02 2.335888315247111962e+02
2.155971790499398253e+02 2.328351599427510337e+02
2.162735506732013278e+02 2.320924336138668025e+02
2.169623819516055789e+02 2.313612328247855885e+02
2.176637992574946736e+02 2.306421395741528784e+02
2.183778612466913387e+02 2.299356754098511146e+02
2.191040605816526750e+02 2.292417557854467134e+02
2.198415808996972487e+02 2.285599244275965134e+02
2.205896262584432463e+02 2.278896926664874911e+02
2.213474253204658169e+02 2.272305458178072115e+02
2.221142303442981927e+02 2.265819448253195958e+02
2.228893157341264271e+02 2.259433272747160970e+02
2.236719798671892079e+02 2.253141105462995029e+02
2.244615427753354879e+02 2.246936928094066559e+02
2.252573454393263148e+02 2.240814544128551802e+02
2.260587497740884260e+02 2.234767603200868962e+02
2.268651369973097474e+02 2.228789612105326512e+02
2.276759017858887830e+02 2.222873884055889278e+02
2.284904578089470419e+02 2.217013626707903029e+02
2.293082369644107530e+02 2.211201975664040731e+02
2.301286818579458782e+02 2.205431887095548973e+02
2.309512530423030228e+02 2.199696316729765897e+02
2.317754235459790948e+02 2.193988101390873453e+02
2.326006809147540082e+02 2.188300078347380406e+02
2.334265233237424582e+02 2.182624998727181662e+02
2.342524594500471267e+02 2.176955618694450436e+02
2.350780062927802589e+02 2.171284592261067985e+02
2.359026886220760844e+02 2.165604624879726714e+02
2.367260400516000516e+02 2.159908365618046560e+02
2.375475991126278927e+02 2.154188470821070780e+02
2.383669091993758684e+02 2.148437606272967457e+02
2.391835179617849008e+02 2.142648452820361342e+02
2.399969807917361209e+02 2.136813733015279126e+02
2.408070704685275985e+02 2.130929283087913575e+02
2.416138512532301661e+02 2.124995145945483443e+02
2.424174019381681262e+02 2.119011730962070033e+02
2.432177950290572142e+02 2.112979515649360565e+02
2.440150970702222821e+02 2.106899042258204133e+02
2.448093694455961042e+02 2.100770921396597259e+02
2.456006706434527018e+02 2.094595857155836711e+02
2.463890549136984589e+02 2.088374620367622470e+02
2.471745718259203954e+02 2.082108034601752991e+02
2.479572666783880663e+02 2.075796974654309963e+02
2.487372195402423642e+02 2.069442878185689665e+02
2.495146664192576509e+02 2.063048812934643479e+02
2.502899063522155529e+02 2.056618111509544917e+02
2.510632429245300443e+02 2.050154084350504320e+02
2.518349821892159639e+02 2.043660027312700720e+02
2.526054302753189802e+02 2.037139215133969685e+02
2.533749000744153648e+02 2.030594963154675554e+02
2.541437176282501298e+02 2.024030763385140119e+02
2.549122096250779066e+02 2.017450148655885869e+02
2.556807100068579075e+02 2.010856662221571014e+02
2.564495471259531314e+02 2.004253868703815726e+02
2.572190526595294386e+02 1.997645344617717171e+02
2.579895711640664899e+02 1.991034805359074369e+02
2.587614405520233163e+02 1.984426119092221654e+02
2.595350158803669274e+02 1.977823151588906114e+02
2.603106362895763368e+02 1.971229857059060180e+02
2.610886463502297374e+02 1.964650201041776256e+02
2.618694782329334885e+02 1.958089472304386049e+02
2.626538019088611691e+02 1.951557371655187012e+02
2.634423576249344592e+02 1.945064515056051562e+02
2.642358582329596288e+02 1.938621724941006619e+02
2.650349933277257719e+02 1.932239977538973790e+02
2.658404498741573434e+02 1.925930278760861256e+02
2.666528278799113423e+02 1.919702861437762351e+02
2.674726486098375062e+02 1.913567381399415410e+02
2.683004323214656210e+02 1.907533563825755891e+02
2.691366723919985589e+02 1.901611355682621820e+02
2.699818417225367284e+02 1.895810895237827935e+02
2.708363589414544776e+02 1.890142433174966641e+02
2.717006157178389572e+02 1.884615925105953806e+02
2.725749630178028156e+02 1.879241517317373109e+02
2.734597203087917592e+02 1.874029578601940216e+02
2.743551728817031972e+02 1.868990708539612342e+02
2.752615739547607632e+02 1.864135842396579505e+02
2.761791932935091722e+02 1.859477295691161203e+02
2.771082897700438252e+02 1.855028388259607084e+02
2.780490771441891980e+02 1.850802726501219411e+02
2.790017061260101627e+02 1.846814243412652559e+02
2.799662457913564708e+02 1.843077215488266347e+02
2.809428095499829965e+02 1.839607957014098929e+02
2.819316398287841139e+02 1.836427207989504780e+02
2.829328016661877427e+02 1.833556893714205955e+02
2.839463816866895627e+02 1.831018990641601079e+02
2.849722261496609690e+02 1.828836203036024983e+02
2.860100804811841044e+02 1.827028989177363201e+02
2.870586067747914853e+02 1.825596786642780955e+02
2.881160830690560601e+02 1.824527182151495026e+02
2.891807654142712067e+02 1.823807531527480421e+02
2.902509163522209406e+02 1.823424919571583587e+02
2.913248096533068860e+02 1.823366026188193985e+02
2.924005888686542107e+02 1.823611965533663977e+02
2.934761527434484378e+02 1.824133867648356500e+02
2.945494835929616215e+02 1.824901209721916757e+02
2.956186940587838876e+02 1.825882827228766701e+02
2.966820439742331246e+02 1.827046764489249995e+02
2.977379668084219588e+02 1.828360772431804548e+02
2.987851272769296429e+02 1.829794758847568232e+02
2.998224094519711116e+02 1.831319062781646494e+02
3.008488814919553533e+02 1.832903411303934433e+02
3.018637928510908068e+02 1.834517084242870624e+02
3.028666590467485094e+02 1.836128744978173586e+02
3.038573188340994307e+02 1.837713872157639230e+02
3.048359215385625021e+02 1.839258739498309865e+02
3.058028929070944741e+02 1.840749927179445535e+02
3.067586885847448457e+02 1.842174191667387504e+02
3.077039491723442666e+02 1.843518196682879875e+02
3.086394873436624948e+02 1.844769085787322354e+02
3.095663359191754012e+02 1.845916762656767673e+02
3.104856062211599124e+02 1.846952430757007164e+02
3.113985768259689735e+02 1.847867539754826964e+02
3.123066653173221425e+02 1.848653889991865356e+02
3.132114250353824900e+02 1.849304031164159312e+02
3.141144423473601819e+02 1.849822311368297676e+02
3.150173143536604243e+02 1.850227577049988952e+02
3.159214651789912409e+02 1.850540025929684589e+02
3.168282093889344537e+02 1.850780266701427763e+02
3.177391822789027742e+02 1.850968892380626016e+02
3.186567891198158122e+02 1.851125333317797299e+02
3.195820455716435049e+02 1.851266821286099571e+02
3.205152821900803133e+02 1.851410046944264138e+02
3.214568818585742065e+02 1.851571848423639324e+02
3.224068864010846482e+02 1.851768831474764170e+02
3.233653439779128007e+02 1.852017831802321837e+02
3.243318088127986698e+02 1.852341023396054425e+02
3.253056658423146814e+02 1.852766331723779274e+02
3.262859548116820747e+02 1.853321151219236071e+02
3.272715426338282327e+02 1.854032322639849326e+02
3.282611136697502161e+02 1.854926001106059346e+02
3.292531370370928130e+02 1.856028516750108679e+02
3.302457650640533871e+02 1.857368858533250773e+02
3.312369274230640031e+02 1.858975872162236271e+02
3.322243715969837581e+02 1.860877385995438829e+02
3.332056735349445376e+02 1.863100177519301610e+02
3.341782521866331308e+02 1.865669844290148376e+02
3.351394518750844895e+02 1.868609169681610922e+02
3.360866045885643416e+02 1.871938191205265980e+02
3.370168900864868533e+02 1.875675915852500850e+02
3.379273972530683068e+02 1.879840323613903195e+02
3.388151095524674474e+02 1.884448285111294297e+02
3.396775607966977759e+02 1.889504904357648627e+02
3.405142787823614867e+02 1.894982355248550618e+02
3.413253592908512815e+02 1.900847092037598145e+02
3.421110729294320549e+02 1.907066395236314236e+02
3.428718602914332791e+02 1.913608383116048799e+02
3.436083530336036915e+02 1.920441818384362875e+02
3.443213972760191268e+02 1.927535390661037695e+02
3.450120479519665082e+02 1.934858042821542199e+02
3.456815136498456695e+02 1.942379656532956176e+02
3.463311481164491852e+02 1.950071089351168609e+02
3.469624433537734376e+02 1.957904197367208496e+02
3.475770037527489649e+02 1.965852086192956847e+02
3.481765090802230702e+02 1.973889457134451391e+02
3.487627475245840856e+02 1.981992120934046397e+02
3.493376178194656632e+02 1.990136928879864797e+02
3.499031192807042885e+02 1.998301773381402597e+02
3.504613187831541268e+02 2.006465936882277390e+02
3.510140924588118310e+02 2.014613161679853022e+02
3.515631657368654714e+02 2.022729769941662425e+02
3.521103303153321917e+02 2.030803049454037534e+02
3.526574116057899460e+02 2.038821025839129675e+02
3.532063759562612972e+02 2.046773221070804709e+02
3.537591415184043626e+02 2.054649618915023268e+02
3.543176069928166498e+02 2.062441517205861317e+02
3.548838278129715036e+02 2.070142135715693712e+02
3.554597961160359887e+02 2.077744629166117818e+02
3.560475563658534952e+02 2.085243341490811702e+02
3.566490815146268005e+02 2.092635979684940253e+02
3.572645510625987413e+02 2.099932555875216735e+02
3.578933835652451307e+02 2.107150408377481767e+02
3.585348601418592693e+02 2.114305826636984023e+02
3.591881913270855193e+02 2.121414749426234039e+02
3.598525848188502323e+02 2.128493310366889375e+02
3.605269660462625438e+02 2.135556724291165551e+02
3.612101658491421858e+02 2.142622347720134144e+02
3.619007807491332755e+02 2.149705411266664044e+02
3.625974591050755294e+02 2.156821872997783203e+02
3.632986933166615700e+02 2.163986000887684327e+02
3.640028807558148287e+02 2.171212509324282109e+02
3.647077600885626225e+02 2.178518001956803687e+02
3.654107667043525112e+02 2.185919269882126912e+02
3.661093388330574498e+02 2.193432109212287742e+02
3.668008740869818780e+02 2.201070059564098074e+02
3.674826759395229487e+02 2.208844161922878300e+02
3.681519357630589298e+02 2.216763801389748210e+02
3.688058343386892375e+02 2.224837052061962765e+02
3.694414619768837156e+02 2.233070666474387167e+02
3.700558822860784858e+02 2.241469851251098078e+02
3.706461030791896292e+02 2.250038609121263562e+02
3.712091796394117864e+02 2.258779117922320552e+02
3.717426012569350178e+02 2.267690393655884407e+02
3.722439795035188013e+02 2.276770322734927277e+02
3.727109140894299912e+02 2.286014830570167078e+02
3.731409965712484791e+02 2.295419611199934309e+02
3.735318468736622322e+02 2.304978732914983084e+02
3.738825694063761489e+02 2.314680742487506393e+02
3.741940105946195558e+02 2.324509855329873176e+02
3.744671488460788851e+02 2.334450306808295181e+02
3.747030108443885297e+02 2.344486780286726457e+02
3.749026639883254575e+02 2.354605009553155810e+02
3.750671544125209493e+02 2.364791431510722646e+02
3.751973521814277319e+02 2.375033166936728719e+02
3.752941046290313807e+02 2.385318120551815753e+02
3.753582833830471372e+02 2.395634725178799727e+02
3.753907837189505017e+02 2.405971790759764417e+02
3.753925292179863504e+02 2.416318566321056949e+02
3.753645661413139578e+02 2.426664625509495181e+02
3.753080589855833864e+02 2.436999941792696518e+02
3.752241967508886660e+02 2.447315045362952617e+02
3.751141873790475074e+02 2.457601033091126226e+02
3.749792561004533127e+02 2.467849574017116936e+02
3.748206983688966147e+02 2.478052889966923260e+02
3.746400116054620639e+02 2.488203760225438543e+02
3.744387461429994346e+02 2.498295700556935515e+02
3.742184543945433575e+02 2.508322989882794900e+02
3.739807061524725782e+02 2.518280716598372351e+02
3.737270763142204828e+02 2.528164832622659048e+02
3.734590770189075215e+02 2.537971937476428366e+02
3.731781997986072383e+02 2.547699707238164422e+02
3.728859206108822377e+02 2.557346392258126855e+02
3.725837140358579518e+02 2.566911291358541689e+02
3.722730360181828360e+02 2.576394341470740414e+02
3.719549749857388292e+02 2.585796404832283315e+02
3.716295735864547396e+02 2.595116917261106551e+02
3.712966929662111966e+02 2.604355534746412673e+02
3.709561935256468814e+02 2.613511852195513825e+02
3.706079286728219699e+02 2.622585050204078811e+02
3.702517425267190561e+02 2.631574368519636096e+02
3.698874429020538628e+02 2.640478882144346358e+02
3.695148134288422170e+02 2.649297502398884490e+02
3.691336356314309342e+02 2.658029017476083027e+02
3.687436900404189259e+02 2.666672096469908411e+02
3.683447569177857304e+02 2.675225293136746245e+02
3.679366173714402066e+02 2.683686660601557605e+02
3.675190368100055025e+02 2.692054940544308010e+02
3.670917935323547567e+02 2.700328427675365219e+02
3.666546825297654664e+02 2.708504412852055339e+02
3.662074632358672943e+02 2.716581742608912009e+02
3.657499413090562257e+02 2.724557815136313366e+02
3.652819221821229121e+02 2.732430697740825849e+02
3.648031863756251596e+02 2.740200133251952366e+02
3.643130822943893463e+02 2.747882549242314099e+02
3.638114058188033937e+02 2.755487664430737027e+02
3.632982531449684416e+02 2.763019717751297435e+02
3.627738606543918536e+02 2.770480260503236991e+02
3.622384061654946095e+02 2.777872817953969502e+02
3.616921066380701291e+02 2.785200422305767347e+02
3.611352401721975411e+02 2.792464847793217473e+02
3.605679599222555680e+02 2.799670363865457148e+02
3.599906028943399861e+02 2.806818136878296173e+02
3.594033787371037647e+02 2.813912495004783523e+02
3.588066849993869596e+02 2.820955129005284334e+02
3.582007520275158186e+02 2.827950350555287287e+02
3.575859691237720881e+02 2.834900080279753070e+02
3.569626150631354449e+02 2.841807746937819843e+02
3.563310204488310546e+02 2.848676417031539927e+02
3.556915522028918417e+02 2.855509071594542547e+02
3.550445589551848684e+02 2.862308884206606763e+02
3.543903896674171961e+02 2.869078952447723054e+02
3.537293695442288595e+02 2.875822632972728456e+02
3.530618545612306889e+02 2.882542937412183051e+02
3.523882119959627630e+02 2.889243156762220792e+02
3.517087984522066790e+02 2.895926820224897256e+02
3.510239690660497445e+02 2.902597416558852501e+02
3.503340803107559509e+02 2.909258341914485300e+02
3.496394832763427303e+02 2.915912965693709680e+02
3.489405471337998392e+02 2.922564584653462134e+02
3.482375888200222676e+02 2.929217343248475913e+02
3.475310101606667672e+02 2.935874444157045104e+02
3.468211315817717946e+02 2.942539824706230434e+02
3.461083211526741366e+02 2.949216886019024741e+02
3.453929007704043102e+02 2.955909505967122755e+02
3.446752608245989791e+02 2.962621119994013270e+02
3.439557183130498288e+02 2.969355944167162988e+02
3.432346505166308361e+02 2.976117595613845310e+02
3.425124163057925557e+02 2.982909747924343833e+02
3.417893363569830285e+02 2.989736193313731292e+02
3.410654956965767610e+02 2.996596611444097107e+02
3.403406939814069574e+02 3.003486590894292476e+02
3.396147312458843430e+02 3.010401399214649700e+02
3.388874230571871635e+02 3.017336164266333753e+02
3.381585908548125872e+02 3.024285988554160554e+02
3.374280519558944889e+02 3.031245515685466216e+02
3.366955483610055921e+02 3.038208090179595615e+02
3.359608103093230511e+02 3.045166697181761606e+02
3.352235752496014243e+02 3.052114273557754132e+02
3.344835857805632031e+02 3.059043724746041448e+02
3.337405870146611733e+02 3.065947931936551072e+02
3.329943138855395546e+02 3.072819604496707484e+02
3.322444904947475379e+02 3.079651314665573523e+02
3.314908377521197167e+02 3.086435661861394237e+02
3.307330715962098111e+02 3.093165294246671806e+02
3.299709008209068202e+02 3.099832930333161585e+02
3.292040354134462632e+02 3.106431528311278498e+02
3.284322061351447246e+02 3.112954648445013959e+02
3.276551267724246372e+02 3.119395849512621339e+02
3.268723489129376958e+02 3.125746495837748284e+02
3.260832258750560868e+02 3.131997124327522215e+02
3.252870742385381391e+02 3.138138475569384127e+02
3.244832332177506942e+02 3.144161471573922881e+02
3.236710624126962443e+02 3.150057137704141610e+02
3.228499317799928576e+02 3.155816418795411664e+02
3.220192231118239761e+02 3.161430166959425492e+02
3.211783319135704460e+02 3.166889139933898036e+02
3.203269676121920497e+02 3.172188558278910477e+02
3.194656189523765306e+02 3.177335240546667592e+02
3.185949072933839261e+02 3.182337755784035380e+02
3.177154648975255213e+02 3.187204592693162795e+02
3.168279326898038448e+02 3.191944161582097195e+02
3.159329617159654617e+02 3.196564844547708049e+02
3.150312313918343534e+02 3.201075316579783134e+02
3.141234387801656567e+02 3.205484408508529555e+02
3.132102843954520495e+02 3.209800952987345681e+02
3.122924700247766054e+02 3.214033739058116339e+02
3.113706965853187398e+02 3.218191563963797535e+02
3.104456666685848063e+02 3.222283309970342202e+02
3.095180878114296661e+02 3.226317993248323432e+02
3.085886630277319682e+02 3.230304657983741095e+02
3.076580843824604017e+02 3.234252456279757553e+02
3.067270379494971166e+02 3.238170559470552803e+02
3.057961913006728309e+02 3.242068126499284517e+02
3.048661509684707767e+02 3.245953618437000046e+02
3.039374854716381265e+02 3.249835188094648970e+02
3.030107480417157717e+02 3.253721072301366917e+02
3.020864708862845873e+02 3.257619657814478273e+02
3.011651706318343713e+02 3.261539405120830679e+02
3.002473078153430492e+02 3.265488345480769112e+02
2.993332641367359770e+02 3.269473658168995485e+02
2.984233932035442081e+02 3.273502554412788754e+02
2.975180245069158786e+02 3.277582381355753682e+02
2.966174616504169421e+02 3.281720628496776726e+02
2.957219096291854044e+02 3.285923635194736221e+02
2.948310725410583473e+02 3.290189082827582752e+02
2.939444522326966194e+02 3.294511034684019819e+02
2.930615537972689708e+02 3.298883494703092083e+02
2.921818742368271842e+02 3.303300529936283283e+02
2.913049239601935483e+02 3.307756124012188366e+02
2.904302380177921918e+02 3.312244725083357366e+02
2.895573891234830057e+02 3.316761437334441212e+02
2.886859556562881153e+02 3.321301392703730357e+02
2.878155199214543813e+02 3.325859694729246030e+02
2.869456691378393316e+02 3.330431414878592022e+02
2.860760029090484409e+02 3.335011542693144975e+02
2.852061120073809661e+02 3.339595234557224899e+02
2.843356146261357935e+02 3.344177514920826297e+02
2.834641320391953627e+02 3.348753391227816110e+02
2.825912950107044139e+02 3.353317828669822234e+02
2.817167449915496604e+02 3.357865740073165171e+02
2.808401266047681020e+02 3.362391769479153822e+02
2.799610880641390622e+02 3.366890246262688606e+02
2.790792953472467275e+02 3.371355406999708748e+02
2.781944240559358832e+02 3.375781495618236363e+02
2.773061757864579135e+02 3.380162665089325174e+02
2.764142666418283625e+02 3.384492919881672037e+02
2.755184177777342711e+02 3.388765773331090827e+02
2.746183700894234221e+02 3.392974566808794634e+02
2.737138898238548563e+02 3.397112595428423560e+02
2.728047716450890334e+02 3.401173085615434957e+02
2.718908341606640988e+02 3.405149324253236500e+02
2.709719633739849769e+02 3.409035842047655365e+02
2.700481054499626907e+02 3.412828411030749862e+02
2.691192261337600939e+02 3.416522875115354054e+02
2.681853134659825173e+02 3.420115028212223365e+02
2.672463658706478782e+02 3.423600796664303516e+02
2.663024087366180765e+02 3.426976156203429582e+02
2.653534927503167182e+02 3.430237004463907624e+02
2.643996743071405149e+02 3.433379606961515833e+02
2.634410441468515387e+02 3.436399944330019594e+02
2.624777005507820604e+02 3.439294346515733878e+02
2.615097674745439349e+02 3.442059059326511488e+02
2.605373835723710272e+02 3.444690460565041690e+02
2.595607107472690132e+02 3.447185228309010085e+02
2.585799246716929360e+02 3.449540049862758906e+02
2.575952181723018271e+02 3.451751719109482792e+02
2.566068214706346566e+02 3.453817480774924320e+02
2.556149866102272483e+02 3.455734980452406830e+02
2.546199546214953671e+02 3.457501926032355755e+02
2.536219666570272864e+02 3.459115936764672483e+02
2.526212769092940675e+02 3.460574643647456696e+02
2.516181318343013800e+02 3.461875541492236721e+02
2.506127792195203199e+02 3.463015961232098334e+02
2.496055001352007423e+02 3.463993383407342890e+02
2.485965421666095949e+02 3.464805009679940895e+02
2.475862065476734415e+02 3.465448198470839429e+02
2.465747569326674125e+02 3.465920010936161475e+02
2.455625172683649282e+02 3.466217697149569972e+02
2.445497721437508858e+02 3.466339671694250342e+02
2.435368591285384809e+02 3.466287974972748884e+02
2.425240716179593505e+02 3.466064953454737747e+02
2.415117102166316556e+02 3.465672904430530252e+02
2.405000783919200842e+02 3.465114182499963249e+02
2.394894433699399769e+02 3.464390864728474071e+02
2.384801075884514603e+02 3.463505165588085219e+02
2.374723352977425179e+02 3.462459063958435763e+02
2.364664003128644651e+02 3.461254476890285900e+02
2.354625824263434311e+02 3.459893384560729714e+02
2.344611322687635777e+02 3.458377450018233503e+02
2.334623372370826360e+02 3.456708624106206571e+02
2.324664377535563915e+02 3.454888433953245794e+02
2.314737184926527220e+02 3.452918737956814539e+02
2.304844237996276490e+02 3.450800962518464416e+02
2.294988275854270796e+02 3.448536706381021872e+02
2.285171884016558863e+02 3.446127417743088586e+02
2.275397655164321122e+02 3.443574367903734696e+02
2.265668299692455037e+02 3.440879015605696054e+02
2.255986427042356297e+02 3.438042601485395267e+02
2.246354715440260748e+02 3.435066279448300861e+02
2.236775871620503437e+02 3.431951115118499729e+02
2.227252629778228652e+02 3.428698091506915375e+02
2.217787752856168026e+02 3.425308112323296541e+02
2.208384037278119365e+02 3.421781990623472325e+02
2.199044315070013909e+02 3.418120447172968284e+02
2.189771455078592624e+02 3.414324109971449843e+02
2.180568569752894348e+02 3.410393084510441781e+02
2.171439281811941839e+02 3.406325843506136835e+02
2.162387889022629111e+02 3.402119966714094517e+02
2.153418730170162974e+02 3.397773126516045750e+02
2.144536662166019880e+02 3.393282836015684438e+02
2.135746447592552499e+02 3.388646776344503451e+02
2.127053395524107202e+02 3.383862584508959799e+02
2.118463010410766572e+02 3.378927905635322304e+02
2.109981063141364359e+02 3.373840465168802325e+02
2.101613587778754493e+02 3.368598096183190478e+02
2.093366875435538930e+02 3.363198767529215161e+02
2.085247505837200492e+02 3.357640600085738924e+02
2.077262504984611837e+02 3.351921839348501067e+02
2.069418510480677753e+02 3.346040988895679220e+02
2.061723314074930045e+02 3.339996878470085448e+02
2.054183824693648148e+02 3.333788478322043147e+02
2.046808051766473113e+02 3.327415304001125946e+02
2.039603457183601449e+02 3.320877026854884093e+02
2.032577679313603198e+02 3.314173844181062805e+02
2.025738465300347286e+02 3.307306408938530353e+02
2.019093393913169052e+02 3.300275783987173099e+02
2.012649879593213598e+02 3.293083521860524456e+02
