2.009341596374404446e+02 3.283088665901822196e+02
2.003234706311354500e+02 3.275804290709309612e+02
1.997242528884344495e+02 3.268420766243928028e+02
1.991364684909843561e+02 3.260930660114242983e+02
1.985603241731261619e+02 3.253329276260926690e+02
1.979960928958593627e+02 3.245612763234394720e+02
1.974441075278265032e+02 3.237778120034717517e+02
1.969047585705425547e+02 3.229823209938023751e+02
1.963785040588752793e+02 3.221746802671224259e+02
1.958657770915014282e+02 3.213547990550800364e+02
1.953671246221258286e+02 3.205227335907226802e+02
1.948830659884330032e+02 3.196785500069406680e+02
1.944141956183885895e+02 3.188224149977370985e+02
1.939611174881342492e+02 3.179545040120212320e+02
1.935244945027000085e+02 3.170750857780817569e+02
1.931049927879620896e+02 3.161844629721498450e+02
1.927032857716456817e+02 3.152829868733900298e+02
1.923200575529875209e+02 3.143710559820960384e+02
1.919560066001234020e+02 3.134491037825754916e+02
1.916118435335032473e+02 3.125175994402537754e+02
1.912882815264451040e+02 3.115770463480897092e+02
1.909860552162334670e+02 3.106279823209254687e+02
1.907058650229613477e+02 3.096709579410651827e+02
1.904484457684112328e+02 3.087065688734143691e+02
1.902144898725491942e+02 3.077354192619417859e+02
1.900047079235384899e+02 3.067581457656933708e+02
1.898198134011770151e+02 3.057753986310053733e+02
1.896605007443435511e+02 3.047878457622477981e+02
1.895273872322015620e+02 3.037961857508021808e+02
1.894201311938402910e+02 3.028012253558479188e+02
1.893377829020913339e+02 3.018037799190809096e+02
1.892793798724103738e+02 3.008045898512797294e+02
1.892439419220416994e+02 2.998043223768949019e+02
1.892304918053694678e+02 2.988035783588234722e+02
1.892380598606709157e+02 2.978028961178511054e+02
1.892656642903141062e+02 2.968027509032673379e+02
1.893123262830641806e+02 2.958035622675773766e+02
1.893770840181023516e+02 2.948057005595523492e+02
1.894589684964257401e+02 2.938094770510692229e+02
1.895570276781511723e+02 2.928151636307663921e+02
1.896703200132646145e+02 2.918229862953599536e+02
1.897979003354575696e+02 2.908331178827059489e+02
1.899388469329947213e+02 2.898457065247562241e+02
1.900922503087136590e+02 2.888608556436849426e+02
1.902572025901804977e+02 2.878786205776930274e+02
1.904328226837442344e+02 2.868990379791251826e+02
1.906182556836008928e+02 2.859221067990872598e+02
1.908126666524448467e+02 2.849478016273066601e+02
1.910152264046831760e+02 2.839760482138282782e+02
1.912251229396366057e+02 2.830067587741974648e+02
1.914415634386947147e+02 2.820398149845649982e+02
1.916637886113944091e+02 2.810750729294367147e+02
1.918910628146903434e+02 2.801123640321906691e+02
1.921226696928426065e+02 2.791515004647145588e+02
1.923579074610192094e+02 2.781922567947779612e+02
1.925960996767645952e+02 2.772343900581329308e+02
1.928370681107219582e+02 2.762777470285700474e+02
1.930813507207836039e+02 2.753223352062867093e+02
1.933295509227300784e+02 2.743682095552674127e+02
1.935822782069570565e+02 2.734154439114722095e+02
1.938401433338592028e+02 2.724641327556236092e+02
1.941037611036382771e+02 2.715144170056034341e+02
1.943737512935311429e+02 2.705664781442991966e+02
1.946507275358957259e+02 2.696204635878503950e+02
1.949353073598757078e+02 2.686766219687605144e+02
1.952281158815323465e+02 2.677351845594935185e+02
1.955297789083572582e+02 2.667964325024564118e+02
1.958409269658194773e+02 2.658606629702248938e+02
1.961622004684082015e+02 2.649282402949700099e+02
1.964942395124150494e+02 2.639995070922664695e+02
1.968376800182764157e+02 2.630748868211607601e+02
1.971931630652794354e+02 2.621548220294961311e+02
1.975613288130065257e+02 2.612397919987079149e+02
1.979427994740487691e+02 2.603302379678570446e+02
1.983381278288340468e+02 2.594265182445569735e+02
1.987477915684557672e+02 2.585291068248507145e+02
1.991722363918491396e+02 2.576385147761830581e+02
1.996118848957696059e+02 2.567552918243845284e+02
2.000671275747059212e+02 2.558799656982880606e+02
2.005383164113687542e+02 2.550131185973967831e+02
2.010257810166236254e+02 2.541553225395064715e+02
2.015298217933463434e+02 2.533071913972506763e+02
2.020507153091187149e+02 2.524693146664878043e+02
2.025884655390302100e+02 2.516421869717110269e+02
2.031422006229554995e+02 2.508257720202609562e+02
2.037108618670230271e+02 2.500198418237451676e+02
2.042933967975356211e+02 2.492241375713210800e+02
2.048887718036152989e+02 2.484383443766895709e+02
2.054959717750450068e+02 2.476620955831605784e+02
2.061140129095439022e+02 2.468949836822272630e+02
2.067419415344275819e+02 2.461365610033405176e+02
2.073788245176464216e+02 2.453863343374935653e+02
2.080237499165367865e+02 2.446437663889732050e+02
2.086758277999499285e+02 2.439082775994982910e+02
2.093342008752079551e+02 2.431792590912118612e+02
2.099980666966630451e+02 2.424560888255888926e+02
2.106666543183287104e+02 2.417381026773065855e+02
2.113392067843660698e+02 2.410246187895907326e+02
2.120149925602936491e+02 2.403149205922296119e+02
2.126933026482841171e+02 2.396082643599257267e+02
2.133734614256985651e+02 2.389038915499817790e+02
2.140548183665611930e+02 2.382010380602053772e+02
2.147367571865606806e+02 2.374988897858741552e+02
2.154186620346229120e+02 2.367966407210872433e+02
2.160999421342384608e+02 2.360934594841748151e+02
2.167800008900199771e+02 2.353884772112182873e+02
2.174582038764108631e+02 2.346807565882530469e+02
2.181339262351274897e+02 2.339693378353865683e+02
2.188065596080802777e+02 2.332532487206792382e+02
2.194755104911101569e+02 2.325315075264427946e+02
2.201402722725952685e+02 2.318031893139959436e+02
2.208010322519636759e+02 2.310681134485428743e+02
2.214583628650036360e+02 2.303265456318992790e+02
2.221128151169780551e+02 2.295787844361167060e+02
2.227649138597888623e+02 2.288251556669281968e+02
2.234151602140910029e+02 2.280660092060768704e+02
2.240640722613812841e+02 2.273017613876032783e+02
2.247122199871695614e+02 2.265329467903407590e+02
2.253601580146412005e+02 2.257601327522243082e+02
2.260084162680357451e+02 2.249839079037914473e+02
2.266575012672976186e+02 2.242048821120024513e+02
2.273079093171325269e+02 2.234236957528971459e+02
2.279601967842096997e+02 2.226411009581803739e+02
2.286149342826160478e+02 2.218579219715635418e+02
2.292726764738631857e+02 2.210750007838712463e+02
2.299339543148564360e+02 2.202931855259936640e+02
2.305992856868611511e+02 2.195133450135562896e+02
2.312691631510031414e+02 2.187363480543378103e+02
2.319440605643139008e+02 2.179630627607236306e+02
2.326244344280343341e+02 2.171943642725703967e+02
2.333107385725305392e+02 2.164311346671870240e+02
2.340034067411523324e+02 2.156742636686552714e+02
2.347028650623352348e+02 2.149246215538232434e+02
2.354094255174338173e+02 2.141829535221094432e+02
2.361233647661343014e+02 2.134499513527237298e+02
2.368449621014543425e+02 2.127263066536911822e+02
2.375744999090606768e+02 2.120127111226468060e+02
2.383122491001250580e+02 2.113098531674886544e+02
2.390583247586510254e+02 2.106181759862998888e+02
2.398126184010963584e+02 2.099377965382117850e+02
2.405750155573913958e+02 2.092688027948532294e+02
2.413454124874882609e+02 2.086112767115935469e+02
2.421237162382505801e+02 2.079652943805727716e+02
2.429098498717266637e+02 2.073309336649499528e+02
2.437037736603251687e+02 2.067083051409874770e+02
2.445054668973043306e+02 2.060975262509303718e+02
2.453149195451709943e+02 2.054987092063027490e+02
2.461321327970715913e+02 2.049119608595828481e+02
2.469573251326461047e+02 2.043373234822790323e+02
2.477912762596543246e+02 2.037748291505660347e+02
2.486344066643648318e+02 2.032249412365578110e+02
2.494870134024545223e+02 2.026882143250790307e+02
2.503493794494004874e+02 2.021652124133448751e+02
2.512217665448821720e+02 2.016565112340320240e+02
2.521044547063233665e+02 2.011627273357707111e+02
2.529978018628875134e+02 2.006846370143753120e+02
2.539021641235625850e+02 2.002230689971632955e+02
2.548178942150375974e+02 1.997788585269358919e+02
2.557453071658520685e+02 1.993528623265724491e+02
2.566847034712902200e+02 1.989459476425047342e+02
2.576363727301109634e+02 1.985590069327864455e+02
2.586005656827187522e+02 1.981929642684365547e+02
2.595775292306365145e+02 1.978487532593110529e+02
2.605674622547040826e+02 1.975273327206274985e+02
2.615705407589728111e+02 1.972296755501678263e+02
2.625865161374853756e+02 1.969561439256540609e+02
2.636137898029712119e+02 1.967049969787535417e+02
2.646505120152148720e+02 1.964740439969118313e+02
2.656948452637893752e+02 1.962610833255035345e+02
2.667449749618077135e+02 1.960638932583592293e+02
2.677991028745280460e+02 1.958802225607529124e+02
2.688553122167517131e+02 1.957075477011970293e+02
2.699116161082337726e+02 1.955431149885705508e+02
2.709660677486807003e+02 1.953841422928752536e+02
2.720167773206766242e+02 1.952278139748096066e+02
2.730619148852151170e+02 1.950712817843912035e+02
2.740999332103813231e+02 1.949120092335230652e+02
2.751298744347897696e+02 1.947484246781355921e+02
2.761509245609724985e+02 1.945790945060023205e+02
2.771623179939105626e+02 1.944025609340006326e+02
2.781633419439664863e+02 1.942173407875132796e+02
2.791533797946255504e+02 1.940219999260042698e+02
2.801323183971265962e+02 1.938159596744571616e+02
2.811003652209323604e+02 1.935991981953657728e+02
2.820577473164804587e+02 1.933717040044165572e+02
2.830047242125757521e+02 1.931334566815289975e+02
2.839416093704024888e+02 1.928844122580203475e+02
2.848687091781992535e+02 1.926245554815446326e+02
2.857863299882533852e+02 1.923539199208567254e+02
2.866949719371463630e+02 1.920724450350441828e+02
2.875949461882229912e+02 1.917801879701155201e+02
2.884868159107597876e+02 1.914770894684579901e+02
2.893709776116288594e+02 1.911632789768642624e+02
2.902483592813613882e+02 1.908393945745457074e+02
2.911198307544669888e+02 1.905065172685805521e+02
2.919863142660113340e+02 1.901657285298059890e+02
2.928487398749879276e+02 1.898181233988428289e+02
2.937080463017399552e+02 1.894648059246322020e+02
2.945650493901832760e+02 1.891067383442355947e+02
2.954204766362698820e+02 1.887445540286281016e+02
2.962750460899087557e+02 1.883788709804162522e+02
2.971294734048241253e+02 1.880103323313115595e+02
2.979845499120449972e+02 1.876395732701629413e+02
2.988410168431966554e+02 1.872673289158960017e+02
2.996996861820180129e+02 1.868947626493085465e+02
3.005614719249231257e+02 1.865232101483195493e+02
3.014272073240270515e+02 1.861540518252962215e+02
3.022976310251519294e+02 1.857887213701959865e+02
3.031735317654407709e+02 1.854286624404891768e+02
3.040556380466261999e+02 1.850757742930229881e+02
3.049446195886322926e+02 1.847326284756051109e+02
3.058411701031343455e+02 1.844018388494408782e+02
3.067456666388291637e+02 1.840860889154745905e+02
3.076583635409542694e+02 1.837880837499543247e+02
3.085793453136162157e+02 1.835106097170498174e+02
3.095085439771872871e+02 1.832568168334666723e+02
3.104456006452563201e+02 1.830299967822210476e+02
3.113899212458353531e+02 1.828334267850437129e+02
3.123406430316292699e+02 1.826703562332527042e+02
3.132966287470223392e+02 1.825439464795099980e+02
3.142565355550490267e+02 1.824557348094217559e+02
3.152190646717687059e+02 1.824052177544677988e+02
3.161829137813762145e+02 1.823917028280757506e+02
3.171468225512859931e+02 1.824144310302535814e+02
3.181097708492516176e+02 1.824725045917894306e+02
3.190712016828909441e+02 1.825646846712128308e+02
3.200301953405696054e+02 1.826893824088756730e+02
3.209857745891931131e+02 1.828449305324454883e+02
3.219372014500103774e+02 1.830296428689423180e+02
3.228837998996539795e+02 1.832418353524040242e+02
3.238251034965107351e+02 1.834798219136743000e+02
3.247606891339153208e+02 1.837419243240315723e+02
3.256903559838268052e+02 1.840264677268889955e+02
3.266139611306947472e+02 1.843317938480750229e+02
3.275314869221576828e+02 1.846562770237117377e+02
3.284430264776717650e+02 1.849983237449233400e+02
3.293487736254907645e+02 1.853563758846707117e+02
3.302490164034728082e+02 1.857289159568409787e+02
3.311441324170662028e+02 1.861144675235323405e+02
3.320345839845592764e+02 1.865115968535510831e+02
3.329209132850829178e+02 1.869189149668025607e+02
3.338037378244445677e+02 1.873350782008917861e+02
3.346837297066479096e+02 1.877587712048849653e+02
3.355617149056103017e+02 1.881887153118024401e+02
3.364385016660951919e+02 1.886236666970054046e+02
3.373150040940932399e+02 1.890624501614946098e+02
3.381921898764543357e+02 1.895039404006387826e+02
3.390708286554658457e+02 1.899474763537594697e+02
3.399509219686505048e+02 1.903936814214107756e+02
3.408323135266126656e+02 1.908434113605226798e+02
3.417147499641990862e+02 1.912974968991661626e+02
3.425979261757570384e+02 1.917567637396861358e+02
3.434815125602665944e+02 1.922220237451655294e+02
3.443650569305109457e+02 1.926941225730601843e+02
3.452480311775657924e+02 1.931739321418318411e+02
3.461298549309682926e+02 1.936623007167560786e+02
3.470098980415140204e+02 1.941600507669931517e+02
3.478874825127724648e+02 1.946679780376197471e+02
3.487618740746306685e+02 1.951868626840270053e+02
3.496322675378578424e+02 1.957174854275145606e+02
3.504978087109004150e+02 1.962605998623832875e+02
3.513575997334023100e+02 1.968169266956220156e+02
3.522107003890022270e+02 1.973871554168818818e+02
3.530561333004818039e+02 1.979719390921796958e+02
3.538929244454392915e+02 1.985718321794669237e+02
3.547200983090879731e+02 1.991873419119679340e+02
3.555366431843733039e+02 1.998189392722809714e+02
3.563415175900343002e+02 2.004670760933218503e+02
3.571336303182937968e+02 2.011321163372822980e+02
3.579119265194826198e+02 2.018143930820037326e+02
3.586754042774966820e+02 2.025141489919562048e+02
3.594230150277091980e+02 2.032315045259433930e+02
3.601537300594903286e+02 2.039666156210032568e+02
3.608664852119763964e+02 2.047195996460874312e+02
3.615602534838220095e+02 2.054903955627063681e+02
3.622347607878020312e+02 2.062784755061739759e+02
3.628900501021506102e+02 2.070829586668767490e+02
3.635262237808073564e+02 2.079030353902077195e+02
3.641434022752875421e+02 2.087379213386448953e+02
3.647417052420279333e+02 2.095867855542293512e+02
3.653212912609769774e+02 2.104489628359049220e+02
3.658822171768550788e+02 2.113236705858792561e+02
3.664246278623430726e+02 2.122103268813470720e+02
3.669486166778181655e+02 2.131082042516034960e+02
3.674543461749937023e+02 2.140167191421236055e+02
3.679419551782999065e+02 2.149352160880288523e+02
3.684116080433687443e+02 2.158631124086936381e+02
3.688634700520850060e+02 2.167998308991529655e+02
3.692977018402136196e+02 2.177446264017682722e+02
3.697145483154010890e+02 2.186967089663455397e+02
3.701143674526117024e+02 2.196554159126372383e+02
3.704975834286444183e+02 2.206202766602135910e+02
3.708646042059738761e+02 2.215906711058970018e+02
3.712158916064751111e+02 2.225661843174432875e+02
3.715518828260719033e+02 2.235462814491262975e+02
3.718730501360156495e+02 2.245305604247350573e+02
3.721798623644916688e+02 2.255185984640392007e+02
3.724728223497518798e+02 2.265099806236428037e+02
3.727524474226286202e+02 2.275043991486354003e+02
3.730192504833509020e+02 2.285014483226252935e+02
3.732737652836700022e+02 2.295008719206414582e+02
3.735165052793937548e+02 2.305023935766436978e+02
3.737477503796490055e+02 2.315058131543372326e+02
3.739674960947098725e+02 2.325110776425187566e+02
3.741757074946381181e+02 2.335181052425709254e+02
3.743723496101553678e+02 2.345267984093360383e+02
3.745573800546624739e+02 2.355370947271680109e+02
3.747307395269251629e+02 2.365489276942888353e+02
3.748923591129325246e+02 2.375622032337301732e+02
3.750421642952343859e+02 2.385768420890033781e+02
3.751800698309313020e+02 2.395927696347732478e+02
3.753059810476833604e+02 2.406099031668813382e+02
3.754197949232040514e+02 2.416281574714603266e+02
3.755213984029687708e+02 2.426474446862992806e+02
3.756106683958511780e+02 2.436676738295199982e+02
3.756874732871908691e+02 2.446887501774874352e+02
3.757516729632273496e+02 2.457105748783956187e+02
3.758031187762742320e+02 2.467330445590521890e+02
3.758416529783244187e+02 2.477560509398742852e+02
3.758671073853756752e+02 2.487794804086667284e+02
3.758793048328532791e+02 2.498032134035061915e+02
3.758780514652813736e+02 2.508271353464148206e+02
3.758631540304418195e+02 2.518510994963825738e+02
3.758344143762089971e+02 2.528749610076275474e+02
3.757916058449940238e+02 2.538985959607733776e+02
3.757345126692142685e+02 2.549218207875028099e+02
3.756628971377446078e+02 2.559444850886476104e+02
3.755765210052347243e+02 2.569664029417816096e+02
3.754751260829897888e+02 2.579873998712542971e+02
3.753584542919817295e+02 2.590072518479697123e+02
3.752261798512648170e+02 2.600257657256440780e+02
3.750779756881044591e+02 2.610426940834544212e+02
3.749135154326176007e+02 2.620577742419518472e+02
3.747324575755244496e+02 2.630707429632773255e+02
3.745344581051223827e+02 2.640813069564214857e+02
3.743191698788523922e+02 2.650891522675253782e+02
3.740862438768608058e+02 2.660939433738928983e+02
3.738353306641238305e+02 2.670953223250623978e+02
3.735660818698044068e+02 2.680929078953300291e+02
3.732781518265996965e+02 2.690862947872701056e+02
3.729711845289568259e+02 2.700750655824292608e+02
3.726448544854444549e+02 2.710587454509986856e+02
3.722988420414425832e+02 2.720368511354762404e+02
3.719328045734619650e+02 2.730089019986864969e+02
3.715464614303983808e+02 2.739743288943116681e+02
3.711395124365977836e+02 2.749325894635145460e+02
3.707116930332117022e+02 2.758830878255041625e+02
3.702628337810049857e+02 2.768251571290213633e+02
3.697935231802132989e+02 2.777576681047785883e+02
3.693044382033217516e+02 2.786799451852281209e+02
3.687962069517206487e+02 2.795916206743769976e+02
3.682693935205485900e+02 2.804924686629836970e+02
3.677246434069655265e+02 2.813822364720439850e+02
3.671626080212346324e+02 2.822607381000337909e+02
3.665838940213060937e+02 2.831278633253553494e+02
3.659892169210073121e+02 2.839834576584578372e+02
3.653791663008797173e+02 2.848275104069027179e+02
3.647544333419637610e+02 2.856599320158024966e+02
3.641155790780472898e+02 2.864807562360635416e+02
3.634632718467106542e+02 2.872899522273574462e+02
3.627980619105294977e+02 2.880876014762231421e+02
3.621205532350476233e+02 2.888737487916812370e+02
3.614313169698173169e+02 2.896484836191285694e+02
3.607308931424941534e+02 2.904119229105720024e+02
3.600198114957782991e+02 2.911641910102264319e+02
3.592985789522653590e+02 2.919054282196836425e+02
3.585676995036508856e+02 2.926357793149750250e+02
3.578276366078240471e+02 2.933554142201502941e+02
3.570788352842830022e+02 2.940645074519527498e+02
3.563217304148931248e+02 2.947632351947617622e+02
3.555567361558992161e+02 2.954517824488910378e+02
3.547842421938009352e+02 2.961303420583668071e+02
3.540046179183411823e+02 2.967991098461392312e+02
3.532181995961082634e+02 2.974582869001113181e+02
3.524253567782723735e+02 2.981080523618316533e+02
3.516263722908068985e+02 2.987486236552024934e+02
3.508215693604064427e+02 2.993801857438212437e+02
3.500112151190677423e+02 3.000029460052365948e+02
3.491955988005196332e+02 3.006170923024119475e+02
3.483749410203112120e+02 3.012228315789553221e+02
3.475495132725874328e+02 3.018203381188936305e+02
3.467195227934726063e+02 3.024098136160981198e+02
3.458851712195738628e+02 3.029914487212947733e+02
3.450466769540365704e+02 3.035654223248457129e+02
3.442042167590341819e+02 3.041319229609051149e+02
3.433579606855768134e+02 3.046911280901748569e+02
3.425080690421874579e+02 3.052432137347389585e+02
3.416546892367637724e+02 3.057883560641905660e+02
3.407979674758326496e+02 3.063267282246549712e+02
3.399380321934247604e+02 3.068585054293275221e+02
3.390749993086795371e+02 3.073838549386986756e+02
3.382089757327484563e+02 3.079029425560894424e+02
3.373400601182461287e+02 3.084159352293967231e+02
3.364683430684703467e+02 3.089230015133745724e+02
3.355939071661296111e+02 3.094243118330259676e+02
3.347168244094988836e+02 3.099200348490658712e+02
3.338371566870540050e+02 3.104103385070091008e+02
3.329549583394923502e+02 3.108953944259565105e+02
3.320702761956745803e+02 3.113753787094348127e+02
3.311831503751935202e+02 3.118504725712965637e+02
3.302936131632579304e+02 3.123208640385468584e+02
3.294016907979339521e+02 3.127867494312408780e+02
3.285073616354188744e+02 3.132483311828466981e+02
3.276101828570431849e+02 3.137057614003318804e+02
3.267098022513834508e+02 3.141589226225357834e+02
3.258060873251645262e+02 3.146075498656830405e+02
3.248989249925310219e+02 3.150513871647033852e+02
3.239882140470256218e+02 3.154901861566139587e+02
3.230738577369958193e+02 3.159236939248498288e+02
3.221557644933251936e+02 3.163516525443988030e+02
3.212338481270066382e+02 3.167737996209908147e+02
3.203082333620154714e+02 3.171901814304877689e+02
3.193795740287221747e+02 3.176016429759591801e+02
3.184486088279399496e+02 3.180091528892181145e+02
3.175160769763600115e+02 3.184136787089904033e+02
3.165827160212555214e+02 3.188161870368905397e+02
3.156492586267762022e+02 3.192176434509009368e+02
3.147164146380000602e+02 3.196189884286522442e+02
3.137848767069713176e+02 3.200211470889648240e+02
3.128553272638145586e+02 3.204250528082299070e+02
3.119284408816841392e+02 3.208316404173040155e+02
3.110048775775126728e+02 3.212418537100043636e+02
3.100852524170508104e+02 3.216565984413015826e+02
3.091701034944602497e+02 3.220766862000884316e+02
3.082599449909267832e+02 3.225029230575035513e+02
3.073552667130707050e+02 3.229361335631482461e+02
3.064565446577648231e+02 3.233771481454647301e+02
3.055642291180707844e+02 3.238268085755418610e+02
3.046787332838221118e+02 3.242859489500267500e+02
3.038004383882425259e+02 3.247554066066764449e+02
3.029296987837474830e+02 3.252360327750840270e+02
3.020668356326575577e+02 3.257286988707951991e+02
3.012121444074390979e+02 3.262342901497027583e+02
3.003659531082478225e+02 3.267538276592897546e+02
2.995286685391662900e+02 3.272885548621565590e+02
2.987006651120341303e+02 3.278397572836597078e+02
2.978822702342624780e+02 3.284087431633089977e+02
2.970737615089169594e+02 3.289968440321375169e+02
2.962751986608800507e+02 3.296051126586017972e+02
2.954854876039269129e+02 3.302325728382301691e+02
2.947030775726247498e+02 3.308773929947962529e+02
2.939264350250277289e+02 3.315377200645271500e+02
2.931540450614377846e+02 3.322116870305858356e+02
2.923844196982190056e+02 3.328973962561331632e+02
2.916159471235673664e+02 3.335926231703354006e+02
2.908468428227764662e+02 3.342946771333865286e+02
2.900753656187838487e+02 3.350007976178800391e+02
2.892998409269105196e+02 3.357081857616145726e+02
2.885186668479103673e+02 3.364140028450768227e+02
2.877303285311916738e+02 3.371153947595400382e+02
2.869334708842114878e+02 3.378096134577477301e+02
2.861268389500220906e+02 3.384939210187499157e+02
2.853092690627833576e+02 3.391655387284349104e+02
2.844796930932999430e+02 3.398216478312655795e+02
2.836371500194019291e+02 3.404594052810408584e+02
2.827809819782204386e+02 3.410764217413376969e+02
2.819108545054081105e+02 3.416708633796433787e+02
2.810265186850976420e+02 3.422409090828462581e+02
2.801278185110697905e+02 3.427847155124892993e+02
2.792146678399882376e+02 3.433004246124880297e+02
2.782870786411662039e+02 3.437861994857522063e+02
2.773452053823526171e+02 3.442403576227765143e+02
2.763892969653252294e+02 3.446612535915750186e+02
2.754196806720237873e+02 3.450472357517100477e+02
2.744367539539229597e+02 3.453966493443552963e+02
2.734410278191807038e+02 3.457078919885229311e+02
2.724334525500631798e+02 3.459806441281260732e+02
2.714153482755605182e+02 3.462158713060916284e+02
2.703880256738270305e+02 3.464146268843456369e+02
2.693527367120018425e+02 3.465780006597416332e+02
2.683107529369804070e+02 3.467071122842551176e+02
2.672632788984600438e+02 3.468031267721483459e+02
2.662114045053775726e+02 3.468672423295071212e+02
2.651563321770408379e+02 3.469006836977497414e+02
2.640990141477929001e+02 3.469047252840904321e+02
2.630405360965224304e+02 3.468806627066088595e+02
2.619818024181918759e+02 3.468298708964486536e+02
2.609237785509796481e+02 3.467542824099106156e+02
2.598674637978643318e+02 3.466563125146217885e+02
2.588136947769393714e+02 3.465384271451628706e+02
2.577632231759658339e+02 3.464031228595458174e+02
2.567167402562995449e+02 3.462529584433750642e+02
2.556747820412381316e+02 3.460906478092402949e+02
2.546377280740717310e+02 3.459191865016279621e+02
2.536058539810591981e+02 3.457416124278285565e+02
2.525793345832245791e+02 3.455609679062505393e+02
2.515582258915324871e+02 3.453802822166064175e+02
2.505424815776577532e+02 3.452025398044234521e+02
2.495319253866448150e+02 3.450304108517051418e+02
2.485262877250418683e+02 3.448663044788397656e+02
2.475251886432461390e+02 3.447126352076460876e+02
2.465281912485836529e+02 3.445717728850824528e+02
2.455347223926729043e+02 3.444460907456097516e+02
2.445441643216378225e+02 3.443368170422792787e+02
2.435558109661519381e+02 3.442426068711453695e+02
2.425690600723112595e+02 3.441617078633991014e+02
2.415833580816726851e+02 3.440923457093459206e+02
2.405982014146327401e+02 3.440327350174263188e+02
2.396131993856223232e+02 3.439810646861437817e+02
2.386279553373516364e+02 3.439356513005659508e+02
2.376421821834247510e+02 3.438948539496587955e+02
2.366556311475594043e+02 3.438570146138239352e+02
2.356680950349820876e+02 3.438204698576693659e+02
2.346794765448031796e+02 3.437835232699136441e+02
2.336896709950945308e+02 3.437444674947446970e+02
2.326987283773912623e+02 3.437015186757907372e+02
2.317066822176184644e+02 3.436529025461583728e+02
2.307137146456142887e+02 3.435968151254758141e+02
2.297200260795461020e+02 3.435314584422823145e+02
2.287259239944601461e+02 3.434550227007692911e+02
2.277318117740696266e+02 3.433656437167599051e+02
2.267381556364025244e+02 3.432614568816227916e+02
2.257455403682640735e+02 3.431405942442568744e+02
2.247546422980196326e+02 3.430011925252792366e+02
2.237662417491920905e+02 3.428413992636378680e+02
2.227812275190215132e+02 3.426593845576559829e+02
2.218006014757337994e+02 3.424533504586560184e+02
2.208254873974798898e+02 3.422215266250532295e+02
2.198571381535375053e+02 3.419621762125107693e+02
2.188969429298959426e+02 3.416736037255216161e+02
2.179463455090074717e+02 3.413544172285612035e+02
2.170063081691833133e+02 3.410049486027736521e+02
2.160775877662740356e+02 3.406261464948229332e+02
2.151609214093802223e+02 3.402189838525427490e+02
2.142570404325588243e+02 3.397844182515697184e+02
2.133666466495582483e+02 3.393234400908874591e+02
2.124904262810695457e+02 3.388370408874164355e+02
2.116290366146961617e+02 3.383262305759445212e+02
2.107831062937291620e+02 3.377920277015392116e+02
2.099532310063557361e+02 3.372354582412211812e+02
2.091399682231050576e+02 3.366575546916893700e+02
2.083438352337288677e+02 3.360593516233753917e+02
2.075653207968807124e+02 3.354418722332717380e+02
2.068048109135183950e+02 3.348061499575285325e+02
2.060627042773665494e+02 3.341532087676349079e+02
2.053392421544272395e+02 3.334840619282965122e+02
2.046346697571644029e+02 3.327997211957705872e+02
2.039490892904854604e+02 3.321011631476216053e+02
2.032825182983414436e+02 3.313893470543970921e+02
2.026348845238399292e+02 3.306651984958156163e+02
2.020059977486415903e+02 3.299295923004771680e+02
2.013955511234585174e+02 3.291833473426049750e+02
