1.997409843631602371e+02 3.293864607834004801e+02
1.990028509463362241e+02 3.287042847330646396e+02
1.982678190184827827e+02 3.280100431793327402e+02
1.975369688553188610e+02 3.273021088897082223e+02
1.968115684088119792e+02 3.265790873194816868e+02
1.960930373896021024e+02 3.258398021023645015e+02
1.953829262013851178e+02 3.250832935150048684e+02
1.946828962568035308e+02 3.243088100752058267e+02
1.939947044113982599e+02 3.235157831219678997e+02
1.933201791166555665e+02 3.227039042059873850e+02
1.926611944921025668e+02 3.218729589881980360e+02
1.920196832830740163e+02 3.210229770684385926e+02
1.913975433263358639e+02 3.201541033801181015e+02
1.907965286722694316e+02 3.192667771222334068e+02
1.902183427781124578e+02 3.183614835313849767e+02
1.896646984825754600e+02 3.174388385101760832e+02
1.891372993277412604e+02 3.164995544821925364e+02
1.886378137080079114e+02 3.155444214802260490e+02
1.881675937126522626e+02 3.145743982602002689e+02
1.877277360535513822e+02 3.135905453029523642e+02
1.873193031693191699e+02 3.125939409268455620e+02
1.869433333114839115e+02 3.115856041603705080e+02
1.866008540639897149e+02 3.105667448408683526e+02
1.862928411810898126e+02 3.095383506703760190e+02
1.860202503604624837e+02 3.085016538433830533e+02
1.857839953691232893e+02 3.074577106758617333e+02
1.855849895431370555e+02 3.064076263774125550e+02
1.854241272376960410e+02 3.053526057128429443e+02
1.853021968746114396e+02 3.042937600367260984e+02
1.852190409386161605e+02 3.032323354642936124e+02
1.851738944435561791e+02 3.021695716661580491e+02
1.851659696433992508e+02 3.011066093141810143e+02
1.851944580443371819e+02 3.000445808638166341e+02
1.852585404888281460e+02 2.989844743362711483e+02
1.853574656071542677e+02 2.979271936320294003e+02
1.854906105334144399e+02 2.968736540420457573e+02
1.856573652841568389e+02 2.958246856278346399e+02
1.858571304554688197e+02 2.947810368786282424e+02
1.860892928898687444e+02 2.937435001705213153e+02
1.863532076017195038e+02 2.927127557028162528e+02
1.866478668973049935e+02 2.916894546127379044e+02
1.869720605294133406e+02 2.906742261338702065e+02
1.873245976068885454e+02 2.896675799803790596e+02
1.877042923433455428e+02 2.886700093740943771e+02
1.881099488611686184e+02 2.876819739706492101e+02
1.885400646602190875e+02 2.867038211707593405e+02
1.889925698939803453e+02 2.857357900637260286e+02
1.894653551114755032e+02 2.847780312132385916e+02
1.899563148402309594e+02 2.838306209136231359e+02
1.904633656419989904e+02 2.828935509591040613e+02
1.909844151439299651e+02 2.819667386780101879e+02
1.915171970401742385e+02 2.810499963365970189e+02
1.920593850569200356e+02 2.801430427506062415e+02
1.926086792215454295e+02 2.792455243981319768e+02
1.931628031363195532e+02 2.783569944434092918e+02
1.937195117900029402e+02 2.774769335469712814e+02
1.942768654910694863e+02 2.766048176535042558e+02
1.948333573607801554e+02 2.757401517547772869e+02
1.953875380579031287e+02 2.748824185061162666e+02
1.959379861769189688e+02 2.740310367351672198e+02
1.964833067543616778e+02 2.731853594337067648e+02
1.970222628617355554e+02 2.723447779487709681e+02
1.975544036329868050e+02 2.715089127621614580e+02
1.980795863324109689e+02 2.706772827086319921e+02
1.985976434212586241e+02 2.698496244703824232e+02
1.991084572339823922e+02 2.690255353986802902e+02
1.996119176657530545e+02 2.682046831052663833e+02
2.001081678224074381e+02 2.673867634220330842e+02
2.005976087580602325e+02 2.665717085819598537e+02
2.010807214559945635e+02 2.657592747778010676e+02
2.015579421733429228e+02 2.649494276476923460e+02
2.020297411887710552e+02 2.641420895100279154e+02
2.024965807164952594e+02 2.633371963872211836e+02
2.029589375624416050e+02 2.625343491783672789e+02
2.034173835193716968e+02 2.617326847673282941e+02
2.038722967138483853e+02 2.609318004430050451e+02
2.043240259665075200e+02 2.601313726171748044e+02
2.047728831131363449e+02 2.593311514974358261e+02
2.052189300096138425e+02 2.585305491243272513e+02
2.056618346210557036e+02 2.577289872576204743e+02
2.061013249353877654e+02 2.569257275067539581e+02
2.065370938775719480e+02 2.561201309274478035e+02
2.069689276020748423e+02 2.553113691943878223e+02
2.073966490315147269e+02 2.544988173853969045e+02
2.078204733090651928e+02 2.536820259868618734e+02
2.082407465828638919e+02 2.528605038957204556e+02
2.086577601111470130e+02 2.520338715562181164e+02
2.090718164031491710e+02 2.512017407954391501e+02
2.094832191208839447e+02 2.503637346305477536e+02
2.098923040049812982e+02 2.495195192414407757e+02
2.102994300823704350e+02 2.486688025069498167e+02
2.107049464019709717e+02 2.478113138078999782e+02
2.111091898029705476e+02 2.469468035174080001e+02
2.115124839404185195e+02 2.460750431485359115e+02
2.119153396579590378e+02 2.451959907263988896e+02
2.123188490643651676e+02 2.443101111735721531e+02
2.127241837964051570e+02 2.434179891183474638e+02
2.131324450756863484e+02 2.425202981642818827e+02
2.135446950486075366e+02 2.416177534542707974e+02
2.139619916126256101e+02 2.407111586384450277e+02
2.143859096646787634e+02 2.398018690573411220e+02
2.148183420159226671e+02 2.388916760848844376e+02
2.152611327808623685e+02 2.379824167900104896e+02
2.157160180538242571e+02 2.370760397959629984e+02
2.161846687212746758e+02 2.361745478333936603e+02
2.166687213605746933e+02 2.352800431051512078e+02
2.171698351123667123e+02 2.343947784454484520e+02
2.176896111988550047e+02 2.335210752456538046e+02
2.182295823460503357e+02 2.326613045836829201e+02
2.187912169291628572e+02 2.318178825833985002e+02
2.193757723793763716e+02 2.309930978204005214e+02
2.199829297920240379e+02 2.301876345795970167e+02
2.206115014892606894e+02 2.294011992985060999e+02
2.212603226546372923e+02 2.286334400727159561e+02
2.219282625199623453e+02 2.278839611318353207e+02
2.226142242737135462e+02 2.271523239045226603e+02
2.233170994518975192e+02 2.264379965799515162e+02
2.240357254932512490e+02 2.257403067140307087e+02
2.247689665817322577e+02 2.250585308537379206e+02
2.255157229918930852e+02 2.243919094530197640e+02
2.262749305405702671e+02 2.237396505656289776e+02
2.270455593014081046e+02 2.231009314124971468e+02
2.278266083211468356e+02 2.224748936152942633e+02
2.286171076166946818e+02 2.218606554653208036e+02
2.294161193296622514e+02 2.212573142294849049e+02
2.302227312705483655e+02 2.206639351236966320e+02
2.310360592284156667e+02 2.200795734921857445e+02
2.318552432177653486e+02 2.195032573893567474e+02
2.326794446493281043e+02 2.189340007001041499e+02
2.335078471150316091e+02 2.183707981387579196e+02
2.343396545093425516e+02 2.178126366922591899e+02
2.351740901667172636e+02 2.172584841664767055e+02
2.360103940169701957e+02 2.167073081573763886e+02
2.368478298540393610e+02 2.161580698047350495e+02
2.376856759867585254e+02 2.156097278655060165e+02
2.385232228586239103e+02 2.150612366350736409e+02
2.393597719002169413e+02 2.145115469985256880e+02
2.401946416364021957e+02 2.139596114774766136e+02
2.410274563047534286e+02 2.134048091940245797e+02
2.418582490597275410e+02 2.128470977918521783e+02
2.426870778968797993e+02 2.122864815158244483e+02
2.435139965785690492e+02 2.117229700838161079e+02
2.443390548724551650e+02 2.111565784156441055e+02
2.451622980725468324e+02 2.105873253339900941e+02
2.459837643062196264e+02 2.100152290436065528e+02
2.468034872976712677e+02 2.094403104886379197e+02
2.476214977659521423e+02 2.088625948119318139e+02
2.484378236260817800e+02 2.082821113396573196e+02
2.492524806679036260e+02 2.076989771855092499e+02
2.500655045654311834e+02 2.071135485730995640e+02
2.508770840343475754e+02 2.065261276099025167e+02
2.516874407617220015e+02 2.059369934642772080e+02
2.524967976536319156e+02 2.053464243657379598e+02
2.533053786930464071e+02 2.047546953936250986e+02
2.541134076155955199e+02 2.041620846128977860e+02
2.549211111121431372e+02 2.035688719174135031e+02
2.557287165648723146e+02 2.029753350459134822e+02
2.565364504324485893e+02 2.023817576751362708e+02
2.573445407183423868e+02 2.017884202805441873e+02
2.581532139755811386e+02 2.011956064222415534e+02
2.589626988209241176e+02 2.006036070106829357e+02
2.597732243953437887e+02 2.000127107727790587e+02
2.605850190448712738e+02 1.994232165520473359e+02
2.613983106770886593e+02 1.988354211730944314e+02
2.622133252114414859e+02 1.982496264424390517e+02
2.630303085698338919e+02 1.976661722359008877e+02
2.638495649147575364e+02 1.970854985537137622e+02
2.646714100158068277e+02 1.965080783466429182e+02
2.654961546671480619e+02 1.959343902060248013e+02
2.663241019439638535e+02 1.953649176860479599e+02
2.671555519872285913e+02 1.948001552616228480e+02
2.679907966385423492e+02 1.942406038586504735e+02
2.688301157444903424e+02 1.936867687734051344e+02
2.696737844932432040e+02 1.931391664682373346e+02
2.705220691436300058e+02 1.925983244831861043e+02
2.713752273845792047e+02 1.920647822069578865e+02
2.722335004188300900e+02 1.915390865434001455e+02
2.730971203782120824e+02 1.910217931678266439e+02
2.739663053520169456e+02 1.905134702973390688e+02
2.748412597264470492e+02 1.900146992311970564e+02
2.757221729441150728e+02 1.895260748793464245e+02
2.766092182177051768e+02 1.890482063589765005e+02
2.775025515740621245e+02 1.885817184235722550e+02
2.784023101037770971e+02 1.881272515611684639e+02
2.793086122072607509e+02 1.876854629164530195e+02
2.802215525782822851e+02 1.872570264099548183e+02
2.811411954389217271e+02 1.868426292435994753e+02
2.820675872606811936e+02 1.864429793572276139e+02
2.830007587880715505e+02 1.860588185277081266e+02
2.839406823786799237e+02 1.856908973168692114e+02
2.848873301868621866e+02 1.853399910388782530e+02
2.858406070519402533e+02 1.850068850412637573e+02
2.868003796769593237e+02 1.846923176048227049e+02
2.877661824165083999e+02 1.843963494675377319e+02
2.887374221367759333e+02 1.841186837087783204e+02
2.897135032288589969e+02 1.838590203254694018e+02
2.906938337884632233e+02 1.836170540986683477e+02
2.916778271662522570e+02 1.833924694814078578e+02
2.926649041954926247e+02 1.831849353397390701e+02
2.936544890767793845e+02 1.829940910187401073e+02
2.946460195736002561e+02 1.828195649985803755e+02
2.956389497309206149e+02 1.826609784871292845e+02
2.966327547664548092e+02 1.825179309242211616e+02
2.976269304915382463e+02 1.823900141912684205e+02
2.986209973906504729e+02 1.822768250573021760e+02
2.996145126470162268e+02 1.821779392387880989e+02
3.006070618720670495e+02 1.820929167835840872e+02
3.015982572537701003e+02 1.820213130242483714e+02
3.025877673842290960e+02 1.819626524765423881e+02
3.035752972024582164e+02 1.819164717633814234e+02
3.045605867272990963e+02 1.818823450645629691e+02
3.055434703363217750e+02 1.818598026713299021e+02
3.065237882948747483e+02 1.818483789103647155e+02
3.075014487932360794e+02 1.818475933649862952e+02
3.084764225468006771e+02 1.818569549877603322e+02
3.094487610577622831e+02 1.818759704536040829e+02
3.104185535522414625e+02 1.819041519374684412e+02
3.113859667355294505e+02 1.819410022004192626e+02
3.123512361550406240e+02 1.819860178822015655e+02
3.133146672701259945e+02 1.820387084757622631e+02
3.142765890788413117e+02 1.820991719938108417e+02
3.152373312440292352e+02 1.821682244099241643e+02
3.161971512945236782e+02 1.822467239390726661e+02
3.171562616235069072e+02 1.823355206945143152e+02
3.181150131359793249e+02 1.824353804657359888e+02
3.190741078892020255e+02 1.825468170327365272e+02
3.200337196986452000e+02 1.826702148949203774e+02
3.209937609979342028e+02 1.828059556482772052e+02
3.219541855483477661e+02 1.829544129954627749e+02
3.229148221609043503e+02 1.831159643959082928e+02
3.238755244035356782e+02 1.832909778649715520e+02
3.248360154098629664e+02 1.834798460531713999e+02
3.257960540660653237e+02 1.836829702576019656e+02
3.267553037907722455e+02 1.839007409640834396e+02
3.277134005213916907e+02 1.841335445678534768e+02
3.286699465459633416e+02 1.843817578860531796e+02
3.296245068902435946e+02 1.846457527278695352e+02
3.305766037735986060e+02 1.849259123043135276e+02
3.315257241925926337e+02 1.852226119688853601e+02
3.324713237821661664e+02 1.855362130247312678e+02
3.334128285675035386e+02 1.858670622395886198e+02
3.343496363672085749e+02 1.862154915758997618e+02
3.352811083793168905e+02 1.865818283012197583e+02
3.362066059804465681e+02 1.869663638444779679e+02
3.371254423430784186e+02 1.873693868279113985e+02
3.380369178663693219e+02 1.877911677332813838e+02
3.389403103644742146e+02 1.882319572956602372e+02
3.398349514462195771e+02 1.886918651701267038e+02
3.407203916793649228e+02 1.891706226454914770e+02
3.415962421449513613e+02 1.896678728357337604e+02
3.424621244099371893e+02 1.901832750591803176e+02
3.433176676765464777e+02 1.907164991450245282e+02
3.441625144101039950e+02 1.912671970697761026e+02
3.449963201464101417e+02 1.918350354613374975e+02
3.458187475024164428e+02 1.924196814051699391e+02
3.466294671698657339e+02 1.930208044729144774e+02
3.474281572686573440e+02 1.936380766471270363e+02
3.482145026367890068e+02 1.942711721077621121e+02
3.489881931451842547e+02 1.949197681787989893e+02
3.497489214469812850e+02 1.955835467405875931e+02
3.504963844057081701e+02 1.962621912618613749e+02
3.512302829266365052e+02 1.969553859832489309e+02
3.519503207391331898e+02 1.976628177501330583e+02
3.526562025632116502e+02 1.983841753338830927e+02
3.533476369304332252e+02 1.991191373195611902e+02
3.540243350856480333e+02 1.998673917267912259e+02
3.546860074407657635e+02 2.006286242953854924e+02
3.553323603530017181e+02 2.014025265696047313e+02
3.559631104012229343e+02 2.021887665007608348e+02
3.565779774360501619e+02 2.029870213100900003e+02
3.571766759460826961e+02 2.037969669847301759e+02
3.577589386713979707e+02 2.046182542650141727e+02
3.583244917374324814e+02 2.054505436612315918e+02
3.588730529900523720e+02 2.062934930560795408e+02
3.594044150838205383e+02 2.071467038101872618e+02
3.599187872664288648e+02 2.080094552397854670e+02
3.604166368175697812e+02 2.088808853897767506e+02
3.608984505960039542e+02 2.097601619800385038e+02
3.613647347983528562e+02 2.106464866458010761e+02
3.618160469769417205e+02 2.115390985123490850e+02
3.622529196878829794e+02 2.124372592018694945e+02
3.626759646477656815e+02 2.133402963018249636e+02
3.630857493389808610e+02 2.142475354414383446e+02
3.634829230562323801e+02 2.151583797469732531e+02
3.638681070124954999e+02 2.160722312415375654e+02
3.642419702383435265e+02 2.169885654627773590e+02
3.646051356059169279e+02 2.179069018245197640e+02
3.649582272862451191e+02 2.188268136957163392e+02
3.653020004930588129e+02 2.197479949967534196e+02
3.656373170324231410e+02 2.206701989845825267e+02
3.659650444504280813e+02 2.215931502955167787e+02
3.662859436911637090e+02 2.225165236726276135e+02
3.666008380073445210e+02 2.234401680659926512e+02
3.669104556859953163e+02 2.243638444462056896e+02
3.672156083058623608e+02 2.252874680160608705e+02
3.675170537078684561e+02 2.262109061422187892e+02
3.678155791516924751e+02 2.271341058650161813e+02
3.681120181019830966e+02 2.280570524261572132e+02
3.684071601889701242e+02 2.289796948071352745e+02
3.687018723956896906e+02 2.299021515116799321e+02
3.689969502439061557e+02 2.308244586494369059e+02
3.692931850713130757e+02 2.317467630513360177e+02
3.695906768894201377e+02 2.326694723779106653e+02
3.698886570071616688e+02 2.335931542659040190e+02
3.701862963662417201e+02 2.345183904401677353e+02
3.704827507254095735e+02 2.354457357205359358e+02
3.707771287660672215e+02 2.363756617049936892e+02
3.710684978604080015e+02 2.373086082934215710e+02
3.713558677015451508e+02 2.382450113519161334e+02
3.716382056260588911e+02 2.391852415925322362e+02
3.719144508254379389e+02 2.401296155737991285e+02
3.721835217463204231e+02 2.410784079368803248e+02
3.724443129047166394e+02 2.420318435634188461e+02
3.726956345533865829e+02 2.429901037403603254e+02
3.729362160450789929e+02 2.439533200534402795e+02
3.731647667623635698e+02 2.449215629609497853e+02
3.733799803578282877e+02 2.458948397712867973e+02
3.735805365726338323e+02 2.468730928506201963e+02
3.737650975202166705e+02 2.478561979539412903e+02
3.739322959523269105e+02 2.488439621733229501e+02
3.740807526626115873e+02 2.498361199517265163e+02
3.742090748937509375e+02 2.508323281714973803e+02
3.743158767018047683e+02 2.518321717747541868e+02
3.743997771970426811e+02 2.528351504289819616e+02
3.744594130415660516e+02 2.538406814359566113e+02
3.744934716999392776e+02 2.548481004880869421e+02
3.745006389085953060e+02 2.558566575256222961e+02
3.744796203110726083e+02 2.568655116942350105e+02
3.744291292451117101e+02 2.578737331598825904e+02
3.743483347200425442e+02 2.588803409518415606e+02
3.742375672375959539e+02 2.598844602829909718e+02
3.740973812248601007e+02 2.608852452061287863e+02
3.739283508658022583e+02 2.618818708192498548e+02
3.737310557113195841e+02 2.628735382377547012e+02
3.735060885098706649e+02 2.638594664190350159e+02
3.732540465152077900e+02 2.648388943711169077e+02
3.729755345756606744e+02 2.658110822088734153e+02
3.726711709088526163e+02 2.667753134744895078e+02
3.723415870551914963e+02 2.677308966415666873e+02
3.719874276531966188e+02 2.686771668063138918e+02
3.716093432466134914e+02 2.696134876074223143e+02
3.712080186341336230e+02 2.705392540807067121e+02
3.707841514897107800e+02 2.714539004417748629e+02
3.703384300058081067e+02 2.723568907646977095e+02
3.698715744516808854e+02 2.732477324252988637e+02
3.693843000350293551e+02 2.741259716590435005e+02
3.688773359529267282e+02 2.749912019729484882e+02
3.683514504510677625e+02 2.758430964378077874e+02
3.678077163293868921e+02 2.766817179832988813e+02
3.672473458141561196e+02 2.775073462437478611e+02
3.666715696077655480e+02 2.783203639222272159e+02
3.660815738679097535e+02 2.791212059621868207e+02
3.654785069273683007e+02 2.799104155342475337e+02
3.648634862059666375e+02 2.806886124619306315e+02
3.642375835023229342e+02 2.814564561185634943e+02
3.636018352189278176e+02 2.822147293626744613e+02
3.629571685574939579e+02 2.829641439879104041e+02
3.623039359394068697e+02 2.837051032598706115e+02
3.616422574192876596e+02 2.844377474361126019e+02
3.609722428233057485e+02 2.851622701439596881e+02
3.602940228403220999e+02 2.858787855371453475e+02
3.596077159073849430e+02 2.865874320313964745e+02
3.589134544213848699e+02 2.872883261732472420e+02
3.582113778072757100e+02 2.879815646799090132e+02
3.575016231111887350e+02 2.886672352924312008e+02
3.567843281162842004e+02 2.893454105164538532e+02
3.560596283483319553e+02 2.900161610038553022e+02
3.553276643954861811e+02 2.906795345167901132e+02
3.545885740146647436e+02 2.913355693747070063e+02
3.538424908695290014e+02 2.919842998018713729e+02
3.530895474944383068e+02 2.926257505967290058e+02
3.523298745177025921e+02 2.932599350452575209e+02
3.515635981896493831e+02 2.938868571908317904e+02
3.507908421335122853e+02 2.945065050100376425e+02
3.500117140453473894e+02 2.951188898854476861e+02
3.492263371904258520e+02 2.957239799385968695e+02
3.484348097415979737e+02 2.963217667288780603e+02
3.476372375197764768e+02 2.969122160608372383e+02
3.468337088494825480e+02 2.974953104798304366e+02
3.460243245297663179e+02 2.980710053042997743e+02
3.452091575589817012e+02 2.986392891270609766e+02
3.443882937102403616e+02 2.992001226240926712e+02
3.435618043901858414e+02 2.997534650883620202e+02
3.427297548935871419e+02 3.002993071195650714e+02
3.418925048035862346e+02 3.008380395914185215e+02
3.410507011712873009e+02 3.013705058516331974e+02
3.402049822100281062e+02 3.018975815841088206e+02
3.393559659280951450e+02 3.024201493538186014e+02
3.385042481494674576e+02 3.029391045715215114e+02
3.376504099208127059e+02 3.034553407792213306e+02
3.367950071746419667e+02 3.039697409892427231e+02
3.359385818817955283e+02 3.044831884095581813e+02
3.350816674699279929e+02 3.049965689346127533e+02
3.342247911651211325e+02 3.055107702210638649e+02
3.333684760745705375e+02 3.060266804258389470e+02
3.325132390658661734e+02 3.065451805297103078e+02
3.316595936785051890e+02 3.070671442926459918e+02
3.308080565178476604e+02 3.075934436223211037e+02
3.299591498139998862e+02 3.081249478907666344e+02
3.291134032936156473e+02 3.086625238639935560e+02
3.282713615965296867e+02 3.092070393314004377e+02
3.274335938984758059e+02 3.097593755242336897e+02
3.266007158392981182e+02 3.103203642467457257e+02
3.257736439700166216e+02 3.108903164709165026e+02
3.249530202032062789e+02 3.114695086811460101e+02
3.241391752016994587e+02 3.120584195355243082e+02
3.233324618534381329e+02 3.126575941760019646e+02
3.225332518552696683e+02 3.132676246794802637e+02
3.217419073481128748e+02 3.138891090966111506e+02
3.209587782449519864e+02 3.145226521433918379e+02
3.201842011102988295e+02 3.151688640488787883e+02
3.194182128017518494e+02 3.158279276438909164e+02
3.186601078132699172e+02 3.164989169049978841e+02
3.179090541768054550e+02 3.171807353365626909e+02
3.171642098074734122e+02 3.178722918155402226e+02
3.164247251158128051e+02 3.185724973982711390e+02
3.156897345841743459e+02 3.192802529551822204e+02
3.149582747377065743e+02 3.199943150677736412e+02
3.142293223427383282e+02 3.207133492870055989e+02
3.135018542332910556e+02 3.214360197879922794e+02
3.127748490587724746e+02 3.221609842596049589e+02
3.120472901649756636e+02 3.228868955864858208e+02
3.113181706508675006e+02 3.236124020473721998e+02
3.105864941500839791e+02 3.243361473434782170e+02
3.098512737118393261e+02 3.250567650164519478e+02
3.091115431087471279e+02 3.257728767955644571e+02
3.083663474889215195e+02 3.264830926942000815e+02
3.076147654225026145e+02 3.271860292106509860e+02
3.068560093701646565e+02 3.278804725696297737e+02
3.060893691503612786e+02 3.285652873078231551e+02
3.053141559014632662e+02 3.292393230089895155e+02
3.045297112267974171e+02 3.299014110697336264e+02
3.037353979896279839e+02 3.305503688200112720e+02
3.029306624476753882e+02 3.311850843402243072e+02
3.021150703978279921e+02 3.318045840295265521e+02
3.012882255500598490e+02 3.324078926154480200e+02
3.004497623376814204e+02 3.329940173245377082e+02
2.995993478621818440e+02 3.335619475710645361e+02
2.987367623494660052e+02 3.341107984100233921e+02
2.978623443113032181e+02 3.346406418189982332e+02
2.969766599830213067e+02 3.351519493649407195e+02
2.960802742567323662e+02 3.356451963045336697e+02
2.951737682893995611e+02 3.361208559490100924e+02
2.942577100123140212e+02 3.365794090737888382e+02
2.933326303096937409e+02 3.370212587470278436e+02
2.923990033983633339e+02 3.374466974901275762e+02
2.914573012436799786e+02 3.378560132449505886e+02
2.905079970880823339e+02 3.382494991512562024e+02
2.895515643970472297e+02 3.386274545316614422e+02
2.885884677863770094e+02 3.389901899031493713e+02
2.876192027817072017e+02 3.393380332656004725e+02
2.866442398086136336e+02 3.396713355863940365e+02
2.856640505495968796e+02 3.399904549137168033e+02
2.846791006355789477e+02 3.402957602262865748e+02
2.836898485115779067e+02 3.405876340446330914e+02
2.826967638171735757e+02 3.408665226078896922e+02
2.817003275634348824e+02 3.411329470138918509e+02
2.807010024038614802e+02 3.413874473879138236e+02
2.796992440456618283e+02 3.416305789559305595e+02
2.786954794875660468e+02 3.418629162222129025e+02
2.776901217062488172e+02 3.420850656064185955e+02
2.766835851632444019e+02 3.422977204593064471e+02
2.756762633247881240e+02 3.425016118297505727e+02
2.746685199873378451e+02 3.426974895639968395e+02
2.736606840388595288e+02 3.428861211782532905e+02
2.726530537679914801e+02 3.430682750850507432e+02
2.716457779619420876e+02 3.432443453245110163e+02
2.706388759677461167e+02 3.434143489469745987e+02
2.696323598424674515e+02 3.435782945657027767e+02
2.686262302204033858e+02 3.437361947124411472e+02
2.676205008989358021e+02 3.438880737795515188e+02
2.666151723788263439e+02 3.440339612286858824e+02
2.656102175806362311e+02 3.441738567788434580e+02
2.646056464290350618e+02 3.443077802745276585e+02
2.636014176296288838e+02 3.444357393091673316e+02
2.625975310234228459e+02 3.445577657073891942e+02
2.615939548245150377e+02 3.446738896268497570e+02
2.605906594978827684e+02 3.447841331784412091e+02
2.595876231324987202e+02 3.448885310585657180e+02
2.585848102363917747e+02 3.449871178471326516e+02
2.575821881551486285e+02 3.450799353312362427e+02
2.565797357351683559e+02 3.451670679992598139e+02
2.555774238968474776e+02 3.452486312781458082e+02
2.545752069953267096e+02 3.453247223262845296e+02
2.535730380287575088e+02 3.453954193709734000e+02
2.525708724003359862e+02 3.454607959742418757e+02
2.515686612081641158e+02 3.455209049634544272e+02
2.505663544599919135e+02 3.455757762527856585e+02
2.495639063465746972e+02 3.456254467306285960e+02
2.485612631461912656e+02 3.456699149092441417e+02
2.475583772909145353e+02 3.457091907438038447e+02
2.465551933777102533e+02 3.457432463429594236e+02
2.455516620829120882e+02 3.457720663753984240e+02
2.445477251485297927e+02 3.457954499629976226e+02
2.435433395345711176e+02 3.458128616263591653e+02
2.425384766308950759e+02 3.458236901610841869e+02
2.415331320273330959e+02 3.458273130892037557e+02
2.405273263809354205e+02 3.458231074782075325e+02
2.395210954233423877e+02 3.458104185537317790e+02
2.385145101657404894e+02 3.457886034467909440e+02
2.375076556894306066e+02 3.457569949098019038e+02
2.365006465646743266e+02 3.457149155977205055e+02
2.354936288711620591e+02 3.456616911175216273e+02
2.344867621896094931e+02 3.455966141540459944e+02
2.334802581995788842e+02 3.455190026457433987e+02
2.324743281416099308e+02 3.454281320098110655e+02
2.314692502187060370e+02 3.453233094732090080e+02
2.304653011722296299e+02 3.452038004153686757e+02
2.294628227448085056e+02 3.450688892794589151e+02
2.284621780531281274e+02 3.449178480040468457e+02
2.274637646622320233e+02 3.447499313992851171e+02
2.264680456162908513e+02 3.445644197858729854e+02
2.254755060003425058e+02 3.443605769046981777e+02
2.244866860705169245e+02 3.441376674046480844e+02
2.235021772739195569e+02 3.438949582754491416e+02
2.225226260671311422e+02 3.436317163968339514e+02
2.215487383118990294e+02 3.433472084992009741e+02
2.205812812186981375e+02 3.430407111962390445e+02
2.196210867305879901e+02 3.427115151889032063e+02
2.186690551467418118e+02 3.423589292796178825e+02
2.177260975560340910e+02 3.419824250321586874e+02
2.167928509260878513e+02 3.415825088393406759e+02
2.158697851847785500e+02 3.411600224002455093e+02
2.149573658694642404e+02 3.407158272956422138e+02
2.140560204487642579e+02 3.402507466143406418e+02
2.131661619609455727e+02 3.397656308798323153e+02
2.122881548435855450e+02 3.392613069686059362e+02
2.114223307091904474e+02 3.387386064615908481e+02
2.105689815268604832e+02 3.381983480167021980e+02
2.097283559292222606e+02 3.376413339801165421e+02
2.089006548059230397e+02 3.370683473949640074e+02
2.080860294314164776e+02 3.364801445061999630e+02
2.072845906275076118e+02 3.358774353245966040e+02
2.064963640821862612e+02 3.352609219254972004e+02
2.057213494595870316e+02 3.346312392134314564e+02
2.049594322862271554e+02 3.339890049778796879e+02
2.042104663653924774e+02 3.333347706905991572e+02
2.034741999698481720e+02 3.326690368806598599e+02
2.027503020219555196e+02 3.319922448346347323e+02
2.020383648195091837e+02 3.313047621101205777e+02
2.013378914009325911e+02 3.306068760453432560e+02
2.006482981802174379e+02 3.298987883155840564e+02
