1.959034291362415559e+02 3.328522778496958949e+02
1.951394280628879585e+02 3.319920819185504683e+02
1.944217325550960425e+02 3.310943578532231868e+02
1.937516733556509791e+02 3.301633690388356968e+02
1.931297516004353270e+02 3.292027422624236124e+02
1.925561503637586895e+02 3.282159814753873661e+02
1.920307577688317338e+02 3.272064419523134120e+02
1.915531886930454561e+02 3.261772980033908880e+02
1.911228043212899195e+02 3.251314866118781310e+02
1.907388304226238063e+02 3.240719563704762436e+02
1.904001866764709234e+02 3.230011736980619617e+02
1.901057306636134854e+02 3.219216238651842446e+02
1.898539843940338301e+02 3.208355009356409369e+02
1.896429297599625272e+02 3.197451447461727980e+02
1.894702942333185547e+02 3.186525433639474727e+02
1.893337432790364119e+02 3.175595090327101389e+02
1.892308712082533475e+02 3.164676316129622364e+02
1.891591851067550749e+02 3.153782838650228086e+02
1.891156815359271377e+02 3.142927821788690039e+02
1.890969601990321394e+02 3.132123108206205870e+02
1.890995850230420672e+02 3.121378137316800689e+02
1.891201192281267538e+02 3.110699768719526332e+02
1.891551150163783177e+02 3.100093593618289560e+02
1.892011692009135118e+02 3.089562225454183704e+02
1.892549517145411642e+02 3.079107147634884427e+02
1.893131753660336187e+02 3.068727643058645640e+02
1.893725927629597834e+02 3.058421653504074129e+02
1.894299746589275628e+02 3.048185776843519648e+02
1.894823235105940000e+02 3.038014926239137594e+02
1.895287791673279685e+02 3.027900760501232185e+02
1.895698549949990479e+02 3.017833927119888244e+02
1.896061473402592696e+02 3.007805975603000661e+02
1.896382908521642037e+02 2.997809254008525954e+02
1.896669713946084244e+02 2.987836996151937115e+02
1.896929186724482008e+02 2.977883267462775052e+02
1.897168746116923046e+02 2.967942762615548986e+02
1.897396108051750332e+02 2.958010928335955896e+02
1.897619381141334713e+02 2.948083971629188227e+02
1.897846778105396766e+02 2.938158543072267435e+02
1.898086798204897434e+02 2.928232075202003557e+02
1.898347988257088446e+02 2.918302529531835035e+02
1.898638845025719490e+02 2.908368280504535619e+02
1.898968133029626699e+02 2.898428424883422281e+02
1.899344750138180871e+02 2.888482461979153300e+02
1.899777593545218792e+02 2.878530290216457956e+02
1.900275777081856461e+02 2.868572414949726408e+02
1.900848591095870574e+02 2.858609752391279812e+02
1.901505452162587062e+02 2.848643698248121723e+02
1.902255729350350180e+02 2.838675999013877913e+02
1.903108863060890315e+02 2.828708903918620194e+02
1.904074339570284167e+02 2.818745067817673089e+02
1.905161705125116498e+02 2.808787563775259173e+02
1.906380529406926883e+02 2.798839881705866901e+02
1.907740412284228455e+02 2.788905933313053538e+02
1.909250890627496062e+02 2.778990024748829910e+02
1.910921405470369905e+02 2.769096868703215364e+02
1.912758320719251230e+02 2.759230898706609310e+02
1.914763496852135916e+02 2.749395763869440543e+02
1.916938497559303869e+02 2.739595130350087402e+02
1.919284884448863977e+02 2.729832761205522615e+02
1.921804173363728978e+02 2.720112516895456451e+02
1.924497950707583698e+02 2.710438369241562100e+02
1.927367954057329769e+02 2.700814443424475257e+02
1.930415680217422221e+02 2.691244995823703903e+02
1.933642846512463507e+02 2.681734421577217518e+02
1.937051064994811895e+02 2.672287300350794794e+02
1.940641979964357517e+02 2.662908384192222684e+02
1.944417138137979748e+02 2.653602600412036168e+02
1.948378181718778421e+02 2.644375120097574268e+02
1.952526528559806707e+02 2.635231280061473740e+02
1.956863667125545874e+02 2.626176698859978842e+02
1.961391028170461368e+02 2.617217266466961973e+02
1.966109907866382116e+02 2.608359132938201697e+02
1.971020872258962129e+02 2.599608256314514847e+02
1.976123508389255505e+02 2.590969891365337503e+02
1.981417030436226128e+02 2.582449340141428706e+02
1.986900426883711930e+02 2.574051899601803370e+02
1.992572499567498880e+02 2.565782931509492073e+02
1.998430970073017932e+02 2.557647027944034051e+02
2.004472555056894976e+02 2.549648491368846237e+02
2.010693819031027374e+02 2.541791213903117352e+02
2.017091187067582325e+02 2.534079151779630479e+02
2.023661021174941084e+02 2.526515651374702998e+02
2.030396841366637091e+02 2.519102642552080624e+02
2.037282597830512429e+02 2.511835822448885835e+02
2.044300434735128533e+02 2.504708360632395454e+02
2.051432762661997344e+02 2.497712815771201633e+02
2.058662445721122083e+02 2.490840809170531713e+02
2.065972872091871579e+02 2.484083138441053507e+02
2.073349218404923704e+02 2.477430705084924512e+02
2.080778203299151983e+02 2.470874474739888740e+02
2.088246980688876135e+02 2.464404790142378943e+02
2.095743112573598523e+02 2.458011379370407212e+02
2.103254575387326213e+02 2.451683389920898435e+02
2.110770831301065300e+02 2.445410323532112500e+02
2.118284940338231763e+02 2.439183772489599278e+02
2.125790934001510948e+02 2.432995289008927102e+02
2.133282900217603810e+02 2.426836458063093289e+02
2.140755234569743664e+02 2.420698548921704116e+02
2.148202707736321315e+02 2.414572762469778411e+02
2.155622222432486126e+02 2.408451838624945935e+02
2.163012031122741803e+02 2.402329839269061722e+02
2.170370891622077067e+02 2.396200270790481284e+02
2.177697189955323154e+02 2.390057204014736101e+02
2.184989529551620819e+02 2.383894545670845559e+02
2.192246476226725633e+02 2.377706141992736946e+02
2.199466430206863663e+02 2.371485661907287010e+02
2.206647802110217924e+02 2.365226773914533567e+02
2.213789029909197268e+02 2.358923190688866782e+02
2.220888552560759877e+02 2.352568700210813688e+02
2.227945351672451295e+02 2.346157414304762199e+02
2.234962263642652260e+02 2.339688032518272109e+02
2.241944358495383369e+02 2.333161908993011764e+02
2.248896510978048013e+02 2.326580682521344272e+02
2.255823352894493041e+02 2.319946260620868088e+02
2.262729320098106598e+02 2.313260752779211771e+02
2.269618186807798850e+02 2.306525813194628540e+02
2.276492428186334678e+02 2.299742194424976844e+02
2.283354286004674236e+02 2.292910626259119908e+02
2.290205858845185105e+02 2.286031976988137728e+02
2.297049061137039416e+02 2.279107298679132327e+02
2.303885802272862691e+02 2.272137878234445907e+02
2.310718884076237600e+02 2.265125879470325572e+02
2.317550995930141085e+02 2.258074400677743370e+02
2.324384695516961017e+02 2.250986702856000363e+02
2.331222891342332844e+02 2.243865656532068726e+02
2.338067686294700422e+02 2.236714910870556139e+02
2.344922537955694679e+02 2.229538917708229917e+02
2.351791928940787102e+02 2.222344534283969608e+02
2.358680560805480582e+02 2.215138702263354560e+02
2.365592751104036324e+02 2.207928707867555431e+02
2.372533001466944711e+02 2.200721629096990171e+02
2.379505564039774299e+02 2.193525279697369399e+02
2.386516309772533759e+02 2.186349234114794626e+02
2.393571414965399526e+02 2.179204018863386239e+02
2.400676933159035684e+02 2.172100268994327052e+02
2.407838841001372145e+02 2.165048694020954940e+02
2.415063105850774718e+02 2.158059881655074435e+02
2.422353645483646574e+02 2.151141907892734935e+02
2.429711876327668847e+02 2.144299219307584679e+02
2.437139076014977377e+02 2.137535983199796021e+02
2.444636569399438883e+02 2.130856342592596206e+02
2.452205735106259681e+02 2.124264413220084577e+02
2.459847906099791146e+02 2.117764127659527844e+02
2.467563944050320686e+02 2.111358603699879097e+02
2.475354616803384715e+02 2.105050671062879815e+02
2.483220774744093831e+02 2.098843117325385492e+02
2.491163352894124898e+02 2.092738689418210924e+02
2.499182649907524194e+02 2.086741339015033248e+02
2.507277616377541278e+02 2.080857862963123921e+02
2.515450036511122676e+02 2.075092949467941992e+02
2.523702292209533766e+02 2.069450835034660088e+02
2.532036633969969444e+02 2.063935840419943304e+02
2.540455200246905179e+02 2.058552332991946514e+02
2.548959806856074408e+02 2.053304625383287600e+02
2.557551603581126756e+02 2.048196296658146025e+02
2.566231496414029607e+02 2.043230750470980865e+02
2.575000155891310101e+02 2.038411588283570950e+02
2.583858204736385460e+02 2.033742406795546742e+02
2.592806004912241633e+02 2.029226863209977978e+02
2.601842650279385225e+02 2.024867143244251508e+02
2.610966256503630802e+02 2.020663814458710590e+02
2.620174550433797549e+02 2.016617681155274795e+02
2.629465335418807967e+02 2.012729445488594706e+02
2.638836179720431119e+02 2.008999963836952531e+02
2.648282551839536723e+02 2.005427264609960218e+02
2.657793875316546632e+02 2.001999093138641967e+02
2.667358011430214333e+02 1.998701324961003820e+02
2.676963151807085524e+02 1.995519610104777257e+02
2.686597720997869487e+02 1.992439413218712332e+02
2.696250149733334069e+02 1.989446390473515578e+02
2.705910206776225664e+02 1.986527656976202252e+02
2.715568801345599468e+02 1.983671359048897784e+02
2.725216789541958065e+02 1.980865757835383363e+02
2.734845355790258736e+02 1.978098931898967408e+02
2.744445912688685212e+02 1.975358853114900342e+02
2.754011477872506362e+02 1.972634982294882491e+02
2.763537755659475010e+02 1.969921926864277282e+02
2.773021222523719871e+02 1.967214986302196849e+02
2.782458532275568359e+02 1.964509380997106405e+02
2.791846533092090681e+02 1.961800247269200668e+02
2.801182461274593720e+02 1.959082975585231736e+02
2.810465786715795957e+02 1.956356871121205643e+02
2.819697379612078976e+02 1.953623798330447130e+02
2.828878055657471009e+02 1.950885753602673276e+02
2.838008785848737716e+02 1.948144689470215098e+02
2.847090959549890954e+02 1.945402344057480661e+02
2.856125867191673251e+02 1.942661604462932132e+02
2.865115141945574351e+02 1.939927608548440503e+02
2.874062604782342873e+02 1.937204641230846676e+02
2.882969147739365781e+02 1.934498545436863424e+02
2.891838432099651186e+02 1.931813801566862878e+02
2.900671104073915672e+02 1.929156527613592971e+02
2.909471307666333360e+02 1.926532122210029740e+02
2.918240713783380329e+02 1.923947625754245792e+02
2.926981581982228704e+02 1.921409881946439384e+02
2.935696226242903322e+02 1.918925729136863367e+02
2.944387069263208900e+02 1.916501942212538552e+02
2.953055401299661753e+02 1.914144779316634413e+02
2.961702180167212077e+02 1.911858849723814160e+02
2.970328126686013093e+02 1.909648671146639458e+02
2.978933698706399582e+02 1.907518872408472532e+02
2.987520283002076553e+02 1.905473731873558734e+02
2.996088118385217740e+02 1.903517700111106592e+02
3.004636658329814622e+02 1.901654097330138313e+02
3.013166629441555529e+02 1.899885223782847845e+02
3.021678177408388137e+02 1.898213512156461888e+02
3.030170599939431213e+02 1.896641636762255132e+02
3.038645008232245459e+02 1.895171760406222745e+02
3.047101347378905416e+02 1.893805363749046364e+02
3.055538442811906066e+02 1.892542806820548549e+02
3.063958671705992174e+02 1.891383558729004335e+02
3.072361501006662934e+02 1.890327625309924997e+02
3.080747617369169120e+02 1.889374830724123058e+02
3.089118186615883701e+02 1.888524416678199032e+02
3.097475477729379350e+02 1.887772485773484448e+02
3.105820901700131458e+02 1.887114216852853872e+02
3.114157154590644723e+02 1.886544737026088967e+02
3.122487642660765346e+02 1.886059203226628824e+02
3.130816487786640891e+02 1.885652847805827150e+02
3.139147909817055506e+02 1.885321435520171178e+02
3.147488287592520919e+02 1.885061314914465243e+02
3.155843405809756064e+02 1.884869019462231847e+02
3.164219755548551234e+02 1.884741282663324569e+02
3.172632169578573098e+02 1.884675168846042936e+02
3.181112033653044477e+02 1.884668475049346625e+02
3.189669663941487556e+02 1.884718412938479730e+02
3.198306359866623438e+02 1.884821818542073970e+02
3.207027379555470361e+02 1.884976124166232125e+02
3.215834703851891732e+02 1.885178440361187029e+02
3.224733357979640118e+02 1.885426678670978049e+02
3.233723410225878183e+02 1.885723220543183345e+02
3.242806801886833910e+02 1.886076300137703470e+02
3.251982228698841482e+02 1.886493725604394740e+02
3.261248300537208706e+02 1.886983343656808643e+02
3.270603175343204612e+02 1.887552903880379347e+02
3.280043462175122500e+02 1.888212507143510095e+02
3.289561234667045255e+02 1.888981399417374121e+02
3.299146333139298690e+02 1.889880504330511997e+02
3.308787234819160403e+02 1.890930140928945775e+02
3.318471135276158748e+02 1.892149997678589557e+02
3.328183938743798080e+02 1.893559260711271861e+02
3.337908491810351279e+02 1.895179056476091262e+02
3.347626718486042137e+02 1.897032524038761494e+02
3.357317405255907374e+02 1.899141366029159883e+02
3.366959034282541552e+02 1.901526798094134278e+02
3.376528761176038529e+02 1.904209023078791176e+02
3.386006188503668568e+02 1.907201279446819626e+02
3.395381387116445921e+02 1.910497932579181963e+02
3.404647617850649226e+02 1.914090024663805423e+02
3.413798085824288364e+02 1.917968436520711180e+02
3.422826602775146512e+02 1.922124272681697335e+02
3.431728031754286690e+02 1.926548624454667333e+02
3.440499042855801690e+02 1.931230143073894681e+02
3.449138291810084525e+02 1.936156088402568116e+02
3.457645110456026600e+02 1.941313979724392311e+02
3.466019442417821210e+02 1.946691640435021782e+02
3.474261812132958767e+02 1.952277206272657111e+02
3.482373441054461409e+02 1.958058961232061677e+02
3.490356452189942615e+02 1.964025101350477769e+02
3.498213554336582547e+02 1.970164121687840293e+02
3.505947962210300943e+02 1.976464890574603714e+02
3.513563351608435710e+02 1.982916666271907786e+02
3.521063849311895524e+02 1.989509103535370684e+02
3.528454216667826131e+02 1.996232108361292603e+02
3.535739615682190902e+02 2.003075938197024470e+02
3.542925619721411863e+02 2.010031287830556721e+02
3.550018112102555961e+02 2.017089330855268656e+02
3.557023533071607631e+02 2.024241567936132924e+02
3.563948555152254016e+02 2.031479974194539295e+02
3.570800086383420080e+02 2.038797081720978781e+02
3.577585566326380899e+02 2.046185726351109224e+02
3.584312613625793347e+02 2.053639292279510471e+02
3.590989086849143064e+02 2.061151710715932950e+02
3.597622026985447405e+02 2.068718193025572987e+02
3.604208138926599645e+02 2.076342359604112460e+02
3.610738874550071387e+02 2.084031292088512544e+02
3.617205224615985344e+02 2.091791789906479551e+02
3.623597743352794964e+02 2.099630302930020775e+02
3.629906689159517441e+02 2.107552647817361731e+02
3.636121894084043902e+02 2.115564561500561638e+02
3.642232995128384800e+02 2.123670743700604646e+02
3.648229258269966522e+02 2.131876014585118639e+02
3.654099611042040578e+02 2.140184156832171141e+02
3.659832692066352706e+02 2.148598911589959073e+02
3.665416828142859913e+02 2.157123134086356515e+02
3.670840342635468687e+02 2.165759196822291983e+02
3.676091354865138214e+02 2.174508825079767860e+02
3.681157943745821512e+02 2.183372123067460393e+02
3.686028592023218380e+02 2.192347965105091419e+02
3.690692177806020595e+02 2.201435009456998841e+02
3.695137494996487248e+02 2.210632376599323266e+02
3.699353114255533796e+02 2.219937711100621129e+02
3.703327575841890962e+02 2.229349216182739610e+02
3.707049223494367425e+02 2.238863697432987863e+02
3.710506396878396913e+02 2.248478090491087187e+02
3.713687118106093408e+02 2.258188584744941636e+02
3.716578545303179908e+02 2.267991047534516440e+02
3.719167390417069896e+02 2.277881357303268146e+02
3.721440376675346897e+02 2.287853969037604145e+02
3.723384189048379653e+02 2.297903424828094501e+02
3.724985883353722897e+02 2.308023151337372951e+02
3.726247209071667044e+02 2.318201745932366293e+02
3.727186995316251910e+02 2.328423713119363470e+02
3.727825459107147026e+02 2.338674196815716755e+02
3.728183363185258941e+02 2.348939418701641841e+02
3.728281807989445156e+02 2.359206801777703220e+02
3.728142603794650540e+02 2.369464743773160365e+02
3.727789785231073552e+02 2.379702442143763506e+02
3.727248181579955713e+02 2.389910281518858994e+02
3.726542856821540113e+02 2.400079916679761425e+02
3.725699112452567761e+02 2.410204326981798033e+02
3.724742347908016882e+02 2.420277840365312159e+02
3.723696058652527086e+02 2.430296387786082164e+02
3.722581855325151423e+02 2.440257374422042460e+02
3.721421308466149753e+02 2.450159388670137446e+02
3.720235988870272763e+02 2.460002216769636902e+02
3.719047426293386138e+02 2.469786871806720114e+02
3.717876000841735618e+02 2.479515676503159227e+02
3.716738293846955798e+02 2.489192304435070469e+02
3.715649913175134884e+02 2.498821486538031706e+02
3.714626156011324838e+02 2.508408734578400754e+02
3.713682151859612190e+02 2.517961132637206561e+02
3.712832929954199130e+02 2.527486693024586941e+02
3.712096149855360068e+02 2.536994027038683441e+02
3.711491709912303349e+02 2.546494423811537331e+02
3.711038978043111456e+02 2.555999783419992752e+02
3.710756758899603369e+02 2.565524220945538900e+02
3.710663100933632563e+02 2.575083012770364803e+02
3.710766196145873437e+02 2.584692843725573539e+02
3.711047831047132490e+02 2.594366818078703432e+02
3.711484749665643221e+02 2.604117548927416124e+02
3.712053191092620636e+02 2.613956671714167328e+02
3.712728831156279625e+02 2.623894536066507044e+02
3.713486054626414443e+02 2.633940528159787391e+02
3.714289894756668104e+02 2.644100849475980226e+02
3.715099241569412243e+02 2.654378393900227024e+02
3.715872776860539943e+02 2.664773686066988034e+02
3.716569191505465142e+02 2.675284805238222816e+02
3.717147300735721842e+02 2.685907283460584836e+02
3.717564068938018522e+02 2.696633328730538324e+02
3.717772502820263867e+02 2.707450611174030541e+02
3.717725817803461723e+02 2.718343122182545812e+02
3.717377954995130267e+02 2.729291540464022887e+02
3.716684532509431165e+02 2.740272511673859412e+02
3.715603460336983517e+02 2.751259859275764370e+02
3.714104458108358244e+02 2.762228295930667059e+02
3.712165172043355597e+02 2.773151556485469200e+02
3.709774965366419224e+02 2.783991686999387412e+02
3.706926513382043709e+02 2.794712646520083581e+02
3.703613448862881796e+02 2.805281062223816093e+02
3.699833791621985029e+02 2.815667457759354875e+02
3.695595357469933333e+02 2.825845823620584270e+02
3.690907567959266657e+02 2.835791946092279545e+02
3.685779680834757528e+02 2.845483529542520955e+02
3.680223433363358936e+02 2.854897304997734864e+02
3.674250499027654087e+02 2.864015130298744225e+02
3.667888464756707094e+02 2.872828389779018039e+02
3.661167931185485713e+02 2.881337955327718419e+02
3.654120608068015486e+02 2.889544865686880826e+02
3.646774908318649295e+02 2.897454480358879323e+02
3.639159266819924596e+02 2.905072776944607540e+02
3.631298198036186022e+02 2.912406015496893019e+02
3.623211374366441646e+02 2.919458938513431576e+02
3.614917340837906750e+02 2.926237027547730918e+02
3.606433596248572826e+02 2.932746879130798447e+02
3.597776931446352364e+02 2.938995877565891988e+02
3.588963253845386134e+02 2.944992999772424014e+02
3.580010043690675730e+02 2.950750609869692198e+02
3.570934802799100680e+02 2.956282758554611974e+02
3.561753987321379213e+02 2.961604271397092134e+02
3.552483023851746680e+02 2.966730649929930337e+02
3.543136492118093201e+02 2.971677988798234651e+02
3.533730136669898343e+02 2.976465481586191686e+02
3.524282126361945870e+02 2.981115891832603211e+02
3.514809145535994617e+02 2.985653105733203461e+02
3.505327633896927750e+02 2.990101067188958268e+02
3.495852901734843954e+02 2.994484256155858475e+02
3.486400039135319844e+02 2.998827456330610630e+02
3.476983795944472604e+02 3.003156635713139622e+02
3.467619017317635439e+02 3.007498038905589510e+02
3.458319757561267807e+02 3.011878179953158678e+02
3.449099744590873797e+02 3.016323559127880571e+02
3.439972169813574965e+02 3.020860211690573465e+02
3.430940633392209520e+02 3.025501013682608118e+02
3.421999047431879717e+02 3.030244467775805219e+02
3.413141220096140955e+02 3.035087990689308413e+02
3.404361311847788443e+02 3.040028626156333758e+02
3.395653843089353927e+02 3.045063102499535148e+02
3.387013570924372630e+02 3.050187747020419238e+02
3.378435290803286648e+02 3.055398223992060593e+02
3.369914016759479409e+02 3.060689858935901952e+02
3.361445022592290570e+02 3.066057760218596968e+02
3.353023820085371653e+02 3.071496844760550857e+02
3.344646138382678942e+02 3.077001863396673684e+02
3.336307916043363662e+02 3.082567443783540284e+02
3.328005278785200858e+02 3.088188109959671692e+02
3.319734507423092396e+02 3.093858285172507863e+02
3.311492017218678825e+02 3.099572310883649493e+02
3.303274340378310967e+02 3.105324468976316439e+02
3.295078099791148816e+02 3.111108991607855501e+02
3.286899982856061229e+02 3.116920069202258219e+02
3.278736554452969472e+02 3.122751715243225021e+02
3.270582283578356737e+02 3.128596058917067921e+02
3.262430510860168056e+02 3.134443848729046067e+02
3.254274798376030731e+02 3.140285632375446312e+02
3.246108722249952052e+02 3.146111988972012909e+02
3.237925869541091970e+02 3.151913514218948649e+02
3.229719832170398490e+02 3.157680782544641147e+02
3.221484224275121733e+02 3.163404338346312556e+02
3.213212696542781259e+02 3.169074692419710573e+02
3.204900980422365251e+02 3.174685411227694658e+02
3.196550046699158543e+02 3.180237955972534110e+02
3.188161722116755072e+02 3.185734997225921461e+02
3.179737872007962665e+02 3.191179169512000726e+02
3.171280380192609982e+02 3.196573071016994732e+02
3.162791159447740483e+02 3.201919268769814835e+02
3.154272129795588739e+02 3.207220292069951029e+02
3.145725202813126202e+02 3.212478631810034813e+02
3.137152325188242230e+02 3.217696770228126866e+02
3.128555411135756685e+02 3.222877168327049162e+02
3.119936385751433932e+02 3.228022274684341255e+02
3.111297175079255339e+02 3.233134549425019486e+02
3.102639684515476119e+02 3.238216464318164185e+02
3.093965786176584061e+02 3.243270481485371874e+02
3.085277355468844576e+02 3.248299089607609744e+02
3.076576208034061892e+02 3.253304785345036407e+02
3.067864120809745714e+02 3.258290078148295947e+02
3.059142824207487479e+02 3.263257502337138476e+02
3.050413992627938455e+02 3.268209618279514075e+02
3.041679233319945297e+02 3.273149010443225961e+02
3.032940095988485609e+02 3.278078310003793376e+02
3.024198042889792077e+02 3.283000179435700261e+02
3.015454452009492456e+02 3.287917319689684632e+02
3.006710607186645348e+02 3.292832473674654352e+02
2.997967692395648669e+02 3.297748432892691426e+02
2.989226784367848495e+02 3.302668041255233220e+02
2.980488844949405234e+02 3.307594198350320198e+02
2.971754384249965142e+02 3.312529259964612720e+02
2.963021594429965262e+02 3.317471554338479223e+02
2.954287735702644113e+02 3.322417721504908741e+02
2.945550067233525624e+02 3.327364368851723384e+02
2.936805885991948344e+02 3.332308106429207442e+02
2.928052498994031794e+02 3.337245516538620222e+02
2.919287231502401028e+02 3.342173132827879272e+02
2.910507426551035337e+02 3.347087428121183166e+02
2.901710469422031338e+02 3.351984846916653851e+02
2.892893795840797111e+02 3.356861807001300235e+02
2.884054898853653981e+02 3.361714698476494618e+02
2.875191302389110888e+02 3.366539853433949361e+02
2.866300641435786929e+02 3.371333537213802742e+02
2.857380571101664373e+02 3.376091961593291444e+02
2.848428846177739047e+02 3.380811301796479142e+02
2.839443319083409847e+02 3.385487703327453914e+02
2.830421946225148417e+02 3.390117282833638228e+02
2.821362788425731196e+02 3.394696111933338329e+02
2.812264017742292026e+02 3.399220215343499945e+02
2.803123910906826382e+02 3.403685586590427761e+02
2.793940941301219141e+02 3.408088205424418220e+02
2.784713676880206208e+02 3.412424042428835378e+02
2.775440840319615745e+02 3.416689055438448577e+02
2.766121323724549370e+02 3.420879220843288522e+02
2.756754181164114925e+02 3.424990518561337467e+02
2.747338631028237046e+02 3.429018928822700332e+02
2.737874015903535678e+02 3.432960429855422149e+02
2.728359912935194984e+02 3.436810934690246881e+02
2.718795587660010824e+02 3.440564752879527646e+02
2.709180072138011042e+02 3.444214581755733207e+02
2.699512713716058556e+02 3.447753039306169853e+02
2.689793021568804647e+02 3.451172724323358239e+02
2.680021176585653961e+02 3.454466238165547338e+02
2.670197589467371131e+02 3.457626387674329180e+02
2.660322570950202135e+02 3.460646416297281576e+02
2.650397956649486559e+02 3.463519716197117759e+02
2.640424326374085808e+02 3.466239778301206229e+02
2.630404114752082592e+02 3.468800092547766667e+02
2.620338926790468008e+02 3.471194321276195183e+02
2.610230870802496952e+02 3.473416178408947985e+02
2.600082949815272286e+02 3.475459571793402347e+02
2.589897764628344135e+02 3.477318548702871226e+02
2.579678473059794328e+02 3.478987235206939204e+02
2.569429659840134264e+02 3.480460113580476786e+02
2.559155766649188593e+02 3.481731962699453220e+02
2.548859901033734729e+02 3.482797165097531433e+02
2.538545263099017006e+02 3.483649900121770884e+02
2.528215682262933512e+02 3.484284327605544149e+02
2.517874666270845694e+02 3.484694517225036634e+02
2.507525889303273345e+02 3.484874268569137143e+02
2.497174145866537458e+02 3.484816121102080047e+02
2.486823103366613736e+02 3.484511476045523750e+02
2.476478298947128565e+02 3.483951841120671133e+02
2.466144220157390805e+02 3.483128502831415858e+02
2.455827216940187157e+02 3.482032966291184266e+02
2.445532688075743408e+02 3.480663167669492850e+02
2.435267367179294524e+02 3.479032913907816464e+02
2.425036581893652681e+02 3.477158131785045043e+02
2.414845504530962614e+02 3.475054749052435454e+02
2.404698950164276710e+02 3.472738797464638765e+02
2.394600630082786381e+02 3.470226344213381822e+02
2.384554265372999851e+02 3.467536435147882798e+02
2.374562223178817533e+02 3.464689452850457201e+02
2.364626360513731242e+02 3.461705723394824759e+02
2.354747849219592695e+02 3.458605599361629857e+02
2.344926834185049529e+02 3.455409061808520050e+02
2.335162955402993816e+02 3.452136271900575366e+02
2.325454773943234272e+02 3.448806849538266874e+02
2.315800132975548706e+02 3.445440572451267940e+02
2.306195961118435775e+02 3.442056673637021049e+02
2.296638197643862611e+02 3.438674312330664975e+02
2.287121886281948093e+02 3.435312037453808784e+02
2.277641563883634035e+02 3.431986049792187714e+02
2.268190686743042193e+02 3.428711467153709691e+02
2.258761998340299613e+02 3.425502905585305484e+02
2.249347168883726908e+02 3.422374474529731856e+02
2.239936792304667108e+02 3.419339738790864658e+02
2.230520190872389037e+02 3.416412183345588574e+02
2.221085224069520052e+02 3.413605443649389599e+02
2.211618391707160924e+02 3.410932415648609890e+02
2.202104782637292146e+02 3.408405074117847562e+02
2.192528004067726783e+02 3.406034356842848752e+02
2.182871882437096929e+02 3.403825494118448773e+02
2.173128407644241804e+02 3.401755504729399604e+02
2.163294605617481352e+02 3.399790476196918121e+02
2.153368336698099768e+02 3.397896128160609237e+02
2.143349126421057065e+02 3.396037694459242289e+02
2.133237658749876857e+02 3.394180183036633593e+02
2.123038061343489744e+02 3.392284782515100119e+02
2.112758638631510166e+02 3.390308061218065063e+02
2.102410348526531152e+02 3.388206552722766105e+02
2.092006843075216977e+02 3.385937254682346520e+02
2.081564651425988473e+02 3.383457838510798865e+02
2.071102830625706872e+02 3.380727662539244420e+02
2.060640851371551605e+02 3.377710940843373351e+02
2.050200995679240350e+02 3.374375165609287706e+02
2.039807298189926144e+02 3.370687884713213975e+02
2.029488467000128367e+02 3.366620035025422908e+02
2.019274821578088677e+02 3.362143081263253634e+02
2.009201157281395922e+02 3.357232166438242302e+02
1.999305144275020893e+02 3.351865170823419930e+02
1.989627459626810833e+02 3.346023127157696422e+02
1.980212107840217755e+02 3.339691160187384753e+02
1.971106019595178509e+02 3.332858781211643873e+02
