2.034110193224038881e+02 3.260719365502573055e+02
2.027057929952360666e+02 3.255530577476500866e+02
2.019772617756531474e+02 3.250353079941485248e+02
2.012258613772924889e+02 3.245137186125254516e+02
2.004529670582386984e+02 3.239842342719171597e+02
1.996603519893140231e+02 3.234431806363741657e+02
1.988501433020580293e+02 3.228872771998295548e+02
1.980247834755413407e+02 3.223136473328856368e+02
1.971870042504673393e+02 3.217198258013812620e+02
1.963396715550017007e+02 3.211036464897448468e+02
1.954859452992970148e+02 3.204634435542646997e+02
1.946290574371780622e+02 3.197978131321665956e+02
1.937729421190928178e+02 3.191054936400529414e+02
1.929233782758648204e+02 3.183848276157851274e+02
1.920866743249935098e+02 3.176345303530237629e+02
1.912692475259824789e+02 3.168537992981349021e+02
1.904775957887743232e+02 3.160423005676487378e+02
1.897181402939561394e+02 3.152001699868350215e+02
1.889954326338719568e+02 3.143285004148275448e+02
1.883125428637771392e+02 3.134289982678230899e+02
1.876724298426002520e+02 3.125034661075437725e+02
1.870779809831925320e+02 3.115537094235826316e+02
1.865320216082724301e+02 3.105817653152907383e+02
1.860367236382138572e+02 3.095896149101683932e+02
1.855927139129371710e+02 3.085797593521352837e+02
1.852002692067672172e+02 3.075544607707963678e+02
1.848596052462600312e+02 3.065159208648971116e+02
1.845708689107012219e+02 3.054663553928091915e+02
1.843340138564478252e+02 3.044077769053486122e+02
1.841475680929619614e+02 3.033422885351927789e+02
1.840091386754586722e+02 3.022718938228568391e+02
1.839162745406594581e+02 3.011983658428778199e+02
1.838664809430259481e+02 3.001233706006481157e+02
1.838572333149679139e+02 2.990482945623309092e+02
1.838863731352317927e+02 2.979743135125014533e+02
1.839525361660417389e+02 2.969025421870481978e+02
1.840544522503801375e+02 2.958339494502074558e+02
1.841908579905322938e+02 2.947693616074417378e+02
1.843604739728624793e+02 2.937096505978934715e+02
1.845619844543930981e+02 2.926555004741711059e+02
1.847936805311263981e+02 2.916075368406926600e+02
1.850536346674078629e+02 2.905663565937873614e+02
1.853399432739552140e+02 2.895323520147147178e+02
1.856507108130245740e+02 2.885058865628700460e+02
1.859840332423860900e+02 2.874872815187761717e+02
1.863376444654674344e+02 2.864766661748453771e+02
1.867086032712451527e+02 2.854740290226078514e+02
1.870939271499755989e+02 2.844792151675696914e+02
1.874906423009337573e+02 2.834919938623968392e+02
1.878958113406738732e+02 2.825119763900281100e+02
1.883064996875141901e+02 2.815386671461638457e+02
1.887196169968287052e+02 2.805714301059505829e+02
1.891320291662035800e+02 2.796094975346927072e+02
1.895406454700612073e+02 2.786519792428716187e+02
1.899424101815783104e+02 2.776978780146435497e+02
1.903343425564578695e+02 2.767460790844485814e+02
1.907150605913278696e+02 2.757957025860973772e+02
1.910854857707531949e+02 2.748463636057015833e+02
1.914467376088630317e+02 2.738977695596906869e+02
1.917999428364703931e+02 2.729496846248883912e+02
1.921462312819829776e+02 2.720019235132198219e+02
1.924867589599658970e+02 2.710543537483521845e+02
1.928227687462548090e+02 2.701069184413661901e+02
1.931555081580006288e+02 2.691596174223773232e+02
1.934862501298759412e+02 2.682125062439077965e+02
1.938162618838213973e+02 2.672656931345688918e+02
1.941468171942571814e+02 2.663193402762267397e+02
1.944791830826837611e+02 2.653736602382155070e+02
1.948146382964400800e+02 2.644289230845242855e+02
1.951544428330693677e+02 2.634854462215375293e+02
1.954998671808486392e+02 2.625436059940302584e+02
1.958521799004484194e+02 2.616038349127026095e+02
1.962126464234941068e+02 2.606666232085851220e+02
1.965824814449963753e+02 2.597325087656583378e+02
1.969627809070792921e+02 2.588020608001215237e+02
1.973545981885777110e+02 2.578758892462329300e+02
1.977589520879960219e+02 2.569546520509387619e+02
1.981768358238470569e+02 2.560390573136310763e+02
1.986091834571247716e+02 2.551298588059959229e+02
1.990569020393823507e+02 2.542278521650308392e+02
1.995208481885286744e+02 2.533338788776923423e+02
2.000018497381348084e+02 2.524488212262585023e+02
2.005006737906753926e+02 2.515736025146894121e+02
2.010178066182208738e+02 2.507090295641944238e+02
2.015527888096712843e+02 2.498553788643137636e+02
2.021049324756104113e+02 2.490127736534441851e+02
2.026735560432557293e+02 2.481813000964420155e+02
2.032579782791874550e+02 2.473610120944504445e+02
2.038575194709207778e+02 2.465519295116418732e+02
2.044715012082790793e+02 2.457540365562634861e+02
2.050992482529347001e+02 2.449672821570314056e+02
2.057400916657017831e+02 2.441915815107332151e+02
2.063933701648201122e+02 2.434268167027514096e+02
2.070584313313084976e+02 2.426728374284493839e+02
2.077346309583017501e+02 2.419294606395842209e+02
2.084213285501023734e+02 2.411964671560500904e+02
2.091178914694624495e+02 2.404736028303198907e+02
2.098237016233742622e+02 2.397605872202756814e+02
2.105381547595871723e+02 2.390571120749761747e+02
2.112606607230069358e+02 2.383628428051042079e+02
2.119906428999090338e+02 2.376774190399702320e+02
2.127275399089961638e+02 2.370004610081411442e+02
2.134708048725194374e+02 2.363315545085660005e+02
2.142199037471395684e+02 2.356702738917825570e+02
2.149743194882780983e+02 2.350161721131483148e+02
2.157335546453418829e+02 2.343687886516551089e+02
2.164971373685577873e+02 2.337276574690105804e+02
2.172646113897770590e+02 2.330922994908392241e+02
2.180355339662229426e+02 2.324622225603665129e+02
2.188094753468201930e+02 2.318369236251170946e+02
2.195860497076460831e+02 2.312159152157176436e+02
2.203651754406211012e+02 2.305990246350199868e+02
2.211469433409368150e+02 2.299862645386808424e+02
2.219314417189956714e+02 2.293776561833428502e+02
2.227187541230681234e+02 2.287732280719136497e+02
2.235089605928925209e+02 2.281730140526202604e+02
2.243021356148321956e+02 2.275770468385483412e+02
2.250983415931325169e+02 2.269853606118379901e+02
2.258976383552342782e+02 2.263979925153533657e+02
2.267000830978769272e+02 2.258149841768874921e+02
2.275057293728541765e+02 2.252363841210591318e+02
2.283146287428166943e+02 2.246622439210821085e+02
2.291268311913842979e+02 2.240925975956165246e+02
2.299423694500883073e+02 2.235274930601040069e+02
2.307612760255760804e+02 2.229669856575681592e+02
2.315836029428607503e+02 2.224111057863498502e+02
2.324093719590657940e+02 2.218599212105729066e+02
2.332386248127023123e+02 2.213134678353656852e+02
2.340713779113613953e+02 2.207717897422313342e+02
2.349076601029351536e+02 2.202349183053997592e+02
2.357474876193699913e+02 2.197029021871184966e+02
2.365908972055985942e+02 2.191757700043370392e+02
2.374378999164805180e+02 2.186535714768457410e+02
2.382885056801292478e+02 2.181363051379308615e+02
2.391427085363310141e+02 2.176239646176869940e+02
2.400005033036865143e+02 2.171165468050523373e+02
2.408618876384984446e+02 2.166140505470796711e+02
2.417268673996078405e+02 2.161164559562915031e+02
2.425952114186151221e+02 2.156234311395795089e+02
2.434663907033460646e+02 2.151342010282405965e+02
2.443398643176552980e+02 2.146479546215342395e+02
2.452150999986564273e+02 2.141638771528672294e+02
2.460915729682355959e+02 2.136811509274424168e+02
2.469687769140155922e+02 2.131989736939897568e+02
2.478462724433259723e+02 2.127166316517752591e+02
2.487236432622706559e+02 2.122334393448386720e+02
2.496004754582072849e+02 2.117487117937281482e+02
2.504763561404657253e+02 2.112617655264017458e+02
2.513506688813874348e+02 2.107721380539471170e+02
2.522223757361933281e+02 2.102799798638517075e+02
2.530910984249660771e+02 2.097851225213083524e+02
2.539566249353413525e+02 2.092872872947935434e+02
2.548187484848558313e+02 2.087861911156906558e+02
2.556772756831532547e+02 2.082815387600404904e+02
2.565320081372619825e+02 2.077730438552186172e+02
2.573827674763183495e+02 2.072604234490187878e+02
2.582293960414457388e+02 2.067433819229275400e+02
2.590717202711271625e+02 2.062216388711650268e+02
2.599096014607603138e+02 2.056948879030425417e+02
2.607428943094314491e+02 2.051628215580782637e+02
2.615713899423373618e+02 2.046250389247451551e+02
2.623948681264382685e+02 2.040810104101145441e+02
2.632130745208527287e+02 2.035302326426765092e+02
2.640258126142650212e+02 2.029721624248748526e+02
2.648328834088674171e+02 2.024062620153119667e+02
2.656342175995749813e+02 2.018321944428127495e+02
2.664302160270811441e+02 2.012502375934797954e+02
2.672213201765850386e+02 2.006608456802030673e+02
2.680080069756331227e+02 2.000644541355734134e+02
2.687907657181714285e+02 1.994614923063664946e+02
2.695700663644065003e+02 1.988524191517599036e+02
2.703464490500672923e+02 1.982377669952870178e+02
2.711205079112418730e+02 1.976181228187027727e+02
2.718928135630339966e+02 1.969941004348332569e+02
2.726639475997343425e+02 1.963663154389788303e+02
2.734344907945881573e+02 1.957353937278718092e+02
2.742050876514913966e+02 1.951020390068922836e+02
2.749764816945693724e+02 1.944672110127105213e+02
2.757494370856595083e+02 1.938319175186279324e+02
2.765247060241588883e+02 1.931971826879904199e+02
2.773030269407120727e+02 1.925640482685203096e+02
2.780851294736156092e+02 1.919335883161386107e+02
2.788718043587302304e+02 1.913070548851704871e+02
2.796638675018682534e+02 1.906858259633141301e+02
2.804621017417298390e+02 1.900713113105306320e+02
2.812672591611249686e+02 1.894649469502779766e+02
2.820800587572641689e+02 1.888681899601271539e+02
2.829011648982817064e+02 1.882825364254617000e+02
2.837311934057007647e+02 1.877095248455870831e+02
2.845707335012154999e+02 1.871506934704693776e+02
2.854202855283707549e+02 1.866076513545009163e+02
2.862803157068734663e+02 1.860820098849972055e+02
2.871511617461583228e+02 1.855753406513977382e+02
2.880327343040988239e+02 1.850882444970262384e+02
2.889247050495732196e+02 1.846208360543753031e+02
2.898267391984920209e+02 1.841732330809678047e+02
2.907384904607474709e+02 1.837455604504214648e+02
2.916595979705256241e+02 1.833379463968764185e+02
2.925896840006040520e+02 1.829505115823679375e+02
2.935283488531531475e+02 1.825833493427166445e+02
2.944751818265149268e+02 1.822365546548035411e+02
2.954297636017317359e+02 1.819102285031349311e+02
2.963916569484736669e+02 1.816044664853860979e+02
2.973604194755088201e+02 1.813193670326209883e+02
2.983356041480080876e+02 1.810550378335452422e+02
2.993167435715497504e+02 1.808115792151105836e+02
3.003033633819050578e+02 1.805890852649620513e+02
3.012949878585278611e+02 1.803876520300009929e+02
3.022911183739940384e+02 1.802073589519636698e+02
3.032912566374069456e+02 1.800482773622957779e+02
3.042949078590729073e+02 1.799104823751546292e+02
3.053015442746167309e+02 1.797940140149708270e+02
3.063106588582352856e+02 1.796989042737156979e+02
3.073217358597523230e+02 1.796251686117305724e+02
3.083342577311721584e+02 1.795728003057934927e+02
3.093477027238795358e+02 1.795417580089949183e+02
3.103615648987197915e+02 1.795319790114746468e+02
3.113753423579653941e+02 1.795433713938149651e+02
3.123885446157660795e+02 1.795758117983395437e+02
3.134006958611286677e+02 1.796291479295052227e+02
3.144113330884827064e+02 1.797033484985407199e+02
3.154199793486776002e+02 1.797985195425978304e+02
3.164261612435383313e+02 1.799147430913717756e+02
3.174294037111783382e+02 1.800520617550837130e+02
3.184292056336595351e+02 1.802103739953261936e+02
3.194250462358891696e+02 1.803892140153145931e+02
3.204165724871946850e+02 1.805880382233418402e+02
3.214035058051036344e+02 1.808063389349751731e+02
3.223855792934505757e+02 1.810435846300538856e+02
3.233625655018681755e+02 1.812992727583484509e+02
3.243342516913307350e+02 1.815728826661923279e+02
3.253004590262064539e+02 1.818639347612356687e+02
3.262610189137654970e+02 1.821719281922221398e+02
3.272157930914757458e+02 1.824963861782980814e+02
3.281646588297776930e+02 1.828368445698196751e+02
3.291075104101117290e+02 1.831928505243538439e+02
3.300442586547183623e+02 1.835639633245804987e+02
3.309748296647139796e+02 1.839497548750029239e+02
3.318991636504167104e+02 1.843498099952963116e+02
3.328172138083646701e+02 1.847637266611052951e+02
3.337289452509418197e+02 1.851911161824623662e+02
3.346343339312581975e+02 1.856316036188740952e+02
3.355333623526175302e+02 1.860848428255396811e+02
3.364260240384134022e+02 1.865504703772264179e+02
3.373123229489605706e+02 1.870281629206134824e+02
3.381922659380281289e+02 1.875176014413764847e+02
3.390658683870484538e+02 1.880184787371039477e+02
3.399331017649080877e+02 1.885305839738142879e+02
3.407937781390089071e+02 1.890539761391359548e+02
3.416476661507167023e+02 1.895887412278519264e+02
3.424945195540484519e+02 1.901349788172040292e+02
3.433340701137565247e+02 1.906927921965200028e+02
3.441660355923080488e+02 1.912622600513257680e+02
3.449901220184617046e+02 1.918434705034929664e+02
3.458060175428955745e+02 1.924365051421618773e+02
3.466133954934776398e+02 1.930414403165398483e+02
3.474119148352734214e+02 1.936583466837929564e+02
3.482012204868086087e+02 1.942872886568256945e+02
3.489809437886315209e+02 1.949283236367944028e+02
3.497507030554594962e+02 1.955815011486140520e+02
3.505101034796245472e+02 1.962468627162733128e+02
3.512587373010836131e+02 1.969244413458840768e+02
3.519961834189108458e+02 1.976142632132365407e+02
3.527220064223245686e+02 1.983163467499751391e+02
3.534357598628412234e+02 1.990306883223994987e+02
3.541369871973332124e+02 1.997572837976710503e+02
3.548252172194468130e+02 2.004961162580560199e+02
3.554999628322036642e+02 2.012471654293956362e+02
3.561607298792087022e+02 2.020103717116804489e+02
3.568070152998509457e+02 2.027856820927772503e+02
3.574382914033006386e+02 2.035730404673804230e+02
3.580540269619910987e+02 2.043723439085387099e+02
3.586536810889500089e+02 2.051834962768798789e+02
3.592366927169846349e+02 2.060063851406282822e+02
3.598025977608440371e+02 2.068407841958239430e+02
3.603517026924990319e+02 2.076858903017671309e+02
3.608847368652409955e+02 2.085406229718680891e+02
3.614024697076378061e+02 2.094039564675493637e+02
3.619057015451913912e+02 2.102749163251666289e+02
3.623952852254710706e+02 2.111525686322405306e+02
3.628720809939991909e+02 2.120360443732314479e+02
3.633370184082075980e+02 2.129245155731284740e+02
3.637910215384353592e+02 2.138172153348906193e+02
3.642350788572900342e+02 2.147134323394978423e+02
3.646701806070494172e+02 2.156125095376795855e+02
3.650973616238337627e+02 2.165138561342085097e+02
3.655176563992108072e+02 2.174169467888007148e+02
3.659321177455061616e+02 2.183213241973612355e+02
3.663419019858629326e+02 2.192266081833857356e+02
3.667482663153153908e+02 2.201324695382033951e+02
3.671525013310361487e+02 2.210386077774890623e+02
3.675558712242555544e+02 2.219447520015662860e+02
3.679597239734135883e+02 2.228507231137414522e+02
3.683653634277077344e+02 2.237563729412035514e+02
3.687741448335027030e+02 2.246616536555177674e+02
3.691873999708167275e+02 2.255665623655518459e+02
3.696064779015095496e+02 2.264711768011449351e+02
3.700327607020935829e+02 2.273756352958102980e+02
3.704676075889208278e+02 2.282801394175240546e+02
3.709124145459620649e+02 2.291849770190694073e+02
3.713685437555291173e+02 2.300904989928007183e+02
3.718372953996372985e+02 2.309971601141116935e+02
3.723181200979780101e+02 2.319059991186884986e+02
3.728082686454920349e+02 2.328186094909347617e+02
3.733048041517157003e+02 2.337364712355522158e+02
3.738047306732671586e+02 2.346609012397579193e+02
3.743049861276556953e+02 2.355930828603458735e+02
3.748024232908828708e+02 2.365340579042229763e+02
3.752937492127499581e+02 2.374847048357891310e+02
3.757755987160520021e+02 2.384457532066567182e+02
3.762445603003171186e+02 2.394177745160345694e+02
3.766971816388194725e+02 2.404011625396814225e+02
3.771300054889882745e+02 2.413961317978255749e+02
3.775401798746481177e+02 2.424026422943570651e+02
3.779254440449471986e+02 2.434204430560137951e+02
3.782835505043081525e+02 2.444491662397396112e+02
3.786122438664224319e+02 2.454883273620501143e+02
3.789092645302541769e+02 2.465373215817451751e+02
3.791725901974473913e+02 2.475954082682628155e+02
3.794010207462752078e+02 2.486617051227857758e+02
3.795935415604752734e+02 2.497352572374290958e+02
3.797491424657630432e+02 2.508150909002631863e+02
3.798668362021958842e+02 2.519000762248803937e+02
3.799456422662622685e+02 2.529890458533458570e+02
3.799843249458121477e+02 2.540808663752278562e+02
3.799814950101824707e+02 2.551740999769424434e+02
3.799357692566038622e+02 2.562673702581446378e+02
3.798458113842611397e+02 2.573590857386573134e+02
3.797103092871143417e+02 2.584476300836571454e+02
3.795284746019776208e+02 2.595311710245857739e+02
3.793007650790448224e+02 2.606081587290091761e+02
3.790279203195361220e+02 2.616769158448743156e+02
3.787107318789616102e+02 2.627357760623089575e+02
3.783500194939189214e+02 2.637831445781318394e+02
3.779466758317015547e+02 2.648173927155096976e+02
3.775018599015171503e+02 2.658369466894474158e+02
3.770169225705485587e+02 2.668402909453939742e+02
3.764932661721648515e+02 2.678259461788538829e+02
3.759323428140977512e+02 2.687924723858874927e+02
3.753356572910689124e+02 2.697384736755490167e+02
3.747052673583146998e+02 2.706628098748419688e+02
3.740444909774672624e+02 2.715647873057367860e+02
3.733567952274852360e+02 2.724440198096335735e+02
3.726455867908800315e+02 2.733003906002815029e+02
3.719143071882122058e+02 2.741339070820730512e+02
3.711663528092978481e+02 2.749449241088709641e+02
3.704055240421113240e+02 2.757342248835020087e+02
3.696358219088979808e+02 2.765030010743587354e+02
3.688616269399130942e+02 2.772527479648666144e+02
3.680870464960070763e+02 2.779859986056371781e+02
3.673158868964885073e+02 2.787058851059465496e+02
3.665514128816612356e+02 2.794156876001771934e+02
3.657961948346439840e+02 2.801185861943388886e+02
3.650525655307164925e+02 2.808179037644185883e+02
3.643226758427516074e+02 2.815170721154166813e+02
3.636085238013892535e+02 2.822196847014240007e+02
3.629116184993861225e+02 2.829291000045321880e+02
3.622308860392805059e+02 2.836468293579126225e+02
3.615641980979885375e+02 2.843732690130302103e+02
3.609094953603193972e+02 2.851086751631223706e+02
3.602648351679550842e+02 2.858530390555046097e+02
3.596283570023490483e+02 2.866062124279018803e+02
3.589983740149415326e+02 2.873679268691465154e+02
3.583733937209290161e+02 2.881378473997407355e+02
3.577520178365712695e+02 2.889155187588612534e+02
3.571329353000361380e+02 2.897003633911258476e+02
3.565149203857257021e+02 2.904917022800803466e+02
3.558968095918400536e+02 2.912887269196784246e+02
3.552773888487126328e+02 2.920904030348286256e+02
3.546554783682368566e+02 2.928955629907637785e+02
3.540299764849761459e+02 2.937029614008605449e+02
3.533998514367602866e+02 2.945112835217867655e+02
3.527641341452377333e+02 2.953191536951816829e+02
3.521218916534147638e+02 2.961251244050720857e+02
3.514722483232301897e+02 2.969276804737834823e+02
3.508143467476650699e+02 2.977252686399373829e+02
3.501473970385740131e+02 2.985162942014168834e+02
3.494706248748535131e+02 2.992991405203230215e+02
3.487833493907655793e+02 3.000722097124440779e+02
3.480850581316562398e+02 3.008341418421518370e+02
3.473753561724179235e+02 3.015836209973492146e+02
3.466538152434319500e+02 3.023193459168963955e+02
3.459200125452692305e+02 3.030400056865248075e+02
3.451735783488470588e+02 3.037443124922090760e+02
3.444147444158190297e+02 3.044318969891858728e+02
3.436443956582703549e+02 3.051033670838084504e+02
3.428634077881480380e+02 3.057594047511826147e+02
3.420726122669752272e+02 3.064007182173339174e+02
3.412728132685531932e+02 3.070280340995808501e+02
3.404647499483929778e+02 3.076420732699414771e+02
3.396490500818065925e+02 3.082434520938688820e+02
3.388262948532278642e+02 3.088327722511031084e+02
3.379970399696895811e+02 3.094106492185920843e+02
3.371618176705525798e+02 3.099777111165334986e+02
3.363211370843329746e+02 3.105345952382077712e+02
3.354754577748290103e+02 3.110819036630828123e+02
3.346251952087069981e+02 3.116202074366072452e+02
3.337707482245266419e+02 3.121500852736371598e+02
3.329125013001707316e+02 3.126721245886363363e+02
3.320508273298714812e+02 3.131869207057774247e+02
3.311860827111671597e+02 3.136950717654082723e+02
3.303186023951350307e+02 3.141971648661532299e+02
3.294486356079623306e+02 3.146938115521040800e+02
3.285756357761002846e+02 3.151858169247479964e+02
3.276992532617927623e+02 3.156736485639113994e+02
3.268196010964241509e+02 3.161574688194074270e+02
3.259368196044064234e+02 3.166374473680459687e+02
3.250510615210761785e+02 3.171137636387494467e+02
3.241624825760922590e+02 3.175865933839858144e+02
3.232712424882114419e+02 3.180561079654483478e+02
3.223775027808408140e+02 3.185224751346952985e+02
3.214813766835110300e+02 3.189857791989873590e+02
3.205828458335578830e+02 3.194458980099649921e+02
3.196818733400493215e+02 3.199026737156074773e+02
3.187784266712279759e+02 3.203559445416198059e+02
3.178724738528349576e+02 3.208055459750110003e+02
3.169639888270023107e+02 3.212513101357932896e+02
3.160529552393164181e+02 3.216930770962336510e+02
3.151393614145100059e+02 3.221306903408698190e+02
3.142232055746566175e+02 3.225639887998934796e+02
3.133044819322558965e+02 3.229928101068779824e+02
3.123831926656308724e+02 3.234169867295115637e+02
3.114593501032000518e+02 3.238363579224672435e+02
3.105329794473799438e+02 3.242507793760465233e+02
3.096041100964371822e+02 3.246601047894076260e+02
3.086727804230325205e+02 3.250641859070449868e+02
3.077390282450401742e+02 3.254628728295819542e+02
3.068028976369419638e+02 3.258560147103755185e+02
3.058644480403478383e+02 3.262434773154822096e+02
3.049237482362938181e+02 3.266251339843350934e+02
3.039808704581346888e+02 3.270008559991911739e+02
3.030358910429829962e+02 3.273705151857294595e+02
3.020888897080492939e+02 3.277339815473364411e+02
3.011399584075643361e+02 3.280911394945717916e+02
3.001892072925687671e+02 3.284418993304780656e+02
2.992367506599423450e+02 3.287861743397687633e+02
2.982827052955318550e+02 3.291238785817367898e+02
2.973271903219423962e+02 3.294549272688136625e+02
2.963703775776232874e+02 3.297793296780492369e+02
2.954127768302947743e+02 3.300977249507573106e+02
2.944550215567814462e+02 3.304110235252634880e+02
2.934977250575318521e+02 3.307201492916383359e+02
2.925414695977714814e+02 3.310260488552155493e+02
2.915868155049902839e+02 3.313296793674123251e+02
2.906342430964796790e+02 3.316319204732640173e+02
2.896841350737492462e+02 3.319335306440880800e+02
2.887368412797777069e+02 3.322352739993454520e+02
2.877926822894968382e+02 3.325379313287287459e+02
2.868519475470184830e+02 3.328423004524194653e+02
2.859148929391177489e+02 3.331491738798987399e+02
2.849816791383130976e+02 3.334592876582202052e+02
2.840524407346164253e+02 3.337733515852889354e+02
2.831272723718664110e+02 3.340920936545805944e+02
2.822062329786221540e+02 3.344162574050280341e+02
2.812893459293130718e+02 3.347466039617198135e+02
2.803766295306952543e+02 3.350839910237127128e+02
2.794680983879993050e+02 3.354293891019194689e+02
2.785637270573431010e+02 3.357837871566960644e+02
2.776634288907852692e+02 3.361481975209970301e+02
2.767670806300525896e+02 3.365236409388980974e+02
2.758745473017437462e+02 3.369112667118939726e+02
2.749858095883540159e+02 3.373127429272423115e+02
2.741008193168948424e+02 3.377298949296900332e+02
2.732194471475344812e+02 3.381645667813430691e+02
2.723414864701047691e+02 3.386186156497839193e+02
2.714666116480727283e+02 3.390938387822276923e+02
2.705938983856615891e+02 3.395902261368028121e+02
2.697219188834997112e+02 3.401059556559148973e+02
2.688492885314330465e+02 3.406390979325919375e+02
2.679747043587861981e+02 3.411876833229695194e+02
2.670969183455832194e+02 3.417497253257411671e+02
2.662147008863036035e+02 3.423228661777369553e+02
2.653266616067854784e+02 3.429034938828067993e+02
2.644314809515877300e+02 3.434877222571999482e+02
2.635280275642069228e+02 3.440715907759459924e+02
2.626153369987724773e+02 3.446511313350521277e+02
2.616926183515262778e+02 3.452223440189788448e+02
2.607592818793416427e+02 3.457814080330354614e+02
2.598149636113022893e+02 3.463246635881777706e+02
2.588594346922128011e+02 3.468484382786585343e+02
2.578926423611599716e+02 3.473490495150616653e+02
2.569148082163012532e+02 3.478228344100622280e+02
2.559263829912370056e+02 3.482666564057894334e+02
2.549279644425556626e+02 3.486788177637365607e+02
2.539202053813792475e+02 3.490578737145053196e+02
2.529038443873312190e+02 3.494023850040757679e+02
2.518795928032639324e+02 3.497109124666545767e+02
2.508481870589215532e+02 3.499820392580096495e+02
2.498105637297894077e+02 3.502147396454106456e+02
2.487674884205536898e+02 3.504082361658400941e+02
2.477199845915468188e+02 3.505617732213343061e+02
2.466688593402063248e+02 3.506745855534330190e+02
2.456152045502973920e+02 3.507459331946840280e+02
2.445598825345845739e+02 3.507755189378053160e+02
2.435040149737292268e+02 3.507641439437486497e+02
2.424485090494202382e+02 3.507127582597957485e+02
2.413943200588402931e+02 3.506223191958068810e+02
2.403424286619131465e+02 3.504938041527598216e+02
2.392936391069720798e+02 3.503281187889809303e+02
2.382489759476156621e+02 3.501256959151869523e+02
2.372093160653328994e+02 3.498866679397863777e+02
2.361756236968435019e+02 3.496111760817688037e+02
2.351489363277362941e+02 3.492993892543522065e+02
2.341301743357532530e+02 3.489514560212708716e+02
2.331204569253345085e+02 3.485679090267915399e+02
2.321205984781112761e+02 3.481498508685668867e+02
2.311316359975622277e+02 3.476985290571428777e+02
2.301543803881762074e+02 3.472151451282302332e+02
2.291897874503259800e+02 3.467009555269796692e+02
2.282386952249148067e+02 3.461573602949560495e+02
2.273017010476009432e+02 3.455868837692669899e+02
2.263792802685805725e+02 3.449926081041054999e+02
2.254717402140286424e+02 3.443775902724454454e+02
2.245792966265856023e+02 3.437448809726351442e+02
2.237020478163699693e+02 3.430975188963848836e+02
2.228399521810147519e+02 3.424385820131088281e+02
2.219928074204952964e+02 3.417712148634790310e+02
2.211602599986973132e+02 3.410985388647060290e+02
2.203417978540561819e+02 3.404236368580455405e+02
2.195367403986617774e+02 3.397495446613516492e+02
2.187443526161952718e+02 3.390790058847803152e+02
2.179641504394382139e+02 3.384132745036429810e+02
2.171958948623477568e+02 3.377530483400252024e+02
2.164391816851747024e+02 3.370989742627019723e+02
2.156936772333041574e+02 3.364516924471905099e+02
2.149588093192699034e+02 3.358117521314710530e+02
2.142342698256708786e+02 3.351793140423488921e+02
2.135199042388803718e+02 3.345539715819152207e+02
2.128155641798614113e+02 3.339352625971312705e+02
2.121210895343296556e+02 3.333227027990529336e+02
2.114363061001055826e+02 3.327157830382951715e+02
2.107610250848968292e+02 3.321139932308018388e+02
2.100950390749001997e+02 3.315169221083323805e+02
2.094378389143629136e+02 3.309240308886140269e+02
2.087892794180164628e+02 3.303349356333602600e+02
2.081487327384652417e+02 3.297489490150845199e+02
2.075159409999061779e+02 3.291655618448666019e+02
2.068903320438859339e+02 3.285840183529063552e+02
2.062713803485245307e+02 3.280035462522711782e+02
2.056585751579670216e+02 3.274233231705537150e+02
2.050513442433101545e+02 3.268424136119393211e+02
2.044490982425778327e+02 3.262597954962050721e+02
