2.012590178476044116e+02 3.280154769026502208e+02
2.006942718943822399e+02 3.272648748625370558e+02
2.001517450812390848e+02 3.264992553030853060e+02
1.996310436848502547e+02 3.257192224652388859e+02
1.991319297587668302e+02 3.249256026834808608e+02
1.986541116661161936e+02 3.241192009567338346e+02
1.981972503720602106e+02 3.233007971741223514e+02
1.977609713704448211e+02 3.224711475860690939e+02
1.973448927607795724e+02 3.216309992373907676e+02
1.969485125036626414e+02 3.207809755621127579e+02
1.965714211200676971e+02 3.199218046533602546e+02
1.962131038891886305e+02 3.190540652172381897e+02
1.958730982896252044e+02 3.181783885902427187e+02
1.955508677354256690e+02 3.172952757132244983e+02
1.952459311236876545e+02 3.164052882653954271e+02
1.949577827297934505e+02 3.155089119367354442e+02
1.946859118923977405e+02 3.146065965514370077e+02
1.944298144690830270e+02 3.136987713428908364e+02
1.941889858346452513e+02 3.127858288767254749e+02
1.939629271065178671e+02 3.118681361065162037e+02
1.937511462575408530e+02 3.109460341409397870e+02
1.935531908938992274e+02 3.100198907312311576e+02
1.933685526783590092e+02 3.090899118138289623e+02
1.931968069842816362e+02 3.081564595492955618e+02
1.930374668435474916e+02 3.072196970263474896e+02
1.928901027411002644e+02 3.062799040137796283e+02
1.927542929749349696e+02 3.053373026274908852e+02
1.926296004262809731e+02 3.043920287770240520e+02
1.925156218710103531e+02 3.034442800162103140e+02
1.924119588506424350e+02 3.024942081133664260e+02
1.923182249628669069e+02 3.015419522742412255e+02
1.922340519323630019e+02 3.005876485741120518e+02
1.921590675670545352e+02 2.996313660946107120e+02
1.920929217716405333e+02 2.986732137029255796e+02
1.920352790151904685e+02 2.977132996888497019e+02
1.919857889778195670e+02 2.967516614643791399e+02
1.919441127824543685e+02 2.957883522080546186e+02
1.919099348279997344e+02 2.948234477891938923e+02
1.918829371552994587e+02 2.938569373734655983e+02
1.918628208671066773e+02 2.928888667405320234e+02
1.918492857230260142e+02 2.919192527869934679e+02
1.918420240217024570e+02 2.909480551790981053e+02
1.918407499236268734e+02 2.899752960799982588e+02
1.918451911327619541e+02 2.890009511654379821e+02
1.918550784170372481e+02 2.880249548723239741e+02
1.918701538448959525e+02 2.870472826032965941e+02
1.918901643215459103e+02 2.860678778125343911e+02
1.919148722729973144e+02 2.850866870290117276e+02
1.919440464273922373e+02 2.841036091856918233e+02
1.919774684285590070e+02 2.831185678625519131e+02
1.920149358828298318e+02 2.821314700141857088e+02
1.920562680382906535e+02 2.811422121701468200e+02
1.921013010758194355e+02 2.801506824405478824e+02
1.921498875990812678e+02 2.791567660705367189e+02
1.922018920590656421e+02 2.781603251901529461e+02
1.922572000464029145e+02 2.771612219858419621e+02
1.923161601555845550e+02 2.761594153155488698e+02
1.923797870357911961e+02 2.751550270975626518e+02
1.924491551149002362e+02 2.741482337366927027e+02
1.925253412146813616e+02 2.731392454879667753e+02
1.926094186447872403e+02 2.721283111139312609e+02
1.927024753114737905e+02 2.711157285385498881e+02
1.928056649073419351e+02 2.701018505344811729e+02
1.929201350918690423e+02 2.690870723653870300e+02
1.930470531651562567e+02 2.680718367013845977e+02
1.931875746804091705e+02 2.670566323878908292e+02
1.933428559715369488e+02 2.660419908415754549e+02
1.935139889502498534e+02 2.650284762537409051e+02
1.937020190708060738e+02 2.640166601555193893e+02
1.939079528342716401e+02 2.630071857929105477e+02
1.941328154682465481e+02 2.620007136369814020e+02
1.943776222109796095e+02 2.609979643013675741e+02
1.946433543011873155e+02 2.599996987539572046e+02
1.949307840867399193e+02 2.590067463166286643e+02
1.952404675928343067e+02 2.580200680143606746e+02
1.955729565670952752e+02 2.570405424503334757e+02
1.959287719745804566e+02 2.560690609801004598e+02
1.963084159499222210e+02 2.551065269768881763e+02
1.967123014020558571e+02 2.541539199574390011e+02
1.971408365323045757e+02 2.532121863571550193e+02
1.975943593955908568e+02 2.522823355935193490e+02
1.980731987525628028e+02 2.513653613091591126e+02
1.985775964634756861e+02 2.504623266486399586e+02
1.991075554319931200e+02 2.495741141340975560e+02
1.996621748634302662e+02 2.487010909581608757e+02
2.002403201421877270e+02 2.478434870453394296e+02
2.008408849322185006e+02 2.470014445404756032e+02
2.014627637142006336e+02 2.461750602400703940e+02
2.021048579447239888e+02 2.453643787014399322e+02
2.027660915850961771e+02 2.445693982936178372e+02
2.034454109635086638e+02 2.437900709396058119e+02
2.041417765169282745e+02 2.430262960648565240e+02
2.048541644805833073e+02 2.422779212552395336e+02
2.055815687277225265e+02 2.415447433445526144e+02
2.063229758131245717e+02 2.408264863988039792e+02
2.070773091091414244e+02 2.401227593778697269e+02
2.078434939322316382e+02 2.394331107420649403e+02
2.086204929614503953e+02 2.387570315925602245e+02
2.094072945751614725e+02 2.380939693580758956e+02
2.102029118044239908e+02 2.374433225261360576e+02
2.110063288641802046e+02 2.368043947902042419e+02
2.118165256445530247e+02 2.361764117562605634e+02
2.126325034903973403e+02 2.355585563746604407e+02
2.134533057792330055e+02 2.349499697808720384e+02
2.142780066291824141e+02 2.343497595706508889e+02
2.151057188911691753e+02 2.337570066904980024e+02
2.159356023478600264e+02 2.331707776596761903e+02
2.167668486679009732e+02 2.325901143551469943e+02
2.175986779422555060e+02 2.320140344269394745e+02
2.184303375178189981e+02 2.314415345309146517e+02
2.192611275313074373e+02 2.308716160294559074e+02
2.200906353263515030e+02 2.303035521470015397e+02
2.209186146540679090e+02 2.297367749300453568e+02
2.217448287406474776e+02 2.291707176648080235e+02
2.225690472983735617e+02 2.286048147334519456e+02
2.233910466087251052e+02 2.280385010800463306e+02
2.242106221902884897e+02 2.274712249471153882e+02
2.250275966374408370e+02 2.269024696384714446e+02
2.258417990276427645e+02 2.263317246771073599e+02
2.266530602688880549e+02 2.257584836252050025e+02
2.274612112076186747e+02 2.251822470598380619e+02
2.282660825297451481e+02 2.246025184188835055e+02
2.290674987085554335e+02 2.240187776407213107e+02
2.298652655511234570e+02 2.234305162406857050e+02
2.306591891262183651e+02 2.228372349336980847e+02
2.314490927014840622e+02 2.222384132743803775e+02
2.322347698099255808e+02 2.216335688795199985e+02
2.330160092317368594e+02 2.210221663957752583e+02
2.337925409925608733e+02 2.204036374407599794e+02
2.345640997664172005e+02 2.197774016533214763e+02
2.353304068942665026e+02 2.191428973842631933e+02
2.360911948199794779e+02 2.184995506739693667e+02
2.368461663996411346e+02 2.178468012637627851e+02
2.375949788533374090e+02 2.171840025807328232e+02
2.383372568500052751e+02 2.165104888829276888e+02
2.390726201166920362e+02 2.158256018411791217e+02
2.398006844166250744e+02 2.151286899434564646e+02
2.405210752242576575e+02 2.144191171838633636e+02
2.412338917959415028e+02 2.136969481301644009e+02
2.419398784992742719e+02 2.129631913935027399e+02
2.426398050619503977e+02 2.122189388939144408e+02
2.433344212816777201e+02 2.114652981478049867e+02
2.440244591284167086e+02 2.107033906456344994e+02
2.447106645809095937e+02 2.099343933202409858e+02
2.453939211518280672e+02 2.091597139433292512e+02
2.460751473847023476e+02 2.083808407030881256e+02
2.467552508433276728e+02 2.075992708423895863e+02
2.474351307515448752e+02 2.068165090004492868e+02
2.481157751323264335e+02 2.060340746050718792e+02
2.487984588824097614e+02 2.052534406761064076e+02
2.494843702006305648e+02 2.044760744050268499e+02
2.501746533042847602e+02 2.037034671844554055e+02
2.508704407251009911e+02 2.029371190475167452e+02
2.515728458532941829e+02 2.021785413791534722e+02
2.522829168721965232e+02 2.014291705129268450e+02
2.530014517081819747e+02 2.006901103989561364e+02
2.537291638076375193e+02 1.999623905270711930e+02
2.544667667966133990e+02 1.992470462713536961e+02
2.552149382829996966e+02 1.985451353068643812e+02
2.559743397470336674e+02 1.978577184576193133e+02
2.567455306942779885e+02 1.971857279869271906e+02
2.575289337925291875e+02 1.965299924547968828e+02
2.583249871935151418e+02 1.958913325169936286e+02
2.591340724809185758e+02 1.952706026595752746e+02
2.599565634361011348e+02 1.946686652390968106e+02
2.607926839155280732e+02 1.940861723610594254e+02
2.616421266901612626e+02 1.935230626599403081e+02
2.625045255451520347e+02 1.929791041954173068e+02
2.633794790317842853e+02 1.924540877763637923e+02
2.642665667665531259e+02 1.919478137919832363e+02
2.651653970798517435e+02 1.914600911298167318e+02
2.660756790049912865e+02 1.909909573616965588e+02
2.669971872226129221e+02 1.905406302806925680e+02
2.679297096529513169e+02 1.901093308371249577e+02
2.688730080887118561e+02 1.896972975258568681e+02
2.698268286941616338e+02 1.893047807208002382e+02
2.707908792159385598e+02 1.889320546639177962e+02
2.717648802653370126e+02 1.885794081838328964e+02
2.727485225848400887e+02 1.882471498883492700e+02
2.737414736840865430e+02 1.879356006044206424e+02
2.747433765859556161e+02 1.876450932732589081e+02
2.757538390681322653e+02 1.873759543486834787e+02
2.767723341678832298e+02 1.871283066472833525e+02
2.777982445953807087e+02 1.869021415904761056e+02
2.788309379543436535e+02 1.866974536496511803e+02
2.798697590086450759e+02 1.865142441982906973e+02
2.809140239593780848e+02 1.863525157032265724e+02
2.819629557517990861e+02 1.862120762918836476e+02
2.830155790006591587e+02 1.860923106678124839e+02
2.840708664620520381e+02 1.859925271646215208e+02
2.851278295422134761e+02 1.859120305044152701e+02
2.861854684656512973e+02 1.858501003597843635e+02
2.872427677535746398e+02 1.858059402824965503e+02
2.882984465490463890e+02 1.857779600462778546e+02
2.893511167577108267e+02 1.857641525280093902e+02
2.903994673183585746e+02 1.857624673258622181e+02
2.914422757326447595e+02 1.857708093792579120e+02
2.924784239791410982e+02 1.857870352296350802e+02
2.935069841526498635e+02 1.858092777501262844e+02
2.945273102942325067e+02 1.858361983134582545e+02
2.955388505905811485e+02 1.858664895045843366e+02
2.965411291317174687e+02 1.858988182680674015e+02
2.975338038339958757e+02 1.859317995678126749e+02
2.985166199688707707e+02 1.859641385377062193e+02
2.994895807219941730e+02 1.859952873697890823e+02
3.004528958791611899e+02 1.860249919628827513e+02
3.014067991875415942e+02 1.860529963381029006e+02
3.023515280507810985e+02 1.860790555412586400e+02
3.032874777420224177e+02 1.861028889773890000e+02
3.042150649726954725e+02 1.861243586408645285e+02
3.051347200244327951e+02 1.861435497095670826e+02
3.060471296861862811e+02 1.861605124182925124e+02
3.069528250765779944e+02 1.861753442277859847e+02
3.078524405797673467e+02 1.861881425923285178e+02
3.087466647066614769e+02 1.861989216831189822e+02
3.096362776445804457e+02 1.862071674336519607e+02
3.105220494249088574e+02 1.862122043640895015e+02
3.114048984554061121e+02 1.862133724663164287e+02
3.122858510222692416e+02 1.862100368241638364e+02
3.131660392231701735e+02 1.862016068080267814e+02
3.140466285844170784e+02 1.861879975897810766e+02
3.149289093130337847e+02 1.861697384276972400e+02
3.158140856693221963e+02 1.861474352628640645e+02
3.167033634416766290e+02 1.861217347150945898e+02
3.175984792897878606e+02 1.860933008758266567e+02
3.185022297119558061e+02 1.860627795728012188e+02
3.194158024524675739e+02 1.860308091322815756e+02
3.203396669103514114e+02 1.859980338557792265e+02
3.212744768107858135e+02 1.859651352200976362e+02
3.222205871259474748e+02 1.859327812351990303e+02
3.231784682557890847e+02 1.859016985536829623e+02
3.241480795309796008e+02 1.858733407976298793e+02
3.251292483599147545e+02 1.858499544423474674e+02
3.261214670421956043e+02 1.858337536744993201e+02
3.271240974572233995e+02 1.858269190009613681e+02
3.281363545458488602e+02 1.858315838636042656e+02
3.291572276768105780e+02 1.858500304564017256e+02
3.301852454419374681e+02 1.858852355213540761e+02
3.312186669320704482e+02 1.859402656002132517e+02
3.322555571356136852e+02 1.860180910193614636e+02
3.332937983539798097e+02 1.861215821929019398e+02
3.343311094948772961e+02 1.862534884504838146e+02
3.353652050892554257e+02 1.864161427310577892e+02
3.363938356541726193e+02 1.866114814847494756e+02
3.374146313530874863e+02 1.868413587670160325e+02
3.384251277500853803e+02 1.871075342820578271e+02
3.394227635257908560e+02 1.874116719539734959e+02
3.404053140846877454e+02 1.877546418386770313e+02
3.413718503870787231e+02 1.881351403145772849e+02
3.423217614223570422e+02 1.885514388645572126e+02
3.432545642095255403e+02 1.890018676179567763e+02
3.441698646536248702e+02 1.894847925643146311e+02
3.450673224456568278e+02 1.899985737192538977e+02
3.459466459092417381e+02 1.905417356234502790e+02
3.468075516466309978e+02 1.911128916363940959e+02
3.476498208395500455e+02 1.917106823511327320e+02
3.484732974123348299e+02 1.923337752205722495e+02
3.492778846423108803e+02 1.929808653207899454e+02
3.500635115059133682e+02 1.936507119529183001e+02
3.508300810651327311e+02 1.943421901439527062e+02
3.515775283962260005e+02 1.950542114049879387e+02
3.523058295897906191e+02 1.957857098927720472e+02
3.530150012826538841e+02 1.965356470094795043e+02
3.537050947130166492e+02 1.973030097282104975e+02
3.543761799419938257e+02 1.980867885832639672e+02
3.550283760965498345e+02 1.988860263994274646e+02
3.556618257615493803e+02 1.996997831485760742e+02
3.562767027748214446e+02 2.005271569682698782e+02
3.568731919166838225e+02 2.013672189405134532e+02
3.574515587583276215e+02 2.022190863635809706e+02
3.580121362393779236e+02 2.030818650719797915e+02
3.585552792199733290e+02 2.039546278372003201e+02
3.590813932101430623e+02 2.048365245334332201e+02
3.595908947091062373e+02 2.057267286892701463e+02
3.600842245996100246e+02 2.066244132211907356e+02
3.605618119562815878e+02 2.075288527216328021e+02
3.610240861078094667e+02 2.084393298606070175e+02
3.614715003413954832e+02 2.093551704360130259e+02
3.619045194421382803e+02 2.102757282686234817e+02
3.623236434574636746e+02 2.112003757031115470e+02
3.627293592508974029e+02 2.121285276714218639e+02
3.631222056770241693e+02 2.130596256038845695e+02
3.635026939395793306e+02 2.139931377137343418e+02
3.638713932012279884e+02 2.149285752521407460e+02
3.642288524352252352e+02 2.158654640551816328e+02
3.645756534228433452e+02 2.168033841257244205e+02
3.649123223014998416e+02 2.177419656723654100e+02
3.652393764990209775e+02 2.186808856057781441e+02
3.655574510145098657e+02 2.196199169679457839e+02
3.658672856289693982e+02 2.205588879751514924e+02
3.661696306021689225e+02 2.214976085359862168e+02
3.664651233319905828e+02 2.224358499018917996e+02
3.667544398512294492e+02 2.233735400826333546e+02
3.670381613958570028e+02 2.243105231409827809e+02
3.673169436290928616e+02 2.252467778561684213e+02
3.675913870287526493e+02 2.261822317207690958e+02
3.678621103790021607e+02 2.271168816065457747e+02
3.681297425619440560e+02 2.280507643630701295e+02
3.683948543629501842e+02 2.289838728351286647e+02
3.686580902072861363e+02 2.299163559315096279e+02
3.689200199879105639e+02 2.308482669892719912e+02
3.691812088135093859e+02 2.317797560119063860e+02
3.694415909495081678e+02 2.327112049163157224e+02
3.697003022716104965e+02 2.336431229584337359e+02
3.699564234566123559e+02 2.345760276355909184e+02
3.702090215036605514e+02 2.355104056267356043e+02
3.704571163836740766e+02 2.364466495298453594e+02
3.706996984283468350e+02 2.373851105559755581e+02
3.709357472737158901e+02 2.383261261081442797e+02
3.711642137702886544e+02 2.392699595452907886e+02
3.713840230344347333e+02 2.402168143575725878e+02
3.715940826573853428e+02 2.411668494498471489e+02
3.717932807248773770e+02 2.421201696345513881e+02
3.719804517370897656e+02 2.430768285625174201e+02
3.721543793837447538e+02 2.440368245099575404e+02
3.723138326380353078e+02 2.450000930396879539e+02
3.724575691255995480e+02 2.459665050480268746e+02
3.725843371480498263e+02 2.469358648944372874e+02
3.726928706682048755e+02 2.479079087412511910e+02
3.727818740980728194e+02 2.488823024632314684e+02
3.728500440795629061e+02 2.498586371586240205e+02
3.728960692851127305e+02 2.508364134346307424e+02
3.729186515279175751e+02 2.518150796293100200e+02
3.729165029360943890e+02 2.527939901917623899e+02
3.728883527703275149e+02 2.537723826065130481e+02
3.728329801487147392e+02 2.547494639906912823e+02
3.727491716420737475e+02 2.557243056111516353e+02
3.726357403273919999e+02 2.566959144345471486e+02
3.724915183716406659e+02 2.576631762557602201e+02
3.723160393029579041e+02 2.586250044157083039e+02
3.721106870164297220e+02 2.595804587489556070e+02
3.718771802870234069e+02 2.605287592598965603e+02
3.716172528676496540e+02 2.614692189012166637e+02
3.713326415505633804e+02 2.624012217550637729e+02
3.710250802830036605e+02 2.633242617602724067e+02
3.706962552558319430e+02 2.642379241155842351e+02
3.703478170891162904e+02 2.651418889025934504e+02
3.699814068322541516e+02 2.660359404575412441e+02
3.695986514382370274e+02 2.669199715565144970e+02
3.692011579124723539e+02 2.677939874741902599e+02
3.687904463842934888e+02 2.686580600386353126e+02
3.683678629073634170e+02 2.695123891197604848e+02
3.679347097388992438e+02 2.703572513318967481e+02
3.674922553859842083e+02 2.711929623731718948e+02
3.670416961356739307e+02 2.720200796831890102e+02
3.665841947091743123e+02 2.728391673906764368e+02
3.661207746183040967e+02 2.736509296331323071e+02
3.656523361082574297e+02 2.744563028754447487e+02
3.651794519094403881e+02 2.752576714196839589e+02
3.647030130633618796e+02 2.760570069658095349e+02
3.642240874932685983e+02 2.768559360410772570e+02
3.637439157813253132e+02 2.776560288222506188e+02
3.632638802966467892e+02 2.784592419861993449e+02
3.627853420019836221e+02 2.792675899823643135e+02
3.623096212519725441e+02 2.800830616025406243e+02
3.618378875864717088e+02 2.809078817450155157e+02
3.613711200503726673e+02 2.817439159612189883e+02
3.609084224330981101e+02 2.825918639931906569e+02
3.604482811747093365e+02 2.834515012816884223e+02
3.599891926523263237e+02 2.843226098203657557e+02
3.595298327173503594e+02 2.852046924911586530e+02
3.590689186559467316e+02 2.860972048396886862e+02
3.586049717139784434e+02 2.869991651309717895e+02
3.581361439156577831e+02 2.879089930606127723e+02
3.576606710717967417e+02 2.888249422046996528e+02
3.571769157790237728e+02 2.897451444460601806e+02
3.566833606980857212e+02 2.906676340217509278e+02
3.561785744618875924e+02 2.915903178306330119e+02
3.556610677491012780e+02 2.925108552875622649e+02
3.551293967524530331e+02 2.934267696560101513e+02
3.545822128355120526e+02 2.943355184245346550e+02
3.540182483234962660e+02 2.952345047318190154e+02
3.534363141005633224e+02 2.961210963573945492e+02
3.528355681457780406e+02 2.969929888947448262e+02
3.522156275243407890e+02 2.978483143287332382e+02
3.515760948732924476e+02 2.986852615506448956e+02
3.509166303307299017e+02 2.995019978764403277e+02
3.502368600604881408e+02 3.002967177651127031e+02
3.495365069955514059e+02 3.010676810379081871e+02
3.488155022073150349e+02 3.018135584501304152e+02
3.480739146351672275e+02 3.025331128548247648e+02
3.473117224404522290e+02 3.032251680083588212e+02
3.465288807122497019e+02 3.038885609531143359e+02
3.457253832531504827e+02 3.045221799997351582e+02
3.449019816255208752e+02 3.051261454824939392e+02
3.440602591277508395e+02 3.057018803747501465e+02
3.432017618250786199e+02 3.062509225387204310e+02
3.423279553387897636e+02 3.067748599179419671e+02
3.414402467344634147e+02 3.072753187446216998e+02
3.405399446536235359e+02 3.077539361267511140e+02
3.396282122318684742e+02 3.082122490063281930e+02
3.387061403200899576e+02 3.086517908928465204e+02
3.377747730611766315e+02 3.090741213893941790e+02
3.368351125266038935e+02 3.094808233405580040e+02
3.358881333767779438e+02 3.098735156829712878e+02
3.349349664489036513e+02 3.102541256552356685e+02
3.339768804024328119e+02 3.106248551547615762e+02
3.330151241105689905e+02 3.109879298247133761e+02
3.320509267605046375e+02 3.113455870300043102e+02
3.310855046847964900e+02 3.117000728170243065e+02
3.301201062653166787e+02 3.120537013993585447e+02
3.291561057545873723e+02 3.124089846207870096e+02
3.281948787992124608e+02 3.127684626019214988e+02
3.272375525745359255e+02 3.131345129248203421e+02
3.262853961138272325e+02 3.135092098227383417e+02
3.253398232366202478e+02 3.138945141193826771e+02
3.244021634780931436e+02 3.142922603134920791e+02
3.234736773465104420e+02 3.147041936025693190e+02
3.225556125378120669e+02 3.151320624734328817e+02
3.216492023484660194e+02 3.155776232960748757e+02
3.207556612712346578e+02 3.160426404001015044e+02
3.198756948705726586e+02 3.165281436932444876e+02
3.190087385775769917e+02 3.170332633755946858e+02
3.181540127528714947e+02 3.175568380791855816e+02
3.173107213368108432e+02 3.180977161481758344e+02
3.164780537369652507e+02 3.186547529710226172e+02
3.156551877958022487e+02 3.192268148790124656e+02
3.148413123603564827e+02 3.198128089158795433e+02
3.140356195094242935e+02 3.204116666599385326e+02
3.132372921019903060e+02 3.210223269469075831e+02
3.124455062170363817e+02 3.216437280580240667e+02
3.116594309684668360e+02 3.222748110547858005e+02
3.108782138604082661e+02 3.229144895226853578e+02
3.101009620282998753e+02 3.235616145839721867e+02
3.093267762930771596e+02 3.242150259729771165e+02
3.085547618643913097e+02 3.248735619549443072e+02
3.077840266374834073e+02 3.255360544740066189e+02
3.070136820965359448e+02 3.262013251078057010e+02
3.062428286199070158e+02 3.268681559857511161e+02
3.054705673868378994e+02 3.275353038169721458e+02
3.046960116791846644e+02 3.282015141468349384e+02
3.039182936209084573e+02 3.288655204592582209e+02
3.031365602972862803e+02 3.295260442697017425e+02
3.023500111943822048e+02 3.301818459982051195e+02
3.015579211405952833e+02 3.308317644779881448e+02
3.007595926990500743e+02 3.314746327121221725e+02
2.999543530342878057e+02 3.321092677765028043e+02
2.991415562645819364e+02 3.327344700074514208e+02
2.983206539865021796e+02 3.333491469724647800e+02
2.974915823818351441e+02 3.339530344611520718e+02
2.966544760483461118e+02 3.345462121882162023e+02
2.958094699937741439e+02 3.351287593953066448e+02
2.949567152291197090e+02 3.357007503300083613e+02
2.940963556528919867e+02 3.362622618515423483e+02
2.932285340875489510e+02 3.368133531686839888e+02
2.923533861727880776e+02 3.373540611831031697e+02
2.914710506122756897e+02 3.378844207998103570e+02
2.905816698045439921e+02 3.384044670823998331e+02
2.896853896029045927e+02 3.389142357597318664e+02
2.887823468743590070e+02 3.394137616840692999e+02
2.878727013204370451e+02 3.399030531943386109e+02
2.869565869416440478e+02 3.403821230899034163e+02
2.860341480929001250e+02 3.408509830555483973e+02
2.851055327523943106e+02 3.413096474138349095e+02
2.841708915630318870e+02 3.417581334873240166e+02
2.832303724444649333e+02 3.421964493965606948e+02
2.822841198733655688e+02 3.426245919063137535e+02
2.813322748398212525e+02 3.430425622752931645e+02
2.803749986126913427e+02 3.434503631755242168e+02
2.794124397706187892e+02 3.438480077936515613e+02
2.784447495364383371e+02 3.442355104595319517e+02
2.774720767178567371e+02 3.446128749132270173e+02
2.764945706185466747e+02 3.449801072402551085e+02
2.755123823521336703e+02 3.453372208692402410e+02
2.745256550633053507e+02 3.456842377880896606e+02
2.735345484788288672e+02 3.460211747846488493e+02
2.725391538039363581e+02 3.463478391841500184e+02
2.715395041650479016e+02 3.466638273979114615e+02
2.705356518173048244e+02 3.469687300135944383e+02
2.695276376659300013e+02 3.472621439906127421e+02
2.685155855146591648e+02 3.475436631260751597e+02
2.674996104363538052e+02 3.478129008320341313e+02
2.664797573326056295e+02 3.480694934058202534e+02
2.654562969124453389e+02 3.483130674249352410e+02
2.644292479534764198e+02 3.485432870603793276e+02
2.633989098413352394e+02 3.487597953553623711e+02
2.623654076699394864e+02 3.489622696818765917e+02
2.613289175175920036e+02 3.491503753871483582e+02
2.602897252194470639e+02 3.493237801241156149e+02
2.592480232791767207e+02 3.494821726786460658e+02
2.582040656410916313e+02 3.496252466738803264e+02
2.571582982694300199e+02 3.497527234366912126e+02
2.561111179962810525e+02 3.498643648367838637e+02
2.550627006714282459e+02 3.499599194784447036e+02
2.540132182277263269e+02 3.500391160477362860e+02
2.529629181027414688e+02 3.501016759886229011e+02
2.519119770311580453e+02 3.501473112115878621e+02
2.508605744729303524e+02 3.501757081390570647e+02
2.498090451946867461e+02 3.501864858696807801e+02
2.487575199194602362e+02 3.501791955655863831e+02
2.477063841007998519e+02 3.501533912805039677e+02
2.466558136312263798e+02 3.501086041918315459e+02
2.456062419923075879e+02 3.500443776581150814e+02
2.445578927192707681e+02 3.499604245198736976e+02
2.435112203123321422e+02 3.498569331611832354e+02
2.424665173636583404e+02 3.497341404820394359e+02
2.414241389891983545e+02 3.495922786689573627e+02
2.403844783545057737e+02 3.494315879156054621e+02
2.393478048413747388e+02 3.492522878120342966e+02
2.383145461730307773e+02 3.490547072764828158e+02
2.372849882926879559e+02 3.488391987765059525e+02
2.362594652982834589e+02 3.486061122818277340e+02
2.352383459546563813e+02 3.483558085489810878e+02
2.342218865201016911e+02 3.480886115007425587e+02
2.332104943326165198e+02 3.478049444537180648e+02
2.322043699351667101e+02 3.475052841894874973e+02
2.312038940532881384e+02 3.471901714752979160e+02
2.302092663553449654e+02 3.468600881312807473e+02
2.292208051171815555e+02 3.465155476761457862e+02
2.282387508399477269e+02 3.461570518349397503e+02
2.272633084964694490e+02 3.457851561373881282e+02
2.262947269048604539e+02 3.454004785574538232e+02
2.253331764105334969e+02 3.450036048013737400e+02
2.243788303725568767e+02 3.445951126093024186e+02
2.234318450804206577e+02 3.441755682143844979e+02
2.224923576898248143e+02 3.437455243695272316e+02
2.215604852521073269e+02 3.433055188102558759e+02
2.206363231615557083e+02 3.428560741383973891e+02
2.197199436499167007e+02 3.423976965225572826e+02
2.188113941362163359e+02 3.419308740961367903e+02
2.179107312993951098e+02 3.414559664200681937e+02
2.170181976457193684e+02 3.409727787462663287e+02
2.161341341460523608e+02 3.404808703895634494e+02
2.152589079443071682e+02 3.399798158720957417e+02
2.143929340908222514e+02 3.394691706529344515e+02
2.135366351444672262e+02 3.389485119744536519e+02
2.126904945438804191e+02 3.384173959840678094e+02
2.118550363109509931e+02 3.378753638013795921e+02
2.110308213831268347e+02 3.373219668362474977e+02
2.102184469500675732e+02 3.367567715032640763e+02
2.094185461017626153e+02 3.361793626989721133e+02
2.086317919756521349e+02 3.355893461135077018e+02
2.078589172390172735e+02 3.349863466507361522e+02
2.071006169822780691e+02 3.343700154462873684e+02
2.063577306734343040e+02 3.337400562580220935e+02
2.056309993783071661e+02 3.330961815842127294e+02
2.049213072211739188e+02 3.324381841753412345e+02
2.042294791964791898e+02 3.317658722583482245e+02
2.035563736593492479e+02 3.310791220639496828e+02
2.029028739019308318e+02 3.303778714318430048e+02
2.022698543104728515e+02 3.296621112910279976e+02
2.016581827704131058e+02 3.289318964212913556e+02
